1 0.07707016718750001 0 0.0799210625 0.110622915625 0.05057136875 0.1915106890625 0.048850321875000005 0.1993708265625 0.048850321875000005 0.34810526249999996 0.0546249828125 0.3792613984375 0.0624410671875 0.4 0.1143271484375 0.4 0.12063937031250001 0.3878003421875 0.12396234843750001 0.3686004546875 0.11399622499999999 0.3501619109375 0.11335094999999999 0.33066132656249997 0.131288590625 0.2347621171875 0.1390625 0.2148972390625 0.1390625 0.20731934375 0.122125928125 0.117357678125 0.134288646875 0 0.07707016718750001 0
1 0.163162303125 0 0.1606821640625 0.1109356671875 0.1469698015625 0.1467676703125 0.1469698015625 0.19375 0.14795783906249999 0.19375 0.176980021875 0.157138315625 0.20562220781249999 0.135066490625 0.20538365 0.07661113593749999 0.2172565921875 0 0.163162303125 0
1 0.415152678125 0 0.4193627484375 0.093716984375 0.4112191046875 0.14896247812500002 0.4112191046875 0.15006006875 0.433297371875 0.20021478125 0.438434465625 0.2269162390625 0.43650633125000005 0.33091106875 0.44175629218749995 0.3382121765625 0.44157863124999996 0.36875 0.45485685 0.36875 0.46280744687500003 0.358598259375 0.474958465625 0.31682469062499996 0.4828125 0.22602526250000002 0.4828125 0.2158442765625 0.45759940937500004 0.11666764375000001 0.4656964921875 0 0.415152678125 0
1 0.554947090625 0.59375 0.55625 0.5930376578125001 0.55625 0.49525489531250005 0.5521500703125 0.47557631562499997 0.551934196875 0.424604925 0.548273940625 0.4168330625 0.5430009390625 0.41513275624999996 0.538898940625 0.417105846875 0.535396865625 0.42879357812499996 0.54013856875 0.474998946875 0.5324126046875 0.5224939546875 0.53286179375 0.5502868875 0.54099065625 0.5889787656250001 0.544904375 0.59375 0.554947090625 0.59375
1 0.5641993750000001 0.596875 0.5712839859375001 0.596875 0.5897413874999999 0.5725871875 0.5921875 0.55613590625 0.5921875 0.531270428125 0.591584428125 0.519809409375 0.5850329546874999 0.483106303125 0.5890886656250001 0.4267826859375 0.5855219218750001 0.41676446718750004 0.582461590625 0.41467581718749996 0.57403125625 0.41682213125 0.5708595 0.4254013625 0.5698536546875 0.4392507859375 0.5722707953125 0.4747122359375 0.5629141734374999 0.5189689640624999 0.5629141734374999 0.5895933703125 0.5641993750000001 0.596875
1 0.606280621875 0.565625 0.6148382203125 0.565625 0.62815180625 0.5635384046875 0.6362988359375 0.565625 0.640625 0.565625 0.640625 0.513962871875 0.632612209375 0.479396115625 0.6338622703125 0.42558315156250004 0.6293678500000001 0.4143186515625 0.6248796953125 0.41303935156250005 0.6201069421875001 0.41303935156250005 0.61686785 0.41519273593749995 0.61302355 0.4261140359375 0.6165148578124999 0.4888584765625 0.6068560484375001 0.5302912015625 0.605487475 0.5637337953125 0.606280621875 0.565625
1 0.675799896875 0.6 0.6796875 0.5806493828125 0.6796875 0.53071420625 0.6716773890625001 0.4914927859375 0.6762181078125 0.42095235468750003 0.6721628671875 0.4106655859375 0.665542478125 0.40897958125 0.663363778125 0.40897958125 0.6596628671875 0.411685953125 0.655417109375 0.4217270390625 0.6558872296875 0.48262557343749996 0.6464745781250001 0.519832809375 0.6464745781250001 0.5776662421875 0.655505728125 0.5902195953125 0.6598746046875 0.6 0.675799896875 0.6
1 0.7296875 0.6 0.7296875 0.5018110546875 0.7255146046875 0.4889033609375 0.7241432578125 0.427002803125 0.7189151390624999 0.4142707921875 0.7115047999999999 0.4120368 0.7065338125 0.41546754375 0.7042329203125 0.4241137140625 0.7112147609375 0.4844626734375 0.704819753125 0.5385736859375 0.7064350171875 0.571879721875 0.714908984375 0.6 0.7296875 0.6
1 0.7490091375000001 0.6 0.7574343875 0.5734462578125 0.7609375 0.5441022390625 0.7609375 0.52731025 0.7557796437500001 0.4850160234375 0.7606781515625001 0.4248975921875 0.7593002546875001 0.41783632812500004 0.7512042671875 0.4135986015625 0.7463387578124999 0.416075990625 0.7423896484375 0.42465534062500004 0.7428906734374999 0.4739630484375 0.7363716421875 0.49852930781250004 0.7363716421875 0.6 0.7490091375000001 0.6
1 0.783590996875 0.5921875 0.790612234375 0.5921875 0.7927369171875001 0.5896075078125 0.798085309375 0.5657760171875 0.7984375 0.561031775 0.7984375 0.5159468734375 0.7912784640625 0.48210306875000003 0.792654115625 0.424744178125 0.7898353218749999 0.4167403875 0.78359609375 0.4145974375 0.7783662125 0.418058559375 0.776492121875 0.42676995156249997 0.7788215578125 0.4741134640625 0.7702458156249999 0.5153920015625 0.7697913171874999 0.5267623171875 0.7697913171874999 0.5503395578125 0.7765856984375 0.58978143125 0.783590996875 0.5921875
2 0 1 0.1810631203125 1 0 0.9046900109375 0 1
2 1 0.9121584859375 0.7614975578125 0.8933028390625001 0.72256439375 0.88663915625 0.71584380625 0.8921643453125 0.7139484140625 0.9128652125000001 0.7139484140625 0.9615848296875 0.7146399984375 0.96402226875 0.718709665625 0.9671157781249999 0.7653840671875 0.96875 0.787997115625 0.96875 0.7902578359375 0.9669671187500001 0.79784141875 0.96875 1 0.96875 1 0.9121584859375