1 0.4796875 0.6390625 0.4796875 0 0.42332900625000003 0 0.419991453125 0.010491803125000001 0.4209935296875 0.060845056249999994 0.43794867968749995 0.1518460796875 0.444604309375 0.22098968125 0.4436892 0.2587837125 0.419429721875 0.36624500000000004 0.4140625 0.42634772656250003 0.4140625 0.45152539999999997 0.4214228359375 0.536211478125 0.4441350609375 0.6302601796875 0.44742124375000003 0.6390625 0.4796875 0.6390625
1 0.2782014859375 0 0.28001216093750003 0.020696115625 0.30437160625000004 0.121777665625 0.30877355156249997 0.17209213125 0.3060855234375 0.230041925 0.29156670625 0.3174456375 0.2938839890625 0.36926776875 0.3107514046875 0.46072137812499997 0.3334707453125 0.53038871875 0.362655725 0.5916184062500001 0.38568250625 0.6 0.39342523125 0.6 0.39959187812499997 0.5987776859375 0.39959187812499997 0.24008325625000002 0.39469929062500003 0.22948367187500002 0.3748899765625 0.16774262499999998 0.3673028828125 0.10635721093749999 0.36722907031249996 0.029507165624999998 0.363008190625 0 0.2782014859375 0
1 0.079885234375 0 0.0886119796875 0.0528356046875 0.0853225765625 0.1062105296875 0.078125 0.133174765625 0.078125 0.354380353125 0.0832559359375 0.3757520171875 0.0961627625 0.4145824 0.10407965781249999 0.4254339890625 0.11503465156249999 0.4296875 0.12057325 0.4296875 0.1492398265625 0.42491306562500003 0.1382550234375 0.33891287187499997 0.139172103125 0.26170045468750003 0.1658790453125 0.15332146093750001 0.14609138593749998 0.0918891328125 0.1410264046875 0.05207579062499999 0.14369972343749998 0 0.079885234375 0
1 0.15897239531250001 0 0.1590490046875 0.0027705703125000002 0.17212789374999998 0.09072392343749999 0.17026993906250001 0.13632140625 0.16292049687500001 0.180378884375 0.1578125 0.197471975 0.1578125 0.441262309375 0.1755344328125 0.4978402703125 0.1871222796875 0.5046875 0.22520549218750002 0.5046875 0.2402351484375 0.4911760328125 0.23375885625 0.404756225 0.236770025 0.33085685625 0.2632847640625 0.22538165625 0.24042004062500003 0.1594926 0.23050424375 0.10295993125 0.23052438125000002 0.0479414140625 0.2357023515625 0 0.15897239531250001 0
1 0.4093633703125 0.300964953125 0.4219384828125 0.2509091 0.42719331718750003 0.1849489484375 0.423647553125 0.17306597968749998 0.403125 0.2400702703125 0.403125 0.3125 0.403529475 0.3125 0.4093633703125 0.300964953125
1 0.3589556 0 0.36104221875000003 0.022302425 0.3557478078125 0.1006471296875 0.357929275 0.162013159375 0.3663657359375 0.20006592968749998 0.4024568421875 0.30625 0.40272908906250005 0.30625 0.4125 0.2372791078125 0.4125 0.18668172656249998 0.3893007 0.1145839765625 0.378202896875 0.05128342500000001 0.380173296875 0 0.3589556 0
1 0.9511982890624999 0.6390625 0.9511982890624999 0.5801421359375001 0.9510191859375 0.5795130140625 0.9467865640625 0.537873621875 0.9384004687499999 0.5046493828124999 0.9380443843750002 0.38924887343750003 0.9219347890625 0.357549890625 0.9008410390625 0.35791808281250004 0.894521821875 0.369151925 0.8913473921874999 0.3928448578125 0.901731146875 0.481651925 0.9021860968750002 0.5497756640625 0.8872632703125 0.60982516875 0.8860277734374999 0.6390625 0.9511982890624999 0.6390625
1 0.773072696875 0.6390625 0.773072696875 0.5141577390625 0.7657444734375 0.490393065625 0.75618004375 0.354350146875 0.7519614359375 0.34175921875 0.740260196875 0.3282578921875 0.7219962453125 0.3332678796875 0.7171875 0.35019458124999997 0.7171875 0.362920140625 0.719495609375 0.3893019265625 0.7307276 0.44642822656250003 0.7331749984375 0.4922160953125 0.724094490625 0.548751365625 0.7224447921875 0.58333719375 0.7257256171875 0.62083719375 0.7293585796875 0.6390625 0.773072696875 0.6390625
1 0.6149617234375 0.6390625 0.62721766875 0.580201621875 0.6262431984375001 0.5271870468750001 0.609665828125 0.43398119062499996 0.6156425750000001 0.32576625625 0.6075353906250001 0.3035576828125 0.6053083796875 0.3027710671875 0.5898682703125 0.3027710671875 0.5879475453125 0.3034665828125 0.579705075 0.3230430765625 0.5832275671875 0.40968698281249993 0.581642965625 0.448575871875 0.5765625 0.469280771875 0.5765625 0.6390625 0.6149617234375 0.6390625
1 0.6574557953125 0.285307965625 0.6499034890625 0.26938346874999997 0.63980383125 0.2680536671875 0.634165303125 0.27225215 0.627711703125 0.286869571875 0.6303508093750001 0.35628219843750003 0.628653021875 0.397948865625 0.6265625 0.40824421875 0.6265625 0.5561079015625 0.6267070375 0.5796875 0.6477724 0.5796875 0.6510966328125 0.575553928125 0.6641280703125 0.52410140625 0.6677279140625 0.474092315625 0.665734771875 0.44633271875 0.65309814375 0.392252409375 0.6574557953125 0.285307965625
1 0.7921191859375 0.6201987859375 0.7921191859375 0.46734989843749997 0.780477790625 0.4230418078125 0.7789621734375001 0.30889782499999996 0.772508571875 0.2947927890625 0.758887765625 0.2875435953125 0.7473160234374999 0.3017265203125 0.7453125 0.3238338953125 0.7453125 0.32593255625 0.7545957453125001 0.3457245515625 0.7576752015625 0.3635887890625 0.7573343046875 0.4514076546875 0.7615456203125 0.49704966875 0.77821139375 0.5597906453125 0.7883605046875 0.6234375 0.7901722953125001 0.6234375 0.7921191859375 0.6201987859375
1 0.7864771109375 0.5421875 0.7996268875 0.4876736109375 0.8011221515625 0.436284721875 0.786979003125 0.358125084375 0.79260958125 0.2720867078125 0.7871745375 0.257366996875 0.7795144 0.2546875 0.77829445 0.2546875 0.76785205625 0.26317149375 0.7671875 0.2685693140625 0.7671875 0.282772653125 0.7775771796875001 0.3050927328125 0.7710171140625001 0.423075553125 0.7824798 0.48588467812499997 0.7862402796875 0.5421875 0.7864771109375 0.5421875
1 0.4796875 0.3287846625 0.4884524484375 0.38055631875 0.4904747859375 0.41527854062499997 0.4821535671875 0.47272388125000003 0.4852552078125 0.539331346875 0.5080498859375 0.6101965828125 0.511897640625 0.615625 0.528668340625 0.615625 0.5307558796875 0.6145984515625 0.5307558796875 0.4535387453125 0.5150703171875 0.410228484375 0.5079793687499999 0.3018359515625 0.4974601609375 0.28416749375 0.48200109375 0.28416749375 0.4796875 0.2866118734375 0.4796875 0.3287846625
1 0.0875 0.6390625 0.0875 0.6545232859375 0.087778321875 0.6588664390625001 0.0939096734375 0.6935204765625 0.1092775890625 0.7502603703124999 0.1146770796875 0.7578125 0.13782265 0.7578125 0.13782265 0.6390625 0.0875 0.6390625
0 0 0.6390625 0 0.712415390625 0.012665003125 0.7225551875 0.027070790625 0.7234375 0.03478475625 0.7234375 0.051745014062500004 0.71053144375 0.057400125 0.688382075 0.057400125 0.6390625 0 0.6390625
1 0.8574445328125 0.6390625 0.868270809375 0.6703169250000001 0.8751519234374999 0.71570220625 0.875850815625 0.767936934375 0.8640492328124999 0.8524121703125 0.87176960625 0.8546875 0.8998486515625 0.8546875 0.903232221875 0.8542563078125 0.9149892328125 0.841410703125 0.9171714218750001 0.8325364640625 0.9171714218750001 0.6390625 0.8574445328125 0.6390625
1 0.6566143328124999 0.6390625 0.646875 0.678294065625 0.646875 0.6946525515624999 0.6735307671874999 0.7646109187500001 0.6863277562500001 0.8203974031250001 0.6916329328125 0.896116490625 0.687823303125 0.9581366375 0.6997323156249999 0.9811525718749999 0.7178280640625 0.9890625 0.75630689375 0.9890625 0.7596604546875 0.9856254046874999 0.7596604546875 0.65791265625 0.752231934375 0.6390625 0.6566143328124999 0.6390625
1 0.517668596875 0.6390625 0.48125 0.7326805375000001 0.48125 0.9763620468750001 0.4865270703125 1 0.5935659578125 1 0.6140635109375 0.9410919906250002 0.625998071875 0.87613705 0.6272820218749999 0.8120637531250001 0.6223832015624999 0.7694750515625 0.5858041625 0.6390625 0.517668596875 0.6390625
1 0.728125 0.6390625 0.728125 0.6867512765625 0.7405871453125 0.734517121875 0.7379998437499999 0.8304690234375001 0.728125 0.8671030078124999 0.728125 0.92025936875 0.732399625 0.9234375 0.7664805890624999 0.9234375 0.7850403140625 0.909301171875 0.8165909499999999 0.8165469703125 0.8267911734375 0.7609452421875 0.8292412812500001 0.668360346875 0.8221599609375 0.6390625 0.728125 0.6390625
1 0.4796875 0.6390625 0.4796875 0.9169987359375 0.4993654171875 0.970533109375 0.50468165625 0.975 0.5194546921875001 0.975 0.519138090625 0.9672299796875 0.5008835640625 0.8775086171875 0.5022645171875 0.7811171203125 0.5405647078125 0.64624080625 0.5402722140625 0.6390625 0.4796875 0.6390625