1 0.428125 0.65 0.428125 0.36629132656249996 0.413369015625 0.3322934984375 0.3961417453125 0.271703778125 0.39113669687499997 0.2118259203125 0.39443467656250003 0.139887165625 0.388025584375 0.07365528437499999 0.375449828125 0.0415615953125 0.365456140625 0.029219065625000002 0.3351632109375 0.0211824578125 0.3142654859375 0.0364299515625 0.30424023125 0.0828879 0.307328615625 0.12540544375 0.3227730578125 0.1952996984375 0.33000033125 0.2553069859375 0.3238084109375 0.3364855578125 0.312305884375 0.37501715468749997 0.3065053796875 0.4170169828125 0.30956851093750004 0.5065749078125 0.32552558125000003 0.5874754531249999 0.34699500781250003 0.65 0.428125 0.65
1 0.428125 0.3867879453125 0.428125 0.41621928593749996 0.42991332968749996 0.41875 0.433154584375 0.41875 0.456136903125 0.32857765625 0.4578125 0.2861660265625 0.4578125 0.277371665625 0.45441576093749997 0.2681400671875 0.43139056406250004 0.346726871875 0.428125 0.3867879453125
1 0.4796875 0 0.47655770625000005 0 0.458820046875 0.0293460203125 0.45795519375 0.038233406250000004 0.45795519375 0.065056925 0.46727144374999996 0.053772034375 0.4796875 0.0480967234375 0.4796875 0
1 0.34714778125 0 0.34346234999999997 0.0105976703125 0.34346234999999997 0.0161594515625 0.35533795156250003 0.02051373125 0.3677181359375 0.034102689062500004 0.37880714531250004 0.0721048109375 0.3778513 0.1289611703125 0.3654657296875 0.20392769687499998 0.362049378125 0.26376032031249996 0.3703398515625 0.3165732546875 0.392891796875 0.4 0.39713128124999997 0.4 0.40267852499999995 0.3617203265625 0.415625 0.3148433453125 0.415625 0.2876561296875 0.41379502187500006 0.274006790625 0.3995915578125 0.2254898609375 0.3927308109375 0.1538089984375 0.4054738109375 0.074125490625 0.40805615937499995 0.02529915625 0.399520609375 0 0.34714778125 0
1 0.21144075468749998 0 0.199123675 0.010527784375 0.1878165640625 0.0485740421875 0.187217525 0.092521596875 0.1988489859375 0.1878127328125 0.1960277265625 0.231837890625 0.18755015 0.2776293796875 0.18641508906249998 0.281179409375 0.18641508906249998 0.5717426624999999 0.1891139578125 0.5819236078125 0.2030158828125 0.6 0.23642026875000002 0.6 0.24750043124999999 0.596357196875 0.2587109203125 0.5857684640625 0.25283929375 0.504395465625 0.2556577953125 0.4431135109375 0.26605255625 0.3847046046875 0.2859375 0.32013128125 0.2859375 0.313062596875 0.262999428125 0.24204965312499999 0.25784139375000004 0.20144075625000002 0.258437671875 0.1402364046875 0.2675170453125 0.06775415781250001 0.2633693578125 0.0286787859375 0.2491222953125 0.0001533484375 0.2488745421875 0 0.21144075468749998 0
1 0.1073900265625 0 0.10357985624999999 0.0120947921875 0.10357985624999999 0.09243459375 0.110914984375 0.15306238125 0.106679503125 0.20494917343750002 0.10357985624999999 0.215480871875 0.10357985624999999 0.5074466421875 0.1133384765625 0.523963990625 0.1188312734375 0.525 0.1385397515625 0.525 0.1575482359375 0.5187561374999999 0.14977788281249999 0.43741542187500004 0.15333131718749998 0.3667253625 0.184375 0.249033271875 0.184375 0.2417540765625 0.17125229375 0.2015017046875 0.1646333609375 0.146793559375 0.17434378281250001 0.041415315625 0.1720812546875 0.014815076562500001 0.1659554046875 0 0.1073900265625 0
1 0.5106363968750001 0.1882685328125 0.4960396546875 0.2736728 0.497874684375 0.3320607 0.520320265625 0.42173827656249996 0.5272333812500001 0.4296875 0.54744914375 0.4296875 0.5484375 0.428583628125 0.5484375 0.22694307500000002 0.5480576671875 0.2259297390625 0.542290865625 0.1941217046875 0.5378694046875 0.1316489875 0.5407772468750001 0.1009297375 0.5394552640625 0.064791346875 0.53164168125 0.044884353125 0.51395499375 0.038657921875 0.5091878125 0.038657921875 0.503247396875 0.0479634734375 0.5002309765625 0.06337765937499999 0.5103383453125 0.156269525 0.5106363968750001 0.1882685328125
1 0.651072028125 0 0.6436790984374999 0.016821678125 0.6403953359375001 0.115478253125 0.622262353125 0.170145025 0.6205961546875 0.1837413453125 0.6205961546875 0.263181078125 0.6247922125 0.29361974375 0.6320630234375 0.3015625 0.644527028125 0.3015625 0.6488655031249999 0.3012483828125 0.661117603125 0.270351846875 0.6715350578125 0.2103568390625 0.6712871578125 0.17982401718750002 0.6628818828125 0.12454124531249999 0.671875 0.0260099359375 0.671875 0.0162698984375 0.66887304375 0.004983140625 0.6643114703124999 0 0.651072028125 0
1 0.5106070593750001 0 0.514196675 0.0358458546875 0.5293303140625001 0.04375 0.534375 0.04375 0.534375 0 0.5106070593750001 0
1 0.4796875 1 0.4796875 0.65 0.276187546875 0.65 0.19362403125 0.7257145515625 0.1428574625 0.7815032484375 0.114337621875 0.8294695234375 0.1042947640625 0.8720935328125 0.1130775015625 0.9422423421874999 0.1363021671875 0.9915330140625 0.1435534734375 1 0.4796875 1
1 0.887407396875 0.65 0.8878643984375 0.654902009375 0.8861082875000001 0.6612857171875 0.8835606031250001 0.6736295890624999 0.8824742156250001 0.6830199625 0.8824787046874999 0.69684149375 0.883798778125 0.7026460546875 0.88587406875 0.7148152031249999 0.8872715984374999 0.7186496640625 0.889082990625 0.7279388421874999 0.8914012015624999 0.7359375 0.896875 0.7359375 0.896875 0.65 0.887407396875 0.65
1 0.9096895703125 0.65 0.910576315625 0.660422025 0.90598435625 0.680931696875 0.9041139156250001 0.690104146875 0.9041139156250001 0.7279077546874999 0.9053609328124999 0.7355356859375 0.9079035203124999 0.7390625 0.917258175 0.7390625 0.9217914265625 0.7336694234375 0.9234375 0.722481234375 0.9234375 0.68485371875 0.9218140453124999 0.6762892671875 0.9199513156249999 0.660149240625 0.9201052171875 0.65 0.9096895703125 0.65
1 0.9454879265624999 0.65 0.9456367671875 0.6523226109375 0.9430467406249999 0.6688991546875 0.940138371875 0.687933078125 0.942076675 0.7060386953125 0.9473179843749999 0.727122353125 0.9507592859375 0.7328125 0.95625 0.7328125 0.95625 0.65725086875 0.9550117671875 0.652923390625 0.954824428125 0.65 0.9454879265624999 0.65
1 0.8583615140624999 0.65 0.8539604171875 0.668759571875 0.8534539078125001 0.692420746875 0.85517801875 0.70620950625 0.8592620421875001 0.7212369609375 0.860572696875 0.7234375 0.8714604578125 0.7234375 0.8740573078124999 0.7161190625 0.8762232859375001 0.700691090625 0.8765625 0.6848449796875 0.8765625 0.6760262453125 0.8742082718749999 0.6619023328125 0.8708624015625 0.65 0.8583615140624999 0.65
1 0.8328708421875 0.65 0.8301517515625001 0.66461631875 0.8313808328124999 0.691005209375 0.8371680390625 0.714889334375 0.8392017890625001 0.7171875 0.8484375 0.7171875 0.8484375 0.65 0.8328708421875 0.65
1 0.9723479703125001 0.65 0.9669701796875 0.6705681359375 0.9661079953125 0.6831080453125 0.9661079953125 0.6879302546874999 0.9678781140625 0.7081409109375001 0.9707849265625 0.7207864578125001 0.9728157703125 0.7234375 0.9822590156250002 0.7234375 0.986555384375 0.7131808734375 0.9890625 0.6931596359375 0.9890625 0.6731652859375 0.98818514375 0.6646061484375 0.9843819374999999 0.65 0.9723479703125001 0.65
1 0.89375 0.65 0.89375 0.656611978125 0.89497859375 0.6606444203125 0.89662930625 0.6759314609375 0.8977118296875 0.6894891015625 0.89762460625 0.6953125 0.9003391953125 0.6953125 0.9006104578125 0.6950628375 0.902660325 0.6883400078124999 0.9046875 0.67862089375 0.9046875 0.6645070828125 0.9037009671875001 0.657571928125 0.90206724375 0.65 0.89375 0.65
1 0.9185147671875 0.65 0.9181603968750001 0.65985678125 0.9190376125 0.675519771875 0.92108455 0.6846558453125 0.9222179078125 0.6974366171875 0.919245459375 0.7203125 0.9194816671874999 0.7203125 0.9238139609375 0.71518413125 0.9265625 0.7035830671875 0.9265625 0.658440803125 0.925293084375 0.65 0.9185147671875 0.65
1 0.565173475 0.65 0.5656338921875 0.66144459375 0.5609921609375 0.6750179296875001 0.5609921609375 0.7359375 0.57446303125 0.7359375 0.5807347265625 0.717734271875 0.58125 0.6999430265625 0.58125 0.6946486765625 0.5754539125 0.654172765625 0.575908375 0.65 0.565173475 0.65
1 0.5989120375 0.65 0.5988192359375 0.6543367140624999 0.5957782359375 0.6669436937500001 0.5957782359375 0.7328125 0.600207984375 0.7328125 0.605197040625 0.7289730000000001 0.611144021875 0.7038593390625 0.6089754859375 0.6540411953125 0.6096446984374999 0.65 0.5989120375 0.65
1 0.635546875 0.65 0.63046875 0.6703125 0.6296875 0.6953125 0.634375 0.723090278125 0.6453125 0.7272569437499999 0.653125 0.70086805625 0.65390625 0.680034721875 0.647649015625 0.65 0.635546875 0.65
1 0.6685516359375 0.65 0.66328125 0.67725694375 0.66875 0.71336805625 0.678125 0.717534721875 0.6828125 0.7092013890625 0.68671875 0.6717013890625 0.681487165625 0.65 0.6685516359375 0.65
1 0.54318359375 0.65 0.54375 0.655034721875 0.53828125 0.67725694375 0.5375 0.7050347218749999 0.5421875 0.730034721875 0.5515625 0.735590278125 0.56015625 0.71475694375 0.56171875 0.6994791671875 0.553125 0.65086805625 0.5531598765625 0.65 0.54318359375 0.65
1 0.5195090546875 0.65 0.515625 0.6717013890625 0.515625 0.7050347218749999 0.520703125 0.7251736109375 0.53046875 0.7258680562500001 0.534375 0.7217013890625 0.5375 0.7022569437499999 0.53828125 0.667534721875 0.5341282890625 0.65 0.5195090546875 0.65
1 0.49541015625 0.65 0.49296875 0.6578125 0.4921875 0.6828125 0.4984375 0.7119791671875 0.50859375 0.71475694375 0.51328125 0.7050347218749999 0.515625 0.6661458328125 0.5120711625000001 0.65 0.49541015625 0.65
1 0.57958984375 0.65 0.57734375 0.6619791671875 0.584375 0.6911458328125 0.58515625 0.7244791671875 0.5875 0.7244791671875 0.59296875 0.717534721875 0.59609375 0.6717013890625 0.5905451 0.65 0.57958984375 0.65
1 0.6123090609374999 0.65 0.61171875 0.6578125 0.615625 0.67586805625 0.61640625 0.71336805625 0.621875 0.717534721875 0.628125 0.70086805625 0.6296875 0.6619791671875 0.6266552734374999 0.65 0.6123090609374999 0.65