1 0.416764925 0 0.4141900953125 0.18409835937500002 0.398258365625 0.23882260624999999 0.398258365625 0.6 0.41626450468750004 0.6 0.43930616875000006 0.5917323390625 0.445922153125 0.574911690625 0.478125 0.42193284374999995 0.478125 0.292685596875 0.45906555468750004 0.1869147859375 0.47629134375 0 0.416764925 0
1 0.51875 0 0.4775996453125 0 0.4775996453125 0.4194110078125 0.479916428125 0.421875 0.482065525 0.421875 0.49255664218749995 0.41324243281250006 0.509775834375 0.3551389921875 0.51875 0.29526471718749997 0.51875 0.18481962031250002 0.5079255218750001 0.11033563906249999 0.51875 0.01329983125 0.51875 0
1 0.32963731875 0 0.34508261875 0.150393265625 0.328925540625 0.2744382609375 0.3323683296875 0.36031209375 0.3612507328125 0.48151593125 0.3755157015625 0.496875 0.4015625 0.496875 0.4015625 0.2049258765625 0.38561661406250003 0.1504861078125 0.380913809375 0 0.32963731875 0
1 0.21328528750000003 0 0.209183821875 0.018169003125 0.2264843453125 0.224200815625 0.20639266250000002 0.3683599203125 0.200834953125 0.4653712859375 0.203671625 0.5872462859375001 0.20918103124999998 0.609375 0.315625 0.609375 0.315625 0.37337894843749997 0.3071550765625 0.3322121375 0.2801548578125 0.2467110140625 0.2770285515625 0.1795507890625 0.284403334375 0.093449646875 0.27784244999999996 0 0.21328528750000003 0
1 0.13385991875 0 0.132152025 0.19002866093749998 0.11367257500000001 0.2731256109375 0.11367257500000001 0.5645492328125 0.1252805328125 0.5828125 0.159074484375 0.5828125 0.16180244375 0.576514128125 0.169476975 0.42658690000000005 0.1953125 0.28793173906249997 0.1953125 0.2657833078125 0.1790906921875 0.19064940156250001 0.19302998437500002 0 0.13385991875 0
1 0.2789755515625 0 0.2853634296875 0.047380003125 0.27828089375 0.2133232515625 0.28587649531250003 0.2709538953125 0.314619496875 0.34375 0.3157867921875 0.34375 0.31585493593749997 0.2825900765625 0.31875 0.255112615625 0.31875 0.1571197828125 0.305495396875 0.10620943281249999 0.30637651718750003 0 0.2789755515625 0
1 0.09165840625 0 0.096875 0.1449426546875 0.0734375 0.2581867 0.0703125 0.328390071875 0.090625 0.46034940156250004 0.10107147968750001 0.478125 0.1166466984375 0.478125 0.11875 0.47539404531249996 0.115625 0.33309741718749997 0.140625 0.17147043906249998 0.134375 0.135314684375 0.13564003593750001 0 0.09165840625 0
1 0.05729067812500001 0 0.0680231671875 0.1133608328125 0.050399654687499996 0.2252533375 0.057864675 0.30793850312500004 0.07758403281250001 0.3854268328125 0.0843916546875 0.396875 0.0921875 0.396875 0.0921875 0.32811058593750003 0.08755881875 0.2769776640625 0.0921875 0.2426386484375 0.0921875 0 0.05729067812500001 0
1 0.7215071281250001 0.5560239218749999 0.7295391015625 0.533771334375 0.7409802921875001 0.48869542499999996 0.7464923609375 0.432095546875 0.7450507859375 0.408258271875 0.7372182875 0.35727467968750004 0.7382513828125 0.3350919234375 0.747733021875 0.2735861484375 0.7484375 0.2577354921875 0.7484375 0.25267348749999996 0.7432592796874999 0.237544871875 0.7360679359375 0.23480860625000002 0.73154391875 0.23480860625000002 0.7255509468750001 0.238886728125 0.71803695 0.253731909375 0.7149881234375 0.28251454531250003 0.7153290015625 0.3220925625 0.7125420218749999 0.3545394375 0.7016478390625001 0.391133259375 0.7016478390625001 0.559375 0.7135448140625 0.559375 0.7215071281250001 0.5560239218749999
1 0.942440221875 0.609375 0.94728845 0.607326578125 0.9546007312499999 0.5909137125 0.9671584484375 0.54523415 0.9736008390625 0.5108475734375 0.9747332046875 0.43971497031249995 0.968314175 0.39746794687500003 0.9664905703125001 0.3689097453125 0.978125 0.2946508015625 0.978125 0.259220425 0.9754216937500001 0.24995554687500002 0.9690287765625001 0.24556235937499998 0.9601746078125 0.24587155468750002 0.9535466937500001 0.2507194390625 0.945562415625 0.26900234375 0.9426229359375 0.29865016093749996 0.9436068859375 0.343856840625 0.9400627453125001 0.3809120640625 0.9307522484374999 0.4125816734375 0.9307522484374999 0.609375 0.942440221875 0.609375
2 0 1 0.51875 1 0.51875 0.9142161640625 0 0.7271271390624999 0 1
1 0.6021064296875 1 0.5958780109374999 0.9565361718750001 0.6088426578125 0.810646671875 0.6030166859375 0.7852995875 0.5971150953125 0.7842289546875 0.5820908218749999 0.7842289546875 0.570989721875 0.79877868125 0.56700333125 0.8162731187500001 0.564106225 0.956487640625 0.554722565625 0.992775384375 0.554722565625 1 0.6021064296875 1
1 0.6331008734375 1 0.62641289375 0.9193327421875 0.6375 0.8242806015624999 0.6375 0.790031765625 0.6355158000000001 0.7823684578125001 0.621280453125 0.7781530203125 0.6205215328125 0.7781530203125 0.6076535625 0.7985227375 0.6076535625 0.8054249515624999 0.6092734953125001 0.8239094703125 0.6076535625 0.8379660671875 0.6076535625 1 0.6331008734375 1
1 0.7796875 1 0.7796875 0.947343275 0.7761638718749999 0.933757609375 0.773788896875 0.7954860046875 0.76036318125 0.7769674859375 0.7392210640625001 0.7893131656250001 0.734591225 0.8078316828125001 0.747861290625 0.9436341531250001 0.7415635296875001 1 0.7796875 1
1 0.8899838093750001 1 0.885229278125 0.9466855671874999 0.90625 0.8178322203124999 0.90625 0.79956650625 0.9050731656250001 0.7884992421875 0.896750825 0.7800673921875 0.8796810515625 0.785393584375 0.86914161875 0.8041222265625001 0.8554799375 0.9375202140625 0.8411289343749999 0.9834761406249999 0.8411289343749999 1 0.8899838093750001 1
1 0.690625 1 0.690625 0.9183829156249999 0.6833101296875 0.8890358828125 0.683789115625 0.7902219640625 0.678611921875 0.7767265671875 0.667443340625 0.7744513765625001 0.6601205343750001 0.7881649609375 0.661432725 0.9042385859375 0.6755993484375 0.9756253375 0.6746986140625 1 0.690625 1
1 0.6614349390625 1 0.6625 0.987605046875 0.6625 0.9744683578125001 0.6514331796875 0.8924480640624999 0.6584365578125 0.7888737359375 0.6512504109374999 0.7774068375 0.6401393015625001 0.776889328125 0.6377955515625 0.8189528765624999 0.6377955515625 0.9558645828125 0.643845971875 1 0.6614349390625 1
1 0.8593434515624999 1 0.8707745375 0.9449523078125001 0.8705638875 0.81647641875 0.8729393765625 0.7991116453125 0.8796875 0.7896233374999999 0.8796875 0.775960221875 0.8648694656250001 0.78081539375 0.85899301875 0.7970466359375 0.8601327984375 0.9057290234375 0.84070260625 1 0.8593434515624999 1
1 0.7765625 1 0.7765625 0.944539075 0.7657552078125001 0.8885452062500001 0.763671875 0.9563736890625 0.7735901984375 1 0.7765625 1