1 0.02231219375 0 0.02231219375 0.1341167984375 0.033118168749999996 0.16512513906249998 0.047077562499999996 0.1671875 0.0690102015625 0.1671875 0.08131962968749999 0.159798815625 0.1047355171875 0.09853070781249999 0.1125 0.027797307812499998 0.1125 0.011949803125 0.1106401359375 0 0.02231219375 0
1 0.206077065625 0 0.214660525 0.07371235312499999 0.1924345140625 0.1448627796875 0.1866102578125 0.2254456265625 0.19734554531249998 0.284576621875 0.2297378515625 0.3631566234375 0.241206890625 0.36875 0.27061256718750004 0.36875 0.28687141562499996 0.3560455796875 0.2984375 0.321454753125 0.2984375 0.1515811890625 0.26908756718750004 0.0770351546875 0.2663140625 0.0174869 0.2677499875 0 0.206077065625 0
1 0 0.5796875 0.1192197859375 0.5796875 0.1234375 0.5724630421875 0.1234375 0.43890339375 0.11425976093750001 0.408539396875 0.070767325 0.3390821640625 0.06262356718749999 0.168836440625 0.041330384375 0.14710861718749998 0.0249467578125 0.14710861718749998 0.018445403125000003 0.1580398828125 0.0057065484375 0.1587818375 0 0.15373710625 0 0.308667459375 0.001459521875 0.3143227328125 0.004545565624999999 0.3655646890625 0 0.37767176562500004 0 0.5796875
1 0.409375 0 0.3215067203125 0 0.31826436875 0.0272568875 0.325302809375 0.0853090078125 0.3467680328125 0.1528284984375 0.362796703125 0.1578125 0.396647590625 0.1578125 0.397723446875 0.1572865171875 0.409375 0.1273577328125 0.409375 0
1 0.45750856406249996 0.471875 0.46408279375 0.461702021875 0.479252921875 0.4099138046875 0.4897602890625 0.338644778125 0.49115375624999996 0.296040065625 0.4810545359375 0.22187205781250002 0.4845313390625 0.1792794671875 0.49375 0.1276958234375 0.49375 0.08210823125 0.49180789062499997 0.074179296875 0.48303755312499996 0.0667173484375 0.4762667171875 0.0666779578125 0.465245390625 0.0740247609375 0.4571099453125 0.09389429218749999 0.4541622203125 0.1300054015625 0.453256603125 0.19855119375000002 0.45077886562499997 0.2161377234375 0.44457146718749996 0.24111348281249997 0.44054711874999997 0.2525723125 0.44054711874999997 0.471875 0.45750856406249996 0.471875
1 0.5090516828125 0.54375 0.535135359375 0.54375 0.542961340625 0.527576159375 0.5636985 0.44728424687499996 0.566555940625 0.4287930015625 0.56875 0.39320165937499996 0.56875 0.34188750625000003 0.5680813015625 0.33240579531250003 0.5556174796875 0.2570966953125 0.5565829703125 0.2283748078125 0.5684659640625 0.147928346875 0.56875 0.1438664421875 0.56875 0.1010535875 0.5655461515625 0.08900931875 0.5557769546875 0.0795682359375 0.5517397828125 0.0776436546875 0.5421057953125 0.08118371875 0.53042513125 0.0953492015625 0.5259375875 0.1073225984375 0.5226326312499999 0.14712832343749999 0.5241446671875 0.185164015625 0.5223431796875 0.2407559359375 0.518705915625 0.26294179375 0.5090516828125 0.2938538921875 0.5090516828125 0.54375
1 0.19769373125 0.5796875 0.1689460390625 0.6002219703125 0.1680353671875 0.7208096296875001 0.133981015625 0.7841552015625 0.133981015625 0.9647845578125 0.1383350578125 0.975221971875 0.1695893359375 0.9875 0.1757416859375 0.9875 0.21012804531249998 0.97117324375 0.24684429218749998 0.9043907671875001 0.2515625 0.8465903359375 0.2515625 0.8130550328125 0.22497783125 0.73454013125 0.24857434843749998 0.6096180484375 0.2331132015625 0.5796875 0.19769373125 0.5796875
1 0.24620683593749998 0.5796875 0.24747146406249998 0.6540605640625 0.2395906046875 0.678586390625 0.2395906046875 0.760291728125 0.25917900625 0.8062358984374999 0.2480056140625 0.9046875 0.2759805015625 0.9046875 0.293426284375 0.8917586484375001 0.3296875 0.8059349140625001 0.3296875 0.7730400421875 0.3276102984375 0.7225054125 0.30073072343749996 0.65945994375 0.309269009375 0.5796875 0.24620683593749998 0.5796875
1 0.11113443281249999 0.5796875 0.120136825 0.6522881968750001 0.1064871359375 0.6955177781249999 0.096355840625 0.72649050625 0.0922120765625 0.7911901984374999 0.10249991875 0.8501205468749999 0.126900621875 0.8935935890625 0.156981571875 0.9046875 0.158714725 0.9046875 0.1495277890625 0.802904090625 0.1774509484375 0.72983778125 0.1796875 0.7219217984374999 0.1796875 0.6719020359375 0.173100946875 0.645447653125 0.1796875 0.5916231437499999 0.1796875 0.5796875 0.11113443281249999 0.5796875
1 0.3272144640625 0.5796875 0.327730259375 0.58220475625 0.32514820312500003 0.6163622296875 0.32082402656250003 0.6663087578125 0.353892590625 0.7269886515625 0.35678989375 0.8265625 0.3757470890625 0.8265625 0.3984375 0.7801651140625 0.3984375 0.661326240625 0.377041178125 0.6004285609375 0.3772678328125 0.5796875 0.3272144640625 0.5796875
1 0.05136207499999999 0.5796875 0.05369073437500001 0.6013252046875001 0.0279440953125 0.6444079734375 0.0256618640625 0.7378979578125 0.058678290625 0.81561091875 0.078397984375 0.8296875 0.08606575625 0.8296875 0.08992639062499999 0.718907759375 0.109375 0.6792552171875 0.109375 0.6431832578125001 0.0981824546875 0.6141091640624999 0.10144610000000001 0.5796875 0.05136207499999999 0.5796875
1 0 0.5796875 0 0.7582546765625 0.0105585765625 0.7741465984375 0.01912504375 0.7796875 0.034418848437499996 0.7796875 0.022444981250000003 0.645854034375 0.0453125 0.6090279671875 0.0453125 0.5796875 0 0.5796875
2 0.409375 1 1 1 1 0.8728663375 0.409375 0.8919285703125001 0.409375 1