1 0.10517956718749999 0 0.1042166796875 0.0033134546874999996 0.10264515 0.058940421875 0.11534508125000001 0.111679303125 0.1476910203125 0.181785746875 0.1622662453125 0.1828125 0.1813676671875 0.1828125 0.195282478125 0.1728432578125 0.2 0.15575733593750002 0.2 0 0.10517956718749999 0
1 0.2671845078125 0 0.270442303125 0.093902240625 0.24252659531249998 0.165499009375 0.24093099687500003 0.17593123125000001 0.24093099687500003 0.319949490625 0.261924128125 0.383318615625 0.276767646875 0.390625 0.2850164140625 0.390625 0.301446221875 0.38874845625 0.3193923796875 0.3752032953125 0.3419573703125 0.3203676734375 0.35886999375 0.2454435671875 0.359375 0.230982078125 0.359375 0.20825218906249998 0.3243673125 0.096276559375 0.32644678437499997 0.036728304687500005 0.3324223546875 0 0.2671845078125 0
1 0.1796875 0.5 0.1796875 0.4857835671875 0.1683503234375 0.43834061249999995 0.1290402125 0.3662311640625 0.130814540625 0.195781425 0.10847221250000001 0.16997974531249999 0.09573335937500001 0.16990563281249998 0.087413090625 0.182179640625 0.07467423749999999 0.182105528125 0.06229386875 0.1697110875 0.045006521875 0.189121 0.0392137453125 0.22400080625 0.061405339062499995 0.33708537656250004 0.061504009375 0.38842934218749997 0.034233878125 0.449882759375 0.032661703125000004 0.4606868109375 0.032661703125000004 0.5 0.1796875 0.5
1 0.5877387 0.5 0.5863030703125001 0.46658308593750003 0.5550142703125001 0.37145098125 0.5560179265625 0.32832983125 0.5805571984375 0.2336403515625 0.5831054171875001 0.1927025734375 0.5638461671874999 0.163357046875 0.541362 0.1697508375 0.527126375 0.164474215625 0.5209959140625 0.15368734374999998 0.50893375625 0.1578459421875 0.48882182187499995 0.199407296875 0.49187833750000004 0.273719215625 0.4851895421875 0.355464790625 0.4454913953125 0.41600023124999996 0.43764780625000005 0.44001828437499996 0.43764780625000005 0.5 0.5877387 0.5
1 0.382888525 0 0.382888525 0.1594875140625 0.38630061875 0.1731409984375 0.4020787484375 0.178125 0.4361367984375 0.178125 0.43725603281250003 0.17759901718749999 0.46839236875 0.110152146875 0.479463653125 0.05746062187499999 0.4782095578125 0 0.382888525 0
1 0.709375 0 0.6386344187499999 0 0.6330884328125 0.0879663546875 0.58737599375 0.16643590625 0.589219221875 0.2096126640625 0.580095146875 0.2832009953125 0.5913969453125001 0.3102842859375 0.601273634375 0.36605940000000003 0.6168969828125 0.3828125 0.6519007718750001 0.3828125 0.669768865625 0.3725572515625 0.7012337171875 0.3079609578125 0.709375 0.2727282359375 0.709375 0.16812860624999998 0.6921012015625 0.10645089375000001 0.6919817390625 0.0859170125 0.6980883484375 0.0409648984375 0.709375 0.0064416109375 0.709375 0
1 0.8436528125 0.5 0.853125 0.46259947187500006 0.853125 0.44699579062500006 0.8404872687499999 0.430587365625 0.8296881328125 0.4305245375 0.8131065734374999 0.443588190625 0.809415325 0.4962072046875 0.8063730250000001 0.5 0.8436528125 0.5
1 0.85883675 0.5 0.873048665625 0.477896296875 0.8734375 0.46119048124999995 0.8734375 0.454731709375 0.861314715625 0.4242068859375 0.8732980328125001 0.374211221875 0.857364746875 0.3614854234375 0.836621803125 0.369459646875 0.8356826265624999 0.409810525 0.82663498125 0.42664916249999996 0.8521854031249999 0.4445542984375 0.840202084375 0.4945499671875 0.8422433703125 0.5 0.85883675 0.5
1 0.1681815421875 0.5 0.16355718125000002 0.5243013078125001 0.1472010234375 0.5768996140625 0.1444609546875 0.6092219921875 0.145641725 0.6116430953125 0.14844646875 0.6030381171875 0.1524740328125 0.601042165625 0.1519823 0.6154152765625 0.1438397984375 0.6510162046875 0.1189453125 0.7325875609375 0.1189453125 1 0.28730749218749996 1 0.294638553125 0.9673988625 0.2980094546875 0.9230394484375001 0.296573178125 0.8606197734375 0.2866127375 0.7612386859375 0.26961620625 0.64640505 0.2662518515625 0.6107947125 0.266255125 0.5708098359375 0.26806352499999997 0.5263228765625 0.270821503125 0.5 0.1681815421875 0.5
1 0.0029274671875000003 0.5 0.001067884375 0.5082562015625001 0.001067884375 0.6587472890624999 0.014832610937499999 0.7093792015625 0.0224658375 0.715625 0.03284641875 0.715625 0.03592810625 0.7152933796875001 0.0462945265625 0.7085646671875001 0.0500194515625 0.6986057156250001 0.0640625 0.6100256171874999 0.0640625 0.53896033125 0.060164428125 0.5122396609375001 0.0567635296875 0.5 0.0029274671875000003 0.5
1 0.709375 0.5 0.709375 1 0.8388826593750001 1 0.8266005906249999 0.9610730078125 0.80294731875 0.8474412609374999 0.7954221171875 0.821909690625 0.7913451015625 0.7535125125000001 0.789494946875 0.6182059875 0.7901773125 0.5699364984375 0.7951073046875 0.5 0.709375 0.5