1 0.430483325 0.5296875 0.441826690625 0.48042434062500006 0.4511536234375 0.402904959375 0.4508611625 0.351225375 0.4368940265625 0.25303416093750003 0.4515625 0.1145479859375 0.4515625 0.10632313593750001 0.44417189375 0.0837835140625 0.42500202343750004 0.07861555625 0.40758875625 0.1134992765625 0.402317103125 0.2633700765625 0.39090720156250003 0.3009170609375 0.39090720156250003 0.5296875 0.430483325 0.5296875
1 0.5242671171875 0.5296875 0.5296875 0.5041387828125 0.5296875 0.377256571875 0.5170362140625 0.312078478125 0.5191834265625 0.2113487375 0.5116385890624999 0.18930158125000002 0.4959233796875 0.183951809375 0.4865411359375 0.20580199999999998 0.49364381718750006 0.31438973593749997 0.480899525 0.40466235 0.480319096875 0.44599086874999994 0.4938075046875 0.5296875 0.5242671171875 0.5296875
1 0.3712576125 0.5296875 0.3810872390625 0.48287104375 0.384375 0.42849980312499997 0.384375 0.41407798125 0.3693684890625 0.31232840781250004 0.37457682187499997 0.20896923437499998 0.3674153640625 0.1870054109375 0.35309244687499997 0.1818374515625 0.34332682187499997 0.20121729687499998 0.3459309890625 0.3149123875 0.33291015625 0.3743439125 0.32900390625 0.4492793125 0.3413844625 0.5296875 0.3712576125 0.5296875
1 0.3255292046875 0.244452534375 0.3150373515625 0.2425360859375 0.30721289218750003 0.265042275 0.31337472499999997 0.3423113328125 0.30253429062500004 0.418081146875 0.30373726875 0.459424815625 0.3145059453125 0.515688271875 0.32341696249999996 0.5171875 0.328125 0.5171875 0.328125 0.2511669921875 0.3255292046875 0.244452534375
1 0.299579728125 0.33359020625 0.3015625 0.3203884171875 0.3015625 0.2907160078125 0.29840493437500004 0.2814825671875 0.29026604843750003 0.2814825671875 0.2840061625 0.29581640625 0.2830523828125 0.36034005156250004 0.2718627984375 0.4049538453125 0.2718627984375 0.4935024015625 0.2728811484375 0.502762265625 0.28962650624999997 0.50625 0.29223569375 0.50625 0.2928762078125 0.413921078125 0.3007401421875 0.3747821984375 0.299579728125 0.33359020625
1 0.38050339843750003 0.27931504375 0.37399718437499996 0.29638949531250003 0.3898667234375 0.4145015703125 0.3855833390625 0.5109375 0.3953125 0.5109375 0.3953125 0.32412904375 0.3948305171875 0.2950544328125 0.3873659296875 0.27931504375 0.38050339843750003 0.27931504375
1 0.4672350359375 0.403125 0.484375 0.307067125 0.484375 0.29042903125 0.47558867187500004 0.2793459375 0.46726710625 0.2935994875 0.46688679375 0.301610153125 0.46688679375 0.403125 0.4672350359375 0.403125
1 0.559375 0.45347502031250003 0.559375 0.4073901984375 0.550465325 0.343640171875 0.5544677 0.263567115625 0.547675540625 0.246875 0.5370452359375 0.246875 0.5297281171875 0.2632792453125 0.5321008468749999 0.3511799953125 0.5279290765625 0.36900784999999997 0.5279290765625 0.372799771875 0.5290397265625 0.4519400375 0.5279290765625 0.46287823437500003 0.5279290765625 0.5147573515625 0.5297525046875 0.5230221953124999 0.5339874499999999 0.5234375 0.545255053125 0.5234375 0.55413421875 0.506506625 0.559375 0.45347502031250003
1 0.577863303125 0.36300158125 0.5780458203125 0.303403175 0.57280415 0.28689935312500003 0.5635842765625 0.2848994625 0.5568966203125 0.296986296875 0.569762996875 0.42051665781249997 0.566937696875 0.5113731406250001 0.5712203734375 0.5125 0.5834622359375 0.5125 0.584375 0.5084727375 0.584375 0.394790315625 0.577863303125 0.36300158125
1 0.4493244359375 1 0.44955886874999995 0.9985677062499999 0.45120563437500005 0.9638454843750001 0.44943603750000005 0.933289928125 0.44248905 0.89856770625 0.4426704359375 0.8624565953125 0.44509845156249994 0.827734371875 0.4545534296875 0.7819010390625 0.45625 0.7657559968750001 0.45625 0.7266361796874999 0.45330728281250005 0.7159288171875 0.442074134375 0.708984371875 0.430748153125 0.714539928125 0.42045265 0.733289928125 0.41589655312499996 0.8207899281250001 0.40800836093750004 0.877734371875 0.3993303453125 0.9124565953125 0.3968101953125 0.9180268921875001 0.3968101953125 1 0.4493244359375 1
1 0.59375 1 0.59375 0.8833490609375 0.5869879203124999 0.8495670437499999 0.58628486875 0.8092892656250001 0.59375 0.7322748609375 0.59375 0.7174394718749999 0.5879216515625 0.7016912843750001 0.5784254328125 0.6946377531250001 0.5667551703125 0.69727916875 0.5574138015625001 0.7214710921874999 0.559892071875 0.8187024046874999 0.5557136765624999 0.847814528125 0.5416941921875 0.8948640265625001 0.53509385 0.9642175640625 0.5363842062499999 0.993393321875 0.53747096875 1 0.59375 1
1 0.52421875 0.9758680562500001 0.5296875 0.9661458328125001 0.534375 0.9064236109374999 0.5484375 0.8508680562500001 0.53984375 0.785590278125 0.5484375 0.6901041671875 0.5484375 0.6786458328125 0.5453125 0.667534721875 0.537109375 0.65850694375 0.524609375 0.661284721875 0.51796875 0.67725694375 0.51640625 0.785590278125 0.49765625 0.8411458328125001 0.4953125 0.8671875 0.4953125 0.9001736109374999 0.49609375 0.9244791671874999 0.5015625 0.960590278125 0.508203125 0.9751736109374999 0.52421875 0.9758680562500001
1 0.69550363125 1 0.7015625 0.975538378125 0.7015625 0.8491129828125 0.696283221875 0.819919134375 0.6946128953125 0.78941364375 0.7015625 0.7252217703125 0.7015625 0.6963452890624999 0.6991048609375 0.688243584375 0.6914457359374999 0.6825850859375 0.6839328515624999 0.6825850859375 0.6771086234375 0.68547873125 0.6687102296874999 0.7061933640625 0.6706770328125 0.8006878734375 0.6515634968749999 0.8700951781249999 0.6476034234375 0.8953955671875 0.6504457125 0.9661788359374999 0.656238109375 1 0.69550363125 1
1 0.4008811234375 0.798055740625 0.3984299046875 0.7566165859374999 0.4009086921875 0.7079599734375 0.4078125 0.6598103484375 0.4078125 0.6558299484375001 0.4055319921875 0.6425456890625 0.39821477031249997 0.6353674125 0.39282700625 0.6353674125 0.38660962187500003 0.6374105015625 0.3794597359375 0.65238060625 0.377821165625 0.7439562703125 0.3625 0.80054908125 0.3625 0.865625 0.368177834375 0.865625 0.38900570156250003 0.8590411890624999 0.394447584375 0.8483287578125001 0.4008811234375 0.798055740625
1 0.2740590390625 0.9331108046875001 0.2890803921875 0.9036122546875 0.2953125 0.8977936859375 0.2953125 0.8162228265625 0.292004590625 0.796243775 0.2865772578125 0.7703761265625 0.2858248875 0.73190925 0.287446353125 0.688653434375 0.28673661875 0.66228685 0.2811467703125 0.6486634875 0.27393180781250004 0.6453125 0.25907560625000003 0.6453125 0.25444508125 0.6629283140625 0.257559615625 0.707272628125 0.272446634375 0.7299825734375001 0.2741979046875 0.7577102859375 0.271557915625 0.771799434375 0.2563641921875 0.8075730171875 0.250690971875 0.8469124890625 0.25306752499999996 0.9149680437499998 0.26306589062499997 0.9546875 0.2631865484375 0.9546875 0.26775530625 0.9543947203125001 0.2740590390625 0.9331108046875001
1 0.42413338281249996 0.66875 0.413679284375 0.6724212781250001 0.4045001109375 0.6939922359375 0.40303939062499994 0.739630984375 0.40303939062499994 0.8640625 0.40318903749999996 0.8640625 0.411143828125 0.823058909375 0.4158292671875 0.7369614328124999 0.4199746328125 0.724443253125 0.434375 0.707051846875 0.434375 0.6784607796875 0.4262119015625 0.66875 0.42413338281249996 0.66875
0 0.3779823046875 1 0.375727053125 0.9544123484375 0.359548378125 0.918800234375 0.3365230140625 0.894916403125 0.3029535046875 0.893136615625 0.2775898578125 0.913679046875 0.2659102078125 0.933686121875 0.2518774203125 0.9765871328125 0.25177253906249997 0.9775292390625001 0.25177253906249997 1 0.3779823046875 1