1 0.039723203125 0.55 0.044449903125 0.5319743984375 0.05 0.46555972343749996 0.05 0.4436837546875 0.03756501875 0.35664266875 0.044990415625 0.25575381406250003 0.0385959515625 0.2339983703125 0.0231514203125 0.2292850515625 0.0126188015625 0.25153302499999997 0.014037284375 0.3599086109375 0.002056825 0.4221755984375 0.002056825 0.55 0.039723203125 0.55
1 0.0125 0.55 0.0125 0.48110194218749996 0.011349831250000001 0.47431180156249997 0.0125 0.4395664234375 0.0125 0.3373297296875 0.0024795109375 0.32578995 0 0.331178928125 0 0.37787536875 0.011206871875 0.49228573906250006 0.0083394109375 0.548563696875 0.0092661171875 0.55 0.0125 0.55
1 0.070908903125 0.55 0.08125 0.4761607328125 0.08125 0.468686578125 0.073477384375 0.38978066875 0.0807470390625 0.309798603125 0.074563828125 0.2926691859375 0.0642218375 0.2921875 0.06414544062500001 0.2921875 0.05600745625 0.30864633750000003 0.054872740625000006 0.39115563125 0.054872740625000006 0.55 0.070908903125 0.55
1 0.1109375 0.55 0.1109375 0.4406126578125 0.10497975625 0.411721034375 0.104815853125 0.3524716109375 0.09947628281250001 0.33535706875 0.09024134843750001 0.3321357328125 0.0836214703125 0.34326286562499997 0.09721080625 0.46784017499999997 0.095112490625 0.55 0.1109375 0.55
1 0.8222026875000001 0.55 0.8296875 0.48411380781249996 0.8296875 0.40157525312500003 0.82275390625 0.3615168640625 0.80634765625 0.308018703125 0.80220769375 0.2918939078125 0.7985087671875 0.223965496875 0.80634765625 0.139963146875 0.8006224640624999 0.11672667343750001 0.7908467156250001 0.1053872296875 0.779485771875 0.10538064218750001 0.7668037625 0.1101229984375 0.75634765625 0.12394493437500001 0.75400390625 0.142095990625 0.75712890625 0.194746434375 0.76337890625 0.23199176718749998 0.76650390625 0.30408665468749996 0.76181640625 0.313999878125 0.74853515625 0.382596603125 0.74619140625 0.4535254375 0.75244140625 0.506048546875 0.76494605625 0.55 0.8222026875000001 0.55
1 0.8633529609374999 0.3956330984375 0.8671875 0.35676600468749997 0.8671875 0.2872489734375 0.8522765953124999 0.221133203125 0.8531928828125 0.1725448234375 0.8618194359375 0.1043074109375 0.862105209375 0.0737745875 0.8567550953125 0.059361745312500006 0.8456034609374999 0.0515625 0.84491323125 0.0515625 0.829459846875 0.058768478125 0.8205049546875 0.0805349421875 0.8198521046875001 0.2109768375 0.8058560390625 0.2677649984375 0.8058560390625 0.34035823125000003 0.8181859640625 0.392784890625 0.81712940625 0.4677394265625 0.8210236734375 0.475 0.8323707859375 0.475 0.8423987796875 0.47047285624999996 0.8523289250000001 0.4431281046875 0.8633529609374999 0.3956330984375
1 0.9192088453124999 0.2821043921875 0.923007446875 0.33207712031250003 0.9363831109374999 0.3888852046875 0.9448044734375 0.396875 0.9621255328124999 0.396875 0.9689060171874999 0.39198016406249997 0.9758227343750001 0.37453269218749996 0.98125 0.3457464390625 0.98125 0.21698803125000002 0.9707037546875 0.1717458234375 0.9702726281250001 0.1300700671875 0.9770882265624999 0.0688589578125 0.9764012125000001 0.045247846875 0.9700366812500001 0.027954915625 0.9602770765624999 0.0215232046875 0.9589090015625 0.0215232046875 0.94581793125 0.028236728125 0.9382816140625 0.0512488453125 0.9422554546875 0.160961975 0.9219835437499999 0.2431700515625 0.9192088453124999 0.2821043921875
1 0.7697229578125 0.02108104375 0.7672530546874999 0.0334719171875 0.7738719078125 0.1002477078125 0.788727590625 0.10625 0.8 0.10625 0.8 0.0266413984375 0.79144266875 0.011441909375 0.77659891875 0.0109235546875 0.7697229578125 0.02108104375
0 0.53823204375 0.4984375 0.5519274234375 0.49334241562500003 0.5685491468749999 0.474899028125 0.584375 0.43398386406249995 0.584375 0.33315778125 0.5757483984375 0.30685431875 0.551711415625 0.2714842140625 0.529391878125 0.2549323625 0.4883089296875 0.2636318359375 0.476913478125 0.27406040625 0.45390040000000004 0.327488184375 0.4508832265625 0.357816228125 0.45710640312499995 0.41086702031250005 0.47061671718750003 0.44631728437499996 0.5035707484375 0.49329902968750006 0.5140980515625 0.4984375 0.53823204375 0.4984375
1 0.202295203125 0.55 0.20234375 0.5523570640625 0.1828125 0.6281529 0.178125 0.6713994546875 0.185546875 0.6842914828125 0.217651125 0.6875 0.2426070203125 0.6875 0.2453125 0.6853284421875 0.2453125 0.6381062203125001 0.23125 0.5650681125 0.23051150156250003 0.55 0.202295203125 0.55
1 0.3044911421875 0.55 0.287846909375 0.5971444671875 0.287846909375 0.7080496296875001 0.32041730625 0.7125 0.3247970015625 0.7125 0.3300747421875 0.70593563125 0.33539275625 0.68774368125 0.34158378906250003 0.6445517328125 0.341864328125 0.5918194203125 0.33417010468749997 0.55 0.3044911421875 0.55
2 0.359375 1 0.359375 0.71294558125 0 0.6297050609375 0 0.9957523359374999 0.01225504375 1 0.359375 1
1 0.3868039625 0.55 0.382255209375 0.564377459375 0.38142187656250004 0.570161415625 0.37942187656250004 0.575742909375 0.374588540625 0.5991898546875001 0.373088540625 0.6107509734375001 0.3712552078125 0.635825675 0.37092187499999996 0.6530892578125 0.372588540625 0.694271346875 0.374421875 0.7119466437499999 0.3784218765625 0.7342836578125 0.38142187656250004 0.7456614171875 0.38342187499999997 0.7593299218749999 0.398921875 0.8271983453124999 0.401671875 0.831211290625 0.409338540625 0.8358988984375 0.42131640625 0.8375 0.430003403125 0.8375 0.437588540625 0.8371228000000001 0.44817187656249996 0.8355665609375 0.455338540625 0.8335245421874999 0.45967187656249997 0.8310979734374999 0.46283854062500007 0.827968940625 0.466588540625 0.820441140625 0.476755209375 0.7767768796875 0.47975520781250003 0.7606546406250001 0.4817552078125 0.7540731453125 0.48325520937499994 0.743512025 0.4864218765625 0.73188299375 0.48725520937500005 0.7253490375 0.491588540625 0.7071724703125 0.49375 0.68886638125 0.49375 0.605255971875 0.491088540625 0.5849428421875 0.485921875 0.5626533671875 0.4821072328125 0.55 0.3868039625 0.55
1 0.5061563171875 0.55 0.5061563171875 0.75700185 0.508888484375 0.771769778125 0.51297776875 0.781016265625 0.518504753125 0.7848513828125 0.5226949624999999 0.7859375 0.5398599453124999 0.7859375 0.54155753125 0.7850547265625 0.5427234046875 0.7802756296875 0.538822615625 0.7441759640625 0.538143253125 0.7207196093749999 0.5390226234375 0.6812341578125001 0.542271040625 0.6454259640625 0.5462154890625 0.627828975 0.5479329500000001 0.616790178125 0.55289485625 0.598664090625 0.56008375 0.573979809375 0.5628020046875 0.5676570671875 0.5652916875 0.5583440234375 0.56829855 0.55 0.5061563171875 0.55
1 0.7055105828125 0.55 0.703958140625 0.5542461359375 0.69991641875 0.5700484984374999 0.6966068328125 0.5880931031250001 0.6961226640625 0.6001027999999999 0.6970875734374999 0.6103450421875001 0.700154325 0.6240640125 0.7023156421875 0.64104461875 0.7036496171875 0.64678104375 0.705869125 0.66576165 0.7070456296875001 0.6890058328124999 0.7073410906250001 0.7392694078125001 0.707899925 0.747015528125 0.710017596875 0.7624961359375 0.721559096875 0.8096278359374999 0.72575614375 0.82208323125 0.732003146875 0.8276374453124999 0.74276795625 0.83125 0.7683687046875 0.83125 0.77774983125 0.829856065625 0.7810540671874999 0.8288172781250001 0.7831698140625 0.8270420671875 0.7873718890625 0.8196156734375 0.7934493421875 0.7992881000000001 0.79375 0.797298846875 0.79375 0.55 0.7055105828125 0.55
1 0.5982397265625 0.55 0.5899303953125 0.5816816109375 0.58246485625 0.62334404375 0.5790706109375 0.6601578 0.580137059375 0.6963786984375 0.582585590625 0.7304019796875 0.5908689890625001 0.777355684375 0.60894581875 0.846112034375 0.615739253125 0.8678099187499999 0.6245232453125 0.8925718249999999 0.6261972281249999 0.8991183859374999 0.6272252593750001 0.9012753968749999 0.628589921875 0.9015625 0.6872970859375 0.9015625 0.6890625 0.899590496875 0.6890625 0.5657983343749999 0.6877643234375 0.5628887671875 0.6835644390625 0.55 0.5982397265625 0.55
1 0.8390596625000001 0.55 0.83543753125 0.562584878125 0.8344381734375 0.568266928125 0.8316564 0.5755921984375 0.8280855812500001 0.590109225 0.8242462546875 0.60111654375 0.8202700015625 0.6188544484375 0.8176039765625 0.624439425 0.8169306765624998 0.6298908890625 0.8152210046875 0.634034109375 0.8136131750000001 0.6416773296875 0.8090376453125 0.678847284375 0.8058239078125 0.7113546046875 0.8052458156250001 0.7257963609375 0.8052113656250001 0.7417672390625001 0.8063885140625 0.7707866531249999 0.8084704546874999 0.79087401875 0.8134088359374999 0.8233569921875 0.8185059640624999 0.8498593796874999 0.8252988578124999 0.877458840625 0.828386790625 0.8863738624999999 0.8362021484375 0.9205218593750001 0.8420089484375 0.9428227828125 0.8485181468749999 0.96067224375 0.8493812187499999 0.967461071875 0.8516505296875 0.971875 0.8727268375000001 0.971875 0.8705102328125001 0.9559633046875 0.869016865625 0.9503856468749999 0.8688495578125 0.944635646875 0.8625639375 0.9173153078125 0.8561122906249998 0.89572555625 0.85248670625 0.874050825 0.852137540625 0.8620508250000001 0.8526732718750001 0.8575896546875 0.853615078125 0.8556478984375 0.8517956515625 0.850300825 0.8521065203125 0.8438299468749999 0.8511561578125001 0.8340411187499999 0.8509148249999999 0.8143105328125 0.8520868421875001 0.7974076046875 0.8542376781249998 0.7855532140625 0.8562139328124999 0.767698821875 0.8588356703125001 0.7548735515624999 0.8683390984375 0.7212351078125 0.8771771390625 0.6990384187500001 0.8808286171875 0.6930116859375 0.8831467609375 0.68690729375 0.8958181359375 0.664933871875 0.9048601796875001 0.6526073296874999 0.909562575 0.648388840625 0.9130255640625 0.6416023984375 0.9234375 0.633033134375 0.9234375 0.5711453953125 0.9196902046875 0.55900644375 0.9172031562499999 0.55 0.8390596625000001 0.55
0 1 1 1 0.5904357874999999 0.9784166671874999 0.592875 0.9494166671875 0.601125 0.9434166671875002 0.6058749999999999 0.9399166671875001 0.607125 0.9264166671874999 0.615875 0.91975 0.622375 0.9164166671875 0.626875 0.9085833328125 0.632625 0.8960833328125 0.646125 0.8870833328125001 0.657875 0.884 0.6639999999999999 0.8815833328124999 0.666125 0.8796666671875 0.6705 0.8758333328125001 0.6752499999999999 0.8723333328125001 0.68275 0.868 0.6895 0.8636666671875 0.7 0.8605 0.7045 0.8594999999999999 0.70875 0.8545 0.7205 0.8516666671875001 0.7304999999999999 0.8460000000000001 0.7422500000000001 0.8438333328125001 0.7535000000000001 0.8406666671874999 0.76425 0.8400000000000001 0.76925 0.8405000000000001 0.7765000000000001 0.8365 0.7939999999999999 0.8348333328125002 0.8185 0.8324999999999999 0.82875 0.8313333328125001 0.8404999999999999 0.8311666671874999 0.8535 0.834 0.85875 0.8316666671874999 0.8644999999999999 0.8344999999999999 0.869 0.8370000000000001 0.8870000000000001 0.8393333328124999 0.8945000000000001 0.8396666671874999 0.9004999999999999 0.8436666671874999 0.9077500000000001 0.8448333328125 0.9147500000000001 0.8466666671875 0.9177500000000001 0.849 0.9289999999999999 0.8493333328125001 0.9355 0.8504999999999999 0.9412499999999999 0.8503333328124999 0.9477499999999999 0.8525 0.96125 0.8553333328124999 0.97075 0.8594999999999999 0.97625 0.861 0.98375 0.8641666671875001 0.9882500000000001 0.8656666671875 0.9925 0.8694802265625 1 1 1