1 0.1719870953125 0.46707773281250003 0.168984465625 0.4162054515625 0.1481939171875 0.34315320312500003 0.1585939609375 0.221383725 0.14116669375 0.18130814687500002 0.136381409375 0.18130814687500002 0.1185771390625 0.1850391734375 0.1048579359375 0.21363990937500002 0.113057215625 0.35005285 0.090625 0.44518612500000004 0.090625 0.5005449 0.09182079374999999 0.51859180625 0.10509080625 0.5718977875 0.113529184375 0.5902928984375 0.1282255875 0.5921875 0.1299910328125 0.5921875 0.1533197578125 0.5877485625000001 0.1719870953125 0.4914987234375 0.1719870953125 0.46707773281250003
1 0.0480102875 0.2051800203125 0.0313436203125 0.205762034375 0.0203582 0.224237934375 0.0336795390625 0.3573772609375 0.0203125 0.44580023124999996 0.0203125 0.4858985109375 0.0247064609375 0.52191283125 0.0458021640625 0.5796875 0.067574365625 0.5796875 0.0720540265625 0.579107934375 0.0720540265625 0.39568040937500004 0.059605465625 0.3564719078125 0.0635979421875 0.23386167812499997 0.0480102875 0.2051800203125
1 0.820420346875 0.5739738453125 0.840625 0.47828487500000005 0.840625 0.3998894875 0.8399690468750001 0.3817659640625 0.810961246875 0.280221684375 0.8177922140625 0.1222363953125 0.8009890234375 0.0966665234375 0.7991674062499999 0.0966665234375 0.777616990625 0.099368890625 0.7640625 0.1305357609375 0.7640625 0.13862344531249998 0.7720892421875 0.259337328125 0.7646967078125 0.3207975234375 0.79118791875 0.4338195265625 0.77393118125 0.5759396453125001 0.7817280453125 0.58397751875 0.7852816375 0.584375 0.8112080328125 0.584375 0.820420346875 0.5739738453125
1 0.6274511203124999 0.3203268546875 0.6237342921875 0.123144953125 0.599859003125 0.0910934140625 0.576603190625 0.091905525 0.559375 0.12820957187499998 0.559375 0.152138509375 0.5763316171875 0.2872922765625 0.5681341546875001 0.3688245296875 0.6180741109375 0.403834728125 0.6447582546875 0.43965703749999996 0.648248609375 0.4484375 0.6487591765625 0.4484375 0.6487591765625 0.3842591734375 0.6274511203124999 0.3203268546875
1 0.37748217500000003 0.0905078734375 0.34885621875 0.1025870234375 0.3367228578125 0.1317475171875 0.344093434375 0.3014512734375 0.315625 0.4176478421875 0.315625 0.588022109375 0.3340805515625 0.6640625 0.38649164843749995 0.6640625 0.39480812187500003 0.6518103484375 0.3998182859375 0.5127691046875 0.41898444687499997 0.4506773203125 0.39047027500000003 0.30836141875 0.40138973437500003 0.1267589265625 0.37748217500000003 0.0905078734375
1 0.259375 0.5473533640625 0.277714396875 0.6 0.3232121515625 0.6 0.3239410875 0.5984573484375 0.3239410875 0.3532225875 0.30515112499999997 0.28556579531250004 0.305709896875 0.1310805421875 0.2848015046875 0.0983747578125 0.26172551875 0.1023710609375 0.259375 0.10690868437500001 0.259375 0.2408112921875 0.263987284375 0.28966733125 0.259375 0.31474045156249997 0.259375 0.5473533640625
1 0.436811746875 0.098461575 0.4243412624999999 0.1268097109375 0.42703773125 0.30096114687500003 0.4171875 0.3362322734375 0.4171875 0.4316127703125 0.41740116250000003 0.4328125 0.42104574687500007 0.4328125 0.48983971562500006 0.366122721875 0.4715271 0.283958275 0.48388513125 0.12606338125 0.4638708375 0.0937019734375 0.4562935875 0.0937019734375 0.436811746875 0.098461575
1 0.5218976718749999 0.102567496875 0.5109375 0.13257235625 0.5109375 0.145756184375 0.5274378046875 0.2899765421875 0.5133087406250001 0.3521736015625 0.5188429921875001 0.36875 0.5604452390625 0.36875 0.5604452390625 0.15166725625 0.557399953125 0.111408078125 0.5449060609374999 0.0981652078125 0.5218976718749999 0.102567496875
1 0.7278528828125 0.37037934375 0.707971703125 0.3093195953125 0.7043421203125 0.13148785937500002 0.67461238125 0.091736775 0.65677195 0.0961240796875 0.640625 0.1356733390625 0.640625 0.14230212656250002 0.66121265 0.3068119421875 0.6491727171875 0.3613171125 0.67776213125 0.48426774687499996 0.6783128859375 0.6544526625 0.6896393015625 0.6578125 0.7160849765624999 0.6578125 0.7278528828125 0.6547193375 0.7278528828125 0.37037934375
1 0.71180151875 0.6015082046875 0.7221374359375 0.6208132234375 0.760897125 0.613091215625 0.78673691875 0.493400096875 0.7841529390625 0.400736003125 0.7557291671875 0.2926278953125 0.7634811046875 0.1266047296875 0.7415172796875 0.093786196875 0.7208454453125 0.0976472 0.7066335593749999 0.12274372656250002 0.7143854968750001 0.26173986562499996 0.7040495796874999 0.34668195 0.7298893734375 0.4702340734375 0.71180151875 0.6015082046875
0 0.6136266296875 0.6890625 0.6342821375 0.6517012546875 0.6497860140625 0.5860641890625 0.6497860140625 0.524288128125 0.6368661171875 0.46637306875 0.6045663765625 0.4103885140625 0.560638728125 0.375639478125 0.5037911828125 0.371778475 0.4727834296875 0.387222490625 0.4275637921875 0.44706805000000005 0.4094759359375 0.5088441125000001 0.4068919578125 0.5822031859375 0.41981185468749993 0.6439792468750001 0.4480372703125 0.6890625 0.6136266296875 0.6890625
1 0.93750785 1 0.946593225 0.9510913265625 0.946593225 0.8442552359375 0.9414214453125 0.8121506109375 0.9373800124999999 0.8032456015625 0.9278432249999999 0.8007952062499999 0.846593225 0.80363251875 0.8421875 0.8274007640625 0.8421875 0.8501281171875 0.8437695218750001 0.8962800890625001 0.8640114125 1 0.93750785 1
1 0.6616694765625 1 0.6627717171875 0.9959386625000001 0.6826700437500001 0.895556803125 0.684556353125 0.8191860984374999 0.68294011875 0.7984073171875 0.67891 0.7908684375 0.5915070015625 0.7901272453125 0.5836243671875 0.803494434375 0.5828125 0.8120354328125 0.5828125 0.9606381515625 0.5895211796875 1 0.6616694765625 1
1 0.3819276546875 1 0.40113352031250005 0.924810396875 0.408797959375 0.8765268328125 0.4104144609375 0.82097128125 0.40809771250000004 0.7930297265624999 0.40270308125 0.776750428125 0.38004325781250003 0.7724469734375 0.2843559015625 0.7724469734375 0.2777502 0.78202548125 0.271875 0.8127176203124999 0.271875 0.927458728125 0.28769234374999997 1 0.3819276546875 1
1 0.7703638578125 0.8642459375 0.767990428125 0.8455300359375 0.76893979375 0.842023715625 0.7707371265625 0.8442585906250001 0.7707371265625 0.8286060640624999 0.770393503125 0.8280666312499999 0.7682376546875 0.837173971875 0.768109078125 0.8107396187500001 0.7624326390625 0.7893368656249999 0.716071878125 0.7865113906250001 0.7125 0.7957611796874999 0.7125 0.8559619015625 0.7169323078125001 0.8915429921874999 0.7337045015625 0.9578459453124999 0.741935171875 0.965625 0.76219990625 0.965625 0.768781640625 0.9616954796874999 0.7707371265625 0.9505693203125001 0.7707371265625 0.8615726968749999 0.7703638578125 0.8642459375
1 0.534765625 0.95 0.5390625 0.9520833328125 0.563671875 0.9513888890625001 0.569921875 0.9472222218749999 0.57578125 0.9326388890625001 0.5796875 0.91180555625 0.578125 0.8423611109374999 0.5828125 0.796527778125 0.580859375 0.7861111109375 0.549609375 0.784722221875 0.530078125 0.7763888890625 0.521484375 0.7791666671875 0.51875 0.7881944437499999 0.515625 0.81875 0.51796875 0.8743055562500001 0.5296875 0.9368055562500001 0.534765625 0.95
1 0.7736490890625001 0.6890625 0.77734375 0.7284722218749999 0.7953125 0.7270833328124999 0.797985840625 0.6890625 0.7736490890625001 0.6890625
1 0.76953125 0.8993055562500001 0.77890625 0.90625 0.795703125 0.9041666671874999 0.803125 0.878472221875 0.80859375 0.83819444375 0.80859375 0.8048611109374999 0.803515625 0.7833333328125 0.772265625 0.7861111109375 0.76796875 0.7909722218749999 0.77109375 0.8340277781250001 0.76953125 0.8993055562500001
1 0.68984375 0.82569444375 0.69921875 0.8756944437499999 0.70625 0.8756944437499999 0.7046875 0.8270833328125 0.7078125 0.7951388890625 0.704296875 0.790277778125 0.693359375 0.790277778125 0.68984375 0.7951388890625 0.68984375 0.82569444375
1 0.7019075515625001 0.6890625 0.703125 0.721527778125 0.70625 0.72430555625 0.718359375 0.725 0.7203125 0.7201388890625 0.721208934375 0.6890625 0.7019075515625001 0.6890625