1 0.20200604218749998 0 0.205363796875 0.031100621875 0.18625407031250002 0.10249281406249999 0.183762521875 0.1717863453125 0.2059268859375 0.27539415312500004 0.2218030765625 0.2796875 0.246491353125 0.2796875 0.253832603125 0.26346715 0.2609375 0.23263867968750002 0.2609375 0.1204733375 0.24069443906250002 0.040867640625 0.2422085390625 0 0.20200604218749998 0
1 0.3029535578125 0 0.3097452765625 0.0425185265625 0.29627703125 0.1133374984375 0.2990869671875 0.1798638421875 0.321059684375 0.2625 0.34375 0.2625 0.34375 0.0737488375 0.335671203125 0.044483075 0.3344101234375 0 0.3029535578125 0
1 0.4 0 0.3739474046875 0 0.3751106421875 0.0170004421875 0.3578125 0.09692975468750001 0.3578125 0.134375 0.3589145484375 0.134375 0.373656053125 0.1003337765625 0.4 0.070516190625 0.4 0
1 0.46444337031250005 0 0.4660265359375 0.041383525 0.49071071093749996 0.2032123640625 0.4952266609375 0.283027196875 0.48033425 0.3796875 0.58508954375 0.3796875 0.5841448859375 0.36784254843749997 0.5541380109375 0.25888404375 0.5511323984375001 0 0.46444337031250005 0
1 0.6107681078125 0 0.61284551875 0.059470203124999996 0.6491322171875 0.20054548906249997 0.6555919359375 0.2109375 0.6671875 0.2109375 0.6671875 0 0.6107681078125 0
1 0.7938657734375 0 0.7938657734375 0.046790803125 0.80826209375 0.14695784375 0.8180169312500001 0.1640625 0.8437057484375 0.1640625 0.8517393578124999 0.1595235453125 0.8582620953125 0.14346150156249998 0.8726166953125001 0.036337415625 0.8732509671875001 0 0.7938657734375 0
1 0.22864611406250002 0.8234375 0.23124573750000002 0.8161083171874999 0.23125 0.8160680296875 0.23125 0.700332578125 0.2228983125 0.665874871875 0.219890090625 0.6426206140625 0.2106803578125 0.6218894640625 0.2067597703125 0.6060001671874999 0.20066513281249998 0.599737590625 0.19902808125 0.6103114609375 0.20393820312500002 0.6530738312500001 0.1910555359375 0.7200934218749999 0.1912135109375 0.7589610875 0.1976214875 0.7980834234375 0.20438768437500002 0.8234375 0.22864611406250002 0.8234375
1 0.6408695671875 1 0.6465866703125001 0.9734506953125 0.646875 0.9696859843750001 0.646875 0.821876478125 0.6462978203125 0.8078160671875001 0.641452346875 0.7687573984375 0.644144615625 0.7142763249999999 0.646875 0.6959504265625001 0.646875 0.63175156875 0.64385473125 0.6231256765625 0.62862126875 0.6151028234375 0.6114822546875001 0.6171802625 0.605694696875 0.6285102796875 0.6037818546875 0.6978273921875 0.6069803734375 0.7618011703125 0.589381528125 0.7971694984375 0.5793814296875001 0.8504275343749998 0.574508853125 0.8992681609375002 0.579302196875 0.9651574578125001 0.5853412171875 1 0.6408695671875 1
1 0.4099230625 0.8002537203125 0.411668378125 0.8326216609374999 0.4131632703125 0.8391820750000001 0.41589220625 0.8421875 0.41807255625 0.8421875 0.42117572656249996 0.8278159671874998 0.4398414640625 0.794692134375 0.455080834375 0.7829526296875 0.4578125 0.7821115562500001 0.4578125 0.6285499156250001 0.45400633125 0.615706134375 0.4479872328125 0.6074213671875001 0.43490165156250005 0.6055087796875 0.42802941250000004 0.614658740625 0.426072715625 0.6237206687500001 0.43534297187500004 0.7266563093749999 0.420469225 0.8028948984375 0.4204635109375 0.8176307812499999 0.41652203125 0.8242397624999999 0.41259197812500004 0.8013769796875 0.4105424453125 0.7979981046875 0.4099230625 0.8002537203125
1 0.6639834375 0.984375 0.6737231953125 0.9742489843750001 0.678384628125 0.9605134890624999 0.6911234140625 0.9161573046874999 0.695871915625 0.8825326109375 0.691771475 0.7598215046875 0.6971826234374999 0.688233846875 0.6984375 0.6408992859375 0.6984375 0.6289999546875 0.6963760953125 0.6152313781250001 0.6940578562499999 0.6136950078125001 0.6746845031250001 0.6136950078125001 0.6670801328125 0.62467831875 0.6643305046875 0.633193753125 0.6605178281249999 0.73241350625 0.6575742578125 0.7520400515625 0.6455502515625 0.7852487046875 0.6423023609375 0.8006110124999999 0.6423023609375 0.9839443421875 0.645414784375 0.984375 0.6639834375 0.984375
1 0.563410209375 0.89375 0.5640162562500001 0.89375 0.5809185828125 0.8037130703125002 0.601227409375 0.7603058640625 0.5994457515625 0.7342707546874999 0.6015625 0.6885123796875 0.6015625 0.6219611765625 0.59849725 0.6142405140625 0.5938528468750001 0.6102911515624999 0.58130975 0.6133397546875 0.5757278718750001 0.6227753734375 0.5735044734375 0.6347032265625 0.5732135734374999 0.6597032265625 0.57655773125 0.6858202234374999 0.5754874171875001 0.7330151515625 0.563468828125 0.7805627921875 0.5623424296875 0.7895832109375001 0.5623424296875 0.8873480671875 0.563410209375 0.89375
0 0.43178319531250003 0.97961995625 0.4451175015625 0.9890625 0.4874478 0.9890625 0.490782821875 0.9882956953124999 0.50103786875 0.9790970375000001 0.511936784375 0.96203255625 0.5169026875 0.9481739687499999 0.5171875 0.9466318156250001 0.5171875 0.8471608125 0.5110749703125 0.8231527578125 0.49090531718749997 0.7864650531249999 0.4703827109375 0.7743098421875001 0.4459843546875 0.7787970546875 0.435159990625 0.7852149046875 0.423927925 0.7981112046875001 0.41060262343750004 0.825345721875 0.4057175328125 0.8438339375 0.40123649375000003 0.8854703046874999 0.4027306984375 0.9114022890625 0.4127360203125 0.9475679421875001 0.43178319531250003 0.97961995625