1 0.5296875 0.3345437828125 0.521603103125 0.303251515625 0.49661769062500005 0.2834202734375 0.47930285625 0.2863452796875 0.4671066046875 0.29792766875 0.45164342968750004 0.3321390375 0.44536425468749996 0.37114699375 0.4408677296875 0.5 0.515914021875 0.5 0.529137078125 0.4252719671875 0.5296875 0.4163358421875 0.5296875 0.3345437828125
1 0.365924934375 0.5 0.3813471109375 0.4439372640625 0.38549221875 0.3547292171875 0.3779026015625 0.25556396875 0.40497476875 0.096843940625 0.4019453640625 0.0763131171875 0.39000334375 0.0592882828125 0.37146063749999997 0.065482625 0.36199004375 0.0854312515625 0.3496181046875 0.23699375156250002 0.3328125 0.291318653125 0.3328125 0.5 0.365924934375 0.5
1 0.17565098125 0.5 0.19619106718749998 0.3864133703125 0.19597416875 0.32871013125 0.1785347078125 0.2066930203125 0.1945623640625 0.0542564359375 0.18740448125 0.0266777375 0.1759221203125 0.01734094375 0.15771698125 0.028753689062499997 0.14928623125 0.05586249375 0.14891994375 0.20564397343750002 0.1203125 0.3292764890625 0.1203125 0.5 0.17565098125 0.5
1 0.7390625 0 0.7390625 0.13972054218750002 0.7401070781250001 0.14173570156249998 0.751682771875 0.1421875 0.757347446875 0.1421875 0.7620952640625 0.1392124609375 0.7727604046875 0.0948710453125 0.7770172625 0.0671296296875 0.777235371875 0.010623906249999999 0.7749959609375 0 0.7390625 0
1 0.66875 0 0.66875 0.153125 0.67857820625 0.153125 0.68463191875 0.147853015625 0.701901871875 0.08359614062500001 0.7050680984375 0.051212990624999996 0.7047987499999999 0.028893735937499998 0.7002430234375 0 0.66875 0
1 0.6100010140625 0 0.6048053484375 0.0178265515625 0.603125 0.027235312499999997 0.603125 0.139831459375 0.6072774796875 0.1636612609375 0.60890100625 0.165625 0.6343968359375001 0.165625 0.6364010437500001 0.16347358125 0.645682628125 0.12215011718749999 0.6508190984375 0.0801920875 0.6496624640625 0.04052295625 0.6425435859374999 0 0.6100010140625 0
1 0.54469864375 0 0.5417483875 0.0158818609375 0.5349141421875 0.0393878390625 0.5317708328124999 0.081828703125 0.534375 0.11701388906250001 0.5447916671875 0.17256944375 0.5471354171875 0.1776620375 0.5552083328124999 0.1790509265625 0.56953125 0.1785879625 0.5744791671875 0.1734953703125 0.584375 0.1207175921875 0.5869791671875 0.09201388906249999 0.5865015578125 0.0625020390625 0.5807696265625 0.0342948671875 0.5756990765625 0.01549009375 0.571255240625 0 0.54469864375 0
1 0.2 0.5 0.2 0.5639391171875 0.20050039218750002 0.5687068390625 0.2 0.5800658750000001 0.2 0.815625 0.2180288296875 0.815625 0.228215184375 0.8056122984374999 0.239441271875 0.7545508953125 0.2444173609375 0.7031983937499999 0.242778590625 0.6752386796875001 0.2246820375 0.599110671875 0.22971037187499999 0.5 0.2 0.5
1 0.7160917421875 1 0.7133011609375 0.9408070671874998 0.681802865625 0.8273096984375 0.6847748890625 0.7543710109375 0.6991047796875 0.6332045140625 0.6687088140624999 0.6049973921875 0.6612538671875 0.6049973921875 0.629449096875 0.608945384375 0.6070772796874999 0.6425552828125001 0.614104325 0.7709232874999999 0.6106753984375001 0.835396853125 0.5765625 0.9460868515625 0.5765625 1 0.7160917421875 1
1 0.8639425062499999 1 0.8728003984375 0.9455300515625 0.86623394375 0.8577241796875 0.8555155296875 0.8194447265625 0.862669459375 0.7567883140625 0.8848031593750001 0.6953335765624999 0.8884168062500001 0.660366146875 0.8814258859375 0.61936831875 0.8708121906249999 0.618873978125 0.82271995625 0.618873978125 0.8089020140625 0.6395170734375 0.80529290625 0.7244809437499999 0.7991972125 0.799156303125 0.771875 0.8645592375 0.771875 1 0.8639425062499999 1
1 0.9479961640625 1 0.9710604468749999 0.9513571781250001 0.9638529484374999 0.7698661984375 0.9854826515624999 0.65915671875 0.9730330625000001 0.621028353125 0.9348651234375 0.6236973171875 0.9169015843749999 0.6587525171874999 0.910054159375 0.7892277468750001 0.890625 0.8370060578124999 0.890625 1 0.9479961640625 1
1 0.585293415625 0.8520833328125 0.581476621875 0.9458333328125 0.6158277671875 0.8572916671874999 0.6177361640625 0.7713541671874999 0.585293415625 0.8520833328125