1 0.16787215625000002 0 0.1621451015625 0.0135544265625 0.1567757640625 0.052726029687499995 0.1536744890625 0.3198771625 0.1236676140625 0.428344278125 0.1216687375 0.4533806453125 0.10697894687500001 0.4896454546875 0.1 0.5286466578125 0.1 0.55 0.2386278375 0.55 0.23362326718749998 0.4820121796875 0.2125858390625 0.34505769375 0.2171017890625 0.26529745781249997 0.24178596406250003 0.10385081249999999 0.24465759375 0.02881444375 0.23645897031250002 0 0.16787215625000002 0
1 0.0743353515625 0 0.0671875 0.0474358703125 0.0671875 0.1038676421875 0.0708541453125 0.152255928125 0.0845866015625 0.230835953125 0.0930861875 0.260887475 0.10722924375000001 0.2734375 0.1219948671875 0.2734375 0.1219948671875 0 0.0743353515625 0
1 0.714720778125 0 0.7125 0.0092075109375 0.7125 0.09066385625 0.7177141031250001 0.1138502015625 0.71795555625 0.1140625 0.7394272468749999 0.1140625 0.7411758453124999 0.11191579843749999 0.7523503078125 0.05334607500000001 0.7515151015625 0.011715776562499999 0.7490347640625 0 0.714720778125 0
1 0.6578125 0 0.6578125 0.01183158125 0.6592982015625 0.037584203125 0.671785965625 0.0894736203125 0.6822317109375 0.0953125 0.6933233140625 0.0953125 0.6933233140625 0 0.6578125 0
1 0.778125 0 0.778125 0.06737689999999999 0.7840655078125 0.0573607078125 0.8085003343749999 0.046666775 0.8086089140624999 0.0313980875 0.8032634234374999 0 0.778125 0
1 0.8495434578125 0 0.83671875 0.0536458328125 0.85234375 0.09114583281250001 0.85625 0.12170138906250001 0.8546875 0.1494791671875 0.859375 0.15225694375 0.870703125 0.1515625 0.87578125 0.13975694375 0.88203125 0.08836805625000001 0.88203125 0.0578125 0.8695769609374999 0 0.8495434578125 0
1 0.893603515625 0 0.89140625 0.0078125 0.88515625 0.06753472187500001 0.89609375 0.1286458328125 0.90546875 0.135590278125 0.9203125 0.1314236109375 0.93203125 0.0661458328125 0.92734375 0.0161458328125 0.92315204375 0 0.893603515625 0
1 0.9384570312499999 0 0.9375 0.0036458328125000003 0.934375 0.0411458328125 0.94375 0.1078125 0.94921875 0.11475694375 0.962109375 0.1154513890625 0.96796875 0.10920138906250001 0.97890625 0.0578125 0.97890625 0.018923610937499998 0.974697946875 0 0.9384570312499999 0
1 1 0 0.9825506031250001 0 0.98203125 0.00225694375 0.984375 0.0564236109375 0.99140625 0.08975694375 0.996875 0.0953125 1 0.0954917109375 1 0
1 0.8718017578125 0 0.87109375 0.005034721875 0.88125 0.0467013890625 0.88359375 0.08975694375 0.8875 0.08975694375 0.88515625 0.06336805625 0.88828125 0.0244791671875 0.8933542359375 0 0.8718017578125 0
1 0.8265021828125001 0 0.82421875 0.009201389062499999 0.821875 0.0439236109375 0.8359375 0.0564236109375 0.8479275171874999 0 0.8265021828125001 0
1 0.7622282609375 0 0.76015625 0.010590278125 0.7625 0.055034721875000005 0.7734375 0.0953125 0.77578125 0.09114583281250001 0.7765625 0.035590278125 0.783068846875 0 0.7622282609375 0
0 0.793359375 0.1848958328125 0.8125 0.198090278125 0.820703125 0.19878472187500001 0.841015625 0.179340278125 0.85390625 0.148090278125 0.85625 0.1244791671875 0.853125 0.0953125 0.84609375 0.0744791671875 0.835546875 0.05850694375 0.822265625 0.048784721875 0.801953125 0.0515625 0.787890625 0.0654513890625 0.77890625 0.08420138906249999 0.77421875 0.1078125 0.77421875 0.1342013890625 0.7828125 0.1689236109375 0.793359375 0.1848958328125
1 0.7765282796874999 1 0.775584978125 0.97571674375 0.7809961249999999 0.9043234671875 0.7758263750000001 0.887321125 0.7676223375 0.880107675 0.7618931718749999 0.8802410234375 0.752893546875 0.888780440625 0.7484375 0.9019342328125 0.7484375 0.9354827468749999 0.7508435734375001 0.961483809375 0.7507017578124999 0.9994346499999999 0.75065221875 1 0.7765282796874999 1
1 0.6325040515625 1 0.6333704265625 0.952163084375 0.6359021078125 0.9297663359375001 0.6359021078125 0.9181055921875 0.6293452140625 0.8866023296875 0.6171646046875 0.88756791875 0.6090449109375 0.917245584375 0.6072433421875 0.9556664406250001 0.6019095578125 0.9972316859374999 0.6009539593750001 1 0.6325040515625 1
1 0.67698690625 1 0.6781274296875 0.980417953125 0.684085128125 0.9569332921874999 0.6867478124999999 0.9298780421874999 0.682797871875 0.9164734328125 0.6755176890625 0.9115142015625001 0.667551565625 0.9183321531249999 0.6585074609375 0.9436572234374999 0.6503770421875 0.9857848015624999 0.6478684953125 1 0.67698690625 1