1 0.3254166671875 0.1291666671875 0.3120833328125 0.12291666718750001 0.30333333281249997 0.1364583328125 0.3008333328125 0.1552083328125 0.3025 0.2510416671875 0.3 0.2552083328125 0.3025 0.25729166718749996 0.30416666718749996 0.28854166718749996 0.3025 0.3135416671875 0.2883333328125 0.384375 0.2858333328125 0.471875 0.2991666671875 0.5822916671875 0.30625 0.5958333328125 0.32 0.5947916671875 0.33166666718750004 0.5822916671875 0.33999999999999997 0.5239583328124999 0.3441666671875 0.403125 0.3291666671875 0.2947916671875 0.3325 0.153125 0.3254166671875 0.1291666671875
1 0.3883333328125 0.178125 0.3820833328125 0.15625 0.3729166671875 0.14791666718750002 0.3604166671875 0.1604166671875 0.35583333281249996 0.1822916671875 0.3591666671875 0.3302083328125 0.3441666671875 0.41979166718750005 0.3416666671875 0.534375 0.355 0.6302083328125 0.3595833328125 0.6395833328125 0.38166666718750003 0.6385416671875 0.3875 0.6260416671875 0.395 0.5739583328125 0.3958333328125 0.48645833281249995 0.4 0.4302083328125 0.385 0.33645833281250004 0.3883333328125 0.178125
1 0.47041666718749997 0.1375 0.46375 0.13125 0.4529166671875 0.1354166671875 0.4458333328125 0.159375 0.4491666671875 0.28854166718749996 0.4408333328125 0.353125 0.44166666718750003 0.3760416671875 0.45999999999999996 0.490625 0.47583333281250006 0.403125 0.4766666671875 0.3802083328125 0.4716666671875 0.2364583328125 0.4766666671875 0.203125 0.4766666671875 0.159375 0.47041666718749997 0.1375
1 0.4441666671875 0.20729166718749997 0.4370833328125 0.17916666718750002 0.42874999999999996 0.1708333328125 0.41875 0.175 0.41 0.2052083328125 0.41500000000000004 0.3572916671875 0.4016666671875 0.4302083328125 0.3958333328125 0.5052083328125 0.3966666671875 0.5739583328125 0.40499999999999997 0.6260416671875 0.42458333281250005 0.6 0.45499999999999996 0.5864583328124999 0.4575 0.484375 0.4516666671875 0.4322916671875 0.43666666718749997 0.3572916671875 0.4441666671875 0.20729166718749997
1 0.5037499999999999 0.2125 0.4895833328125 0.1979166671875 0.47791666718750003 0.2104166671875 0.4733333328125 0.234375 0.4766666671875 0.39895833281250004 0.4608333328125 0.48645833281249995 0.4566666671875 0.5802083328125 0.45958333281249997 0.5916666671875 0.48541666718750004 0.6166666671875001 0.5108333328125 0.6760416671875 0.5208333328125 0.6052083328125 0.5216666671875 0.534375 0.5158333328125 0.478125 0.5025000000000001 0.403125 0.5083333328124999 0.240625 0.5037499999999999 0.2125
1 0.6008333328125001 0.3697916671875 0.605 0.209375 0.59875 0.1854166671875 0.5854166671875001 0.17916666718750002 0.575 0.19479166718750002 0.5716666671875 0.21770833281250002 0.575 0.3697916671875 0.5566666671875 0.48020833281249997 0.5549999999999999 0.5427083328125 0.5591666671875 0.6010416671875001 0.5700000000000001 0.678125 0.5779166671875 0.6895833328125 0.5908333328125 0.690625 0.6012500000000001 0.6854166671875 0.6066666671875 0.659375 0.6183333328125 0.5697916671875001 0.6191666671875 0.5114583328125 0.6158333328125 0.465625 0.6008333328125001 0.3697916671875
1 0.5391666671875 0.184375 0.5329166671875 0.1604166671875 0.51875 0.1541666671875 0.5108333328125 0.165625 0.5058333328125 0.19479166718750002 0.51 0.334375 0.5033333328125 0.3760416671875 0.5033333328125 0.403125 0.5216666671875 0.5239583328124999 0.5225 0.5802083328125 0.5183333328125 0.640625 0.5308333328125 0.6447916671875 0.5375 0.6322916671875001 0.5483333328125 0.5614583328125 0.5525 0.46979166718750004 0.5483333328125 0.41979166718750005 0.5349999999999999 0.3385416671875 0.5391666671875 0.184375
1 0.6308333328125 0.165625 0.6212500000000001 0.1395833328125 0.61125 0.1375 0.6025 0.153125 0.5991666671875 0.171875 0.6066666671875 0.2260416671875 0.6008333328125001 0.3552083328125 0.6191666671875 0.4927083328125 0.62 0.553125 0.615 0.609375 0.6241666671874999 0.6114583328125 0.6283333328125 0.603125 0.6383333328125 0.540625 0.6425 0.503125 0.6433333328125 0.4447916671875 0.6266666671875 0.3135416671875 0.6308333328125 0.165625
1 0.6925 0.3552083328125 0.6966666671875 0.1927083328125 0.6895833328125 0.16875 0.6745833328125 0.16458333281249998 0.6658333328125 0.1822916671875 0.6633333328125001 0.203125 0.6666666671875 0.346875 0.6483333328125 0.453125 0.6466666671875 0.5197916671875 0.6491666671874999 0.5572916671875 0.6633333328125001 0.6510416671875 0.6841666671875 0.6572916671875 0.6933333328125 0.6489583328124999 0.7041666671875 0.5822916671875 0.71 0.521875 0.71 0.478125 0.7066666671874999 0.4322916671875 0.6925 0.3552083328125
1 0.775 0.315625 0.78 0.178125 0.7729166671875001 0.15 0.75875 0.1458333328125 0.7483333328125 0.1739583328125 0.7516666671875 0.31979166718749996 0.7341666671875 0.42604166718750003 0.7325 0.48645833281249995 0.7358333328125 0.5364583328125 0.7483333328125 0.6177083328124999 0.7716666671875 0.621875 0.7783333328125 0.609375 0.7866666671875 0.559375 0.7916666671875 0.5114583328125 0.7925 0.45104166718750005 0.7891666671875 0.40520833281249996 0.775 0.315625
0 0.5158333328125 0.834375 0.5208333328125 0.765625 0.5066666671875 0.665625 0.4904166671875 0.625 0.46375 0.59375 0.4370833328125 0.59375 0.41624999999999995 0.6083333328125 0.40541666718749997 0.625 0.3891666671875 0.6677083328125 0.37666666718749997 0.740625 0.37666666718749997 0.803125 0.385 0.859375 0.40791666718749997 0.9208333328125 0.4379166671875 0.9520833328125 0.45416666718750004 0.9510416671874999 0.47625 0.9375 0.5016666671875 0.8927083328125001 0.5016666671875 0.8822916671875 0.5066666671875 0.8760416671875 0.5066666671875 0.8635416671874999 0.5158333328125 0.834375