1 0.3392560609375 0 0.334375 0.0349068640625 0.334375 0.14400874531250002 0.3468959734375 0.22917443125 0.3527672 0.255405253125 0.36319964374999997 0.2609375 0.364144940625 0.2609375 0.3761732625 0.2603867359375 0.3838899234375 0.24920485937499998 0.3908667484375 0.19280028437500002 0.3908667484375 0.0358475390625 0.384326903125 0 0.3392560609375 0
1 0.3084620828125 0 0.3078125 0.0059131578125 0.3078125 0.050395840625 0.3085689171875 0.07423484999999999 0.31339015 0.11183183125 0.324481090625 0.1745645828125 0.32869991875000004 0.1828125 0.3296837828125 0.1828125 0.33792351875 0.1811249203125 0.3319416703125 0.12475854374999999 0.3317204265625 0.064361271875 0.33920171718750003 0 0.3084620828125 0
1 0.26184806875 0 0.2614404 0.0042380625 0.26211696406249996 0.050090790625000006 0.2659445921875 0.093840790625 0.2770636984375 0.1542235203125 0.2937296109375 0.22082715937500003 0.29684932656249996 0.2234375 0.2979733890625 0.2234375 0.2979733890625 0 0.26184806875 0
1 0.153125 0 0.153125 0.190625 0.1556454171875 0.190625 0.1716700015625 0.18890015468750002 0.18842813281249998 0.10852424062499999 0.1943818546875 0.05875733125 0.1958374953125 0 0.153125 0
1 0.5451648015625 0 0.548028765625 0.0546221765625 0.5458233375 0.10457366093750001 0.5441566859375 0.1313769953125 0.515625 0.268528696875 0.515625 0.5 0.692626146875 0.5 0.6970950984375 0.46014481875 0.6978888859375 0.40363907968749996 0.6941927390625 0.3608281640625 0.6860892578125 0.30576188437499996 0.6545374609375 0.1828645484375 0.64624001875 0.136131603125 0.6432658765625 0.1295045734375 0.6387830734375 0.0532875484375 0.6391673890625 0.014374403124999999 0.6400374171875 0 0.5451648015625 0
1 0.8969716609375 0 0.896205115625 0.0085797578125 0.890619728125 0.043728579687500005 0.8765743671875 0.08804575625 0.8546875 0.137554078125 0.8546875 0.471875 0.855242621875 0.471875 0.8618439484374999 0.46642285625 0.9004555953125 0.39505449531250003 0.9219192578125 0.341556846875 0.9362207484375 0.2861225 0.9437456874999999 0.21578243281249998 0.9381593374999999 0.07949556875 0.9413995468749998 0.040612740625 0.9487486468749999 0 0.8969716609375 0
1 0.659375 0 0.659375 0.024620634375 0.6638776953125 0.0793266546875 0.6707214796875001 0.12559568125 0.6778737953125 0.156117903125 0.6884098625 0.19217750625000002 0.7058012453125 0.240625 0.7068035187499999 0.240625 0.7068035187499999 0.06268035937500001 0.6908947265625001 0.0106323921875 0.6890388812499999 0 0.659375 0
1 0.8374469703125001 0 0.8234375 0.0658238296875 0.8234375 0.1441108640625 0.8257573890625001 0.172530675 0.8343669437500001 0.2144095671875 0.843858753125 0.24801879062499999 0.8498943734375001 0.25518606875 0.85771238125 0.2578125 0.8685819734375 0.2578125 0.8735683281250001 0.2571369859375 0.8735683281250001 0.0109885109375 0.8717684343750001 0 0.8374469703125001 0
1 1 0.0750570484375 0.98125 0.11700646249999999 0.98125 0.3390625 0.9858055046875001 0.3390625 0.9893898515625 0.334605165625 1 0.31310393125 1 0.0750570484375
1 0.21206785468749997 1 0.21551530468750002 0.9967143328125001 0.22151607499999998 0.983578978125 0.2228629078125 0.930773928125 0.21951366718749998 0.8556739312499999 0.2216546046875 0.8362385781249999 0.23545501875000002 0.7898335234375 0.2037658359375 0.7901597953125 0.199095475 0.8345860593750001 0.1926598046875 0.8595315156249999 0.1665072140625 0.9092678859374999 0.165625 0.9119907171874999 0.165625 1 0.21206785468749997 1
0 0.3542321484375 1 0.3542321484375 0.9801173875 0.3410752875 0.9390405984375001 0.32919731093750004 0.92730095 0.3148113671875 0.9204383171875001 0.2710613671875 0.920692846875 0.2589494984375 0.9290989046875 0.243608115625 0.9604466265625 0.240625 0.9830009140625 0.240625 1 0.3542321484375 1
1 0.7876620359375 1 0.7880677031250001 0.9956795765625 0.7873205421874999 0.9381751375 0.778656728125 0.907182934375 0.7769182156250001 0.8922710859375 0.7775863015625 0.8635673828125 0.7837428875000001 0.823069225 0.7830675859375 0.8072799671875 0.77751980625 0.788019515625 0.7710002859375 0.7855233265624999 0.7680076546875 0.7855233265624999 0.7613308671875 0.7891193640624999 0.7543786546875 0.8077976171875001 0.75649075 0.8514616859374999 0.7554778453125 0.894980203125 0.7469326046875 0.9260978125000001 0.7453125 0.935020096875 0.7453125 1 0.7876620359375 1
1 0.8219131015624999 1 0.8223978109375001 0.9968790515624999 0.824137409375 0.9496386484375 0.816043065625 0.8939437031249999 0.8257103734375001 0.8078750140625001 0.8218307843750001 0.7925396625 0.8144067671874999 0.7868932015625 0.8052288640625 0.791419803125 0.7987565359375 0.8057080203125 0.7968788703125 0.8325598718749999 0.7976729765625 0.8659295671875 0.7951449859374999 0.8946272109375 0.79375 0.8995324984374999 0.79375 1 0.8219131015624999 1
1 0.7107486125 1 0.7107486125 0.9265048437499999 0.7017156468750001 0.8942111656249999 0.700252696875 0.85161554375 0.7026047609375 0.8238165546874999 0.7011351609375 0.8034492156249999 0.69452025625 0.7900581343749999 0.6844519203124999 0.7864120031249999 0.676745571875 0.7943293406249999 0.673832875 0.8100912921875001 0.6808889625 0.8721040890625 0.6813600203125001 0.893403415625 0.671875 0.9477553953125 0.671875 0.9964474781250001 0.6724041015625 1 0.7107486125 1
1 0.6328058000000001 0.9774392328125 0.6328058000000001 0.9096030203125001 0.6253856437499999 0.8856469562499999 0.623270703125 0.8025046234375001 0.619087546875 0.7894143265625 0.6114138421875 0.78125745625 0.6007030921875 0.7835895640625 0.5969184609375 0.791279546875 0.5953125 0.80309545 0.5953125 0.8033343984375 0.605593975 0.8848405078124999 0.595478265625 0.945336171875 0.5969390734375 0.9823095421874999 0.599465671875 0.990625 0.600179871875 0.990625 0.6038569484374999 0.981207153125 0.60913261875 0.9758850453125 0.6328058000000001 0.9774392328125
1 0.5358183546874999 1 0.5406164703125 0.972292934375 0.540744228125 0.93429360625 0.5323598515625 0.8813158234374999 0.5413801296875 0.7980552171874999 0.5390101359375 0.7850377078124999 0.5314495484374999 0.7761005 0.522954425 0.778732815625 0.5168654921875 0.7892855078125001 0.5141520265625 0.8179710296875001 0.5126760421875 0.87911850625 0.5046875 0.9029226984375001 0.5046875 1 0.5358183546874999 1
1 0.6672516140625 1 0.6651116375 0.9728873124999999 0.6677356109374999 0.9442927375 0.6703103359375 0.9316853390625 0.6703103359375 0.9081941296875 0.6640485859374999 0.882164759375 0.6667929875 0.8008287812500001 0.6615460734375 0.7835263687499999 0.6557360937500001 0.7786966718749999 0.64948609375 0.7784784171875 0.642608384375 0.787029175 0.6401981609374999 0.7980493484375 0.6433122234375 0.8869928 0.6350560546875 0.9209428671875 0.6328125 0.9411767781249999 0.6328125 0.9412731703125001 0.63722906875 0.9857940562499999 0.6424438109375 1 0.6672516140625 1
1 0.7495145531249999 1 0.7495145531249999 0.881269146875 0.7458178734375001 0.8010031640624999 0.739849590625 0.7886471328125 0.7321044265625 0.78330374375 0.7235525921875 0.787265078125 0.7203125 0.797331121875 0.7203125 0.8219595937499999 0.7251178406250001 0.84801173125 0.728888728125 0.887811390625 0.7209910265625 0.9381599515625 0.72631616875 0.971417509375 0.7277379640625 1 0.7495145531249999 1
1 0.8525406125 1 0.8533600109374999 0.9818357687500001 0.8602153000000001 0.9570054859375 0.8722921046875001 0.93589924375 0.8722921046875001 0.9122313703125 0.8657739796874999 0.8877186343750001 0.8679813828124999 0.805396084375 0.8635561234375 0.7904842875 0.856403659375 0.7833761906250001 0.8491281531249999 0.7841324000000001 0.8450422968750001 0.78866505 0.8408495640625 0.801987934375 0.8449729671874999 0.889085584375 0.8390625 0.922195809375 0.8390625 0.9516634156249999 0.8411545765625 0.9685939874999999 0.8406783000000001 1 0.8525406125 1
1 0.7942070203125 0.881819875 0.78987928125 0.796616509375 0.7826340734375 0.7822995046875001 0.772495215625 0.7795792984375 0.7680507421874999 0.7823843484375 0.7671875 0.787324359375 0.7671875 0.7893903250000001 0.7760714796875 0.7906752593749999 0.7836755046875 0.8031373828125 0.7874252203125 0.8281282921875001 0.7895309562499999 0.8938902437499999 0.7943157828125 0.9078125 0.7951615921874999 0.9078125 0.7951615921874999 0.8847715796875001 0.7942070203125 0.881819875
1 0.9100407796875001 0.95625 0.9109086062500001 0.95625 0.913561275 0.9491394296875001 0.902895575 0.8833412687500001 0.910012634375 0.7974122593749999 0.9048237265625 0.7817156484375 0.8993717046875 0.7796875 0.8935623859374999 0.7796875 0.8907126984375001 0.7816582296875 0.8845403265625 0.7947017421875 0.88297128125 0.8745134734375 0.88125 0.8822789656250001 0.88125 0.9266361 0.8949277500000001 0.9306440421875 0.902775828125 0.9404860249999999 0.9100407796875001 0.95625
0 0.9208226703125 1 0.9197988921875 0.965302696875 0.910634878125 0.9410697203125 0.8955694781249999 0.926396071875 0.8895074375 0.926396071875 0.8752907375 0.9297173359375 0.8596393562500001 0.9455346203125 0.8503500500000001 0.9640459078125 0.8484375 0.972233625 0.8484375 1 0.9208226703125 1