1 0.1439482765625 0 0.159223609375 0.0971557078125 0.166346065625 0.109375 0.1714955828125 0.109375 0.18049345156250002 0.1079550984375 0.1859375 0.1014338015625 0.1859375 0 0.1439482765625 0
1 0.1839484734375 0 0.1839484734375 0.1211919484375 0.18684971718750001 0.1463962109375 0.1899129796875 0.153125 0.2147480625 0.153125 0.219446696875 0.14374325937500002 0.228158946875 0.092009240625 0.231028865625 0.00454805625 0.23147314843750003 0 0.1839484734375 0
1 0.23850916406249997 0 0.23850916406249997 0.11128737343749999 0.2426108953125 0.1390625 0.245044134375 0.1390625 0.262884296875 0.1162115578125 0.29345853593750004 0.103554925 0.2953125 0.05227189375 0.2953125 0 0.23850916406249997 0
1 0.30049848125 0 0.30049848125 0.11704590625 0.31516442968749997 0.13129351250000001 0.33816272812500003 0.1890625 0.338659634375 0.1890625 0.3509812296875 0.118804659375 0.353125 0.0728695296875 0.353125 0.031088123437499997 0.3509801953125 0 0.30049848125 0
1 0.402021540625 0 0.40080667031250006 0.058179890624999994 0.4053127109375 0.11675590625000001 0.4165945015625 0.1944702109375 0.42239126093749996 0.203125 0.4479804515625 0.203125 0.4531520859375 0.1778557984375 0.459375 0.1282176765625 0.459375 0 0.402021540625 0
1 0.5045724265625 0 0.50512930625 0.035390171875 0.5091573140625 0.072817428125 0.5271440000000001 0.16615522031250002 0.5368393484375 0.16875 0.5513615328125 0.16875 0.5515625 0.1685542015625 0.5515625 0 0.5045724265625 0
1 0.609375 0 0.5761039640625001 0 0.5761039640625001 0.134375 0.581619921875 0.134375 0.58646024375 0.126551753125 0.5985823515625001 0.076794228125 0.607213259375 0.029023046875000003 0.609375 0.0048976984375 0.609375 0
0 0.325885 0.409375 0.32846514375 0.40519682812499996 0.3290718453125 0.3947801625 0.33443586718749996 0.3884137859375 0.33516390937499996 0.3759137859375 0.3460293390625 0.3465337625 0.3546875 0.2803142078125 0.3546875 0.2735326984375 0.346691240625 0.17799711875 0.332807378125 0.13775034218749999 0.3093957484375 0.1088899109375 0.2796418953125 0.1088899109375 0.259611434375 0.1228099234375 0.2478073796875 0.1397287390625 0.2290699015625 0.18281529531250001 0.2204608171875 0.22044912656250001 0.2204608171875 0.3957542734375 0.22478393593749998 0.409375 0.325885 0.409375
1 0.2847794734375 0.8814340234374999 0.30007543281250004 0.8258643515624999 0.3007806125 0.7338788203125001 0.31875 0.6669833921875 0.31875 0.6296940671875 0.31588692812499997 0.62469315 0.298483621875 0.62469315 0.29479928125 0.6299034734375001 0.28071585 0.720195365625 0.2527743890625 0.7726187359375001 0.24363666093749997 0.8026144484375 0.23889019375 0.8461801874999999 0.23907373281250002 0.8963077328125 0.24934861874999997 0.9100939046875001 0.2582414109375 0.9125 0.268414059375 0.9125 0.2847794734375 0.8814340234374999
1 0.5140625 0.6444420187500001 0.5140625 0.644253296875 0.5105462609375 0.6295632125 0.5015352046875 0.6222367640625001 0.48789001093750006 0.6286400406249999 0.48204760625 0.6430164546875 0.47602557812499996 0.7429846234374999 0.46875 0.763446621875 0.46875 0.7984375 0.477290675 0.7984375 0.49258220937499997 0.7930701 0.5022580750000001 0.7802417390625 0.502607503125 0.7287573500000001 0.5140625 0.6444420187500001
1 0.7276343796875 1 0.73125 0.9443642015624999 0.73125 0.9243794265624998 0.725379034375 0.8756405421875 0.7054950359375 0.832162059375 0.6972184796875001 0.8062238546875001 0.7010808187500001 0.75091248125 0.710786765625 0.6944169406249999 0.6951262125 0.6255095875000001 0.6753058015625 0.6175905890625 0.65983601875 0.6553616874999999 0.6434682859375 0.728653090625 0.63020830625 0.797804296875 0.6206740515625 0.8351005593749999 0.6206740515625 1 0.7276343796875 1
1 0.8238058453124999 1 0.8255812515625 0.993490384375 0.8328125 0.9284043484375001 0.8328125 0.910181140625 0.8258555328125 0.8624577015625 0.8065854671875 0.799145134375 0.8131312171874999 0.666449290625 0.8027745765625 0.6430774046875 0.78658898125 0.637069521875 0.77400310625 0.6440858828125 0.76435975 0.666875828125 0.77180015625 0.7796765546875 0.744242415625 0.8914513734374999 0.744242415625 0.9538986484375 0.7538754875 1 0.8238058453124999 1
1 0.9002276171875 1 0.9124440296875 0.953884759375 0.9140625 0.9075378171875 0.9140625 0.867404496875 0.89468596875 0.7829890984375 0.9047373078125001 0.673951153125 0.896103246875 0.6530062265625001 0.8839378484375 0.6488171453125 0.880316778125 0.6488171453125 0.863873884375 0.66408129375 0.85954401875 0.680795575 0.8631782515624999 0.791278453125 0.8427088250000001 0.8566186250000001 0.8427088250000001 0.9813913828124999 0.8461244578125001 1 0.9002276171875 1
1 0.9842068890625001 1 0.9953125 0.946728434375 0.9953125 0.8767151281250001 0.9929828624999999 0.8585262921875 0.9726179046875 0.7946308 0.9757131296875 0.682303084375 0.966246890625 0.6660743968749999 0.9524754234374999 0.6615835140625 0.9437576249999999 0.6666089390625001 0.9357345984375 0.6836633875 0.9438464359375001 0.7892662640625 0.9255150625 0.86012991875 0.9272373593750001 0.9413835359375 0.9421108 1 0.9842068890625001 1
1 0.771875 1 0.771875 0.9964325265625 0.7630183625 0.965806175 0.752803115625 0.9277383624999999 0.760972753125 0.8919774593749998 0.76343099375 0.8578036671875001 0.7665253609375 0.8392415734374999 0.770696925 0.8234899875 0.771875 0.8198684890625 0.771875 0.7024631296875 0.771261475 0.6955900765624999 0.7644541140625 0.6702220078125001 0.7643974109375 0.6702220078125001 0.7472592703125 0.673553625 0.74366600625 0.7034976593750001 0.7481698578125 0.7431525828125001 0.7526737046875 0.7828075078125 0.75292659375 0.8126396296875 0.748928521875 0.83264895 0.7461233 0.858307271875 0.742913275 0.8740308765624999 0.7395875875 0.8869159921875 0.7397248171874999 0.913909628125 0.7429779765625 0.9464963031250001 0.7601553171875001 0.99004525 0.763970721875 1 0.771875 1