1 0.4021452734375 0 0.3940172140625 0.005373159375 0.384375 0.028912596875000002 0.384375 0.1454960453125 0.3940507921875 0.25148618125 0.384375 0.2978895875 0.384375 0.61875 0.4960702265625 0.61875 0.5093051796875 0.531182296875 0.5045626859375 0.4196626015625 0.46203596874999997 0.265625765625 0.4749722828125 0.035792714062499995 0.45818350781249995 0 0.4021452734375 0
1 0.2615551421875 0.61875 0.28274949375 0.513671875 0.2806476453125 0.42453665 0.23734291093749998 0.28020484687499997 0.2452025671875 0.111454846875 0.2397530890625 0.094194621875 0.22709042343750002 0.0807588296875 0.21252093906249997 0.0765625 0.20667657187500002 0.0765625 0.18802792343750002 0.080304296875 0.1701297921875 0.11214464375 0.17056213125 0.16999350625 0.182873734375 0.27488100000000004 0.17785659375 0.3154696375 0.1625 0.37337600000000004 0.1625 0.6145805140625 0.163138215625 0.61875 0.2615551421875 0.61875
1 0.1512409734375 0.61875 0.155452065625 0.5299799609375 0.14197275468749998 0.4368824078125 0.089177675 0.28516871875 0.09386909375 0.08360621875 0.0725536109375 0.0448237109375 0.031139217187500002 0.0448237109375 0.014690740625 0.05708995 0.0015625 0.09746176250000001 0.0015625 0.100980309375 0.0227902625 0.2468804921875 0.0228253234375 0.3125964984375 0.0015625 0.40098411250000005 0.0015625 0.6141497109375 0.0022910343749999998 0.61875 0.1512409734375 0.61875
1 0.396875 0.15895399062499999 0.3890625 0.11649367031249999 0.37734375 0.10436569375 0.37174395625 0.1037034953125 0.35573531406250003 0.1037034953125 0.34375 0.11022382500000001 0.3328125 0.1379668765625 0.35 0.2838795796875 0.3265625 0.3924361234375 0.3265625 0.4486861234375 0.3578125 0.5732148984375 0.3716407390625 0.5890625 0.38134725 0.5890625 0.3859375 0.5820095453125 0.38125 0.4365333515625 0.403125 0.3013597453125 0.39375 0.2275948625 0.396875 0.15895399062499999
1 0.5890625 0.2841710140625 0.5750231578125 0.252515796875 0.559303078125 0.079160184375 0.539102278125 0.0527581375 0.5182795953125 0.047572670312499996 0.501602278125 0.054723428124999994 0.490625 0.0701071375 0.490625 0.1344572359375 0.51465974375 0.22429562343749998 0.518549759375 0.310396896875 0.5583772765624999 0.394614765625 0.580889746875 0.4781708953125 0.5890625 0.5920158296875 0.5890625 0.2841710140625
1 0.9731947015625 0.5055751125 0.9955739968749999 0.4228981796875 0.999361075 0.3700035171875 0.9924839953125 0.3187493921875 0.9698897453124999 0.23554914375 0.9839049234375 0.1051300296875 0.972529875 0.0794106171875 0.9530171828124999 0.07212506875 0.9395432375 0.0772621578125 0.9244632578124999 0.10267373906249999 0.927397415625 0.2385839484375 0.915625 0.28159418125 0.915625 0.4214375828125 0.9187807203125 0.45200322187499997 0.9165543843750001 0.47138818125000004 0.915625 0.472815540625 0.915625 0.5270482515625 0.9427980890625001 0.5296875 0.9467553265624999 0.5296875 0.963652159375 0.52575725625 0.9731947015625 0.5055751125
1 0.898411484375 0.11073614843749999 0.8874279046875 0.0908581953125 0.8619259109375002 0.084827584375 0.848637815625 0.0968573578125 0.84375 0.11224055937499999 0.84375 0.12037209062500001 0.8555063640625 0.2026235671875 0.8545882984375 0.26098631875 0.8829525031250001 0.2836909328125 0.9134575328124999 0.3234375 0.9152814390625 0.3234375 0.9152814390625 0.280066365625 0.8997754359375 0.23793586875 0.898411484375 0.11073614843749999
1 0.5890625 0.453142453125 0.5979993390625 0.4849178796875 0.6099041 0.5007908953125 0.619163359375 0.4972635578125 0.619163359375 0.4655175265625 0.624454365625 0.458462853125 0.6231316140625001 0.354406415625 0.6284226187499999 0.3279513890625 0.6509093921875 0.2785686734375 0.642972884375 0.2221312828125 0.6482638890625 0.11807484531250001 0.6396660046875 0.09955632656249999 0.62776124375 0.092501653125 0.609242725 0.096028990625 0.5966765875 0.11807484531250001 0.6046130953125 0.2432953046875 0.5890625 0.302387565625 0.5890625 0.453142453125
1 0.2359375 0.61875 0.2359375 0.650737959375 0.236898196875 0.699591153125 0.2359375 0.7030762359375 0.2359375 0.8724193218749999 0.23746446406250002 0.8734375 0.254284925 0.8734375 0.26166683125 0.8609871921875 0.277367525 0.80458855625 0.27930993593750003 0.7768107796875 0.2743139328125 0.7361691296874999 0.264343353125 0.71062331875 0.26277228125 0.6882555484374999 0.2682457125 0.61875 0.2359375 0.61875
1 0.1570794984375 1 0.153559675 0.984952153125 0.13834766874999999 0.9507289265625 0.0972548875 0.9099511625 0.0830878734375 0.886857228125 0.059565735937499996 0.8212703671874999 0.04567735 0.7502370390624999 0.038282831249999996 0.7327804765625 0.029295964062500002 0.724338053125 0.019980534375 0.7234375 0.011951170312499999 0.7234375 0 0.7315290484375 0 0.8237049265625 0.0230560125 0.8667037093750001 0.044493154687499994 0.92670774375 0.0534795359375 1 0.1570794984375 1
1 0.1347157421875 0.946875 0.1394881078125 0.946875 0.1410535203125 0.946049903125 0.140331515625 0.9098477875000001 0.133094825 0.857132896875 0.11904460937500001 0.8201834078125 0.1090085453125 0.7738327390624999 0.10783928281249999 0.730889 0.11311154375000002 0.6676588984375 0.1059132515625 0.6408149828124999 0.0966317171875 0.6296875 0.071362428125 0.6296875 0.067599675 0.63997424375 0.0671875 0.6417914171875 0.0671875 0.7083804171875 0.073704265625 0.7474192171875 0.0730685453125 0.8419546671875 0.07876899062500001 0.8659297984375 0.09392795781249999 0.903668159375 0.1347157421875 0.946875
0 0.48517386562500003 0.8180186562499999 0.4868260203125 0.7807411734375 0.482830115625 0.7498812562499999 0.474626990625 0.7322336859374999 0.4599745109375 0.718274446875 0.44732073906250003 0.7108956421875 0.44366622656250004 0.7108956421875 0.4225237375 0.7144552531249999 0.406658240625 0.742360165625 0.39845511562499997 0.76082370625 0.3984375 0.761167575 0.3984375 0.8395681578125 0.40314261562500003 0.85959850625 0.419158240625 0.876130009375 0.42159972031250004 0.8765625 0.44865753750000004 0.8765625 0.455095740625 0.8746071953125 0.473064490625 0.8571791203125001 0.478923865625 0.8469670687499999 0.48517386562500003 0.8180186562499999
1 0.790625 0.61875 0.790625 0.6556213578125 0.8061874359375001 0.6946590484375 0.8164860468749999 0.7015625 0.8189829015625 0.7015625 0.845675696875 0.6876144734375 0.8636600609375 0.637796640625 0.8654251374999999 0.61875 0.790625 0.61875
1 0.7281075343750001 0.896924878125 0.7408966046875001 0.8526087546875001 0.7420021796875 0.805108753125 0.729176371875 0.7668108984375 0.6949405203125 0.7222592734375001 0.6910480765625 0.6369173359375 0.67785494375 0.6208561671874999 0.6512292390625001 0.6208561671874999 0.6375 0.6371122734375 0.6375 0.6717908953125 0.6575839609375 0.7275936703125 0.6426051921875 0.7817958140625001 0.64167418125 0.8217958156249999 0.6544418000000001 0.86259366875 0.690576409375 0.9097592734375001 0.70045708125 0.9109375 0.7125075234375 0.9109375 0.7281075343750001 0.896924878125
1 0.8616112859375 1 0.83679636875 0.9771555921875 0.8354043578125001 0.9119504734374999 0.82790093125 0.8922581515625 0.81189735 0.8767773453124998 0.7882099124999999 0.8755080562499999 0.7703125 0.9071611921875 0.7703125 0.9225166281250001 0.7726617593749999 0.9378349281249999 0.7988818625 0.9942067765625 0.7958881874999999 1 0.8616112859375 1
1 0.9316182265625 0.61875 0.9217257015625 0.634989575 0.936620196875 0.732090878125 0.9140625 0.7811645078125 0.9140625 0.8038140390624999 0.919163725 0.8480477515625001 0.9560631421875 0.9015625 0.9837775296875 0.9015625 0.9902772656250001 0.8952568703124999 1 0.873403796875 1 0.7616946546875 0.9752350609375 0.7204960875 0.978608190625 0.6351771296875001 0.9680710187500001 0.61875 0.9316182265625 0.61875