1 0.5055584109375 0 0.5112303296875 0.05569725156250001 0.4942654609375 0.12650771875 0.49608482656249997 0.16557021875 0.5146935859374999 0.23045159062499998 0.526170825 0.234375 0.5510736453125 0.234375 0.5546875 0.22117342187500003 0.5546875 0.11330605468749999 0.5397919765625 0.0665462203125 0.5389092015625 0 0.5055584109375 0
1 0.40726951875 0 0.40837551562499996 0.0720970921875 0.390629171875 0.1238836734375 0.390629171875 0.24919955625 0.39476896093749997 0.27195154375 0.40045391406249997 0.2765625 0.43011198906250003 0.2765625 0.43720212187499996 0.2692289578125 0.44657047656250004 0.23990533125 0.4578125 0.174700671875 0.4578125 0.1745962921875 0.437899240625 0.076604809375 0.445827865625 0 0.40726951875 0
1 0.2854812875 0 0.2913643140625 0.10545419375000001 0.2702587015625 0.16714602812499998 0.2702587015625 0.251576609375 0.28697686718750004 0.3234375 0.329400334375 0.3234375 0.338064215625 0.298013034375 0.3453125 0.2631114796875 0.3453125 0.194252921875 0.322696134375 0.10295190624999999 0.3288614640625 0 0.2854812875 0
1 0.3282293234375 0 0.3280298890625 0.0208907109375 0.3280298890625 0.1456484796875 0.3359368171875 0.1774828625 0.3359578 0.2258658140625 0.3422658828125 0.2296875 0.3438060890625 0.2296875 0.3615981515625 0.1910817125 0.3671875 0.151949778125 0.3671875 0.11877632656249999 0.3542839015625 0.0616669484375 0.3604342578125 0 0.3282293234375 0
1 0.22096326249999998 0 0.2272808625 0.083497953125 0.21480960625 0.13695514375 0.21332131406250002 0.1929317421875 0.22929330625 0.2597870515625 0.2353241 0.2671875 0.2686939203125 0.2671875 0.2734375 0.25061907968749997 0.2734375 0.131774446875 0.2568319703125 0.0814077734375 0.257177846875 0 0.22096326249999998 0
1 0.1376572421875 0 0.1358502015625 0.0030566796875 0.14653574062500002 0.1268125140625 0.1284052953125 0.2197348453125 0.1269532046875 0.29148250937500003 0.13273173124999998 0.3385485109375 0.1495568640625 0.39074768125000003 0.16252268125 0.4 0.18912800937500002 0.4 0.198067096875 0.395846359375 0.2096579078125 0.3572931921875 0.2109375 0.3435499 0.2109375 0.2065192765625 0.2108177515625 0.20592169531249999 0.18243687343749998 0.1267143546875 0.18861283125 0.056720190625 0.1858138328125 0.0035315234374999997 0.18378234375 0 0.1376572421875 0
1 0.0274124875 0 0.035649721875 0.061114542187499996 0.0242870921875 0.11772821874999999 0.0317928609375 0.17546798125000002 0.045571940625 0.2127134109375 0.053125 0.21618269843750001 0.053125 0.1633881671875 0.051655074999999995 0.1483963375 0.053125 0.139631903125 0.053125 0 0.0274124875 0
1 0.051705885937499994 0 0.054714934375 0.08230246875 0.037909229687500004 0.147527425 0.03814558125 0.188152425 0.05099101406249999 0.247818365625 0.059389759375 0.259375 0.069830803125 0.259375 0.0708762671875 0.17485364375 0.084375 0.11085656875000001 0.084375 0.082885578125 0.08280357499999999 0.076707084375 0.0836360796875 0 0.051705885937499994 0
1 0.08378095937499999 0 0.0851163265625 0.0969010296875 0.06846368750000001 0.16149901718749998 0.06846368750000001 0.27252379375 0.0729105296875 0.3018067828125 0.085240203125 0.3140625 0.104682815625 0.3140625 0.11013774375 0.3098722546875 0.11635430312499999 0.2035131265625 0.1296875 0.15296219375 0.1296875 0.13595900156250001 0.1178378984375 0.09888019218750001 0.12349481250000001 0 0.08378095937499999 0
1 0.18136104687500001 0 0.1861751671875 0.0128048875 0.17578056875 0.1232417390625 0.1857725109375 0.164567646875 0.1977079703125 0.1875 0.1997259578125 0.1875 0.209375 0.126915 0.209375 0.0981551625 0.1992921125 0.054331053124999994 0.2041997171875 0 0.18136104687500001 0
1 0.8828125 0.6 0.8828125 0.5174579734375 0.8666348062499999 0.4796653578125 0.859759759375 0.3655209703125 0.8488393765625 0.348582453125 0.8284541015624999 0.34595542031250004 0.8163736328125001 0.3710406296875 0.8325509046875 0.48411384062499996 0.8182016140625 0.54415058125 0.8208028421875 0.6 0.8828125 0.6
1 0.9506745562500001 0.6 0.94940555 0.5903601734375 0.9264460875000001 0.5203730046875 0.9333246078125 0.3891230046875 0.919586334375 0.36733789687499996 0.9024807203125 0.3649748765625 0.8903115921874999 0.373022815625 0.881598334375 0.38984644375 0.8871379234375001 0.5232411406249999 0.8751369703125 0.565165321875 0.8751369703125 0.6 0.9506745562500001 0.6
1 0.190625 1 0.190625 0.7730837562499999 0.18036308437499998 0.7512022609375 0.15692744218750002 0.7461224703125 0.141300465625 0.7703387640624999 0.1564253984375 0.9290461828125001 0.1393871125 1 0.190625 1
1 0.3899059609375 1 0.382789 0.9329536 0.3984375 0.8022291203125 0.3984375 0.7731680015625 0.3813795984375 0.737431328125 0.3581237828125 0.736348171875 0.3344400109375 0.7681437234375 0.33187227343750003 0.96541596875 0.32051314531249997 1 0.3899059609375 1
1 0.540625 1 0.540625 0.9939040140625 0.5295215125 0.9523423890625 0.533229484375 0.7789130796875 0.5209275843750001 0.7494817515625 0.494908059375 0.7407068546875 0.4737080953125 0.7726304296875 0.485144534375 0.931247453125 0.469048915625 1 0.540625 1
1 0.459375 1 0.459375 0.9395193546874999 0.4571648265625 0.9335636453125 0.45321398906250004 0.7789430625 0.43651526250000006 0.746455315625 0.4129668796875 0.7431355953125001 0.40236296562499996 0.7569197531249999 0.4167480109375 0.98091811875 0.42429887656250004 1 0.459375 1
1 0.321875 1 0.321875 0.9896245546875001 0.3107289625 0.9512823421875 0.3200765234375 0.7816387421875 0.30046081875 0.7406471328124999 0.28235050156249997 0.7363651296875 0.2554545765625 0.7762741703125 0.264239796875 0.9540607765625 0.25253525312499997 1 0.321875 1
1 0.244198425 1 0.246708834375 0.9893856359375001 0.2388444796875 0.9048044890625 0.2484375 0.7915496203125001 0.2484375 0.7615172578125 0.2371591390625 0.740937409375 0.2251210828125 0.7390993781249999 0.2157117828125 0.7390993781249999 0.19368090468750002 0.771383809375 0.1966020609375 0.9371362718749999 0.1784117984375 1 0.244198425 1
1 0.6953549234375 0.8135569515625001 0.6969200390625 0.8617535890625 0.703823040625 0.8977677203125 0.7213342734375 0.9567239171875 0.727143275 0.9625 0.7290877078125 0.9625 0.7389427484375 0.9618794296875001 0.740625 0.9616553234375 0.740625 0.7662839124999999 0.7315489171875 0.7403649265625 0.7279301640625 0.685723175 0.7294009609375001 0.6569346140625 0.7261140968750001 0.6273292296874999 0.717855003125 0.611289178125 0.70760835625 0.6068898765624999 0.6982036609375 0.6136016875 0.6931315734375 0.6327347015625 0.6949557984375 0.656808775 0.70395290625 0.7066875484375 0.7061279421875 0.735391253125 0.6953549234375 0.8135569515625001
1 0.5900420375000001 0.865102528125 0.59499349375 0.9105820015624999 0.607295871875 0.9664163734375 0.6121842453124999 0.971875 0.6316392375000001 0.971875 0.6380358140625 0.9689834562499999 0.6436410828125 0.9478205093750001 0.65 0.9040749890625 0.65 0.8291497124999999 0.6458987953124999 0.7988191671875 0.6325655218749999 0.744812403125 0.63506564375 0.637477728125 0.628444796875 0.6183447171875 0.6190374750000001 0.6125709546875 0.608658515625 0.6188099859375 0.6022477562499999 0.635788084375 0.6024093625 0.6635658609374999 0.607946296875 0.7201685671875 0.60759245625 0.74886015 0.5918775734375 0.8225584265624999 0.5900420375000001 0.865102528125
1 0.6284708421875 0.73062251875 0.631721490625 0.761958496875 0.64194050625 0.80415095625 0.643978896875 0.8235044609375001 0.6447870296875 0.8493758234375001 0.6425329875 0.8910788640625 0.6319814953125 0.94972139375 0.63208680625 0.95 0.644196578125 0.95 0.6484550953125 0.946833659375 0.6526981171874999 0.9351231765625 0.663168784375 0.8792584250000001 0.6671875 0.8279366187499999 0.6671875 0.8251924125000001 0.663671853125 0.7904422875 0.6512797390625 0.7335259546875 0.6529770687500001 0.6751926203125 0.6564703109375001 0.6445461265625 0.656129125 0.6205084281250001 0.649048521875 0.6045684484375 0.63819185 0.6021726171874999 0.6307385328125 0.607982803125 0.628767434375 0.613139053125 0.6340385921875 0.6286797265625 0.6352777921875 0.639736275 0.6284708421875 0.73062251875
1 0.7749168015625 0.9354404625000001 0.782190521875 0.9590892578125001 0.778372278125 0.966263028125 0.778027459375 0.98107784375 0.7741230124999999 0.991955321875 0.774675009375 0.99375 0.779858403125 0.99375 0.7885644609375 0.98778058125 0.7921546140625 0.9792012328125 0.791827740625 0.9708345234374999 0.7861075484375 0.95887661875 0.803381253125 0.956274340625 0.80953246875 0.9497137265625 0.821414615625 0.8874182921875 0.821875 0.8831983890625 0.821875 0.7988611999999999 0.8104303265624999 0.7318541203125 0.817075378125 0.6256396515625 0.8137312609375 0.612443053125 0.805342246875 0.60309604375 0.797529746875 0.6025953953125 0.79065115625 0.60679113125 0.7831996578125 0.6243961046875001 0.7843024546875 0.7338889984375 0.7689037828125 0.7903952390625 0.768634271875 0.7920247796875 0.768634271875 0.8950964640624999 0.7749168015625 0.9354404625000001