1 0.3654568984375 0 0.3568448328125 0.0361347546875 0.35843650781249997 0.0751972546875 0.3766718546875 0.1384408828125 0.39235808906249997 0.1421875 0.40829434375 0.1421875 0.4127366890625 0.139682478125 0.4171875 0.1232324046875 0.4171875 0.015976315625 0.4120429609375 0 0.3654568984375 0
1 0.26683130625 0 0.2541722171875 0.0383898171875 0.2541722171875 0.14073832343749998 0.2619104859375 0.1806231484375 0.268621225 0.1859375 0.296232753125 0.1859375 0.3042889859375 0.17740886875 0.313311159375 0.14799418749999999 0.321875 0.09462414687500001 0.321875 0.0737149796875 0.30599851093749997 0 0.26683130625 0
1 0.1568739390625 0 0.1578125 0.0127207046875 0.1375 0.0777292734375 0.134375 0.14193732187500002 0.1578125 0.23303320468750002 0.1829283484375 0.234375 0.189662075 0.234375 0.1984375 0.22957856406250002 0.2078125 0.1994544171875 0.2171875 0.14901776718749998 0.215625 0.10377804374999999 0.1890625 0.0065777109375 0.1893398859375 0 0.1568739390625 0
1 0.1921640203125 0 0.1921640203125 0.070216378125 0.1962463875 0.08836054531250001 0.1954355484375 0.1359375 0.20593618593750002 0.1359375 0.22166097499999998 0.104125246875 0.228125 0.0640738328125 0.228125 0.029963023437500003 0.22202775312499998 0 0.1921640203125 0
1 0.085278646875 0 0.0734375 0.046393446875 0.0703125 0.102734375 0.084375 0.1679501984375 0.09296875 0.1778563953125 0.10718565625000001 0.1796875 0.10796509218749999 0.1796875 0.1234375 0.1715010953125 0.1296875 0.1510067390625 0.1375 0.050779418750000006 0.1216397203125 0 0.085278646875 0
1 0.0036566859375 0 0.005242715625 0.03457671875 0 0.05702629375 0 0.3003715640625 0.0086358171875 0.30625 0.0360078703125 0.30625 0.045891440625 0.30123696093749996 0.0590732796875 0.262029009375 0.0734375 0.1542035734375 0.0734375 0.15396171875 0.0664063125 0.110411965625 0.041207489062500005 0.032596048437500004 0.0453928265625 0 0.0036566859375 0
1 0.0502645890625 0 0.048949956249999996 0.031902928125 0.061069525 0.0720822578125 0.07418879218749999 0.09375 0.07614901406249999 0.09375 0.0796875 0.0600317375 0.0796875 0 0.0502645890625 0
1 0.71074165625 0.3476666484375 0.7091446640625 0.3853304234375 0.7000181359375001 0.43034807812500003 0.697809671875 0.4722194625 0.70169248125 0.5290820187499999 0.7201015828124999 0.61580409375 0.7306312109374999 0.634042296875 0.74301640625 0.6359375 0.7493372703125 0.6359375 0.7618246171875 0.631015665625 0.76787101875 0.6160843093749999 0.76875 0.610946665625 0.76875 0.38145333125 0.766843978125 0.3795228203125 0.7564958468749999 0.33691764687500003 0.7538925750000001 0.2730287578125 0.7560223468749999 0.19079770468749999 0.748414115625 0.157791921875 0.7246202828125 0.1518611 0.7203382171875 0.1518611 0.708638009375 0.1807543203125 0.7084903312499999 0.21555843125 0.7153283609375001 0.2680905453125 0.7164823203124999 0.3348391 0.71074165625 0.3476666484375
1 0.9029594875000001 0.5549377 0.9183346734375 0.504012603125 0.9290334109374999 0.43345208749999997 0.9288967828124999 0.379203575 0.9173809640625 0.3162125015625 0.9180711296874999 0.280074109375 0.9297208953125 0.205374209375 0.93125 0.1812164421875 0.93125 0.1687547015625 0.923866375 0.1474488609375 0.915498996875 0.1415932046875 0.900428875 0.14663040624999998 0.89224299375 0.16512122812500002 0.8885534078124999 0.27487073125 0.8839680421875 0.2914009890625 0.8851909859375 0.2997888859375 0.86591084375 0.3676263328125 0.86591084375 0.55594390625 0.8713150359374999 0.5640625 0.89311925 0.5640625 0.9029594875000001 0.5549377
1 0.865625 0.24323687968750002 0.8515625 0.2911140734375 0.84453125 0.3469971125 0.85 0.403686846875 0.85625 0.4325624140625 0.8621109421875 0.440625 0.8643564515625 0.440625 0.87109375 0.3790932796875 0.8890625 0.310200815625 0.8890625 0.27547859375 0.8921875 0.2656108234375 0.890625 0.1726280421875 0.89921875 0.1250055578125 0.89609375 0.108484440625 0.8880088890625 0.0998112796875 0.8792710093749999 0.0998112796875 0.870703125 0.103417028125 0.865625 0.1168479921875 0.865625 0.24323687968750002
1 0.878125 0.076766721875 0.8695818171875 0.0661851734375 0.8591988203125001 0.0683121109375 0.8522623921875001 0.08113106875000001 0.8419700921875 0.187975384375 0.8348587078125 0.20923935 0.8348587078125 0.2875 0.83535203125 0.2875 0.8525179984375001 0.23193210468749997 0.8604665468749999 0.1249375953125 0.8657332859375 0.1085212515625 0.878125 0.09779889375 0.878125 0.076766721875
1 1 0.0935047625 0.994140625 0.0959900671875 0.9890625 0.11211004843750001 0.98828125 0.21352166874999998 0.97109375 0.26957732968750003 0.9671875 0.293302103125 0.9671875 0.3460798796875 0.9734375 0.400064690625 0.981442284375 0.4140625 0.99797463125 0.4140625 1 0.41040291093750003 1 0.0935047625
1 0.4046875 1 0.4046875 0.9441430390625 0.387009465625 0.893257934375 0.3883886328125 0.74692805 0.3579040484375 0.7155671203125 0.35450369843749996 0.7155671203125 0.330000828125 0.755404971875 0.34671642343750003 0.8953696015624999 0.3215972125 0.9996080640624999 0.3216131828125 1 0.4046875 1
1 0.1734375 1 0.1734375 0.98490155625 0.1544707453125 0.90452996875 0.1634198296875 0.77492815625 0.144044196875 0.7553057046875 0.1192435328125 0.77879858125 0.12150371093750001 0.9033787359375001 0.10460391250000001 0.9570648765625 0.10460391250000001 1 0.1734375 1
1 0.284375 1 0.284375 0.9764698296875001 0.26593764062499997 0.9002404765625001 0.2732636484375 0.7971965546875 0.262274640625 0.754465134375 0.23641071249999998 0.7378586109375 0.23412361406249999 0.7378586109375 0.21465559375 0.7674938375 0.2219815953125 0.9022877578124999 0.196543453125 1 0.284375 1
1 0.08476089375 1 0.072152490625 0.9113317984375 0.0855227609375 0.792647615625 0.055931567187499996 0.771733440625 0.043289703125 0.90404850625 0.031357445312499996 0.933696821875 0.031357445312499996 1 0.08476089375 1
1 0.423644571875 1 0.42360204687499997 0.999405084375 0.4453125 0.9072374125 0.4453125 0.8361428984374999 0.440105228125 0.7640625 0.43976495312499997 0.7640625 0.42360204687499997 0.7777834625 0.427265053125 0.907406609375 0.408950034375 0.9782097921874999 0.41059433125 1 0.423644571875 1
1 0.5109375 1 0.5109375 0.9918832500000001 0.4840908375 0.897592809375 0.49377563750000003 0.7623724296875001 0.4594016859375 0.7384530218750001 0.4423048828125 0.7737799609375 0.4474608015625 0.8980190374999999 0.42844121562500004 1 0.5109375 1
1 0.7332396890625 0.6796875 0.777097515625 0.9443439124999999 0.7555562328125001 1 0.9487111109375 1 0.938627834375 0.9839809687500001 0.9481842359375001 0.6796875 0.7332396890625 0.6796875
1 0.51875 1 0.579605709375 1 0.5859375 0.9857998125 0.5859375 0.8207163015625 0.5805202453125 0.761708371875 0.51875 0.7438855249999999 0.51875 1
1 0.7092999765625 1 0.699401596875 0.982596428125 0.7180186203125001 0.9677293265625 0.72333776875 0.995481584375 0.73125 0.985196403125 0.73125 0.9833629921875 0.7206781906249999 0.70560545625 0.6687920671875001 0.68257533125 0.6327501140624999 0.68257533125 0.6222739359375 0.6841887078125 0.5823803187500001 0.7200467828125 0.6089760640625 0.9628080656249999 0.5941447734375 1 0.7092999765625 1