1 0.12132694375 0 0.1271492390625 0.0855852203125 0.086396178125 0.23683864687499998 0.08295192500000001 0.347703425 0.09143434375000001 0.4 0.2015625 0.4 0.2015625 0.1050238890625 0.19500641875 0.0750476953125 0.20103658906250002 0 0.12132694375 0
1 0.332528803125 0 0.3267542203125 0.0991457796875 0.28238040625 0.20665188437499998 0.28238040625 0.4 0.376112878125 0.4 0.38682935625 0.3588889609375 0.4019376875 0.2608881078125 0.3824735984375 0.137775940625 0.3817147359375 0.0970053875 0.40345717187499996 0 0.332528803125 0
1 0.1965742609375 0 0.20212785625000002 0.043874040625 0.1987475078125 0.11649133593750001 0.2317189875 0.2543426484375 0.23889324374999998 0.399245046875 0.2394067078125 0.4 0.25625 0.4 0.25625 0.12497560156250001 0.25059705 0.10551416875 0.25450460937499997 0 0.1965742609375 0
1 0.0183577453125 0 0.013549684375000001 0.06095579375 0 0.09386734062499999 0 0.4 0.003392596875 0.4 0.0103161515625 0.2849354296875 0.031841226562500005 0.199284971875 0.0706630625 0.11066901093749999 0.0735473984375 0.0249866015625 0.07978220312499999 0 0.0183577453125 0
1 0.5516652437499999 0.149471309375 0.542507371875 0.20309623124999998 0.54503458125 0.2595655921875 0.5504270609375 0.287361553125 0.5629091984375 0.33185750625 0.5669227203125 0.334375 0.5765625 0.334375 0.5765625 0.164258321875 0.5720533265625 0.1505154125 0.5690217734375 0.106999921875 0.5700304593750001 0.081092178125 0.5672421453125 0.053311370312499995 0.5602321984375 0.040776523437500004 0.5511512812499999 0.037947234375 0.543792278125 0.0434573390625 0.5408308125 0.0550086875 0.543325040625 0.0855642421875 0.549918596875 0.1216965640625 0.5516652437499999 0.149471309375
1 0.6174650671874999 0.3337101734375 0.6297522359375 0.284146821875 0.6328125 0.25169622812500003 0.6328125 0.2286189859375 0.6310494171875 0.20807534687499998 0.6225032515625 0.1575416640625 0.6324218687500001 0.067945175 0.6278429484375 0.052412684375 0.61602556875 0.04907696875 0.6080150875 0.056595596875 0.60413508125 0.06941301093749999 0.6027115859375 0.15661985312499999 0.5910693874999999 0.19507929375 0.5910693874999999 0.3453125 0.611782928125 0.3453125 0.6174650671874999 0.3337101734375
1 0.6668352656250001 0.1557999078125 0.6563455015625 0.1942770453125 0.6563455015625 0.3578125 0.6722634640624999 0.3578125 0.6763698265625 0.353164546875 0.6886619546875 0.3078456890625 0.696875 0.2546926859375 0.696875 0.2505141140625 0.6933276890625001 0.20695313125 0.6875879578124999 0.1779162546875 0.6876181156250001 0.1571436640625 0.691897275 0.12074501875000002 0.6961074453125 0.08586018125 0.6947978125000001 0.0682153140625 0.68726424375 0.0599407640625 0.6796498859375 0.061464221875 0.6731631484375 0.06848138125 0.6688172484375 0.0821739578125 0.6680449203125 0.11274069843750001 0.6668352656250001 0.1557999078125
1 0.747362859375 0.134902071875 0.7498570875 0.16545762656250002 0.7521506484375 0.18935435 0.7480496750000001 0.20883293749999998 0.7445141453125 0.2271940953125 0.7410847453125 0.254899790625 0.7430161671875 0.2843698546875 0.747963396875 0.31330139218749997 0.7621674421875 0.3669449421875 0.765436353125 0.3703125 0.7796875 0.3703125 0.7796875 0.20328317187499997 0.77540265625 0.1869981546875 0.7717320875 0.16737144375 0.77057265625 0.13884429843749999 0.771582296875 0.1085222875 0.767258384375 0.0821539390625 0.760286028125 0.07181972343750001 0.7536722656249999 0.0712410921875 0.744384396875 0.07276232187500001 0.7414395062500001 0.0849516640625 0.74212154375 0.10870274531249999 0.747362859375 0.134902071875
1 0.7943052265625 0.2018373984375 0.7943052265625 0.359375 0.799451421875 0.359375 0.8112751765624999 0.3586620203125 0.8160893140625 0.3490626390625 0.8279218437499999 0.3057472859375 0.832924509375 0.27864034375 0.834375 0.26184336406250003 0.834375 0.2191438421875 0.8286365109375 0.190190475 0.82612279375 0.1759830625 0.8261051078125 0.15398987656250002 0.8285544281250001 0.1255352015625 0.834375 0.09347544375 0.834375 0.07057096093750001 0.8315874921875 0.06335235624999999 0.8237870046874999 0.05950799375 0.819125746875 0.05950799375 0.8150517578125 0.06158591249999999 0.8099576875000001 0.071739990625 0.8054715296874999 0.0857397390625 0.8060024234375 0.1032252484375 0.8055680093750001 0.1188419078125 0.80587845 0.1363454125 0.8033207921875001 0.1613735859375 0.799835975 0.1851403671875 0.7943052265625 0.2018373984375
1 0.8871243625 0.3439007390625 0.8955450687500001 0.313011628125 0.9015625 0.28119770312500003 0.9015625 0.213056565625 0.8922746343749999 0.165758425 0.8947850234375 0.1278410296875 0.8998866265625001 0.10038222031249999 0.9015625 0.0775423359375 0.9015625 0.0742604375 0.9005918859375001 0.06695775312499999 0.892701759375 0.0527799703125 0.8805284890625 0.055435634375 0.87378675625 0.06926346562499999 0.8723309859375 0.09704124374999999 0.87282591875 0.11754831406249999 0.872764446875 0.1287049921875 0.8724829671875 0.164026878125 0.8604313234374998 0.20158256875 0.8604313234374998 0.346875 0.88563299375 0.346875 0.8871243625 0.3439007390625
1 0.965625 0.33605324062499997 0.9723958328125001 0.3064236109375 0.978125 0.2703125 0.9791666671874999 0.23883101875 0.978125 0.2193865734375 0.9645833328125001 0.1573495375 0.9640625 0.129571759375 0.9682291671875 0.06475694374999999 0.9638020828125 0.0494791671875 0.9518229171874999 0.0429976859375 0.9440104171874999 0.0494791671875 0.9401041671874999 0.06383101875 0.9401041671874999 0.0906828703125 0.9432291671874999 0.1064236109375 0.9432291671874999 0.1554976859375 0.9291666671875 0.21290509218749998 0.9270833328125001 0.2601273140625 0.93125 0.2953125 0.9390625 0.3342013890625 0.9440104171874999 0.3411458328125 0.9604166671875 0.3406828703125 0.965625 0.33605324062499997
1 0.4296875 1 0.4296875 0.4 0.4133615953125 0.4 0.41104680781249997 0.6024331593750001 0.38765189375000003 0.68802326875 0.38765189375000003 1 0.4296875 1
1 0.2293093578125 0.4 0.2300097828125 0.43048410624999994 0.2187152421875 0.538278428125 0.19872943125 0.615068684375 0.19872943125 1 0.29721575 1 0.2980867828125 0.996754521875 0.30492878125 0.988978384375 0.3223083015625 0.8421397468750002 0.323162253125 0.748353384375 0.29179754375 0.5433931750000001 0.29993102656250004 0.4 0.2293093578125 0.4
1 0 0.4 0 1 0.034375 1 0.034375 0.4 0 0.4
1 0.0357052078125 0.4 0.0329414984375 0.45130452656250003 0.0378368140625 0.5146017515625 0.032340931249999996 0.5709792984375 0.044546 0.5963938859375 0.0248455046875 0.6337343890625 0.011109695312499999 0.6809772374999999 0.011109695312499999 1 0.0362021390625 1 0.0351503109375 0.952930928125 0.0430170796875 0.8404309281250001 0.058947715624999994 0.7459156531250001 0.08472325 0.666132559375 0.08879874531250001 0.6300675124999999 0.06521913124999999 0.6117957453124999 0.06529554062500001 0.588485790625 0.08531846562499999 0.57986021875 0.0897163890625 0.5725101046875001 0.10978907499999999 0.4 0.0357052078125 0.4
1 0.1164378234375 0.4 0.1174517453125 0.50610444375 0.10916785312499999 0.6042685406249999 0.0919184 0.6937999328125001 0.0851770765625 0.702628128125 0.0827303421875 0.7230562046875 0.0827303421875 1 0.1614783375 1 0.15759655156250002 0.9381349859375 0.1686646046875 0.7868458859375 0.187312784375 0.7005761953125 0.176355353125 0.6101466875 0.17716757968750002 0.5646974859375 0.1940049640625 0.4 0.1164378234375 0.4
1 0.32038730000000004 0.4 0.325 0.54453125 0.3703125 0.76015625 0.375 0.82265625 0.3734375 0.91015625 0.365625 0.96640625 0.371875 0.98984375 0.365625 0.99765625 0.365165440625 1 0.38610733750000004 1 0.38125 0.96953125 0.3828125 0.83828125 0.39375 0.73046875 0.3734375 0.64921875 0.3703125 0.61171875 0.3778202578125 0.4 0.32038730000000004 0.4
1 0.6458826453125 0.4 0.655688296875 0.4613821359375 0.634767815625 0.5639143546875001 0.6409451671874999 0.63959003125 0.6708655 0.7370151921874999 0.7078125 0.7448835671875 0.7078125 0.49257683593749996 0.6959813374999999 0.4616165546875 0.6940440062500001 0.4 0.6458826453125 0.4
1 0.4296875 0.4 0.4296875 0.7 0.44242189375 0.7 0.47063032343749994 0.6215745015625 0.4734375 0.573377134375 0.4734375 0.5591055609375 0.4538045109375 0.4690288984375 0.459781921875 0.4 0.4296875 0.4
1 0.512803415625 0.4 0.51135063125 0.467395121875 0.49691894062499997 0.5098625984374999 0.49691894062499997 0.7185075640624999 0.5180094093750001 0.725 0.525623221875 0.725 0.55521319375 0.6623306859375 0.5703125 0.55973208125 0.5703125 0.5596151640625 0.5553066765625 0.46765084999999995 0.565262765625 0.4 0.512803415625 0.4
1 0.7220551374999999 0.4 0.719092959375 0.4708867625 0.7093824703125 0.5008873078125 0.7093824703125 0.5609375 0.7096490234375 0.5609375 0.7421875 0.4529343578125 0.7421875 0.44486960781249996 0.7420898171875 0.4 0.7220551374999999 0.4
1 0.7421298234375 0.4 0.7425447953125 0.46398574375 0.724439525 0.5443967984375 0.724439525 0.704018725 0.7258506671875 0.712313921875 0.7402785656249999 0.7171875 0.7726814656250001 0.7171875 0.7951841578125001 0.6532175406249999 0.8015625 0.5861573453125001 0.8015625 0.5595542796874999 0.77917483125 0.46719045625 0.7863728328125 0.4 0.7421298234375 0.4
1 0.8468105484375 0.4 0.8501201921875001 0.456165540625 0.8244791671874999 0.5426520265625 0.8244791671874999 0.6075168921875 0.842794184375 0.6885979734375001 0.8830872249999999 0.699408784375 0.905065246875 0.55886824375 0.879424221875 0.456165540625 0.8828843031249999 0.4 0.8468105484375 0.4
1 0.9194065609375001 0.4 0.9233802656249999 0.4615709453125 0.905065246875 0.5696790546875 0.9233802656249999 0.67238175625 0.9563472984375 0.6777871624999999 0.9783253203125 0.5480574328125 0.9526842953125 0.4615709453125 0.9545808359375 0.4 0.9194065609375001 0.4