1 0.21923041406250002 0.074759328125 0.209116575 0.0695600234375 0.1878794734375 0.0764924328125 0.176852075 0.0981562109375 0.1757918640625 0.2281388796875 0.1578125 0.27825358906250003 0.1578125 0.48101632499999997 0.161418928125 0.4828125 0.20209495937500002 0.4828125 0.2093323984375 0.47943870625 0.23602035312499997 0.3789187734375 0.2368482046875 0.319993296875 0.216156446875 0.2281388796875 0.230136553125 0.0998893109375 0.21923041406250002 0.074759328125
1 0.4205041453125 0.08088340468750001 0.40606023281250003 0.06615203750000001 0.383924815625 0.06615203750000001 0.367663696875 0.09128201875 0.3829240953125 0.23339640312499998 0.3640625 0.32239169687499997 0.3640625 0.3341463609375 0.365155178125 0.3421875 0.3666694640625 0.3421875 0.41977526562499995 0.3278504765625 0.4448953828125 0.330314446875 0.4448953828125 0.28707371875 0.4258020171875 0.231663303125 0.4251370203125 0.09474822499999999 0.4205041453125 0.08088340468750001
1 0.0679093234375 0.21847001875 0.0689307453125 0.10046753281250001 0.0488800890625 0.07577699375 0.028288917187500002 0.0814612015625 0.0193708578125 0.0998860734375 0.031693153125 0.22451790625 0.0149064015625 0.2838979765625 0.0109375 0.3148554484375 0.0109375 0.36101609375 0.0127548921875 0.37763703125000003 0.0344550421875 0.4517361390625 0.0402530953125 0.4578125 0.0730537515625 0.4578125 0.0866998171875 0.4539900859375 0.0892343296875 0.44232368437499997 0.0892343296875 0.27544403906250003 0.0679093234375 0.21847001875
1 0.1612695015625 0.4162673734375 0.1612695015625 0.264284003125 0.14018905937499998 0.20266435 0.1415222765625 0.1039153984375 0.13071212968749998 0.08392790781250001 0.1200229796875 0.0786679984375 0.1071838015625 0.0820584484375 0.097342271875 0.10539093906250001 0.1093932 0.21114805312499998 0.096875 0.26504708125 0.096875 0.2898897546875 0.1022761875 0.32372394843749996 0.1044255703125 0.38957425625000003 0.1153567140625 0.4242893296875 0.1234416984375 0.4295340890625 0.127455940625 0.4296875 0.1509921625 0.4296875 0.160657146875 0.4193551578125 0.1612695015625 0.4162673734375
1 0.3119574828125 0.277298890625 0.2904447296875 0.2187207109375 0.290921625 0.1021471890625 0.27239015 0.0802881953125 0.25560430312500004 0.085235328125 0.2453125 0.10394674687500001 0.2453125 0.11925938750000001 0.2552884796875 0.221796484375 0.24568828593749997 0.27481480937499997 0.26406740625 0.34103878593750003 0.2663272 0.396498059375 0.2593547296875 0.446875 0.293287153125 0.446875 0.3119574828125 0.402045090625 0.3119574828125 0.277298890625
1 0.33544670625 0.0878722859375 0.325231753125 0.080636784375 0.3081533828125 0.0853435625 0.2990594921875 0.10676107500000001 0.302594646875 0.20920354218749998 0.296875 0.2279737140625 0.296875 0.27428155468750004 0.304827721875 0.3116081234375 0.305660446875 0.371875 0.3062491734375 0.371875 0.3390258390625 0.34556000937500003 0.352408715625 0.28870861406250004 0.3337942203125 0.21184592656249998 0.3421290984375 0.10454513437499999 0.33544670625 0.0878722859375
1 0.5285253984375 0.2091305703125 0.5362256375000001 0.106346096875 0.5228058421874999 0.08579834374999999 0.509805175 0.08512812187499999 0.5046875 0.0907758609375 0.5046875 0.2445489296875 0.5209461578125001 0.30151642968750003 0.52168358125 0.34993700156249996 0.513346753125 0.3956353921875 0.5207135234375 0.40625 0.5314434625 0.40625 0.5463223312500001 0.356583040625 0.5509949078124999 0.290406290625 0.5285253984375 0.2091305703125
1 0.504117025 0.10281131875 0.491243003125 0.0815795046875 0.476879746875 0.08034656875 0.4671875 0.090797790625 0.4671875 0.169703446875 0.4681605828125 0.2376242859375 0.491949871875 0.3079084921875 0.49714695156250005 0.3632313546875 0.5139655953125 0.384375 0.5229603875 0.384375 0.5229603875 0.281206075 0.501571025 0.21737794687499998 0.504117025 0.10281131875
1 0.4724855953125 0.225612678125 0.4682843015625 0.0987773484375 0.45724146093750007 0.079643834375 0.43867910625000006 0.0759325625 0.425 0.0879180296875 0.425 0.106308409375 0.42704281093749996 0.170088421875 0.43461411562499996 0.22696193125000003 0.4320406125 0.24807802343750002 0.4624443703125 0.3344467640625 0.48742786562499996 0.3484375 0.4919419515625 0.3484375 0.4919419515625 0.28029178906249996 0.4724855953125 0.225612678125
0 0.4934495109375 0.6890625 0.5102182203125001 0.67459285 0.537063365625 0.62748463125 0.549795821875 0.5769530234375 0.549795821875 0.4767211953125 0.5294572390625001 0.412367375 0.489896134375 0.35983845937500003 0.4517487375 0.3310699890625 0.3618088296875 0.3310699890625 0.3386527765625 0.33884352500000003 0.2950822390625 0.3932355109375 0.27912327656249997 0.43344822031249997 0.2703125 0.478679065625 0.2703125 0.4879342453125 0.2756785796875 0.5646325484375 0.3035758109375 0.6464810171875001 0.34248268125000003 0.6890625 0.4934495109375 0.6890625
1 0.80400991875 0.6890625 0.8145775015625001 0.64649884375 0.8184944234374999 0.6150173624999999 0.8191430140625 0.5770543984375001 0.8058568609375 0.5011284734375 0.8093437937499999 0.45020254687500005 0.814931071875 0.4168692140625 0.81638715625 0.3918692140625 0.8148970421874999 0.381684028125 0.8095815703125 0.3701099546875 0.8035472859375 0.3664062515625 0.7886943093750001 0.37103588125 0.7811322765625001 0.3890914359375 0.7790120296875 0.40760995468749994 0.7803914 0.47335069531249996 0.7782526953125 0.5011284734375 0.76875 0.533168221875 0.76875 0.6890625 0.80400991875 0.6890625
1 0.907301090625 0.6165002921875 0.9079856562499999 0.613293915625 0.9079856562499999 0.5126352546875 0.8997440265625001 0.48224103281249997 0.8983982562499999 0.4665002921875 0.9013129328125 0.4127965890625 0.9007532484375 0.3822410328125 0.89562254375 0.36881510781250004 0.8868524796875 0.360481775 0.8785676703125 0.3614077 0.8721365171875 0.36788918125 0.8674199171874999 0.3822410328125 0.8662877437500001 0.46001881093749997 0.8636609500000001 0.47946325625 0.846816403125 0.5257595515625 0.8453125 0.535977046875 0.8453125 0.575250475 0.8478031390625 0.5942780703125 0.8501938499999999 0.6498336265625 0.8646154546875 0.6715928859375 0.8851891999999999 0.6765625 0.9055447609374999 0.6765625 0.9079856562499999 0.674145990625 0.9079856562499999 0.6589738656249999 0.907301090625 0.6165002921875
1 0.733307990625 0.665625 0.7398548734375 0.665625 0.7492892046875 0.6310271625 0.7572279265625 0.568853734375 0.7550022875 0.5319379343749999 0.7447474203125 0.4795390234375 0.74391280625 0.4656955984375 0.7534884546875 0.38221071875 0.7515636484375 0.36932352968750004 0.747597559375 0.360656046875 0.73955538125 0.35534296875 0.7315973031249999 0.358348065625 0.7221058265625 0.375727746875 0.7202748 0.40074290156250003 0.7221251828125 0.434896078125 0.720268253125 0.48025129375000003 0.7109375 0.51504023125 0.7109375 0.61157940625 0.714280165625 0.6093952296875 0.7220441390625 0.6100938359375 0.7351005500000001 0.6189590703125 0.73864285625 0.62578985625 0.7361227921875 0.6341838078125 0.7322828546875 0.6379935953125 0.7295201625 0.6510171765625 0.733307990625 0.665625
0 1 0.6890625 1 0.597063634375 0.9803823906249999 0.5593374875 0.9698827984375 0.5466048531250001 0.9612907109375 0.5412432578125 0.9404573765625 0.5417281578125 0.9171890546875 0.5571006109375001 0.9034848109375 0.593106371875 0.8984375 0.617802096875 0.8984375 0.673342978125 0.902282046875 0.6890625 1 0.6890625
1 0.15178624999999998 0.6890625 0.1516909125 0.71484375 0.1375 0.7595391671875 0.1375 0.88703406875 0.14453231875 0.89140625 0.160893065625 0.8921875 0.1730213390625 0.88515625 0.1945770921875 0.81015625 0.19390923437500002 0.76796875 0.1790724609375 0.70078125 0.180752340625 0.6890625 0.15178624999999998 0.6890625
1 0.24892737343750002 0.6890625 0.2528690609375 0.73671875 0.234375 0.8078245296875 0.234375 0.8191804265625 0.2435427265625 0.88671875 0.25652740625 0.92578125 0.2693549546875 0.93203125 0.2842396484375 0.9328125 0.29707051875 0.92421875 0.29956591875 0.9112549718749999 0.29956591875 0.7753889468749999 0.28387339843750004 0.73203125 0.284439125 0.6890625 0.24892737343750002 0.6890625
1 0.3588764296875 0.6890625 0.35706092031250003 0.7605372109374999 0.340625 0.8054314234375 0.340625 0.978125 0.376566215625 0.978125 0.3835061546875 0.970383571875 0.408731884375 0.8760425390625001 0.40830916093749997 0.8245709671875 0.3914359203125 0.759537 0.3989269828125 0.6890625 0.3588764296875 0.6890625
1 0.33398452500000003 0.6890625 0.3354244234375 0.7058308859375 0.31875 0.7751071234375 0.31875 0.7814980328125001 0.32256916874999997 0.8328298000000001 0.340510025 0.8796875 0.350193209375 0.8796875 0.35131490625 0.8790865484375001 0.3520383421875 0.8274513156250001 0.363906834375 0.7738128921875 0.363906834375 0.71976161875 0.3604244234375 0.7052490046875 0.36062240156250003 0.6890625 0.33398452500000003 0.6890625
1 0.44062643437500004 0.6890625 0.44372423281250006 0.7347619562500001 0.4296875 0.7892566328124999 0.4296875 0.82270465 0.43752289843750003 0.8846801421875 0.4468912546875 0.91441309375 0.4542284921875 0.9203125 0.47950322187500005 0.9203125 0.4859537546875 0.914640353125 0.48606113906250004 0.9140270671875002 0.48606113906250004 0.7700843749999999 0.47505611875 0.7365062640625 0.47479355156249997 0.6890625 0.44062643437500004 0.6890625
1 0.6296875 0.6890625 0.6078125 0.6890625 0.6078125 0.7869616500000001 0.6169685874999999 0.8440125921874999 0.6134169265625 0.9125 0.6191962359375001 0.9125 0.62514715 0.9122768593749999 0.6296875 0.9070456890624999 0.6296875 0.6890625
1 0.5055769109375 0.6890625 0.5108717578124999 0.7847552859375 0.48507177968750004 0.8555460171875 0.4796875 0.8822017750000001 0.4796875 0.9761009203125 0.48399741562500004 1 0.5569776375 1 0.5683195359375001 0.945533546875 0.564650190625 0.858416184375 0.5468456203125001 0.7786967328125 0.5555109140625001 0.6890625 0.5055769109375 0.6890625
1 0.5676349609375 0.6890625 0.5713304921875 0.76082745625 0.559375 0.795263625 0.559375 0.8038629640625 0.573694384375 0.86238995625 0.5791845734375001 0.965625 0.609232890625 0.965625 0.61504804375 0.9594633640625 0.6229085624999999 0.9268668234374999 0.6229085624999999 0.821343109375 0.6055963890625 0.7549395546875 0.6068447781249999 0.6890625 0.5676349609375 0.6890625
1 0.4926180984375 0.6890625 0.49531093125 0.7152402046875 0.4859375 0.7645793578125 0.4859375 0.76480731875 0.500944334375 0.8375 0.5069300828125 0.8375 0.5078085359375 0.8367325687499999 0.518740334375 0.796421278125 0.518740334375 0.7477022328125 0.5110312625 0.6890625 0.4926180984375 0.6890625