1 0.28043845625 0.259375 0.2732017015625 0.228681740625 0.28643339375 0.099976921875 0.27538060781249996 0.0757119203125 0.2652364265625 0.07124101875 0.2440397796875 0.079630234375 0.233138803125 0.10197689218749999 0.23283711875000002 0.2315043078125 0.22320320468750002 0.259375 0.28043845625 0.259375
1 0.11835527812499999 0.259375 0.1075475859375 0.216744946875 0.1222989421875 0.0990076328125 0.1054549484375 0.0739628609375 0.1033578875 0.0739628609375 0.083979090625 0.07838375625 0.07294096718750001 0.09641086875 0.0707256796875 0.22130787187499998 0.05625 0.2571636734375 0.05625 0.259375 0.11835527812499999 0.259375
1 0.21043881718750002 0.259375 0.192018028125 0.2009237390625 0.196229153125 0.102023271875 0.1859996390625 0.08226305625 0.1754619578125 0.0772455703125 0.1625218 0.0809390546875 0.1519986609375 0.104529125 0.1609697203125 0.21013472187499999 0.148181403125 0.259375 0.21043881718750002 0.259375
1 0.3580044890625 0.259375 0.3431789953125 0.21308815625 0.34703617656249997 0.09736496875 0.33076032187500004 0.074817346875 0.3123168265625 0.074817346875 0.3122990546875 0.0748196453125 0.30016117656249997 0.09381299374999999 0.3080227453125 0.210424175 0.3 0.24731566093750001 0.3 0.259375 0.3580044890625 0.259375
1 0.409375 0.259375 0.409375 0.2589804578125 0.3957053921875 0.2117530796875 0.39966340312500004 0.10399739062499999 0.39231036406249997 0.087950025 0.38181303125 0.0816243203125 0.3649464484375 0.087809515625 0.3567349859375 0.1099662390625 0.364435225 0.211840084375 0.3546875 0.24970005468749998 0.3546875 0.25144491874999997 0.35674120781249996 0.259375 0.409375 0.259375
1 0.5525865 0.259375 0.5501238703125 0.2499467578125 0.5527316421874999 0.22766998906249997 0.5504390859375 0.213120746875 0.540754278125 0.2167634296875 0.543124946875 0.251458378125 0.541460559375 0.259375 0.5525865 0.259375
1 0.5802803953125 0.259375 0.5800642500000001 0.2585771453125 0.5820524546875 0.2281991890625 0.5776020484375 0.214679146875 0.5694878078125 0.22169643906249997 0.5714705 0.25792595 0.5711482968749999 0.259375 0.5802803953125 0.259375
1 0.6103903421875 0.259375 0.611341434375 0.225975065625 0.5991108515625 0.2162636875 0.596875 0.23041605 0.596875 0.23415775 0.6013483796875 0.259375 0.6103903421875 0.259375
1 0.63784435 0.259375 0.6408522640625 0.23466953125 0.6341673203125 0.225728115625 0.6284532703125001 0.2431392265625 0.6280409468749999 0.259375 0.63784435 0.259375
1 0.66367599375 0.259375 0.6659123921875001 0.2284980078125 0.6581096046875 0.2212411859375 0.6529756609375 0.2374135375 0.653680478125 0.259375 0.66367599375 0.259375
1 0.685922909375 0.259375 0.6887738921875 0.2281595421875 0.684683084375 0.21602838906250002 0.6771763578125001 0.22032710312499998 0.678084290625 0.2579455046875 0.6777241125 0.259375 0.685922909375 0.259375
1 0.708092975 0.259375 0.7067475671875 0.24975189687500002 0.711816759375 0.227803078125 0.7110179984375 0.21443775625 0.70094859375 0.2170555984375 0.7012788171875 0.24927344375 0.6984375 0.2570556640625 0.6984375 0.259375 0.708092975 0.259375
1 0.6306865984375 0.259375 0.6296875 0.236284721875 0.63515625 0.22934027812500002 0.630859375 0.21614583281250002 0.62265625 0.22100694375000002 0.6234270375 0.259375 0.6306865984375 0.259375
1 0.6543454578125 0.259375 0.65294471875 0.23674608749999998 0.6541792828125 0.2274221484375 0.658203125 0.2203125 0.655078125 0.21475694375 0.649609375 0.21475694375 0.646875 0.22100694375000002 0.646875 0.23072916718749997 0.65 0.2501736109375 0.6472395828125 0.259375 0.6543454578125 0.259375
1 0.8963048140625001 0.259375 0.896875 0.2279513890625 0.891796875 0.223090278125 0.887109375 0.2244791671875 0.88515625 0.23211805624999998 0.88515625 0.259375 0.8963048140625001 0.259375
1 0.95238238125 0.259375 0.9524422781249999 0.24995371406250003 0.95220514375 0.23267624374999998 0.9491223718749999 0.2259338234375 0.944142528125 0.22551242343750003 0.9405854859375001 0.2305692421875 0.93892553125 0.2453182953125 0.9394022046875001 0.259375 0.95238238125 0.259375
1 0.8634215624999999 0.259375 0.8647020390625 0.2419470796875 0.865625 0.22934027812500002 0.861328125 0.21892361093749999 0.853125 0.22378472187499998 0.853319521875 0.23941867656250002 0.85390625 0.25711805625 0.8534402640625001 0.259375 0.8634215624999999 0.259375
1 0.9720725281250001 0.259375 0.9733102296875 0.2491109125 0.9737844984375 0.2288836265625 0.9714131406250001 0.2204556046875 0.963671875 0.21892361093749999 0.9614534359375 0.2263552234375 0.9597934890625 0.23267624374999998 0.9595563468750001 0.2381544609375 0.9616905703124999 0.25079651406250003 0.96108715 0.259375 0.9720725281250001 0.259375
1 0.9171513843749999 0.259375 0.9171090421875 0.2588031484375 0.9171090421875 0.2512179140625 0.9180575812499999 0.2419470796875 0.9173461843750002 0.23351904375000002 0.9159233578125001 0.2259338234375 0.9126034656249999 0.21876998906249998 0.9085721625 0.2204556046875 0.90625 0.2251736109375 0.9073864796875 0.2448968953125 0.9071181312500001 0.259375 0.9171513843749999 0.259375
1 0.2842857359375 0.7075658390624999 0.2804922359375 0.6780933046875 0.2600721203125 0.6026140984375 0.26117145937499997 0.49556049218750003 0.252701675 0.4730258921875 0.2362307796875 0.46823447187500006 0.224307259375 0.4847706953125 0.22287404843749997 0.4959545828125 0.23274453281250002 0.60527654375 0.2307078453125 0.63177459375 0.218170009375 0.6962820671875 0.2171875 0.72269911875 0.2171875 0.73083259375 0.219710834375 0.7615234578125001 0.23052969375000001 0.8179948671874999 0.23864925625 0.844019884375 0.2423305859375 0.846875 0.2683470375 0.846875 0.2752710390625 0.8339763484375 0.2842857359375 0.7780414796875 0.2842857359375 0.7075658390624999
1 0.6150908375 0.4893302484375 0.6203865453125 0.457593825 0.6216482140625 0.43351975156249994 0.6160355234375 0.416845375 0.6105489859375 0.4126163671875 0.6037781515625 0.41308983125000004 0.5978063578125 0.4181200828125 0.5903011625 0.4375568171875 0.588560640625 0.5400796531250001 0.5796875 0.5661246484375 0.5796875 0.746875 0.6005208578125 0.746875 0.60283645625 0.7429611125 0.6151585765625001 0.69597283125 0.6223564640625 0.6576456671875001 0.624138965625 0.633535171875 0.6229905718750001 0.605939496875 0.6137773703125 0.5539993828125 0.6114902578125 0.5283283984375 0.6150908375 0.4893302484375
1 0.535074446875 0.5317819937499999 0.538598340625 0.43156366874999996 0.5323878890625 0.4128611578125 0.523989909375 0.4076937328125 0.5141371734375 0.4118583421875 0.5068275078125 0.4330434203125 0.5071076359375 0.45711749375000005 0.5118776515625 0.5087752796875 0.511636946875 0.5328736125 0.4992302390625 0.58625784375 0.496875 0.6036452734375001 0.496875 0.6719921125 0.49827818749999997 0.6835770984375 0.507681834375 0.7303869328125 0.510680446875 0.7359375 0.5391090890625 0.7359375 0.5479405140625 0.6970133093750001 0.55185449375 0.6696262468749999 0.55185449375 0.5985683234375 0.535074446875 0.5317819937499999
1 0.409375 0.696164040625 0.41365671875 0.7230572859375 0.41534752656249996 0.7265625 0.4430203578125 0.7265625 0.44487439687499997 0.7232713921875 0.45725396875 0.669893109375 0.4615301234375 0.6335909281250001 0.46030338281249994 0.5846260390625 0.44781225312500006 0.5251505406250001 0.44771163437499994 0.5011037640625 0.45332037343750003 0.44808032343750004 0.4538213984375 0.41937662031249995 0.4480823265625 0.4053386703125 0.4419131375 0.40103658906249995 0.43092715156250005 0.40438757656249996 0.4230922296875 0.42098706875 0.422151184375 0.44508843750000004 0.42498891250000004 0.4911936640625 0.42387008125000003 0.5254802187500001 0.4099603328125 0.5770885375000001 0.409375 0.581304178125 0.409375 0.696164040625
1 0.678284190625 0.4389190328125 0.6817272109375001 0.4195109546875 0.6723803 0.4077596 0.6605982312500001 0.41218922343750003 0.6530194874999999 0.4273533625 0.6489575656250001 0.5301856890625001 0.6421875 0.551696090625 0.6421875 0.7359375 0.65177881875 0.7359375 0.6530071296875001 0.73328165625 0.6486205078125 0.6692382171875 0.650492459375 0.6275533703124999 0.6601769093750001 0.5860048875 0.6729863593750001 0.5445109515625 0.672780690625 0.5176227328125 0.6774510499999999 0.47320556406250003 0.678284190625 0.4389190328125
1 0.5880589125 0.5735335781249999 0.5947686953125 0.5484063015625 0.5955397078125 0.541422196875 0.5955397078125 0.5071744031250001 0.5911624421875 0.43823930000000005 0.5955397078125 0.41449981406249997 0.5955397078125 0.41289760312499996 0.585384803125 0.4026775171875 0.576096009375 0.4065448625 0.5688995203125 0.4219544625 0.5681595703125 0.4349356078125 0.572232821875 0.475621803125 0.5738958656250001 0.5246867843749999 0.5609375 0.5901341234374999 0.5609375 0.661007228125 0.5681378546875 0.7026372953125 0.5749481875 0.7266022750000001 0.5807812578125 0.73125 0.5896319453125 0.73125 0.5916579546875 0.7281632078125 0.5825308359375 0.6718180953124999 0.5812162140625 0.6153366140625 0.5880589125 0.5735335781249999
1 0.723804240625 0.606412171875 0.7118867718749999 0.5509994390624999 0.7084493234375 0.5239107890625 0.7095916328125 0.48791807656249997 0.71292501875 0.461342490625 0.7126233421875 0.4354165640625 0.7059028281249999 0.41686767968750005 0.6991908109375 0.41090866718749997 0.698716159375 0.41090866718749997 0.68714205625 0.4145209625 0.681319471875 0.42841895 0.6805040625000001 0.4477844624999999 0.6851087921875 0.530468134375 0.6842071890625 0.5424262390625 0.6718435765624999 0.5979210609375001 0.6703125 0.6104770593750001 0.6703125 0.6690501906249999 0.6774216531249999 0.7195330875 0.6839733296875 0.7459326109375 0.6886184671875 0.75 0.7139030328125 0.75 0.7147132703125 0.749187053125 0.7201623093749999 0.7255471109375 0.723804240625 0.692937090625 0.723804240625 0.606412171875
1 0.7874357140624999 0.6229213375 0.785464275 0.60114671875 0.7701483015624999 0.5390331359375 0.769358115625 0.515915325 0.7734314890625 0.46286453125 0.7730974921875 0.4341608265625 0.7674509687500001 0.41920156875 0.7574797156249999 0.41329645312499996 0.7476485281249999 0.419428375 0.7423683234375 0.435950596875 0.7461899671875 0.54042855 0.736279684375 0.584553771875 0.7296875 0.6311406374999999 0.7296875 0.6450916484375 0.729946915625 0.6673858703125 0.7411285453125 0.732519909375 0.7452571375 0.7453125 0.773099534375 0.7453125 0.7751227734375 0.742585165625 0.7864447218749999 0.685405978125 0.7874357140624999 0.6684477171875 0.7874357140624999 0.6229213375
1 0.715625 0.5962197921875 0.73293201875 0.540268403125 0.738717528125 0.4375209265625 0.7443958484375 0.418953925 0.7421737171875 0.41111688593749995 0.7344450453125 0.4038064453125 0.7220123828125 0.40950139218750004 0.715625 0.4243715484375 0.715625 0.5962197921875
1 0.8226454859375 0.5368442625000001 0.8312538937500001 0.43206908281250006 0.8265858187500001 0.417046015625 0.820106140625 0.4118058171875 0.8079328703125 0.41606745937500006 0.7999068421875 0.43537642656250003 0.7982633703124999 0.53613254375 0.7875 0.5750874390625 0.7875 0.741211953125 0.7886042234375 0.7421875 0.80884335625 0.7421875 0.8146710468750001 0.738574821875 0.8181001484374999 0.7227127906249999 0.8210828453125 0.6856272375 0.8342654796875 0.6323642953124999 0.835151890625 0.6055367015625001 0.8226454859375 0.5368442625000001
1 0.8914441015625 0.53180019375 0.892349178125 0.47994834218750004 0.8959428796874999 0.45333328906250003 0.8964277390625 0.4255555109375 0.8922350093750001 0.411794121875 0.8861548124999998 0.405406296875 0.8828117765624999 0.405406296875 0.8730126625000001 0.4075560875 0.866219409375 0.4232664609375 0.8670780687499999 0.5234637921875 0.8546875 0.5740244296875 0.8546875 0.6138952296875 0.8675676093749999 0.5999908140625 0.8749400906249999 0.5959137140624999 0.8869839046875001 0.5931177375 0.8999562531249999 0.5968821734375 0.9039029078125 0.5948633578125 0.9026151640624999 0.57900421875 0.8990824640625 0.572246471875 0.8914441015625 0.53180019375
0 0.93036651875 0.6698579859375 0.9239192468749999 0.623576275 0.912217653125 0.6043587593749999 0.89858581875 0.592576434375 0.876989859375 0.592576434375 0.8721597093749999 0.5943230515625 0.8500188093750001 0.61944335625 0.8418129421875001 0.632254128125 0.8375 0.644033696875 0.8375 0.7609426390625 0.8501827140625 0.7855340484375 0.8624608531250001 0.79375 0.8752949421875 0.79375 0.8778216656249999 0.793550221875 0.8978677937499999 0.7803758203125 0.9188743453124999 0.747225659375 0.9260268734375 0.72545910625 0.93036651875 0.6698579859375