1 0.56640625 0.425476603125 0.5729166671875 0.295493934375 0.5631510421875 0.27383015624999996 0.5423177078125 0.266897746875 0.5319010421875 0.272097053125 0.51953125 0.2972270359375 0.5260416671875 0.425476603125 0.5 0.517331021875 0.4973958328125 0.5762564984375 0.5182291671875 0.6767764296875 0.5345052078125 0.684575390625 0.55859375 0.6837088390625 0.5729166671875 0.6767764296875 0.5807291671875 0.6507798953124999 0.59375 0.588388215625 0.5950520828125 0.5485268624999999 0.58984375 0.5034662046875 0.56640625 0.425476603125
1 0.33203125 0.2781629109375 0.328125 0.2920277296875 0.3346354171875 0.4289428078125 0.3072916671875 0.5225303296875 0.310546875 0.5285961875 0.345703125 0.5251299828125 0.4010416671875 0.5398613515624999 0.40234375 0.52426343125 0.3776041671875 0.430675909375 0.3854166671875 0.288561525 0.3678385421875 0.2634315421875 0.345703125 0.2634315421875 0.33203125 0.2781629109375
1 0.87109375 0.30069324062499997 0.8626302078125001 0.280762565625 0.8470052078125001 0.2755632578125 0.833984375 0.28249566718749997 0.8255208328125001 0.29896013906249996 0.83203125 0.39774696718749997 0.8059895828125001 0.49480069374999996 0.8046875 0.5485268624999999 0.8229166671874999 0.6265164640625 0.8287760421874999 0.632582321875 0.8567708328125001 0.6334488734375 0.8723958328125001 0.6247833625 0.8880208328125001 0.56239168125 0.890625 0.52426343125 0.88671875 0.48440207968750004 0.8645833328125001 0.41161178437499996 0.87109375 0.30069324062499997
1 0.7265625 0.420277296875 0.7330729171875 0.295493934375 0.7233072921875 0.2772963609375 0.7024739578125 0.272097053125 0.68359375 0.2972270359375 0.6901041671875 0.41507798906250004 0.6692708328125 0.4792027734375 0.6627604171875 0.550259965625 0.6666666671875 0.59185441875 0.6822916671875 0.6507798953124999 0.7096354171875 0.6577123046875 0.7259114578125 0.656845753125 0.734375 0.6473136921875 0.7526041671875 0.5727902953124999 0.7552083328125 0.5311958406249999 0.74609375 0.4792027734375 0.7265625 0.420277296875
1 0.65625 0.30242634375 0.6451822921875 0.2790294625 0.6321614578125 0.2755632578125 0.6217447921875 0.280762565625 0.6119791671875 0.30069324062499997 0.6184895828125 0.39948006875000003 0.5963541671875 0.47573656875000003 0.5924479171875 0.5103986140625 0.59765625 0.569324090625 0.609375 0.6161178515625 0.6204427078125 0.627383015625 0.6471354171875 0.6265164640625 0.6549479171875 0.6213171578125001 0.6640625 0.5866551125 0.6627604171875 0.5207972265625 0.66796875 0.4722703640625 0.6497395828125 0.40814558125 0.65625 0.30242634375
1 0.5078125 0.2972270359375 0.4954427078125 0.2772963609375 0.478515625 0.27383015624999996 0.4609375 0.2972270359375 0.4661458328125 0.4133448875 0.4453125 0.4792027734375 0.4388020828125 0.550259965625 0.4427083328125 0.5779896015625 0.4739583328125 0.6438474875 0.4947916671875 0.6473136921875 0.5065104171875 0.6386481796875 0.4973958328125 0.588388215625 0.4973958328125 0.5329289421875 0.5130208328125 0.46533795468749994 0.5013020828125 0.4133448875 0.5078125 0.2972270359375
1 0.4264322921875 0.2772963609375 0.416015625 0.28422876874999997 0.4088541671875 0.30069324062499997 0.4140625 0.40814558125 0.3932291671875 0.48440207968750004 0.4049479171875 0.5415944546875 0.4375 0.569324090625 0.4401041671875 0.5086655109375 0.4557291671875 0.44454072812499995 0.4453125 0.40641247812500003 0.4518229171875 0.3041594453125 0.443359375 0.28249566718749997 0.4264322921875 0.2772963609375
1 0.24283854218749998 0.2790294625 0.22981770781250002 0.280762565625 0.21614583281250002 0.30242634375 0.22265625 0.40467937656249997 0.19921875 0.487868284375 0.203125 0.5537261703125 0.21744791718749998 0.6022530328125 0.22526041718749998 0.6057192375 0.23567708281250002 0.5901213171874999 0.22786458281250002 0.5450606578125 0.22916666718749998 0.4965337953125 0.2513020828125 0.420277296875 0.24869791718749998 0.2850953203125 0.24283854218749998 0.2790294625
1 0.259765625 0.2772963609375 0.24739583281250002 0.29896013906249996 0.2526041671875 0.4133448875 0.23177083281250002 0.480935875 0.22786458281250002 0.5103986140625 0.23046875 0.5675909875 0.234375 0.5831889078125 0.24088541718749998 0.5849220109375 0.2604166671875 0.5589254765625 0.2643229171875 0.5034662046875 0.2864583328125 0.43240901249999997 0.28515625 0.2868284234375 0.2740885421875 0.2755632578125 0.259765625 0.2772963609375
1 0.3131510421875 0.26863085 0.294921875 0.27383015624999996 0.28515625 0.29376083125 0.2890625 0.420277296875 0.2630208328125 0.512131715625 0.2604166671875 0.5485268624999999 0.2643229171875 0.555459271875 0.3059895828125 0.5277296359375 0.3307291671875 0.439341421875 0.3268229171875 0.41854419375 0.3307291671875 0.3613518203125 0.328125 0.27989601406250003 0.3131510421875 0.26863085
0 0.4583333328125 0.61091854375 0.4134114578125 0.55285961875 0.3548177078125 0.5285961875 0.3079427078125 0.5303292890625 0.2623697921875 0.5615251296875 0.22395833281250002 0.61091854375 0.203125 0.680242634375 0.203125 0.7582322359375 0.22135416718749998 0.8258232234375 0.24934895781250002 0.8752166375 0.279296875 0.9029462734375 0.3196614578125 0.9185441937500001 0.341796875 0.9358752171875 0.3580729171875 0.935008665625 0.408203125 0.9133448874999999 0.4557291671875 0.8639514734375 0.4817708328125 0.78422876875 0.4856770828125 0.7010398609374999 0.4752604171875 0.6525129984375 0.4583333328125 0.61091854375