1 0.3328125 0.3285810328125 0.3328125 0.2441224328125 0.33013916875 0.23417482656250002 0.31210262499999997 0.2020051859375 0.3084887140625 0.12700629531250002 0.2973747484375 0.10788855 0.2844221390625 0.1073438640625 0.2734317890625 0.12025598125 0.271875 0.129455221875 0.271875 0.13056214375 0.285651615625 0.2137763484375 0.2761335171875 0.2546032484375 0.2771934125 0.2849546859375 0.2874607984375 0.3225645109375 0.306192184375 0.3484375 0.32377002187500004 0.3484375 0.3307889375 0.3382516375 0.3328125 0.3285810328125
1 0.4056558453125 0 0.41402158125 0.0651376265625 0.40402988593750006 0.103101025 0.403125 0.11590903125 0.403125 0.136571115625 0.40787970625 0.16696992187499998 0.423681659375 0.20568383906249998 0.43321546718750004 0.21393085625000002 0.44644404375 0.2074106 0.44644404375 0.08785509687500001 0.4374679640625 0.06103808125 0.43826004531249996 0 0.4056558453125 0
1 0.4494790984375 0.3022505296875 0.448998325 0.284638221875 0.442045896875 0.26756188281250004 0.43231118593750006 0.2607678703125 0.41828285468750004 0.264994275 0.408323721875 0.282980859375 0.410200334375 0.3550275375 0.3921875 0.3949919484375 0.3921875 0.4731591984375 0.4029943859375 0.5002736796875 0.40954900156249996 0.5078125 0.42565895625000005 0.5078125 0.4421496703125 0.4858757546875 0.45540237812499995 0.44003495625 0.45439435 0.4064077828125 0.43883073437500003 0.3609921515625 0.4494790984375 0.3022505296875
1 0.5 0.13871529062500002 0.5067638265625 0.1704758625 0.513536871875 0.2298154453125 0.5028746796875 0.305899584375 0.5035969640625 0.3490189140625 0.51256825625 0.40400051406250004 0.528473796875 0.45563037968750003 0.539017453125 0.4796875 0.568868121875 0.4796875 0.5696539421875 0.4794294078125 0.5730386125 0.47343642968750005 0.5730386125 0.29216393281249997 0.5718724171875 0.2849460203125 0.544204859375 0.2105978640625 0.5347642546875 0.074869390625 0.5226843640625 0.05426631875 0.5085733609374999 0.054025342187500006 0.5 0.06446395 0.5 0.13871529062500002
1 0.7047631671875 0.43442674375 0.7197444734375 0.47782328124999995 0.7246586171875 0.5015253203125 0.738354725 0.5331049359375 0.7476904171875 0.5390625 0.7610968359375001 0.5390625 0.7610968359375001 0.2830553390625 0.7581798984375 0.2752251265625 0.7547230109375 0.2501796625 0.7404338671875 0.2262048375 0.7306339718749999 0.14831339999999998 0.7244245906250001 0.06636895625 0.7128672390624999 0.0501162828125 0.7005012640625 0.0408721078125 0.6970765046875 0.0408721078125 0.678125 0.0520889796875 0.678125 0.10356296875 0.678152665625 0.10382572500000001 0.6931946703125 0.158310640625 0.6974897640625001 0.20921490625 0.7004347203125001 0.24807914687500002 0.6990897921875 0.2879265578125 0.695617878125 0.324388175 0.6943034203125 0.3786893328125 0.7047631671875 0.43442674375
1 0.5465645343750001 0.353125 0.550490859375 0.3491533375 0.562611571875 0.2969675578125 0.5677134015624999 0.2344675578125 0.5589671125 0.1779056078125 0.5521873453125 0.155032190625 0.547662690625 0.1141624171875 0.5540240046875 0.0266032171875 0.5460156781250001 0.00433544375 0.5444762296875 0.003651584375 0.5323042578125 0.003651584375 0.5302773015625 0.004540340625 0.5234375 0.019272518750000002 0.5234375 0.057965396875 0.5291765453125 0.080619584375 0.5234375 0.1582995109375 0.5234375 0.20933749218750003 0.5237613890625 0.21436731406249998 0.54020680625 0.27291014687500004 0.5448572015625001 0.30260960937500003 0.5453381640625 0.353125 0.5465645343750001 0.353125
1 0.55 0 0.55 0.018890942187500002 0.5537901640625 0.031054621875 0.5506156640625 0.1171520984375 0.5542845468750001 0.1573935140625 0.5616322406250001 0.1767879609375 0.5697216093749999 0.2211687734375 0.569957678125 0.2734375 0.5723066296875 0.2734375 0.57624848125 0.26555867499999997 0.5840313375 0.22941574843749998 0.5875914984375 0.17386019218749998 0.5835665984375 0.1391743328125 0.5704534984375 0.087880890625 0.573936396875 0 0.55 0
1 0.171475721875 1 0.17103065312500002 0.9984815593749999 0.17100831562500002 0.88566269375 0.16449417500000002 0.8673909906249999 0.1524359171875 0.8586253609375 0.144036171875 0.86488241875 0.1357065625 0.8843658062499999 0.14598423124999999 1 0.171475721875 1
1 1 0.6033591781250001 0.9909687453124999 0.592182715625 0.9682036640625 0.614715253125 0.966444071875 0.711178184375 0.953125 0.7456571140625 0.953125 0.8916557968750001 0.9545985031249999 0.903125 0.98051839375 0.903125 1 0.847708428125 1 0.7418402546875 0.9955117140624999 0.7232891140625 1 0.6911929453125 1 0.6033591781250001
1 0.8509907859375 0.65970381875 0.840625 0.692304884375 0.840625 0.8390625 0.8445731953125 0.8390625 0.8693417109375 0.8354998546875001 0.8870115640625 0.773113715625 0.8762628843750001 0.6582648718749999 0.888065325 0.5753104171875 0.879151 0.561215034375 0.8750568609375 0.561215034375 0.8502932265625001 0.57580216875 0.8509907859375 0.65970381875
1 0.8064127796874999 0.603809346875 0.7836991703124999 0.6072735828125 0.773774315625 0.6256578203125 0.7740115859375 0.7389475203125 0.765625 0.76479534375 0.765625 0.90764428125 0.7712895921875 0.9234375 0.7814718125000001 0.9234375 0.8024766624999999 0.91871480625 0.82424885625 0.8519463296875 0.825807440625 0.7886275390625 0.8075796343749999 0.722091775 0.8183470968750001 0.6320626859375 0.8064127796874999 0.603809346875
1 0.71566776875 1 0.7354372203125 0.905896734375 0.707662990625 0.8046019171874998 0.7183211187499999 0.6877896421875 0.7038192890625 0.663736096875 0.6838192890625 0.6649009640625 0.66582111875 0.69084741875 0.66899754375 0.8234527093749999 0.6609375 0.8473487453124999 0.6609375 1 0.71566776875 1
1 0.967546953125 1 0.971721971875 0.9878120734374999 0.971721971875 0.8411045999999999 0.95440103125 0.792670565625 0.9522176828125 0.6693663203125 0.9312350203124999 0.630923903125 0.9168174546875001 0.6408366359375 0.9137350203124999 0.6308220906249999 0.900105971875 0.6757275515625001 0.9170951765625001 0.7957857296874999 0.9 0.880551009375 0.9 0.8828159703124999 0.9431375375 0.9425542078125 0.9655884312499999 1 0.967546953125 1
1 0.9077054390625001 0.55 0.9099999999999999 0.6326041671875 0.9 0.6626041671875 0.9375 0.6459374999999999 0.9399811421875001 0.55 0.9077054390625001 0.55