1 0.4469711046875 0.45430718593749997 0.4546875 0.42067904062499994 0.4546875 0.380686521875 0.44498697812500004 0.3458081359375 0.4546875 0.2699264515625 0.4546875 0.254666334375 0.45391554999999995 0.250986765625 0.4450743390625 0.2422687765625 0.429555565625 0.2422687765625 0.41919332656249997 0.26279653125 0.4182012640625 0.337939978125 0.401336184375 0.3725670671875 0.39439174062500004 0.40336352499999995 0.39439174062500004 0.43690985156249995 0.40431237500000006 0.476210209375 0.41468188125000005 0.4890625 0.425264153125 0.4890625 0.4469711046875 0.45430718593749997
1 0.28900804999999996 0.34490726875 0.2998593578125 0.35 0.307114375 0.35 0.3138096359375 0.34389668125 0.327822003125 0.3050325171875 0.33125 0.2737947859375 0.33125 0.26292701875 0.328689178125 0.241175178125 0.316907890625 0.20336202499999997 0.3230607484375 0.1281204578125 0.318045965625 0.11316706875 0.30667275156249996 0.10743652031249999 0.3059747453125 0.10743652031249999 0.299289721875 0.11074022812499999 0.289237625 0.1326897453125 0.2932378109375 0.19953985624999998 0.27995203750000003 0.245747928125 0.27995203750000003 0.3109036125 0.28900804999999996 0.34490726875
1 0.334375 0.56875 0.334375 0.5235814640625 0.3211888546875 0.49684957812499997 0.3192891890625 0.4250107703125 0.30836500624999996 0.40653049843750005 0.294084921875 0.40157655312499996 0.28468588125 0.4078508921875 0.2786145859375 0.42453747656249996 0.2790569015625 0.4420978203125 0.2928102078125 0.50130714375 0.279596278125 0.5458393359375 0.2801117421875 0.56875 0.334375 0.56875
1 0.22521848125 0.2421875 0.2328125 0.2421875 0.2328125 0.12175350468749999 0.221398290625 0.0986634453125 0.21249079375000002 0.0203194125 0.2072397015625 0.009832120312500001 0.1948507515625 0.0031652562500000003 0.18507615625 0.024465210937500002 0.1972493125 0.080560478125 0.199428159375 0.10931447187500001 0.193283671875 0.1458478703125 0.195583565625 0.176199309375 0.21656424687500003 0.23090494687500002 0.22521848125 0.2421875
1 0.1669841203125 0.38661825625 0.1689208734375 0.41217736406250005 0.17581794374999998 0.43747650625 0.19892748437500002 0.4795676609375 0.20915204687500003 0.4828125 0.2171875 0.4828125 0.2171875 0.3598216703125 0.1973486484375 0.327290553125 0.1916357484375 0.2650422265625 0.1863359765625 0.247678309375 0.1769955828125 0.236139409375 0.1699278703125 0.235567246875 0.1646650953125 0.235567246875 0.1554609609375 0.2476926109375 0.1533321 0.259030696875 0.15454257031250002 0.2750051375 0.1729102015625 0.3333826828125 0.1669841203125 0.38661825625
1 0.100389209375 0.35138055625 0.1012718109375 0.3515625 0.1123370171875 0.3515625 0.1171875 0.34805284375 0.1171875 0.2481639609375 0.11239632968749999 0.234849665625 0.090493934375 0.19907877812500002 0.0793807640625 0.12441476250000001 0.07168464218750001 0.1159753625 0.06072546250000001 0.11488618749999999 0.052688010937499995 0.1288572140625 0.0525326046875 0.1576574125 0.06880798125000001 0.204887646875 0.065428015625 0.25943177500000003 0.0682952796875 0.28969080156250004 0.085423278125 0.33208249218749997 0.100389209375 0.35138055625
1 0 0.56875 0.06996062187499999 0.56875 0.06818323125 0.5555791453125 0.050922359375000004 0.5167558328124999 0.030174003124999998 0.495296284375 0.01837675625 0.42244009687500006 0.0073631140624999996 0.40806404687500003 0 0.40754916718749995 0 0.5060698390625 0.0027840375000000002 0.51419001875 0 0.5350334546875 0 0.56875
1 0.6995173171875 0.3765625 0.718177190625 0.3765625 0.728564884375 0.3610003640625 0.7433818109375 0.30768141875 0.7490796234375 0.27276819531249996 0.75 0.24113691718750002 0.75 0.230881903125 0.7485544375 0.210363696875 0.7383309515625001 0.159452309375 0.740284165625 0.1191427 0.75 0.039751685937499996 0.75 0.0338802765625 0.745867625 0.021114615625 0.7274063484375001 0.0076876 0.724945978125 0.0076876 0.7207800953125 0.0117325375 0.7129810046875 0.038407928125000004 0.7117954531249999 0.13278870625 0.7072021890625 0.156558984375 0.6892602625 0.2100052640625 0.6877234640625 0.2182940421875 0.6877234640625 0.351218203125 0.6901219828125 0.3681157640625 0.6995173171875 0.3765625
1 0.8341087187499999 0.3265625 0.85625 0.3265625 0.85625 0.1413061046875 0.8521950734375 0.12679898750000002 0.8518941171875 0.06574242031250001 0.8495380000000001 0.056002017187499996 0.8441764390625 0.05247070625 0.827663 0.055747478125000006 0.826187075 0.1237212171875 0.81086303125 0.1845959703125 0.8086821265624999 0.2248101140625 0.813872596875 0.269272740625 0.825766559375 0.31936364687499996 0.8341087187499999 0.3265625
1 0.401617509375 0.56875 0.415254325 0.67025279375 0.3523859546875 0.892570665625 0.3523859546875 1 0.5609375 1 0.5609375 0.87611594375 0.5390264265625 0.79801433125 0.484016603125 0.6599466015625 0.49406810625 0.56875 0.401617509375 0.56875
1 0.29282394375 0.56875 0.2962555265625 0.6391288453125 0.24651729531250002 0.795819615625 0.24651729531250002 0.9929376718749999 0.24939330625 1 0.33278842656249996 1 0.3335456296875 0.9086740609374999 0.351580184375 0.8283876203125 0.3921875 0.709593075 0.3921875 0.6966548046875001 0.3635681609375 0.6187079343749999 0.3697510421875 0.56875 0.29282394375 0.56875
1 0.2197209921875 0.56875 0.222611621875 0.6041616828125 0.1894646984375 0.751128515625 0.1932025640625 0.8690540328124999 0.2083232234375 0.934065090625 0.237335875 0.9889231203125 0.25349737656250004 0.996875 0.2875 0.996875 0.2875 0.91759175625 0.287428553125 0.9173032609374999 0.281649490625 0.8465068015625 0.2875 0.80879175625 0.2875 0.624525396875 0.284719328125 0.6196196234375 0.2783821109375 0.590075378125 0.276641334375 0.56875 0.2197209921875 0.56875
1 0.1297705125 0.56875 0.131631984375 0.5811997171875001 0.0990921484375 0.6952836875 0.0992805578125 0.80129546875 0.1435850734375 0.9201126625 0.15758460624999998 0.9366340796875001 0.1679638515625 0.9390625 0.1890625 0.9390625 0.1890625 0.8371057609375001 0.1824187703125 0.7855626328125 0.1890625 0.7437193328125 0.1890625 0.56875 0.1297705125 0.56875
1 0.66875 0.56875 0.62026473125 0.56875 0.592698484375 0.655657984375 0.5863695046874999 0.780375490625 0.600663215625 0.8388577265624999 0.637038534375 0.9154329046875 0.6651029359375 0.93125 0.66875 0.93125 0.66875 0.56875
1 0.709835946875 0.56875 0.709375 0.5884465750000001 0.69765625 0.639197546875 0.69375 0.67555898125 0.69453125 0.731064471875 0.709375 0.8120576859374999 0.7180722046875 0.8390625 0.73343230625 0.8390625 0.72890625 0.7830282875 0.73359375 0.7216167890625 0.7484375 0.6776100015625 0.7765625 0.6313632265625 0.7613275093749999 0.56875 0.709835946875 0.56875
1 0.8772025484375 0.56875 0.8723454515625001 0.5851933203125 0.8718745328124999 0.58833329375 0.8718745328124999 0.691275853125 0.878783746875 0.7125572640625 0.8866634828125001 0.7635641515625 0.8900856734375001 0.7671875 0.9043025921875 0.7671875 0.9141284734375 0.7582833109375 0.9287433343749999 0.711908809375 0.9369061359374999 0.67273341875 0.9375 0.6651750578125 0.9375 0.576233690625 0.9360021312499999 0.56875 0.8772025484375 0.56875
0 0.7807051125 0.9546875 0.8329934375000001 0.9546875 0.8510615312500001 0.9392889671875 0.85886061875 0.9133917515625001 0.8711451453125001 0.8947667625 0.88050673125 0.86897880625 0.8894507828125 0.8306362203125 0.8921875 0.7867289562499999 0.8921875 0.7798873015625001 0.8908518109375001 0.7555815906250001 0.8832683750000001 0.720258434375 0.8639190687499999 0.672282953125 0.8258264687500001 0.6362181046875 0.8032106328124999 0.6332449359375 0.7721761078125 0.650558796875 0.7389391875 0.70320738125 0.7297731328125 0.738219584375 0.7297731328125 0.834347028125 0.7387367703125001 0.87159071875 0.7698990609375 0.9440513953125 0.7807051125 0.9546875