1 0.1142043234375 0 0.11586359375 0.017004657812499997 0.1139086359375 0.0841921578125 0.0390042625 0.24405054218750002 0.0378595796875 0.24898872968750002 0.0378595796875 0.5069714640625 0.0389969359375 0.5125732234375 0.041428112499999996 0.51875 0.2485623109375 0.51875 0.2562753640625 0.5031287109375 0.283730425 0.41802628437499995 0.2890625 0.32749350312500003 0.2890625 0.305229871875 0.2825724046875 0.2432081421875 0.22176659999999998 0.07949263281249999 0.223767021875 0.0107426328125 0.226167753125 0 0.1142043234375 0
1 0.5778588828125 0 0.5807596187499999 0.042459042187500004 0.5675956906249999 0.0851138171875 0.5675956906249999 0.1900378734375 0.582707246875 0.2437942203125 0.5915394234375 0.2453125 0.609489259375 0.2453125 0.6219516015625001 0.23640761875 0.623679240625 0.17703261875 0.6375 0.1036041625 0.6375 0.0959365703125 0.615316475 0.03520883125 0.6158588500000001 0 0.5778588828125 0
1 0.6454044124999999 0 0.653125 0.08203125 0.634375 0.16328125 0.6328125 0.23671875 0.659375 0.32734375 0.66796875 0.334375 0.6890625 0.33359375 0.70625 0.32265625 0.715625 0.29296875 0.725 0.24609375 0.7265625 0.18828125 0.71875 0.14609375 0.6921875 0.07734375 0.6921875 0 0.6454044124999999 0
1 0.74325086875 0 0.753125 0.15234375 0.728125 0.23984375 0.7234375 0.30546875 0.7328125 0.36953125 0.753125 0.43515625 0.76796875 0.4546875 0.79375 0.45703125 0.81875 0.43671875 0.8390625 0.34609375 0.8421875 0.27578125 0.834375 0.22578125 0.8015625 0.14296875 0.8044218750000001 0 0.74325086875 0
1 0.9452785328125 0 0.9203125 0.01640625 0.9078125 0.04296875 0.9234375 0.22890625 0.915625 0.27734375 0.8828125 0.38359375 0.8828125 0.49296875 0.888859953125 0.51875 1 0.51875 1 0.2919270828125 0.9890625 0.26171875 0.9828125 0.22890625 0.990625 0.03984375 0.96953125 0.0046875 0.953125 0 0.9452785328125 0
1 0.8941060125 0 0.8984375 0.05703125 0.871875 0.16328125 0.878125 0.25078125 0.89375 0.30234375 0.9015625 0.30859375 0.921875 0.23359375 0.90625 0.04296875 0.9171875 0.01796875 0.93515625 0 0.8941060125 0
1 0.8061360671875001 0 0.803125 0.14453125 0.8359375 0.22109375 0.85 0.15859375 0.85 0.10859375 0.821875 0.01328125 0.8223034281249999 0 0.8061360671875001 0
1 1 0.51875 0.9671875 0.51875 0.9703125 0.56484375 0.9484375 0.64140625 0.946875 0.67890625 0.9671875 0.76484375 0.97890625 0.7734375 0.9984375 0.77265625 1 0.7708705359375 1 0.56796875 1 0.51875
1 0.8441980703125 0.51875 0.85 0.59765625 0.8296875 0.66171875 0.8265625 0.72578125 0.85 0.81796875 0.88125 0.82109375 0.890625 0.81640625 0.9 0.78671875 0.909375 0.73671875 0.9078125 0.69140625 0.88125 0.59296875 0.8843860031249999 0.51875 0.8441980703125 0.51875
1 0.88853693125 0.51875 0.890625 0.55703125 0.884375 0.60078125 0.90625 0.67109375 0.909375 0.71953125 0.9171875 0.72421875 0.9328125 0.68515625 0.9375 0.62578125 0.9171875 0.55546875 0.918498884375 0.51875 0.88853693125 0.51875
1 0.777014159375 0.51875 0.7796875 0.57578125 0.765625 0.63046875 0.7625 0.68671875 0.7765625 0.75234375 0.78515625 0.7625 0.8 0.76484375 0.815625 0.75703125 0.821875 0.73671875 0.8296875 0.63671875 0.809375 0.57109375 0.8111197921875 0.51875 0.777014159375 0.51875
1 0.6936214406250001 0.51875 0.7 0.61953125 0.6796875 0.71328125 0.6765625 0.78515625 0.68125 0.83203125 0.696875 0.88359375 0.71171875 0.89375 0.7328125 0.89296875 0.7453125 0.88671875 0.7578125 0.84765625 0.7703125 0.73984375 0.7625 0.69609375 0.7359375 0.61796875 0.74375 0.54765625 0.742899815625 0.51875 0.6936214406250001 0.51875
1 0.5822150734375 0.51875 0.584375 0.55546875 0.56875 0.61171875 0.571875 0.66953125 0.5828125 0.70703125 0.5953125 0.71328125 0.59375 0.64296875 0.6109375 0.57265625 0.6101329296875 0.51875 0.5822150734375 0.51875
1 0.6091826921875001 0.51875 0.6109375 0.57578125 0.59375 0.64140625 0.59375 0.68203125 0.60625 0.74140625 0.61484375 0.753125 0.625 0.75390625 0.6265625 0.66796875 0.64375 0.58828125 0.6390625 0.56953125 0.6399088546874999 0.51875 0.6091826921875001 0.51875
1 0.6421986609375001 0.51875 0.6453125 0.59140625 0.6265625 0.67265625 0.625 0.71796875 0.6390625 0.79609375 0.65234375 0.809375 0.6703125 0.81015625 0.6765625 0.80546875 0.6796875 0.69921875 0.69375 0.63984375 0.678125 0.59453125 0.6802596828125 0.51875 0.6421986609375001 0.51875
1 0.7428147 0.51875 0.7359375 0.61640625 0.746875 0.65703125 0.7609375 0.68203125 0.771875 0.60078125 0.7578125 0.54609375 0.7596354171874999 0.51875 0.7428147 0.51875