1 0.106277571875 0 0.1267105421875 0.1210391234375 0.1250260265625 0.20062649375000002 0.0625 0.3431339390625 0.0625 0.3796875 0.2997798078125 0.3796875 0.293786659375 0.342536984375 0.22971352656250002 0.1939178140625 0.23458670937499998 0.112567684375 0.255067096875 0 0.106277571875 0
1 0.907702640625 0.3796875 0.909326740625 0.3720440734375 0.9099377656249998 0.3442996703125 0.902486925 0.2976782265625 0.907498353125 0.2511816703125 0.904063709375 0.23985792031250003 0.8999725 0.23827308125000002 0.894688709375 0.24045869843749998 0.8909825999999998 0.24854601562499998 0.8904700265625 0.2993718125 0.884375 0.3282859703125 0.884375 0.3796875 0.907702640625 0.3796875
1 0.880172821875 0.3796875 0.8802083328125001 0.37945601875 0.8802083328125001 0.3590856484375 0.8692708328125001 0.2961226859375 0.8729166671874999 0.2609375 0.8723958328125001 0.2470486109375 0.86953125 0.2382523140625 0.8611979171874999 0.23547453749999997 0.8580729171874999 0.2373263890625 0.8541666671874999 0.2470486109375 0.85625 0.3035300921875 0.8484375 0.339641203125 0.8458333328125001 0.3692708328125 0.8470052078125001 0.3796875 0.880172821875 0.3796875
1 0.838812934375 0.3796875 0.8375 0.35167824062499997 0.8276041671875 0.3109375 0.8307291671874999 0.24797453749999998 0.8268229171874999 0.2373263890625 0.8221354171874999 0.23454861093749999 0.8143229171874999 0.2373263890625 0.8098958328125001 0.24890046250000003 0.8114583328125 0.3026041671875 0.8026041671874999 0.34241898125 0.8017306859375001 0.3796875 0.838812934375 0.3796875
1 0.7958531484375 0.3796875 0.7947916671874999 0.3507523140625 0.7848958328125001 0.3063078703125 0.7875 0.24519675937500002 0.78359375 0.23547453749999997 0.7794270828125001 0.232696759375 0.77109375 0.23547453749999997 0.7666666671875 0.2461226859375 0.76875 0.31649305625 0.7567708328125 0.36741898125 0.7567708328125 0.3796875 0.7958531484375 0.3796875
1 0.74716796875 0.3796875 0.746875 0.3609375 0.7369791671874999 0.3063078703125 0.7401041671874999 0.2461226859375 0.7372395828125 0.2373263890625 0.73203125 0.2336226859375 0.7247395828125001 0.23547453749999997 0.7203125 0.24797453749999998 0.7229166671874999 0.3100115734375 0.7151041671874999 0.339641203125 0.7109375 0.3711226859375 0.711813446875 0.3796875 0.74716796875 0.3796875
1 0.7070112171874999 0.3796875 0.7083333328125001 0.37204861093749997 0.7072916671874999 0.345196759375 0.6973958328125001 0.295196759375 0.7010416671874999 0.2461226859375 0.69765625 0.2373263890625 0.69296875 0.23454861093749999 0.6846354171875 0.2382523140625 0.6828125 0.24519675937500002 0.6838541671874999 0.30538194375 0.6744791671874999 0.35538194375 0.6758130078125 0.3796875 0.7070112171874999 0.3796875
1 0.671235040625 0.3796875 0.6734375 0.36741898125 0.6723958328125 0.3368634265625 0.6640625 0.295196759375 0.6666666671874999 0.24797453749999998 0.66484375 0.23917824062499998 0.6596354171875 0.23547453749999997 0.6533854171875 0.2373263890625 0.6505208328125001 0.24519675937500002 0.6515625 0.3026041671875 0.6432291671874999 0.3405671296875 0.6421875 0.35538194375 0.643844696875 0.3796875 0.671235040625 0.3796875
1 0.12102087343750001 0.607931653125 0.12069605000000001 0.5904058140625 0.12817546562499998 0.5215869062499999 0.12964688124999998 0.48547579531250007 0.123947628125 0.46598559531249995 0.113832790625 0.45924571875 0.10706195624999999 0.4596796140625 0.097385128125 0.46768779687500006 0.0900635484375 0.48801241093750003 0.088780775 0.5194938921875 0.09180085 0.5728638328125 0.090065334375 0.615456425 0.078125 0.6622534390625 0.078125 0.8562427875 0.080666078125 0.8609375 0.111998003125 0.8609375 0.11678969218749999 0.8520089578124999 0.133161003125 0.7816967218750001 0.138142071875 0.7231965062500001 0.1338916859375 0.6745229515625001 0.1241688671875 0.6326646421875 0.12102087343750001 0.607931653125
1 0 0.824112646875 0.0010416671875 0.8364583328125 0.0161458328125 0.9170138890625001 0.0231770828125 0.93414351875 0.0471354171875 0.937847221875 0.05703125 0.9332175921874999 0.0614583328125 0.9262731484375 0.0723958328125 0.875347221875 0.0802083328125 0.8262731484374999 0.08125 0.77164351875 0.0760416671875 0.724421296875 0.058854167187499994 0.653125 0.056770832812500005 0.6309027781250001 0.058854167187499994 0.575347221875 0.06302083281250001 0.537384259375 0.0625 0.49756944374999995 0.058854167187499994 0.4855324078125 0.0481770828125 0.47118055625000005 0.0388020828125 0.46747685156249996 0.0346354171875 0.46932870312499997 0.02421875 0.47858796249999996 0.0171875 0.49942129687500003 0.0171875 0.537384259375 0.0234375 0.6179398140625001 0.0223958328125 0.64664351875 0.0046875 0.72164351875 0 0.7549768515624999 0 0.824112646875
1 0.9299110875000001 1 0.929884728125 0.9903764359375 0.9023955625 0.9034812375 0.9129973124999999 0.7520853125 0.8945777265625001 0.7303964546875 0.857250615625 0.7327884843750001 0.8286660000000001 0.7381676265625 0.8107750906250001 0.7586360109375001 0.804617784375 0.909747121875 0.7796875 0.9753357671875001 0.7796875 1 0.9299110875000001 1
1 0.777378759375 1 0.796079021875 0.8851674203125001 0.7694167828125 0.8015865578125 0.770972221875 0.683159721875 0.7376388890625 0.63649305625 0.68430555625 0.63649305625 0.66430555625 0.66538194375 0.67319444375 0.7942708328125 0.6465277781250001 0.9276041671874999 0.6579586984375 1 0.777378759375 1
1 1 1 1 0.6362258015625001 0.9731944437500001 0.63649305625 0.9376388890625 0.64538194375 0.9220833328125 0.6742708328125 0.9365001781250001 0.7784684640625 0.9131944437499999 0.8342708328124999 0.9131944437499999 0.9098263890624999 0.935737846875 1 1 1
1 0.4376388890625 0.81649305625 0.47319444375 0.838715278125 0.526527778125 0.8298263890625 0.54875 0.718715278125 0.5176388890625 0.6209374999999999 0.5220833328125 0.523159721875 0.4976388890625 0.49427083281249995 0.4620833328125 0.49427083281249995 0.4376388890625 0.5142708328125 0.446527778125 0.6298263890625 0.42430555625000005 0.69649305625 0.4376388890625 0.81649305625
1 0.5398611109375 0.8876041671875001 0.5798611109375 0.9320486109375 0.6420833328125 0.9231597218750001 0.6698777781249999 0.8015865578125 0.6645454140625 0.760685309375 0.641438084375 0.6984442515625 0.6503254984375 0.59530194375 0.6220833328125 0.5609375 0.590972221875 0.5520486109375 0.55319444375 0.5809375 0.5576388890625 0.7098263890625001 0.530972221875 0.81649305625 0.5398611109375 0.8876041671875001
1 0.766527778125 0.8031597218750001 0.790746653125 0.8513793890624999 0.806527778125 0.8964930562500001 0.806527778125 0.7542708328125001 0.8643055562499999 0.718715278125 0.86875 0.6076041671875 0.858290915625 0.575740428125 0.8354166671875 0.5698263890625 0.7865277781250001 0.578715278125 0.770972221875 0.603159721875 0.78430555625 0.718715278125 0.766527778125 0.8031597218750001
1 0.6820833328125 0.6342708328125 0.7398611109375001 0.6387152781250001 0.7576388890625 0.6342708328125 0.7620833328125001 0.5276041671875 0.7420833328125 0.503159721875 0.7020833328125 0.498715278125 0.6776388890625 0.523159721875 0.6820833328125 0.6342708328125
1 0.8731944437500001 0.718715278125 0.91694789375 0.7251189890624999 0.9265277781249999 0.65649305625 0.9754166671875 0.62538194375 0.9898246578125001 0.5206126640625 0.946527778125 0.49427083281249995 0.9154166671875 0.49427083281249995 0.890972221875 0.5320486109375 0.8998611109375 0.62538194375 0.8731944437500001 0.718715278125
0 0.409375 1 0.4437438734375 1 0.466527778125 0.983159721875 0.4754166671875 0.9698263890625001 0.4998611109375 0.9631597218749999 0.4954166671875 0.9587152781250001 0.4998611109375 0.9231597218750001 0.4954166671875 0.9142708328125 0.466527778125 0.8898263890625 0.430972221875 0.87649305625 0.409375 0.87649305625 0.409375 1