1 0.1142700703125 0 0.1167891703125 0.05869649375 0.0534202671875 0.22549667499999998 0.046875 0.286900959375 0.046875 0.318942946875 0.0511707015625 0.39762634218750004 0.079842521875 0.487169003125 0.11613261718750001 0.559375 0.263207640625 0.559375 0.29543115468750003 0.47682045781250004 0.30106671875 0.4489389703125 0.30106671875 0.23007185312499998 0.29535319375 0.204690790625 0.2214766703125 0.054430803125 0.221256696875 0 0.1142700703125 0
1 0.8362748124999999 0.559375 0.8362748124999999 0.510807034375 0.816525265625 0.4398394625 0.8178130484375 0.3271802953125 0.8115172625 0.3086690453125 0.7995722265625 0.299424325 0.7911077828125 0.30533005 0.78255981875 0.324446134375 0.791525265625 0.440858134375 0.7765625 0.5244292765624999 0.7765625 0.559375 0.8362748124999999 0.559375
0 0.7556640625 0.559375 0.75625 0.5302083328125 0.74921875 0.496875 0.731640625 0.46840277812500003 0.714453125 0.45729166718750003 0.699609375 0.45729166718750003 0.675390625 0.47951388906250003 0.66640625 0.4954861109375 0.6578125 0.52743055625 0.65703125 0.5579861109375 0.657271634375 0.559375 0.7556640625 0.559375
1 0.22667828281250002 1 0.223013578125 0.988103753125 0.2203914640625 0.9650404953125001 0.22327227343749997 0.8648282703125 0.21532149375 0.8480063640625 0.2069019546875 0.84464221875 0.19657149375 0.8487703671875 0.1838397984375 0.8729226515625002 0.1834015625 0.8988910203125 0.1878447890625 0.9330017234374999 0.189008553125 0.9830017234374999 0.1855002015625 1 0.22667828281250002 1
1 0.3196587453125 1 0.3135416671875 0.9739004625 0.3135416671875 0.9239004625 0.3171875 0.8914930562500001 0.3166666671875 0.8711226859375 0.3106770828125 0.85491898125 0.3033854171875 0.8493634265625 0.29244791718749996 0.8493634265625 0.28567708281250004 0.85399305625 0.2791666671875 0.8711226859375 0.2838541671875 0.9729745375000001 0.277266709375 1 0.3196587453125 1
1 0.2713791234375 1 0.26614583281250004 0.9785300921874999 0.2692708328125 0.8739004625 0.2638020828125 0.8586226859374999 0.25390625 0.852141203125 0.23828125 0.8567708328125001 0.23125 0.8757523140625001 0.2364583328125 0.9609375 0.2359375 0.97945601875 0.23153521875 1 0.2713791234375 1
1 0.374708890625 1 0.36770833281250004 0.96649305625 0.3697916671875 0.8618634265624999 0.36484375 0.8493634265625 0.3533854171875 0.8438078703125 0.34036458281250004 0.8484375 0.334375 0.8609375 0.3333333328125 0.87945601875 0.33645833281250004 0.9155671296874999 0.3375 0.96649305625 0.329767628125 1 0.374708890625 1
1 0.1777473953125 1 0.171875 0.9739004625 0.1729166671875 0.9220486109374999 0.1765625 0.8914930562500001 0.1765625 0.8729745375 0.1721354171875 0.8558449078125001 0.1611979171875 0.8475115734375 0.1466145828125 0.852141203125 0.14010416718750002 0.8692708328125001 0.140625 0.90445601875 0.1432291671875 0.9229745375 0.1432291671875 0.9711226859375 0.1361410984375 1 0.1777473953125 1
1 0.12186912968750001 1 0.1177083328125 0.98038194375 0.1171875 0.95538194375 0.121875 0.8748263890625001 0.1169270828125 0.8586226859374999 0.10755208281249999 0.851215278125 0.0934895828125 0.85399305625 0.0875 0.863715278125 0.0848958328125 0.8748263890625001 0.0848958328125 0.8989004625 0.08854166718749999 0.9303819437499999 0.0890625 0.9739004625 0.0855451796875 1 0.12186912968750001 1
1 0.0835323453125 1 0.0760416671875 0.9609375 0.0765625 0.91741898125 0.0802083328125 0.8859375 0.0802083328125 0.8618634265624999 0.078125 0.8526041671875 0.07109375 0.8428819437499999 0.05859375 0.8410300921874999 0.05338541718749999 0.8438078703125 0.0463541671875 0.8609375 0.0463541671875 0.89241898125 0.0494791671875 0.91741898125 0.05 0.945196759375 0.0484375 0.96649305625 0.0417290125 1 0.0835323453125 1
1 0 1 0.029745457812499997 1 0.0265625 0.9877893515625 0.0229166671875 0.9600115734374999 0.0244791671875 0.9211226859374999 0.028125 0.8914930562500001 0.028125 0.8683449078125001 0.025520832812499998 0.858159721875 0.017447917187500002 0.8475115734375 0.0028645828125 0.8475115734375 0 0.8512756625 0 1
1 0.8109375 0.559375 0.8109375 0.5782083890624999 0.8147520562499999 0.6029948203125001 0.8243156078125 0.6443113171875 0.830015340625 0.6484375 0.8534837578125 0.6484375 0.855597934375 0.6444268671875 0.8661529218750001 0.5939493640625 0.8695852531250001 0.559375 0.8109375 0.559375