1 0.43944621875 0 0.43542994375 0.0324749859375 0.44053000156250005 0.089419740625 0.44542178750000005 0.112535540625 0.4580358953125 0.1546808796875 0.4625228703125 0.159375 0.4823135234375 0.159375 0.4823135234375 0 0.43944621875 0
1 0.357335840625 0 0.3546875 0.010600525 0.3546875 0.1610880015625 0.356536065625 0.170646821875 0.3626051296875 0.1763383546875 0.36672569374999997 0.1765625 0.3878452515625 0.1765625 0.39330005 0.1723488125 0.405356134375 0.1187737140625 0.409928628125 0.077578028125 0.406224009375 0.0266134828125 0.3999127265625 0 0.357335840625 0
1 0.291864825 0 0.2875 0.014402771875000001 0.2875 0.1237607109375 0.3062627140625 0.1273916078125 0.3223642859375 0.1453125 0.3233955140625 0.1453125 0.3290491828125 0.1432589015625 0.33712205625 0.083832578125 0.335480275 0.051289990625000004 0.322735584375 0 0.291864825 0
1 0.265625 0 0.265625 0.0135363453125 0.281754203125 0.0734375 0.2839814328125 0.0734375 0.3002630984375 0 0.265625 0
1 0.235095659375 0 0.23532554218750001 0.004578909375000001 0.221875 0.0711348046875 0.221875 0.160435903125 0.2302813484375 0.20006110625 0.2351445828125 0.209375 0.2373173890625 0.209375 0.2555451109375 0.1554517421875 0.2818940828125 0.125772853125 0.2846774421875 0.11743272499999999 0.281004809375 0.0771636234375 0.2641639671875 0.0170780265625 0.261564753125 0 0.235095659375 0
1 0.1890625 0 0.1890625 0.1890625 0.1985192390625 0.1890625 0.20035350625 0.1870675484375 0.196030340625 0.143637928125 0.19806291250000002 0.0994597765625 0.20262715 0.0724627578125 0.22140674531250001 0.0062672015625 0.22121153124999998 0 0.1890625 0
1 0.1362925875 0 0.136329646875 0.0007049625 0.121875 0.07696421249999999 0.121875 0.113968609375 0.12213654375 0.12239494531249999 0.127200859375 0.15518846875 0.1354203203125 0.19084606875000001 0.1433204921875 0.209375 0.16919713281249998 0.209375 0.1711405296875 0.208852390625 0.1753545046875 0.20210396562500002 0.18395201875 0.14632260625 0.18395201875 0.0730261375 0.164454646875 0.0031655812499999996 0.1640403359375 0 0.1362925875 0
1 0.09375 0 0.09375 0.18125 0.0989135171875 0.18125 0.0998252640625 0.18012852968749998 0.0958193109375 0.1340427046875 0.0987388703125 0.0887605515625 0.1222295265625 0.0008257499999999999 0.12226228125000001 0 0.09375 0
1 0.04125470625 0 0.041253374999999995 0.00019966406250000003 0.028125 0.0659861578125 0.028125 0.127333553125 0.031353545312499995 0.14930884687499998 0.0406482125 0.1893642875 0.046916525 0.2015625 0.07579695 0.2015625 0.0790877328125 0.19798620312499998 0.0892532546875 0.14009758125 0.0892532546875 0.0802706984375 0.08597561249999999 0.05539006875 0.06931666875 0 0.04125470625 0
0 0.3612000375 0.2349586 0.3618453875 0.19219885 0.35497263437500004 0.1675374546875 0.33483561093750003 0.1369675 0.3130851484375 0.12388232343750001 0.29033831875 0.12504585 0.26379848125 0.14692112968749999 0.24469184687499998 0.17985449375 0.2421875 0.18931260625 0.2421875 0.294057065625 0.2459713765625 0.3068565875 0.26716138749999996 0.333545075 0.2838477765625 0.3390625 0.286322746875 0.3390625 0.3127456234375 0.3299226875 0.3328543046875 0.3106017171875 0.3489831375 0.286722075 0.3612000375 0.2349586
1 0.7323276203125 0 0.7335555484375 0.0525395953125 0.741821334375 0.099461428125 0.7525806609375 0.13784966875 0.7607473203125 0.15756300781250002 0.763200684375 0.159375 0.7794787453125 0.159375 0.7794787453125 0 0.7323276203125 0
0 0.8671875 0 0.8671875 0.1039500328125 0.8739451078125 0.1158977671875 0.895666884375 0.125 0.9241521828125 0.125 0.9454037156249999 0.0983698515625 0.9596105109374999 0.0737348390625 0.9637806125000001 0.041927096875 0.9739739671875001 0.013443934375 0.9741805171875001 0 0.8671875 0
1 0.2440091296875 0.5 0.2570019328125 0.5539885874999999 0.2575274453125 0.6125 0.27653878125000003 0.6125 0.27653878125000003 0.5 0.2440091296875 0.5
1 0.1206726953125 0.5 0.12129826562499998 0.5287070593750001 0.1109375 0.5612544093749999 0.1109375 0.61875 0.153648921875 0.61875 0.162353825 0.6183035453125 0.1610105859375 0.580085575 0.146874946875 0.5247777625000001 0.1488258703125 0.5 0.1206726953125 0.5
1 0.0109893953125 0.5 0.0109059265625 0.50704360625 0.003125 0.5307236015625 0.003125 0.6328125 0.039338899999999996 0.6328125 0.0456579015625 0.6227844625 0.047819128125 0.57273005625 0.0350778234375 0.5060228375 0.035780821875 0.5 0.0109893953125 0.5
1 0.061503378124999994 0.5 0.059375 0.509896215625 0.059375 0.5375754781250001 0.0651843046875 0.569321471875 0.06716401875 0.6265625 0.101335440625 0.6265625 0.104853940625 0.6035529671875001 0.104853940625 0.5418159421875 0.0933012015625 0.5 0.061503378124999994 0.5
1 0.096875 0.5 0.096875 0.566749071875 0.1130177625 0.522948290625 0.11315089375000001 0.5 0.096875 0.5
1 0.1699797296875 0.5 0.170239778125 0.5033255515625 0.1625 0.5394657234375 0.1625 0.55908319375 0.1757435 0.61875 0.1899718 0.61875 0.206672915625 0.6156596171875 0.206672915625 0.547387375 0.19494033125000002 0.5 0.1699797296875 0.5
1 0.1984375 0.5 0.1984375 0.6171875 0.2147634109375 0.6171875 0.2229778375 0.587787734375 0.22636711250000002 0.5338343578125 0.221217809375 0.5 0.1984375 0.5
2 0 0.7219206515625001 0.1471191125 0.708664659375 0.4836311359375 0.6906142921875 0.5327506265624999 0.6949016875 0.5424777671875 0.679952178125 0.54920375 0.6219677109375 0.32260908593750004 0.62000000625 0.18931836562499998 0.62000000625 0 0.6386025156249999 0 0.7219206515625001
1 0.659375 1 0.748905475 1 0.80265291875 0.9462790328124999 0.833912390625 0.9050493968750001 0.833912390625 0.6720595609375 0.77466409375 0.6183542937500001 0.6874824796875 0.55564234375 0.659375 0.5297593593750001 0.659375 1