1 0.1253194328125 0.5046875 0.12982253593749998 0.500289809375 0.134375 0.47948856875 0.134375 0.30678920781249996 0.1132730484375 0.247231184375 0.11286017968749999 0.11462273281249999 0.10129544531250001 0.0910651359375 0.084819909375 0.0847732234375 0.07262062500000001 0.0915711015625 0.0642605375 0.11604220312499999 0.07782197656249999 0.23453092187500002 0.057755734375 0.32383065 0.056787348437499996 0.39192167499999997 0.08489771562500001 0.50003891875 0.0906017703125 0.5046875 0.1253194328125 0.5046875
1 0.1603392828125 0.4765625 0.1839028265625 0.4765625 0.18603917812499998 0.47633572500000004 0.196210953125 0.46831482187500006 0.21409279531249997 0.3971627734375 0.215625 0.33133308906250003 0.215625 0.314514778125 0.194336521875 0.2270980265625 0.2031201765625 0.1178414203125 0.194239021875 0.09722448593750001 0.186590746875 0.0948721640625 0.17708328906249998 0.0948721640625 0.1621278359375 0.10941472968749999 0.157991346875 0.1262602078125 0.16291475 0.2364806921875 0.1407781296875 0.31056309843749996 0.1407781296875 0.407378140625 0.153668009375 0.4728833640625 0.1603392828125 0.4765625
1 0.2357827359375 0.45625 0.259377690625 0.45625 0.2672044734375 0.4537333921875 0.2706247390625 0.4434948625 0.28484264375 0.3840905578125 0.2875 0.3529794578125 0.2875 0.330465740625 0.2825805578125 0.290140103125 0.2666910921875 0.235298746875 0.273662165625 0.12448852656250001 0.2647434859375 0.1090786546875 0.25110085312499997 0.1057887015625 0.2421898 0.11157835468749999 0.23355479843750002 0.1293424453125 0.23799477656249998 0.23429026875 0.2223597453125 0.288674090625 0.2223597453125 0.4161302125 0.2304100015625 0.4520388171875 0.2357827359375 0.45625
1 0.061488001562500005 0.2438363296875 0.065625 0.23814248125 0.065625 0.2125401875 0.061390503124999996 0.1135987546875 0.0513046171875 0.11676471562499999 0.0427716546875 0.1338665765625 0.046402115625000004 0.24674025 0.028568475 0.3110532875 0.028568475 0.411676696875 0.0388471578125 0.45625 0.0469223921875 0.45625 0.037880765625 0.39776972499999996 0.039126121874999996 0.3442641890625 0.0623515125 0.26050700625 0.061488001562500005 0.2438363296875
1 0.6898277671875 0 0.6899349 0.0160894671875 0.6774646140625 0.0596225265625 0.6763129921875001 0.07198164375 0.6763129921875001 0.1427806609375 0.680799965625 0.1816219140625 0.6906020203125001 0.19375 0.6976127484375001 0.19375 0.7032380296875 0.1931987421875 0.7096092453125 0.1859996296875 0.7162713765625 0.1621338515625 0.721875 0.1179900515625 0.721875 0.06611088125 0.7212146140625 0.057839850000000005 0.71102865 0.0152299625 0.7120595546875 0 0.6898277671875 0
1 0 0.55 0 0.6078125 0.008388371875 0.6078125 0.0147978703125 0.6058489390624999 0.015625 0.6036295328125 0.015625 0.59563893125 0.0063800921875 0.554151590625 0.0066042390625 0.55 0 0.55
1 0.032815340625 0.55 0.032839753124999996 0.551067878125 0.023849371875 0.5928017359375 0.023849371875 0.60978823125 0.0413210875 0.62622016875 0.0533076265625 0.6578125 0.053790696875 0.6578125 0.05625 0.6426683375 0.05625 0.5916664390624999 0.056160428124999995 0.5901704203125 0.04948841875 0.5690862890624999 0.047369203124999995 0.5524953984375001 0.047551240625000005 0.55 0.032815340625 0.55
1 0.0477135453125 0.55 0.047492934375000004 0.553838796875 0.050165359374999996 0.573447015625 0.0560058875 0.59136715625 0.056903906250000004 0.6424022671875 0.05302461562500001 0.6746458984375 0.05378909375 0.684375 0.060013576562500004 0.684375 0.06285579687500001 0.6779422953124999 0.06758279218749999 0.6540865874999999 0.0703125 0.6208465984375 0.0703125 0.602486828125 0.06726665468750001 0.578051478125 0.061160020312499994 0.55 0.0477135453125 0.55
1 0.0875158625 0.55 0.0876890625 0.556018515625 0.0769252796875 0.6000208328125 0.0769252796875 0.6450757406250001 0.08384770625 0.6865740703125 0.0860556421875 0.690625 0.1017516625 0.690625 0.10634050937499999 0.681018515625 0.1137255046875 0.6458333296875 0.1140625 0.6350233937499999 0.1140625 0.6038653984375 0.10336254687499999 0.5532407375 0.103494028125 0.55 0.0875158625 0.55
1 0.1439915703125 0.55 0.14375 0.5527199078125 0.1348958328125 0.591608796875 0.134375 0.6249421296875 0.1442708328125 0.6823495375 0.14765625 0.6855902781250001 0.1598958328125 0.6851273140625 0.1640625 0.679571759375 0.1682291671875 0.654571759375 0.1708333328125 0.6304976859375 0.1708333328125 0.604571759375 0.1682291671875 0.5823495375000001 0.1599107140625 0.55 0.1439915703125 0.55
0 0 0.7425347234374999 0.01015625 0.7494791671875001 0.0239583328125 0.7499421296875 0.0419270828125 0.736516203125 0.052604167187499995 0.7156828703125 0.058333332812500006 0.6832754624999999 0.056770832812500005 0.6582754625 0.051041667187499994 0.63883101875 0.0377604171875 0.617071759375 0.02109375 0.6087384265625 0.0044270828125 0.611516203125 0 0.6154513890625 0 0.7425347234374999
1 0.6944346078125 0.8375216562500001 0.6953125 0.812382153125 0.6953125 0.8115119578125001 0.6904047234374999 0.7965407875 0.6786195625 0.7914733421875 0.6727610593750001 0.795410496875 0.6680591359375001 0.8034612531249999 0.665625 0.81323410625 0.665625 0.8409160312499999 0.666909065625 0.895968959375 0.665625 0.9045281578125 0.665625 0.93125 0.69059444375 0.93125 0.6892044078125 0.8830405812500001 0.6944346078125 0.8375216562500001
2 1 1 1 0.9340835125 0.6307829390624999 0.9340835125 0.630377228125 0.93442988125 0.629141884375 0.9340835125 0.5852434093750001 0.9340835125 0.566754553125 0.9357228796874999 0.5620452031250001 0.9340835125 0.5073156859375001 0.9340835125 0.46122218749999994 0.9356931328125 0.45816652187500007 0.9455517640625001 0.4622169234375 0.9918480593750001 0.4632713234375 1 1 1