1 0.459375 0.2319887484375 0.44916518749999995 0.1995875046875 0.4417223375 0.1995875046875 0.42815417968749997 0.2034468390625 0.40694121250000004 0.270338234375 0.4120201484375 0.3275393609375 0.4113711515625 0.3829515328125 0.401012440625 0.4078817578125 0.378125 0.44821916406250006 0.378125 0.6344155781249999 0.383208753125 0.6555718265625 0.446789953125 0.675 0.4551209625 0.675 0.459375 0.6676634531250001 0.459375 0.2319887484375
1 0.357513396875 0.2516605203125 0.3493470609375 0.2281611453125 0.340388915625 0.222272771875 0.33005488125000004 0.222272771875 0.32069375624999996 0.224977071875 0.3088600890625 0.24754493437499997 0.30689816875 0.3806191421875 0.2890625 0.4279503328125 0.2890625 0.637241309375 0.2945144109375 0.6408249640625 0.3119584703125 0.6421875 0.32513322499999997 0.6421875 0.332304490625 0.6370364984375 0.3616627046875 0.5311316015624999 0.363216809375 0.4775678484375 0.34286510468750003 0.3637991109375 0.357513396875 0.2516605203125
1 0.2270787453125 0.24069377812499998 0.2160959625 0.26202057968750003 0.2140973421875 0.3708039453125 0.2015625 0.4079499375 0.2015625 0.61875 0.22251818124999997 0.61875 0.23064279999999998 0.6139391171875 0.259302578125 0.515905871875 0.2603060203125 0.4532188796875 0.24478811406249998 0.3778203875 0.2606765421875 0.2670320109375 0.25818480625 0.25047048125 0.2424981671875 0.23498418281250003 0.2270787453125 0.24069377812499998
1 0.1868708640625 0.3748973953125 0.1894726765625 0.26933828437499996 0.1805313109375 0.252236421875 0.1715235125 0.247159934375 0.157945378125 0.25157057968749996 0.149300809375 0.26774455937499997 0.1582927296875 0.38009415468749996 0.1412144546875 0.4438729375 0.140625 0.45161723593750003 0.140625 0.5091110890625 0.1426673796875 0.5288748062499999 0.1579172390625 0.5872603 0.1629996484375 0.596875 0.19333805937499998 0.596875 0.198260971875 0.5925440625 0.2002592796875 0.5826708968750001 0.2002592796875 0.417890934375 0.1868708640625 0.3748973953125
1 0.39555590625 0.5 0.39555590625 0.43134490000000003 0.3926674140625 0.41817524375000004 0.38647031875 0.398137925 0.3834246703125 0.368300203125 0.38353047500000004 0.328662078125 0.3836362765625 0.289023953125 0.3767444765625 0.25905191875 0.36032728281250004 0.2558231984375 0.35920464218750003 0.2558231984375 0.3578125 0.2646821203125 0.3578125 0.3659891015625 0.3591193734375 0.3773618984375 0.363095665625 0.39307432656249996 0.36995657187500003 0.40888748750000004 0.375855940625 0.4246670703125 0.38099225625 0.44325156562499995 0.38722025000000004 0.47744775468749995 0.394836834375 0.5 0.39555590625 0.5
1 0.3925279046875 0.5984096453125 0.3953125 0.58817371875 0.3953125 0.5376234296875 0.3930990328125 0.5517088718750001 0.3848355984375 0.5981410234375 0.390834209375 0.6153398515624999 0.3925279046875 0.5984096453125
1 0.5935838078125 0 0.5966531578125001 0.0519066015625 0.5902378328125 0.0975843609375 0.5859375 0.1214879359375 0.5859375 0.22102915625000003 0.592263696875 0.2777553015625 0.60374375625 0.2840925796875 0.6159007578125 0.2875 0.6164741921875 0.2875 0.6337945640625 0.28062718124999997 0.6381468703125 0.2295238 0.6375087046875001 0.1825273046875 0.6378463421875 0.11535277656250001 0.6256909640625 0.05127683125 0.630755696875 0.0048888078125 0.630608553125 0 0.5935838078125 0
1 0.646202415625 0 0.6502050015625 0.045150759375 0.64217689375 0.0931609375 0.640625 0.153005790625 0.640625 0.15893767812499998 0.641545140625 0.20794249374999998 0.64870676875 0.251822053125 0.6597735578125 0.2636979890625 0.6706028359375 0.2640625 0.679243840625 0.2640625 0.6850914578125 0.259223475 0.69073265625 0.24088320156249998 0.6934859484375 0.209157278125 0.6937223125 0.2025726046875 0.6937223125 0.1362280328125 0.68905189375 0.09643875625000001 0.6783623234375 0.0498952296875 0.6812403078125 0 0.646202415625 0
1 0.69679389375 0 0.69622379375 0.019593053125000003 0.6890625 0.05161941875 0.6890625 0.2340247453125 0.69839195 0.2409771 0.70609620625 0.2421875 0.7239407703125 0.2421875 0.7307754125000001 0.21568740156250002 0.73631120625 0.16494548281250002 0.7370441265625 0.104878684375 0.7286859921875 0.0606347296875 0.7249753703125 0.031367650000000004 0.72182998125 0.00036179375 0.7218978171874999 0 0.69679389375 0
1 0.7429713281250001 0 0.7421875 0.002989709375 0.7421875 0.215625 0.7564190249999999 0.215625 0.7583824453125001 0.21538085625 0.76891235 0.2012523640625 0.7800537000000001 0.1530415140625 0.7853817828125 0.09620623125 0.7844938046875 0.068319290625 0.7734156359375 0.010719875 0.768806903125 0 0.7429713281250001 0
1 0.534375 0 0.534375 0.2544025609375 0.5385420890625 0.2546875 0.5499170859375 0.2546875 0.5534317625 0.25435122187500003 0.556744978125 0.2466805140625 0.5571537203125 0.189781521875 0.567495990625 0.0841986953125 0.5608734828124999 0.0273815203125 0.5647573515625 0 0.534375 0
1 0.49277641406250006 0 0.49856961718750004 0.051003640625 0.4890625 0.11353368593749999 0.4890625 0.1938481578125 0.49239912031250005 0.22118506875000002 0.5029982140625 0.263790246875 0.5102114921875 0.2765625 0.536893090625 0.2765625 0.5375182109375001 0.2759243734375 0.5375182109375001 0.09627791249999999 0.52519680625 0.0510004484375 0.5259628109375 0 0.49277641406250006 0
0 0.9224368312500001 0.5543916421875 0.9224368312500001 0.44300747500000004 0.9188026593749999 0.42879773749999994 0.9021643203124998 0.39704302187499996 0.8749771265625 0.37400855 0.855571896875 0.37400855 0.8390858828125 0.3754433109375 0.8178864406249999 0.395485471875 0.8074766765625 0.41936815781250003 0.803125 0.44366273281249996 0.803125 0.4880741984375 0.80373466875 0.49959633124999997 0.8163146484375 0.545757046875 0.8326616250000001 0.57334509375 0.8538439234374999 0.5976382515625 0.8625543953125 0.6015625 0.8831843796874999 0.6015625 0.8969097953125 0.6005276421875 0.9224368312500001 0.5543916421875
1 0.0747364390625 1 0.0818947 0.9050178499999999 0.069460140625 0.8874020437500001 0.06598253281250001 0.8874020437500001 0.0432846625 0.901866140625 0.0432846625 0.9946496453125 0.0415778390625 1 0.0747364390625 1
1 0.3239135640625 1 0.3287738890625 0.9433627921875001 0.318093628125 0.9256360671875001 0.3010935859375 0.9396925828124999 0.30126061718749997 1 0.3239135640625 1
1 0.284635459375 1 0.29101875 0.9445548296874999 0.279713728125 0.92407975 0.262491271875 0.9373635953124999 0.2628495234375 1 0.284635459375 1
1 0.2496807265625 1 0.24913441718749998 0.9971338484375 0.24841092812499999 0.915543925 0.230436209375 0.9035678859375 0.2139019734375 0.922519684375 0.22080222031250002 1 0.2496807265625 1
1 0.1761577640625 1 0.1887717796875 0.91093208125 0.1764134578125 0.8837638453125001 0.1428598015625 0.9046763296875 0.13965963125 1 0.1761577640625 1
1 0.142909128125 1 0.14221944687500002 0.9085393312499999 0.121058896875 0.9214259296874999 0.1215087296875 0.9987455171875 0.12114016718750001 1 0.142909128125 1
1 0.2053054828125 1 0.2025784984375 0.9905809187500001 0.2057293734375 0.936887028125 0.18751306406249998 0.9234375 0.1874525921875 0.9234375 0.1859375 0.9812850765625001 0.1859375 1 0.2053054828125 1
1 0.8714428453124998 0.8 0.871875 0.8115594140625 0.8640625 0.8470327953125001 0.86484375 0.874874346875 0.8708859656249999 0.90625 0.8753804281249999 0.90625 0.88359375 0.904182675 0.8890625 0.8726846390624999 0.8890625 0.85185130625 0.88125 0.8095469109375 0.8821155812499999 0.8 0.8714428453124998 0.8
1 0.9052207296875 0.8 0.9057640499999999 0.8193025109375001 0.8984375 0.8604166203125001 0.8984375 0.8722237281249999 0.9003705921874999 0.8924765796875 0.9062272796874999 0.9140625 0.9189757343749999 0.9140625 0.9259740687499999 0.8790016046875 0.9249180796874998 0.8553358624999999 0.9174504765624999 0.8173441890625 0.9179227749999999 0.8 0.9052207296875 0.8
1 0.9368590640625001 0.8 0.9374948312499999 0.8154453421875001 0.934375 0.8297474984375001 0.934375 0.921701578125 0.9367238078125 0.9234375 0.9462332625000001 0.9234375 0.9493687656249999 0.91763475 0.9573851156250001 0.8692783500000001 0.9501209859374999 0.8285639249999999 0.95259565625 0.8 0.9368590640625001 0.8
1 0.9793504531250001 0.8 0.9789428453125 0.8013918015625 0.9772470906249999 0.814997203125 0.9772243359375 0.8306505296875001 0.9756501437499999 0.8448451968749999 0.9734375 0.8527548578124999 0.9734375 0.934375 0.9818621109375 0.934375 0.98497065 0.928287890625 0.9918682687499999 0.8990666796875001 0.9925269265625001 0.87654561875 0.9888295171875001 0.8529613875000001 0.988326215625 0.8325000093750001 0.9925445046875 0.8083217062499999 0.992782903125 0.8 0.9793504531250001 0.8
1 0.9740180140625 0.8 0.9762764453125001 0.8192500968750001 0.9703125 0.8570045359374999 0.9703125 0.8702076468750001 0.9715689953125001 0.8863262000000001 0.9780620546875 0.9109375 0.982772240625 0.9109375 0.9814615046874999 0.8969459875 0.9765849249999998 0.8763173734375 0.984019271875 0.8341593828124999 0.9810336234375001 0.8036857156250001 0.9813777250000001 0.8 0.9740180140625 0.8
1 0.7241333015625 0.8 0.725 0.8123263890624999 0.71640625 0.8567708328125001 0.71953125 0.8901041671875 0.72265625 0.90399305625 0.72734375 0.9095486109375 0.7375 0.9053819437499999 0.74375 0.8678819437499999 0.74296875 0.8456597218749999 0.73515625 0.813715278125 0.7359543374999999 0.8 0.7241333015625 0.8
1 0.69015514375 0.8 0.69140625 0.91788194375 0.6984375 0.9123263890625001 0.703125 0.8817708328125 0.70234375 0.85399305625 0.69453125 0.8220486109375 0.6952608 0.8 0.69015514375 0.8