1 0.3415848703125 0 0.3381973546875 0.0169773484375 0.338328609375 0.08164029687499999 0.3650386203125 0.1841756125 0.37475192343749997 0.1921508140625 0.396589334375 0.19046441249999999 0.4088637984375 0.1844928484375 0.4125 0.169777625 0.4125 0 0.3415848703125 0
1 0.23629856249999998 0 0.23487443125000002 0.0056281671875 0.23411365 0.0402702328125 0.23411365 0.0870897140625 0.251472775 0.1612208296875 0.25688215937500003 0.1625 0.29238576250000003 0.1625 0.2952549765625 0.1572135578125 0.3109375 0.0883570421875 0.3109375 0.0184117 0.30866736562499997 0.0008234999999999999 0.308437353125 0 0.23629856249999998 0
1 0.43081979375 0 0.4276255328125 0.015290298437499999 0.4276255328125 0.034679549999999996 0.4302800140625 0.086020609375 0.43266095781249997 0.1727289046875 0.4578493078125 0.221875 0.48447110000000004 0.221875 0.5314929953124999 0.21282281875 0.5515625 0.1419134484375 0.5515625 0.0516025984375 0.544228709375 0.007569712500000001 0.540432746875 0 0.43081979375 0
1 0.61875 0 0.5644528875 0 0.5598871484375 0.022129825 0.559882503125 0.075730078125 0.5861232140625 0.18094148125 0.5909869484375 0.184375 0.6168524265625 0.184375 0.61875 0.18417146874999998 0.61875 0
1 0.170553234375 0 0.1691582296875 0.0519465109375 0.191742346875 0.1445119015625 0.1970796265625 0.1453125 0.2218286765625 0.1453125 0.228125 0.14243185625000002 0.228125 0 0.170553234375 0
1 0.4006480203125 0 0.40102045625000005 0.0028171359375 0.4084650484375 0.0236128671875 0.41199742656250005 0.0503320453125 0.41186531249999997 0.061686009374999996 0.41434504375000003 0.0890625 0.4149635625 0.0890625 0.41833185000000006 0.0839626015625 0.428125 0.0465043828125 0.428125 0.027345646875 0.42219081718749996 0.000042293749999999995 0.42217224687500005 0 0.4006480203125 0
1 0.5505848203125 0 0.5495023578125 0.0051120718750000006 0.54610225625 0.0178628984375 0.5460823796875001 0.0448229609375 0.5491453609375 0.0774767828125 0.5660663703125 0.12156288281250001 0.5745516562499999 0.144315553125 0.5773063109375001 0.1578125 0.5789108093750001 0.1578125 0.5796875 0.1546778734375 0.5796875 0.13525874375 0.5690699828125 0.09745809375 0.5590779890625 0.059088132812500006 0.5674543453124999 0.02366295 0.5693011703125 0 0.5505848203125 0
1 0 0.9188946343750001 0.0304902921875 0.9645424609374998 0.08481285937500001 0.9734375 0.0872379734375 0.9734375 0.11937918125 0.9614383921874999 0.1359375 0.9379557171874999 0.1359375 0.7647400671875 0.111007215625 0.701360790625 0.10484990937500001 0.5502496796875 0.086959 0.5314744109375 0.0857757828125 0.5313682984375 0.020146851562500002 0.5313682984375 0.0026276875000000002 0.5538193578125 0.0132294375 0.704775265625 0 0.748076790625 0 0.9188946343750001
1 0.165483909375 0.459375 0.144168396875 0.48823728125 0.1450348484375 0.6067184359375 0.11875 0.6867389765625 0.11875 0.694899396875 0.1378105328125 0.81697096875 0.15649244375 0.840625 0.22219083906249998 0.840625 0.2533660890625 0.8210062578125001 0.2671875 0.7370468906250001 0.2671875 0.7370108046875 0.24129974999999998 0.60276286875 0.250938490625 0.4741843859375 0.24101197812500003 0.459375 0.165483909375 0.459375
1 0.39136765625000003 0.459375 0.3728359671875 0.52372926875 0.397644328125 0.6331564796875 0.44561783281249995 0.6375 0.4518933109375 0.6375 0.48622288124999996 0.61308755 0.490625 0.5625480203125 0.490625 0.47529931562499994 0.48479910000000004 0.459375 0.39136765625000003 0.459375
1 0.2708103484375 0.459375 0.2743600046875 0.5002805421875001 0.2512526765625 0.5644078375 0.24592031250000002 0.6057443609375 0.27371475625 0.7250486875 0.2984390265625 0.7265625 0.3378618875 0.7265625 0.3759369796875 0.6811488046875 0.3828125 0.6255833875000001 0.3828125 0.60142298125 0.3581592 0.5048222140624999 0.35972194687500003 0.459375 0.2708103484375 0.459375
1 0.048006640625 0.459375 0.0498044765625 0.52259705 0.107168528125 0.5544500359375 0.10554762656250001 0.69375 0.1065466984375 0.69375 0.12181969374999999 0.6505472921875001 0.14375 0.606499271875 0.14375 0.586641134375 0.129804475 0.517470415625 0.13712963125 0.459375 0.048006640625 0.459375
0 0.4938782046875 1 0.5002083328125 0.9945138890624999 0.5179861109375 0.9678472218749998 0.5135416671875 0.94118055625 0.526875 0.91006944375 0.52243055625 0.8745138890625 0.5002083328125 0.8256249999999999 0.44465277812500004 0.787847221875 0.4357638890625 0.7745138890625001 0.3779861109375 0.7789583328124999 0.33798611093750003 0.7922916671875 0.286875 0.8389583328124999 0.26909722187499996 0.8789583328125001 0.26909722187499996 0.9322916671874999 0.29131944375 0.985625 0.3084325390625 1 0.4938782046875 1
0 0.61875 0.7667881953125001 0.61131944375 0.75006944375 0.5602083328125 0.69006944375 0.5335416671875 0.68118055625 0.48465277812499996 0.68118055625 0.44909722187499995 0.6945138890625 0.42020833281250003 0.7189583328125 0.4157638890625 0.7278472218750001 0.42020833281250003 0.7634027781249999 0.4157638890625 0.7678472218750001 0.44020833281250005 0.7745138890625001 0.44909722187499995 0.787847221875 0.5002083328125 0.8256249999999999 0.52243055625 0.8745138890625 0.526875 0.9145138890624999 0.5402083328125 0.9145138890624999 0.5735416671875 0.903402778125 0.61131944375 0.8700694437500001 0.61875 0.851493053125 0.61875 0.7667881953125001
1 0.8007698390625 0.459375 0.81955538125 0.5239834375 0.8235734750000001 0.6225945484375 0.8364351343750001 0.6694348234375 0.847553459375 0.692691271875 0.857630065625 0.7078125 0.863017346875 0.7078125 0.86848848125 0.707259721875 0.871875 0.7043076828125 0.871875 0.585379040625 0.868524315625 0.573735415625 0.84238140625 0.5273589281250001 0.8299901843749999 0.459375 0.8007698390625 0.459375