1 0.13164721562499998 0 0.12415232968750001 0.017168559375 0.1181126140625 0.059102059375 0.11131396874999999 0.17715193437500001 0.0948429734375 0.22478509062500002 0.0948429734375 0.47735095000000005 0.1031081796875 0.48125 0.109128284375 0.48125 0.1307899765625 0.43004969531250004 0.14654891406249998 0.3542824484375 0.1506407875 0.300282446875 0.14261213281250001 0.20793331875 0.14609780156250002 0.16193331875 0.16313375937500002 0.088199321875 0.1671875 0.0535805296875 0.1671875 0.014173787500000002 0.1660790203125 0.002116196875 0.1649094390625 0 0.13164721562499998 0
1 0.35095476406250004 0 0.3481875625 0.0309700625 0.349756915625 0.1068536421875 0.34743611093750004 0.1526499078125 0.3410273703125 0.1833152015625 0.32066700937500003 0.2313692921875 0.3146582890625 0.2750200328125 0.31999238281250003 0.293194665625 0.322190265625 0.3431655578125 0.31830457343749996 0.355976378125 0.316344128125 0.35290361406250004 0.317788065625 0.3409909296875 0.3148298 0.3269036125 0.317337484375 0.3210200328125 0.3149110921875 0.3099472703125 0.31185617187500003 0.3247871953125 0.31370459375 0.368758090625 0.3235970359375 0.4529618234375 0.3326696078125 0.4802674265625 0.3402747015625 0.4921875 0.35223251875 0.4921875 0.359812465625 0.4813734125 0.38495521718750003 0.4175521625 0.39375 0.352825465625 0.39375 0.3142197703125 0.391932996875 0.26819246875 0.3814273890625 0.197930525 0.38567344531250003 0.1362506796875 0.39375 0.1074473546875 0.39375 0 0.35095476406250004 0
1 0.175343753125 0 0.175343753125 0.1734375 0.18030771875 0.1734375 0.1870506171875 0.1714039421875 0.1964536578125 0.15397345 0.2202146890625 0.088962728125 0.2335561578125 0.030476084375 0.2359582375 0 0.175343753125 0
1 0 0 0 0.1893107375 0.0034190140624999997 0.198328165625 0.01004506875 0.2 0.0146071234375 0.2 0.02369846875 0.191513228125 0.036586350000000004 0.152062103125 0.050002029687500005 0.0936255296875 0.0546875 0.05718019375 0.0546875 0 0 0
1 0.934375 0.55 0.934375 0.5067671671875 0.925718496875 0.47620214218749995 0.9234863140625 0.4336095484375 0.9258801546875001 0.3802396125 0.9237223953125 0.35887656093750003 0.9193972031250001 0.3456799640625 0.9140853421875 0.3384184421875 0.9024329078125 0.3339804546875 0.8934461125000001 0.3407870859375 0.8884513078125 0.3593847375 0.8892406671875 0.384351359375 0.8962218265624999 0.43832207500000003 0.8971211875 0.47529235937500003 0.88597023125 0.52994675 0.8837074015624999 0.55 0.934375 0.55
1 0.871875 0.55 0.871875 0.5303118609374999 0.8698558625 0.5083391921875 0.8559640484375001 0.44736529531249997 0.8553193171875 0.42603866406249996 0.8601667296875 0.3643049765625 0.8595435468750001 0.34668204999999996 0.8518864171875 0.32818663593749997 0.8430107046875 0.323967234375 0.8336680265625 0.32897675937500004 0.8277727125000001 0.344831609375 0.831463334375 0.4422358421875 0.8228246421875 0.4787571828125 0.8178479453125 0.5182686453125 0.8172077890624999 0.55 0.871875 0.55
1 0.797306675 0.55 0.8003781062499999 0.5240821999999999 0.8074915953125 0.48529029375 0.8066711874999999 0.4685751359375 0.7989611609375 0.4257279703125 0.8006153640625 0.39701214375 0.8068572078124999 0.3628377421875 0.8078125 0.35023086875 0.8078125 0.3292807140625 0.8046510140625 0.3196549 0.797189325 0.3148434328125 0.787984346875 0.3192669796875 0.7809072453125 0.333479421875 0.7770861609375 0.42521882499999997 0.7693028171874999 0.453555471875 0.7693028171874999 0.55 0.797306675 0.55
0 1 0.55 1 0.4576156453125 0.9987451374999999 0.45684740625 0.983066209375 0.45528481093749995 0.9725062125000001 0.461320621875 0.9647660968749999 0.4711662515625 0.95609289375 0.49621537812499994 0.9500061234375 0.5255266734374999 0.9514315328125 0.55 1 0.55
1 0.1757466265625 0.55 0.173739921875 0.5598354999999999 0.1774715625 0.6458965453125 0.196702053125 0.745408821875 0.2029763875 0.8205590171875 0.201307159375 0.8481365359374999 0.17586082187500002 0.9420173437500001 0.1712761890625 1 0.28125 1 0.28125 0.8826144671874999 0.2739828328125 0.8680202734375 0.2663304265625 0.8260031531250001 0.2655248421875 0.7512034109375 0.27461829375 0.6424324203125 0.2718329046875 0.57442693125 0.2654066453125 0.55 0.1757466265625 0.55
1 0.015564012499999998 0.55 0.023446873437499998 0.60426981875 0.0236084796875 0.6320475937500001 0.0124391921875 0.7258095015625 0.013495173437499999 0.7730772234375 0.0239665546875 0.827835425 0.039842045312500005 0.871801034375 0.057642378125000004 0.9110192874999999 0.0614979515625 0.9125 0.08779311875 0.9125 0.08966554843749999 0.9114960062499999 0.097751509375 0.8918348953125002 0.1046875 0.8416986859375001 0.1046875 0.7340631156249999 0.096612184375 0.6960015640625 0.06484504375 0.60529256875 0.059602628125 0.55 0.015564012499999998 0.55
1 0.045124517187500005 0.55 0.045124517187500005 0.60043923125 0.0463778203125 0.6109942578124999 0.050921782812500004 0.618367009375 0.06307971875 0.6170379406250001 0.07093863593750001 0.6103989750000001 0.07713364687499999 0.5941606234375 0.0852863671875 0.55 0.045124517187500005 0.55
1 0.11980177343750001 0.55 0.11980177343750001 0.684349734375 0.1252316015625 0.7046352703125 0.1300985203125 0.7125 0.147322928125 0.7125 0.1575216046875 0.697774540625 0.1525554015625 0.636981765625 0.1541029390625 0.5870136 0.1579992140625 0.5535847640625 0.1589053109375 0.55 0.11980177343750001 0.55
1 0.273160121875 0.55 0.261791740625 0.5998908187499999 0.2548246890625 0.6651140515625 0.2516567421875 0.6847029640625 0.2516567421875 0.8591243390625 0.2577118734375 0.865625 0.2763180125 0.865625 0.285583040625 0.8586059593750001 0.31056734218750004 0.7922029234375 0.31959236875 0.75757160625 0.3248566484375 0.7187281703125 0.32381719531250003 0.6589695859375 0.31193724375 0.596305953125 0.310267275 0.554602925 0.31094673125 0.55 0.273160121875 0.55
1 0.3193359375 0.55 0.31875 0.5734375 0.33359375 0.663715278125 0.33828125 0.670659721875 0.35390625 0.6234375 0.3609375 0.5720486109375 0.3609375 0.55 0.3193359375 0.55
1 0.770789421875 0.55 0.7702504453125 0.568185875 0.7636421312499999 0.5891311484374999 0.7636421312499999 0.6703125 0.7743205718749999 0.6703125 0.7779376250000001 0.6629758109375 0.784375 0.6367532171875 0.784375 0.5960346875 0.780977459375 0.5712182234375 0.7833331609374999 0.55 0.770789421875 0.55
1 0.8035654843750001 0.55 0.807333021875 0.5798833250000001 0.800627509375 0.62533465625 0.8014364453124999 0.639223546875 0.8123761078125 0.679851490625 0.820445225 0.6828125 0.821875 0.6828125 0.821875 0.5950494484375 0.8184323093750001 0.5831067734375 0.818099625 0.55 0.8035654843750001 0.55
1 0.83575885625 0.55 0.8330208515624999 0.5642762703125 0.833653553125 0.590591953125 0.8280728937500001 0.61021293125 0.8280728937500001 0.6890625 0.8344533640625 0.6890625 0.8384767421875001 0.6885889109375001 0.85 0.6531456734375001 0.85 0.6026546875000001 0.8457607859374999 0.58442224375 0.85 0.5655656140625 0.85 0.55 0.83575885625 0.55
1 0.8694641125 0.55 0.8676970468749999 0.5683385890625 0.8697827468749999 0.5960354234375 0.861362390625 0.6298459375000001 0.861362390625 0.69641216875 0.8647585 0.7015625 0.8708848234375001 0.7015625 0.87346016875 0.7012408125 0.8809442390625 0.691232090625 0.884375 0.668641725 0.884375 0.627737390625 0.8807304734375 0.6082376187499999 0.8811679531250001 0.5722002359375 0.8806863390625 0.55 0.8694641125 0.55
1 0.9475043937500001 0.55 0.9483749249999999 0.5815877140625 0.9402678453125001 0.6071452546875 0.9402678453125001 0.6692807984375 0.9411221015625 0.6773755921875 0.9416336093750001 0.678125 0.956959121875 0.678125 0.9610898609374999 0.665102859375 0.9640625 0.64316870625 0.9640625 0.6116445515625 0.957405184375 0.5691877125 0.9601542890625 0.55 0.9475043937500001 0.55
1 0.98673211875 0.55 0.9890625 0.5696180562500001 0.9837565421875001 0.587321040625 0.9796875 0.6098958328124999 0.9796875 0.6348958328125 0.9859375 0.6682291671875 0.99609375 0.6723958328124999 1 0.6689236109375 1 0.5767803984375 0.9984375 0.5710069437499999 0.9998670031250001 0.55 0.98673211875 0.55
1 0.9087050953125001 0.55 0.9088571578125 0.56493713125 0.9109375 0.5890625 0.904867128125 0.61102755625 0.9015625 0.6307291671875 0.9002774859375 0.643651715625 0.90234375 0.6598958328125 0.90859375 0.6904513890625 0.921875 0.691840278125 0.92578125 0.6848958328125 0.93125 0.6515625 0.9324050609375 0.6349859328124999 0.9296875 0.6126736109375 0.92265625 0.5876736109375 0.9234096421875 0.5537492671875001 0.92352685625 0.55 0.9087050953125001 0.55
1 0.8811518578124999 0.55 0.8829765 0.5626096265625 0.8824602328125 0.5892143453124999 0.8840090015625 0.6020580062499999 0.8871065046875 0.61903001875 0.89097839375 0.641506415625 0.8889133906250001 0.6754504125 0.8889133906250001 0.6850831484375 0.895108415625 0.6616893203125 0.89665716875 0.6465521421875 0.89609375 0.61961805625 0.891752778125 0.5993057984375 0.8878808906250001 0.5804990109375 0.8889133906250001 0.5584813015625001 0.8892126953125 0.55 0.8811518578124999 0.55
0 0.929296875 0.780034721875 0.918359375 0.7703125 0.905078125 0.7689236109375 0.891015625 0.7786458328125001 0.88515625 0.7890625 0.8796875 0.80850694375 0.87890625 0.83211805625 0.88359375 0.8515625 0.894140625 0.8689236109374999 0.906640625 0.8786458328125001 0.91328125 0.8779513890625001 0.926171875 0.867534721875 0.934375 0.8529513890625001 0.9390625 0.836284721875 0.93984375 0.8154513890625001 0.93671875 0.7960069437499999 0.929296875 0.780034721875