1 0.24921875 0.2869170984375 0.25625 0.2428756484375 0.25546875 0.222150259375 0.249609375 0.20854922343750001 0.238671875 0.2007772015625 0.227734375 0.20854922343750001 0.22265625 0.222150259375 0.22578125 0.32318652812500004 0.20390625 0.40997409375 0.203125 0.450129534375 0.215625 0.5343264249999999 0.222265625 0.538860103125 0.24375 0.539507771875 0.25234375 0.529145078125 0.26171875 0.48639896406250005 0.26484375 0.46308290156250004 0.265625 0.4060880828125 0.2484375 0.32059585468749996 0.24921875 0.2869170984375
1 0.314453125 0.22409326406250002 0.300390625 0.21891191718749997 0.294140625 0.22279792812500002 0.28671875 0.24028497343750002 0.28984375 0.34002590625 0.271875 0.404792746875 0.26640625 0.45531088124999997 0.26953125 0.4967616578125 0.2796875 0.551165803125 0.286328125 0.55699481875 0.31015625 0.5576424875 0.31640625 0.552461140625 0.328125 0.5019430046875 0.33203125 0.43199481874999995 0.31484375 0.3503886015625 0.32109375 0.24158031093750001 0.314453125 0.22409326406250002
1 0.38125 0.3374352328125 0.3875 0.2610103625 0.38515625 0.24805699531249997 0.373828125 0.2357512953125 0.359765625 0.2409326421875 0.353125 0.2597150265625 0.35546875 0.37111398906250004 0.33671875 0.4294041453125 0.3328125 0.4617875640625 0.33671875 0.5213730562500001 0.34296875 0.5239637312500001 0.360546875 0.506476684375 0.394921875 0.5012953375 0.3984375 0.4902849734375 0.3984375 0.44365285 0.38203125 0.37240932656250003 0.38125 0.3374352328125
1 0.406640625 0.21502590625 0.394140625 0.21761657968749998 0.38671875 0.233808290625 0.3890625 0.334844559375 0.38359375 0.3607512953125 0.38359375 0.375 0.40078125 0.4566062171875 0.42109375 0.3840673578125 0.41953125 0.36463730625 0.4140625 0.346502590625 0.41953125 0.2351036265625 0.413671875 0.22020725312499997 0.406640625 0.21502590625
1 0.45625 0.27266839374999996 0.448828125 0.25388601093749996 0.435546875 0.25 0.42578125 0.2610103625 0.421875 0.27525906718750004 0.425 0.37111398906250004 0.42109375 0.3957253890625 0.40390625 0.45531088124999997 0.4 0.49546632187500006 0.402734375 0.5038860109375001 0.42890625 0.5343264249999999 0.44765625 0.5913212437500001 0.45390625 0.5796632125000001 0.46328125 0.5369170984375 0.4671875 0.5084196890625 0.4671875 0.47215025937500005 0.45 0.3840673578125 0.45625 0.27266839374999996
1 0.479296875 0.23316062187500003 0.466796875 0.23056994843749998 0.45703125 0.24158031093750001 0.45390625 0.2532383421875 0.45703125 0.27266839374999996 0.45703125 0.34391191718749997 0.45234375 0.38536269375 0.465625 0.4527202078125 0.46796875 0.4799222796875 0.46640625 0.5239637312500001 0.45859375 0.5667098453125 0.462109375 0.5712435234375 0.47890625 0.5705958546875001 0.48359375 0.5641191703125 0.4953125 0.5110103625 0.5 0.447538859375 0.48203125 0.3607512953125 0.48828125 0.254533678125 0.479296875 0.23316062187500003
1 0.55546875 0.2700777203125 0.548046875 0.25 0.537109375 0.2461139890625 0.526953125 0.25388601093749996 0.521875 0.2700777203125 0.525 0.36463730625 0.52265625 0.3840673578125 0.503125 0.45531088124999997 0.5015625 0.505829015625 0.5140625 0.5822538859375 0.518359375 0.5893782390625 0.529296875 0.5932642484375 0.54609375 0.5926165796875 0.55390625 0.5744818656249999 0.56171875 0.539507771875 0.56640625 0.5071243515625 0.5671875 0.46696891249999994 0.55078125 0.3840673578125 0.55546875 0.2700777203125
1 0.58359375 0.24676165781249998 0.576953125 0.23056994843749998 0.562109375 0.2266839375 0.5515625 0.2428756484375 0.55625 0.267487046875 0.5515625 0.37888601093749996 0.56796875 0.465673575 0.5671875 0.5110103625 0.559375 0.5576424875 0.562890625 0.5621761656250001 0.575 0.5615284968750001 0.58046875 0.5537564765625 0.58984375 0.5136010359375 0.5953125 0.44883419687500004 0.59296875 0.41904145000000004 0.57734375 0.35816062187500003 0.58359375 0.24676165781249998
1 0.646875 0.345207253125 0.653125 0.2648963734375 0.644921875 0.244818653125 0.635546875 0.2409326421875 0.624609375 0.2474093265625 0.61953125 0.2597150265625 0.61875 0.29468911875 0.62265625 0.3387305703125 0.62109375 0.37240932656250003 0.60390625 0.4332901546875 0.5984375 0.48121761718749995 0.6 0.5071243515625 0.61328125 0.5757772015625 0.617578125 0.58031088125 0.64453125 0.58095855 0.6515625 0.5667098453125 0.66015625 0.5265544046875 0.66484375 0.4902849734375 0.66484375 0.4566062171875 0.64765625 0.37759067343749997 0.646875 0.345207253125
1 0.7421875 0.37111398906250004 0.74296875 0.3218911921875 0.7484375 0.279145078125 0.74765625 0.2519430046875 0.739453125 0.23834196875 0.727734375 0.2370466328125 0.722265625 0.2409326421875 0.715625 0.2571243515625 0.71796875 0.3555699484375 0.71640625 0.37240932656250003 0.70546875 0.403497409375 0.696875 0.4423575125 0.69609375 0.48769429999999997 0.7078125 0.5654145078124999 0.713671875 0.5712435234375 0.73671875 0.5718911921875 0.74453125 0.5667098453125 0.75 0.5433937828125 0.7578125 0.5019430046875 0.76015625 0.4617875640625 0.7578125 0.43588082968749997 0.7421875 0.37111398906250004
0 0.421484375 0.5259067359375 0.396484375 0.5038860109375001 0.373828125 0.5025906734375 0.351171875 0.5155440421875 0.32890625 0.54598445625 0.3203125 0.5705958546875001 0.31796875 0.61334196875 0.3265625 0.665155440625 0.341015625 0.6891191703125 0.359765625 0.7085492234374999 0.38671875 0.7182642484375 0.405078125 0.7124352328125 0.428125 0.6858808296875 0.44140625 0.6496113984375 0.44609375 0.5990932640625 0.43828125 0.5589378234375 0.421484375 0.5259067359375