1 0 0 0 0.0054352265625 0.00773215 0.03988161875 0.0108673984375 0.0671791890625 0.010586375 0.1111569734375 0.0040176593750000005 0.1535847546875 0.006096285937499999 0.15625 0.025909418750000003 0.15625 0.0289422765625 0.15201275 0.0328125 0.131990528125 0.0328125 0 0 0
1 0.0641022890625 0 0.0558606859375 0.042331206249999996 0.0584219453125 0.09278567343750001 0.077160453125 0.1697198796875 0.082038884375 0.1770193171875 0.088971446875 0.1796875 0.1 0.1796875 0.1 0 0.0641022890625 0
1 0.10483157968750001 0 0.1178486765625 0.052408964062499994 0.11970799375 0.0977639328125 0.11461150625000001 0.1445778984375 0.1152351921875 0.1453125 0.1296875 0.1453125 0.1296875 0 0.10483157968750001 0
1 0.142477378125 0 0.1358993875 0.02165500625 0.13262174531249998 0.0464363109375 0.13262174531249998 0.10629967343749999 0.1427872671875 0.16457870000000002 0.1465038203125 0.16875 0.17523615625 0.16875 0.18122678750000001 0.157294321875 0.19052145468749998 0.11753914218749999 0.19375 0.09566322968749999 0.19375 0.034278428124999996 0.186960853125 0 0.142477378125 0
1 0.2433460359375 0 0.2376813734375 0.0291449140625 0.23795535 0.074545475 0.2514830578125 0.1513090890625 0.25526829375000004 0.1546875 0.2815164671875 0.1546875 0.28823195625000003 0.14960710156249998 0.29315801874999997 0.125844628125 0.2953125 0.1126024328125 0.2953125 0.0059994718750000006 0.2936936078125 0 0.2433460359375 0
2 0.4625 0 0.4625 0.0018177265625000001 0.46326649374999995 0.10261235625000001 0.47519392812500005 0.1640625 0.49246201093749997 0.1640625 0.5075571140624999 0.15829540312499998 0.5416167890625 0.1561192625 0.5418216640625 0.114907546875 1 0.15272421249999998 1 0.0413922265625 0.62233609375 0 0.4625 0
1 0.03227460625 1 0.031788946875 0.9972601703125001 0.0331572703125 0.9255695171875 0.030491096875000002 0.8903843328125 0.02097985 0.8718730453125 0.0146306109375 0.867649190625 0.006482525 0.867649190625 0 0.8742324187499999 0 0.9647412953125001 0.0047056140625 0.9988375953125 0.004622346875000001 1 0.03227460625 1
1 0.09779774531249999 1 0.09660250625 0.9953515984374999 0.0954620140625 0.9740825953125001 0.0989999640625 0.9164022328125 0.09863171875 0.8858193812499999 0.0910481640625 0.8672063906249999 0.082646071875 0.8645633234375001 0.07686947499999999 0.8645633234375001 0.069253990625 0.8711305906250001 0.064310603125 0.8894727484375 0.0700040046875 0.9596520500000001 0.070560840625 0.9967163843750001 0.0698734828125 1 0.09779774531249999 1
1 0.45219570468750003 1 0.45249605937500004 0.9983434578124999 0.453125 0.9889325312499999 0.453125 0.9517001578125001 0.4437713890625 0.8964916031249999 0.45199159218750007 0.79926938125 0.445809540625 0.7830656796875 0.435586978125 0.7793619734374999 0.42857351406250005 0.783991603125 0.4222555640625 0.800195309375 0.42238492031249997 0.84741753125 0.4197645328125 0.89741753125 0.40880045625 0.9360199734375 0.40880045625 1 0.45219570468750003 1
1 0.5073688703125 1 0.5078125 0.9960650968749999 0.5078125 0.9630122421875 0.5074094578125 0.9568285812500001 0.49964456406249996 0.9106294171875 0.49878856875000005 0.8854320843749999 0.5076846265625 0.8256020984375001 0.5078125 0.8226320078124999 0.5078125 0.8035827843749999 0.50412305625 0.7904260109375001 0.49357403906249997 0.7840416625 0.48589389218749995 0.7890446875 0.479356815625 0.80390806875 0.47767053437499996 0.8205352687499999 0.47789048593750005 0.8847793562499999 0.47080734687500003 0.9186834171874999 0.46621005625 0.9327810171875001 0.46621005625 1 0.5073688703125 1
1 0.5796875 1 0.5796875 0.9227456578125001 0.572464146875 0.9004852078125001 0.569093734375 0.8076802687499999 0.5610046609375 0.7872261265625 0.55413614375 0.7841564156249999 0.550431965625 0.7841564156249999 0.5438873234375 0.789153109375 0.5395762546875 0.80474940625 0.5506593093750001 0.902685209375 0.5397756609375 0.9730700406250001 0.541141053125 1 0.5796875 1
1 0.5921875 0.909895903125 0.5883228734375 0.8961726984375 0.5863886453125 0.87494006875 0.589847828125 0.804378696875 0.588059059375 0.7914794015625001 0.5845362625 0.7837469765625 0.5778048375 0.778125 0.5710782 0.778125 0.5647445953125001 0.784553425 0.5635314046875 0.7896990734375 0.568037475 0.808973740625 0.5657977421875 0.8896778515625 0.567731971875 0.91091048125 0.5799984109375 0.9567398859375 0.5842099171874999 0.9889987359374999 0.58772173125 0.990625 0.5878906625 0.990625 0.588574175 0.9702892171874999 0.5921875 0.951771396875 0.5921875 0.909895903125
1 0.6052692890625 1 0.60527203125 0.998727865625 0.6078851390625 0.981262603125 0.616586596875 0.9584964578124999 0.6265625 0.9446285249999999 0.6265625 0.9124775203125001 0.6261231296875 0.910793978125 0.623994853125 0.89128586875 0.625889478125 0.8312492375 0.6246412171875 0.8062280156250001 0.6222884687500001 0.796883865625 0.6171384875 0.7897378140625 0.6076826625 0.7865780328125 0.600552646875 0.7918364765625 0.5955014937499999 0.8059654937499999 0.59622891875 0.83096549375 0.601006303125 0.8700029359375 0.6020839718750001 0.907039975 0.5899073890625 0.9712817843749999 0.5900970187500001 1 0.6052692890625 1
1 0.643194853125 0.7864616812499999 0.634408025 0.78056656875 0.6260073531250001 0.78576134375 0.623113225 0.7916419171875 0.6258850484374999 0.8065203999999999 0.6327878078125 0.9101604359375 0.6378697109375 0.9279015843749999 0.6380812640625 0.928125 0.6484375 0.928125 0.6484375 0.7973617421875 0.643194853125 0.7864616812499999
1 0.7203125 1 0.7203125 0.9268332906250001 0.7130601625 0.9038686531250001 0.7107057421875 0.87239929375 0.7101096375 0.8084376703124999 0.7055470109374999 0.7927817875000001 0.6982007984375 0.784375 0.6973638984375 0.784375 0.6867608171875 0.7881195421875 0.6807811828125001 0.8063387531250001 0.690484084375 0.8923407609375001 0.684847203125 0.93883101875 0.694689828125 0.9511188749999999 0.7043351953125001 0.9689744078124999 0.7099394890624999 0.9846060453125001 0.7129356812500001 1 0.7203125 1
1 0.7375 1 0.7375 0.9680035109375 0.7323783374999999 0.9328020390624999 0.7231613125 0.89345224375 0.726453159375 0.79445094375 0.7222442640625 0.7817447484375 0.712445403125 0.7757282890624999 0.7021356109375001 0.7840515484375 0.7079492359375 0.809342646875 0.7029457875 0.8869506171874999 0.70607443125 0.9167500546875 0.7158284531250001 0.9551981812499999 0.7178507859375 0.98865280625 0.7173805875 1 0.7375 1
1 0.8 1 0.8 0.9408861625 0.7862330609375 0.8946325500000001 0.7870951890625 0.7971552375 0.7807500109375 0.782366384375 0.7751188640625 0.780215021875 0.7687283484374999 0.780215021875 0.7620431125 0.7857487843750001 0.7569084078125 0.800547046875 0.7632732921875001 0.8946513703125 0.7493723859375001 0.9700009015625 0.7496778671875 1 0.8 1
1 0.878125 1 0.878125 0.93521049375 0.8781228203125 0.9351894296874999 0.865604946875 0.8892416921875 0.86706705625 0.7910177703125 0.8609104750000001 0.7768401984375 0.8494198203125001 0.774395821875 0.8401310125 0.7820760140624999 0.8353608687499999 0.7974977640625001 0.84112578125 0.8899539640625 0.830238475 0.9393614421875001 0.8275336671875 0.97556348125 0.8299947203125001 1 0.878125 1
0 0.6993579390625 1 0.6979166671874999 0.987615740625 0.6932291671874999 0.9709490734374999 0.6809895828125001 0.9464120375 0.6638020828125001 0.930671296875 0.6403645828125001 0.9297453703125 0.62265625 0.94085648125 0.60625 0.969097221875 0.5989583328125001 0.996875 0.5988704421875 1 0.6993579390625 1