1 0.0295620375 0 0.031134590625000003 0.0656465296875 0.005978815625 0.1602989 0.00143260625 0.2380368625 0.006828218749999999 0.3062988984375 0.0181847203125 0.3558791265625 0.04476766875 0.36875 0.054273015625 0.36875 0.0711721109375 0.319667971875 0.0734375 0.301778759375 0.0734375 0.1485133390625 0.06488055312499999 0.097405934375 0.064612934375 0.051405934375 0.0723153453125 0 0.0295620375 0
1 0.2377806375 0 0.2328720890625 0.0344814390625 0.2235752609375 0.0661519640625 0.19864985625 0.1170469296875 0.1917223125 0.14768214531249999 0.1917223125 0.17709590625 0.1921990546875 0.17939676875 0.1917223125 0.18909666875 0.1917223125 0.37349754375 0.19417839374999998 0.37766793593750003 0.20202468125 0.3796875 0.20318564375 0.3796875 0.21459744218750001 0.3640353515625 0.2457958625 0.2966739328125 0.26266571562499996 0.2215078 0.26674826406249996 0.1453911859375 0.262764146875 0.0759159453125 0.27278637968749997 0.013274573437500001 0.277563971875 0 0.2377806375 0
1 0.48885630625000004 0.559375 0.492978109375 0.5098214359375 0.49000516093749996 0.5018328421875 0.48489387968750003 0.49979911250000003 0.4806301609375 0.5015054609375 0.47611733906250003 0.5129431265625 0.47681605312500003 0.5593485499999999 0.47680936875 0.559375 0.48885630625000004 0.559375
1 0.5333031687500001 0.559375 0.531930815625 0.5089273249999999 0.5274015375000001 0.4991823765625 0.524157865625 0.4973123453125 0.516002540625 0.5000416390625 0.51370165 0.5088212703125 0.51407085625 0.5227071296875 0.519971459375 0.5579135265625 0.519811075 0.559375 0.5333031687500001 0.559375
1 0.574955409375 0.559375 0.5760497703125 0.512432009375 0.57155535 0.500625921875 0.5637266890625 0.49743870625 0.5590553500000001 0.499970825 0.5552110499999999 0.510414253125 0.5579188890625 0.559375 0.574955409375 0.559375
1 0.6149265374999999 0.559375 0.6184056078125 0.5053273546875 0.6143503671875 0.49504058593750006 0.607729978125 0.49335458125000003 0.605551278125 0.49335458125000003 0.6018503671875 0.49606095312500004 0.597604609375 0.5061020390625 0.5980158624999999 0.559375 0.6149265374999999 0.559375
1 0.6661199140624999 0.559375 0.666180109375 0.51044145 0.6612436921875 0.49799296406250004 0.6538765671875 0.4962259578125 0.64881915 0.499990265625 0.6463129875 0.5088198953124999 0.6510007578125 0.559375 0.6661199140624999 0.559375
1 0.7016952562500001 0.559375 0.7029246671875 0.5061535625 0.7011421515625 0.4993259359375 0.694262496875 0.49670239531249993 0.691995828125 0.49670239531249993 0.68812670625 0.4992344234375 0.6846901140625 0.5082476687499999 0.68805044375 0.5570881078125 0.6875903593749999 0.559375 0.7016952562500001 0.559375
1 0.7339404578125001 0.559375 0.7354384046875 0.509119178125 0.7326653999999999 0.5011153875 0.7264369484375 0.4989724375 0.7211855187499999 0.502433559375 0.719260246875 0.5111449515625 0.721314934375 0.5584884640625 0.721125546875 0.559375 0.7339404578125001 0.559375
1 0.289299628125 0.559375 0.2728841640625 0.5770479078124999 0.277713596875 0.706318375 0.25474986718750003 0.7534024609375 0.25474986718750003 0.9202208734375 0.2581052890625 0.9328528421875 0.2834865765625 0.940625 0.30093071875 0.940625 0.3204216359375 0.9247008296875 0.3435086609375 0.8532100281249999 0.346875 0.7889764703125 0.346875 0.7857088 0.32072492656249996 0.69749221875 0.3349303703125 0.5740505375 0.32336490156250003 0.559375 0.289299628125 0.559375
1 0.3288909296875 0.559375 0.334908046875 0.5741470625 0.3267269484375 0.6981735765625 0.3488244359375 0.721875 0.3490598609375 0.721875 0.3734375 0.65602198125 0.3734375 0.5836620765625 0.36766242031249996 0.559375 0.3288909296875 0.559375
1 0.6289615296875001 0.8249736515624999 0.632125378125 0.794472659375 0.6263751859375 0.7921847125 0.6226775890624999 0.7955341640625 0.6227843171874999 0.823366509375 0.6189442125 0.8426387406250001 0.6189442125 0.8796875 0.628309721875 0.8796875 0.63124700625 0.8709706765625 0.6328125 0.8526811140625 0.6328125 0.8450270640624999 0.6289615296875001 0.8249736515624999
1 0.6412601296875 0.8701232140625 0.6463714671874999 0.8859375 0.6515625 0.8859375 0.6515625 0.832161196875 0.6493495 0.8257424015625 0.650536196875 0.80770048125 0.650002175 0.7993671484375 0.6468672796874999 0.793101240625 0.6444345265625 0.791698715625 0.6421797796875 0.79307396875 0.6398459234375 0.7993080609375001 0.644058759375 0.8284883624999999 0.6426742671875 0.8312570499999999 0.63992506875 0.84928988125 0.6412601296875 0.8701232140625
1 0.6611557718750001 0.896875 0.6699383703125 0.896875 0.6706402734375001 0.8903344093750001 0.6734375 0.8813628546875 0.6734375 0.8585880124999999 0.671992684375 0.8543051859374999 0.6687384 0.8319191874999999 0.670944784375 0.8084309078124999 0.6681578874999999 0.7992598265625 0.6634703875 0.7990141656249999 0.6599911234375 0.8050799187500001 0.6600800062500001 0.8203576968749999 0.66170715 0.8315506953125 0.6609663015625 0.838454196875 0.6563596046875 0.852097425 0.6557238 0.87705648125 0.6611557718750001 0.896875
1 0.6859070984375 0.8827226125 0.6875 0.8749587875 0.6875 0.862257475 0.6874556937499999 0.85989515625 0.6868527562500001 0.850263040625 0.685942934375 0.8364796343750001 0.6875 0.8135228109374999 0.6875 0.8126239828124999 0.6845197859375001 0.8015625 0.684027009375 0.8015625 0.6796608359375 0.8044465875 0.6783677078125001 0.8080144687499999 0.677882696875 0.8219033578125 0.6789116843749999 0.837053590625 0.67353104375 0.8563236734374999 0.67353104375 0.89404336875 0.6753655453125 0.8984375 0.677720190625 0.8984375 0.6799026375 0.897909609375 0.6820740187500001 0.8915001765625 0.6841894734375 0.8888719265624999 0.6859070984375 0.8827226125
1 0.7119394484375 0.8311878109374999 0.7117130765624999 0.8256322562499999 0.7125 0.8208166078125 0.7125 0.79981011875 0.7116116109374999 0.7943686203125 0.7077053609374999 0.7944140734375 0.702938496875 0.8021120515625 0.7024402109375 0.8090655859375 0.7056894484375 0.831260534375 0.7005147125000001 0.8577221500000001 0.7011938265625 0.8743888171875 0.7040469140625 0.8868615453124999 0.7070236078125001 0.89375 0.7125 0.89375 0.7125 0.8329229734375 0.7119394484375 0.8311878109374999
1 0.7264571953125 0.8770824218750001 0.7271899640624999 0.8853656890625 0.7284225265625001 0.8875 0.736177275 0.8875 0.7405439359375 0.8720145875 0.740625 0.8702476499999999 0.740625 0.847063690625 0.73918344375 0.8373924953125 0.7353256765625 0.8293094859375 0.7378229515625 0.8027704015625 0.737090184375 0.794487134375 0.735157259375 0.7911400734375 0.7304697593749999 0.7914404625 0.7276909437500001 0.799254578125 0.7290756765624999 0.829710003125 0.7250886234375 0.8438492171875 0.7234375 0.8643775984375001 0.7234375 0.864913971875 0.7264571953125 0.8770824218750001
1 0.7469594359375 0.8639299765625001 0.7509891046874999 0.8826523015625 0.7521309671875 0.8828125 0.75945835625 0.8828125 0.759981559375 0.8823763109375001 0.761624865625 0.8755046406249999 0.7640625 0.852475121875 0.7640625 0.84886576875 0.7628424671875 0.838041028125 0.758332740625 0.8225449265625 0.7602184640624999 0.7948399234375 0.75750833125 0.792629234375 0.75282083125 0.7924109109374999 0.7516247140625 0.7944396625 0.7514954250000001 0.8055507734375 0.75297711875 0.8125679937499999 0.7528963125000001 0.8195124374999999 0.7471528234375 0.8428688375 0.7469594359375 0.8594884531249999 0.7469594359375 0.8639299765625001
1 0.687890625 0.7920138890625 0.68515625 0.7954861109375 0.684375 0.8010416671874999 0.6875 0.812152778125 0.6875 0.83993055625 0.6911559015625001 0.8651113875 0.690967509375 0.87917270625 0.6881415203125 0.890555678125 0.6905907140625 0.8925644437500001 0.6945470796875 0.8918948468749999 0.69737305625 0.8600894921875 0.696875 0.844097221875 0.69296875 0.8302083328125001 0.69453125 0.7982638890625 0.693359375 0.7947916671874999 0.687890625 0.7920138890625
1 0.678125 0.844097221875 0.67734375 0.84131944375 0.6766492109375 0.8359843687499999 0.6734375 0.8260416671874999 0.6734375 0.8135416671875 0.67421875 0.812152778125 0.675 0.7954861109375 0.672265625 0.7920138890625 0.668359375 0.7920138890625 0.665625 0.7954861109375 0.66796875 0.799652778125 0.66953125 0.8079861109375 0.66953125 0.81493055625 0.66796875 0.8232638890625001 0.66796875 0.8357638890625001 0.6703125 0.8427083328125 0.6703125 0.8510416671875 0.671875 0.859375 0.6734375 0.859375 0.6765625 0.8524305562500001 0.678125 0.844097221875
1 0.72109375 0.8510416671875 0.7199808953125 0.84234544375 0.71640625 0.824652778125 0.71796875 0.7954861109375 0.716015625 0.7920138890625 0.711328125 0.7920138890625 0.7078125 0.7954861109375 0.7125 0.80243055625 0.7125 0.8079861109375 0.71328125 0.809375 0.71015625 0.831597221875 0.71171875 0.837152778125 0.71328125 0.856597221875 0.71640625 0.86493055625 0.7171875 0.871875 0.718359375 0.8739583328125 0.71953125 0.8732638890625001 0.720922878125 0.85941990625 0.721875 0.8524305562500001 0.72109375 0.8510416671875
1 0.8854656953125 0.79227911875 0.8794594265625001 0.79227911875 0.87734375 0.794097221875 0.8774573359375001 0.8207416015625 0.87672930625 0.8246228468750001 0.87578125 0.8288194437499999 0.8734375 0.8427083328125 0.8734375 0.862152778125 0.87734375 0.881597221875 0.879296875 0.8836805562500001 0.88515625 0.8829861109374999 0.88828125 0.87881944375 0.8889238609374999 0.8702274890625 0.8905619343750001 0.8440290765625 0.8859375 0.8232638890625001 0.8867397562499999 0.803599425 0.8854656953125 0.79227911875
1 0.9109375 0.8329861109374999 0.90859375 0.8260416671874999 0.91015625 0.796875 0.907421875 0.790625 0.901953125 0.7892361109375 0.899609375 0.790625 0.89765625 0.7954861109375 0.89921875 0.824652778125 0.89375 0.8482638890625 0.89375 0.8663194437499999 0.896875 0.8829861109374999 0.899609375 0.887847221875 0.90546875 0.8885416671874999 0.908203125 0.887847221875 0.91015625 0.884375 0.91328125 0.8732638890625001 0.9140625 0.8510416671875 0.9109375 0.8329861109374999
1 0.9349719203125 0.8443525125000001 0.9331518562500001 0.8362665843749999 0.9306037374999999 0.8242994109375001 0.9311497671875 0.8071572343750001 0.92987570625 0.79227911875 0.9255074984375 0.790015059375 0.9207752875 0.7919556812499999 0.9180451671875 0.8006884890624999 0.92109375 0.8302083328125001 0.91875 0.8357638890625001 0.91640625 0.8482638890625 0.91484375 0.86493055625 0.91953125 0.887152778125 0.923828125 0.893402778125 0.9296875 0.8927083328125001 0.9328125 0.8899305562500001 0.93551795 0.8763728000000001 0.9351539468750001 0.858260315625 0.9349719203125 0.8443525125000001
1 0.95234375 0.8885416671874999 0.9538818796874999 0.87383388125 0.9537288468749999 0.797413796875 0.947454253125 0.7908868124999999 0.9424039640625 0.7938783453125 0.9411796578124999 0.80394078125 0.9413326906249999 0.8295047921875 0.9391901515625001 0.844462459375 0.9364354468750001 0.86050795625 0.9373536781249999 0.874649753125 0.941796875 0.887847221875 0.95234375 0.8885416671874999
1 0.477734375 0.7989583328125001 0.47578125 0.8010416671874999 0.47421875 0.8079861109375 0.47578125 0.834375 0.471875 0.85381944375 0.471875 0.8829861109374999 0.47265625 0.8899305562500001 0.475390625 0.89618055625 0.48125 0.896875 0.483984375 0.89618055625 0.4875 0.8857638890625001 0.4875 0.856597221875 0.48359375 0.8302083328125001 0.484375 0.80243055625 0.482421875 0.7989583328125001 0.477734375 0.7989583328125001
1 0.509375 0.8052083328125 0.51015625 0.8038194437499999 0.509375 0.796875 0.508203125 0.7947916671874999 0.503515625 0.7947916671874999 0.5 0.8010416671874999 0.5015625 0.831597221875 0.49921875 0.84131944375 0.49765625 0.856597221875 0.49765625 0.871875 0.500390625 0.887847221875 0.503515625 0.890625 0.51015625 0.8899305562500001 0.51171875 0.8885416671874999 0.5140625 0.8704861109375 0.5140625 0.8482638890625 0.509375 0.8260416671874999 0.509375 0.8052083328125
1 0.527734375 0.793402778125 0.5265625 0.7954861109375 0.5265625 0.8107638890625001 0.528125 0.8232638890625001 0.5234375 0.846875 0.5234375 0.862152778125 0.52578125 0.8802083328125001 0.529296875 0.88506944375 0.53359375 0.884375 0.53671875 0.8802083328125001 0.53828125 0.86493055625 0.53828125 0.8427083328125 0.534375 0.819097221875 0.53515625 0.7954861109375 0.533984375 0.793402778125 0.527734375 0.793402778125