1 0.12430943125 0.565625 0.134375 0.565625 0.134375 0.3078445609375 0.1269769796875 0.2814137625 0.1238734453125 0.15808535625 0.11211880625 0.136814328125 0.086763609375 0.1316904515625 0.0741335546875 0.1400523765625 0.0688307484375 0.1524432828125 0.08405577656249999 0.291587603125 0.0732618296875 0.37566259375 0.07880328125 0.4693853203125 0.09684472968749999 0.5633262343750001 0.12430943125 0.565625
1 0.221721796875 0.5640625 0.234375 0.5640625 0.234375 0.3597775125 0.2271194859375 0.3398946625 0.2190350015625 0.2116787359375 0.2087324875 0.1923975375 0.1850215859375 0.1899544984375 0.1753437890625 0.19571876562499999 0.1710076046875 0.217775621875 0.1848540734375 0.32232673125 0.174911728125 0.405639334375 0.18352389375 0.504076834375 0.2027810328125 0.563042659375 0.221721796875 0.5640625
1 0.34814819531249996 0.5564088953125 0.3575777375 0.5465972484375 0.3703686296875 0.49601505156250003 0.3765625 0.43720909218750004 0.3765625 0.43139910156249994 0.3556526640625 0.340492796875 0.3579242125 0.2185450234375 0.349892559375 0.20959170781249997 0.3262297421875 0.20959170781249997 0.3157367125 0.2205099375 0.316571984375 0.3454371625 0.298617390625 0.41214772499999996 0.298617390625 0.47800643281250005 0.31537205625000003 0.5516871625 0.32327269531249997 0.5578125 0.33034025 0.5578125 0.34814819531249996 0.5564088953125
1 0 0.5671875 0.0266575546875 0.5671875 0.0337362015625 0.5549432999999999 0.0387038140625 0.27661803906250004 0.04375 0.21795017031250002 0.04375 0.19067678125 0.0346049984375 0.1753862078125 0.012820925 0.1708593953125 0.00094305 0.17557717343749998 0 0.178123609375 0 0.5671875
1 0.431077128125 0.366938975 0.442637934375 0.409677025 0.44871050781250005 0.4140625 0.459375 0.4140625 0.459375 0.2363402796875 0.45627977187499996 0.2258995984375 0.45203771093749995 0.128731921875 0.44377861718750006 0.112405490625 0.4330813 0.1085199609375 0.4266612796875 0.11303140468749999 0.4224203734375 0.1291396515625 0.42860282656250004 0.17640733125000002 0.4323916 0.22640733124999998 0.4225793125 0.289115740625 0.42375315 0.325199578125 0.431077128125 0.366938975
1 0.4885682359375 0.2454456828125 0.48044266875 0.2958093953125 0.48353241249999995 0.3430619265625 0.48824278593750003 0.3670602265625 0.5023510375 0.4149204359375 0.5103683140624999 0.4203125 0.5171875 0.4203125 0.5171875 0.23862900312500002 0.515802146875 0.23444214218749998 0.5110107640624999 0.209517915625 0.51043274375 0.14919633906250002 0.5082107406249999 0.1297670484375 0.5014053578125 0.1146483953125 0.48998180937499997 0.10941108906250001 0.48317619218749996 0.115178809375 0.479044075 0.13061571249999998 0.479981384375 0.14729753437499998 0.4902584390625 0.21105003125000002 0.4885682359375 0.2454456828125
1 0.5207875703125 0.34823945 0.5241850734375 0.3799195515625 0.5327914453125 0.42209975312500003 0.534449396875 0.425 0.55813218125 0.425 0.5606371734375 0.42404268125 0.5656578140625 0.411312228125 0.575 0.351365075 0.575 0.306113775 0.57164185625 0.27773631249999997 0.55994819375 0.22922017656250002 0.56413271875 0.1364577765625 0.5577435046875 0.115927671875 0.5504214609375 0.11242954062499999 0.5479041359375 0.11242954062499999 0.5405506171875001 0.1176541171875 0.5349929859375 0.13318660625 0.5380678078125001 0.23116494843750002 0.521517959375 0.3013613953125 0.5207875703125 0.32508921874999996 0.5207875703125 0.34823945
1 0.5749346187500001 0.3578413734375 0.5668746484375 0.40424375 0.5668746484375 0.413772709375 0.5670904359375 0.4140625 0.580082115625 0.4140625 0.58125 0.4116951203125 0.58125 0.365892096875 0.5795592921875 0.34236764375 0.57624123125 0.33983588125 0.5749346187500001 0.3578413734375
1 0.5822916671875 0.225 0.5807291671875 0.20370370312500002 0.5854166671875001 0.13333333281249998 0.5838541671875 0.1203703703125 0.58046875 0.1125 0.5731770828125 0.10601851874999998 0.5674479171875 0.10601851874999998 0.5606770828125 0.1125 0.559375 0.1175925921875 0.5635416671875 0.13703703750000001 0.5598958328125 0.2175925921875 0.5614583328125 0.2388888890625 0.5729166671875 0.2851851859375 0.5765625 0.31759259218749997 0.5802083328125 0.31944444375000003 0.58125 0.29907407343750003 0.5895833328125001 0.2601851859375 0.5890625 0.2509259265625 0.5822916671875 0.225
1 0.58125 0.3 0.5802083328125 0.34629629687499996 0.5869791671875 0.40555555625000006 0.5927083328125 0.42870370312499995 0.5981770828125 0.43379629687500004 0.6166666671875 0.43333333281249997 0.6171875 0.4268518515625 0.6072916671874999 0.41111111093749997 0.6 0.3916666671875 0.5947916671875 0.3601851859375 0.5958333328125001 0.32685185156249996 0.5989583328125001 0.309259259375 0.6083333328125 0.28611111093749997 0.6221354171875 0.2671296296875 0.6244791671875 0.2601851859375 0.6192708328125001 0.2379629625 0.6177083328125 0.21851851875 0.6213541671874999 0.1583333328125 0.6208333328125001 0.13333333281249998 0.61875 0.12407407343750002 0.6138020828125 0.1171296296875 0.6044270828125 0.11435185156250001 0.5971354171875 0.1199074078125 0.5916666671874999 0.134259259375 0.5916666671874999 0.15925925937500002 0.5953125 0.1981481484375 0.5953125 0.23518518593749999 0.58125 0.3
1 0.63203125 0.108796296875 0.6231770828125001 0.11435185156250001 0.6197916671874999 0.1203703703125 0.6213541671874999 0.1351851859375 0.6197916671874999 0.2388888890625 0.6234375 0.25648148125 0.6276041671874999 0.2611111109375 0.6494791671875 0.253703703125 0.64375 0.2259259265625 0.6432291671874999 0.2138888890625 0.64375 0.1759259265625 0.6463541671874999 0.15370370312499998 0.6458333328125001 0.127777778125 0.6403645828125001 0.11435185156250001 0.63203125 0.108796296875
1 0.6802083328125 0.427777778125 0.684375 0.42870370312499995 0.70234375 0.4263888890625 0.7057291671874999 0.42222222187499997 0.7119791671875 0.39444444375 0.7177083328125 0.3425925921875 0.7151041671874999 0.2833333328125 0.7020833328125 0.23240740781250002 0.7015625 0.2009259265625 0.7046875 0.13703703750000001 0.7010416671874999 0.12129629687500001 0.6940104171874999 0.1125 0.6825520828125 0.11620370312499999 0.6755208328125001 0.134259259375 0.6802083328125 0.2203703703125 0.671875 0.2666666671875 0.6809895828125001 0.2791666671875 0.6895833328125001 0.29722222187499997 0.6942708328125 0.3129629625 0.6979166671874999 0.3398148140625 0.6979166671874999 0.35925925937500003 0.6942708328125 0.3851851859375 0.6802083328125 0.4203703703125 0.6802083328125 0.427777778125
1 0.7380208328125001 0.3351851859375 0.7390625 0.3046296296875 0.7317708328125001 0.2601851859375 0.721875 0.221296296875 0.7234375 0.12222222187500001 0.7190104171874999 0.109722221875 0.7091145828125001 0.1041666671875 0.6989583328125001 0.1129629625 0.7052083328125001 0.1379629625 0.7015625 0.21574074062499998 0.7052083328125001 0.2453703703125 0.715625 0.2833333328125 0.7182291671875 0.3166666671875 0.7171875 0.3601851859375 0.7104166671875 0.409259259375 0.71171875 0.4125 0.7192708328125 0.4138888890625 0.7255208328125 0.4074074078125 0.7296875 0.39074074062499997 0.7380208328125001 0.3351851859375
1 0.7807291671875 0.225 0.7838541671874999 0.127777778125 0.7778645828125 0.1125 0.76796875 0.10787037031249999 0.7591145828125001 0.11435185156250001 0.7536458328125001 0.12870370312499999 0.7578125 0.22314814843750003 0.7421875 0.29722222187499997 0.7416666671875 0.33703703749999997 0.7489583328125 0.38240740781250004 0.7567708328125 0.4129629625 0.76015625 0.41898148125 0.78125 0.41944444374999995 0.7885416671875 0.40833333281249995 0.7973958328124999 0.365740740625 0.8005208328125001 0.3148148140625 0.7963541671875001 0.2833333328125 0.7807291671875 0.225
1 0.8765625 0.303703703125 0.8729166671874999 0.2638888890625 0.8609375 0.2175925921875 0.8635416671874999 0.11944444375 0.8575520828125001 0.1050925921875 0.84609375 0.10231481406250001 0.83671875 0.109722221875 0.8317708328125001 0.125 0.8364583328125 0.2175925921875 0.825 0.2666666671875 0.821875 0.302777778125 0.8265625 0.35555555625 0.834375 0.397222221875 0.83984375 0.40972222187499996 0.8510416671875 0.41111111093749997 0.8627604171875 0.408796296875 0.8682291671875 0.397222221875 0.8760416671875 0.3379629625 0.8765625 0.303703703125
0 0.6942708328125 0.38703703749999996 0.6979166671874999 0.3425925921875 0.6947916671875 0.315740740625 0.6901041671874999 0.29907407343750003 0.6778645828125001 0.27453703749999997 0.6606770828125 0.258796296875 0.6372395828125 0.2578703703125 0.61953125 0.26898148125 0.603125 0.29722222187499997 0.5958333328125001 0.325 0.5947916671875 0.3620370375 0.6010416671875 0.3953703703125 0.6122395828125 0.41898148125 0.6356770828125 0.4393518515625 0.65 0.440740740625 0.6684895828125 0.43194444374999996 0.6778645828125001 0.4236111109375 0.6864583328125 0.409259259375 0.6942708328125 0.38703703749999996
1 0.3890625 0.8536819453125 0.37394560625 0.8337627859375001 0.3421609359375 0.82433085 0.320949053125 0.8372762937499999 0.3031381234375 0.86581608125 0.3248909515625 0.9771599265625 0.32280893437499997 1 0.38876159375 1 0.38509249687499997 0.9515793531250001 0.3890625 0.9383985578124999 0.3890625 0.8536819453125
1 0.1841550296875 0.66875 0.17509539062499999 0.68932206875 0.1659478609375 0.69764133125 0.162874353125 0.726488284375 0.162874353125 0.7584793125 0.1641373796875 0.7598635546875 0.163361459375 0.7865302203125 0.1718623875 0.8004331796875 0.171603746875 0.80932206875 0.1799753546875 0.8276694718750001 0.190633846875 0.8439370609375001 0.19303673593749998 0.8453125 0.2072424140625 0.8453125 0.22951084375000003 0.8085801921875 0.22989880468749999 0.795246859375 0.234375 0.7911759625 0.234375 0.7634632390625 0.23093336562500003 0.759691303125 0.2280407625 0.7060731578125 0.2237256375 0.7013438984375 0.22467402343749998 0.66875 0.1841550296875 0.66875
1 0 0.8984259250000001 0.0111111109375 0.92805555625 0.0288888890625 0.9369444437500001 0.042222221875 0.9013888890625001 0.0466666671875 0.8391666671875001 0.02444444375 0.7813888890625 0 0.74996031875 0 0.8984259250000001
1 0.2288888890625 0.66875 0.2288888890625 0.7236111109375 0.23777777812499998 0.7458333328125 0.23777777812499998 0.7991666671875001 0.2066666671875 0.8658333328125 0.202222221875 0.9147222218750001 0.2066666671875 0.9413888890625 0.2288888890625 0.9902777781250001 0.23861111093749998 1 0.2973611109375 1 0.3088888890625 0.9769444437499999 0.3088888890625 0.9458333328125 0.3 0.9191666671875 0.3 0.8525 0.3088888890625 0.834722221875 0.29111111093750003 0.794722221875 0.3 0.674722221875 0.29641666718750004 0.66875 0.2288888890625 0.66875
1 0.3890625 0.6738449078125 0.3688888890625 0.6725 0.36222222187500003 0.6791666671875001 0.36222222187500003 0.714722221875 0.36666666718749996 0.7191666671875 0.36666666718749996 0.7325 0.37555555625000003 0.750277778125 0.3890625 0.7599255953124999 0.3890625 0.6738449078125
1 0.468007278125 0.66875 0.46303954531249997 0.685545603125 0.47540983593749997 0.7870163124999999 0.473519371875 0.8341430781250001 0.4663099453125 0.8728546890625001 0.46539506406250003 0.9019668078125 0.4733957796875 0.909735246875 0.508930978125 0.91875 0.515625 0.91875 0.515625 0.8370298093749999 0.5085542234375 0.8125617843749999 0.5075017859375001 0.7986728953125001 0.5133308109375 0.793226434375 0.5069148671875 0.7806309765625 0.5028832953125 0.686241078125 0.4950323671875 0.67015294375 0.49363368750000003 0.66875 0.468007278125 0.66875
1 0.8203125 1 0.8203125 0.8282792750000001 0.819913696875 0.8270114156249999 0.8151582812499999 0.6920846046875 0.8062175046875 0.6749394468750001 0.793929309375 0.67130686875 0.793115034375 0.67130686875 0.7852452671875 0.6769421015625 0.7795853171875 0.6972969453125 0.7891676125 0.7889181484375001 0.7896186390625 0.8209307875 0.7757462765625001 0.89513293125 0.7787490546875 0.9563122406250001 0.7824987734375 0.9812667765625 0.789070765625 1 0.8203125 1
1 0.8990241265625001 0.66875 0.8940517421875 0.6777285234375 0.89030455625 0.7848185171875001 0.867252371875 0.8539293046875001 0.8609375 0.8934379765625 0.8609375 0.9016121937499999 0.8620234906250002 0.9472031828125 0.8703586703124999 0.991247371875 0.879096946875 1 0.89702120625 1 0.9039524203125 0.9896827140625 0.91349710625 0.9600794 0.9206899625 0.9319741359375 0.9231791578124999 0.9068649734375 0.9227130406249999 0.8527346953125001 0.9136774140625 0.794838009375 0.9162474140625001 0.7558399578125 0.9265625 0.68494098125 0.9265625 0.6822082921875 0.92299839375 0.6694377484375 0.922414634375 0.66875 0.8990241265625001 0.66875