1 0.3625 0 0.3625 0.08100400468749999 0.369929540625 0.13711257968749999 0.3948826296875 0.25471302812499996 0.40312525 0.26476419687499997 0.4170775625 0.26875 0.4410960390625 0.26875 0.4505049203125 0.265769503125 0.457204846875 0.24707452343749997 0.47213428437499994 0.16359850625 0.47213428437499994 0 0.3625 0
1 0.2671875 0 0.2671875 0.191053846875 0.269741815625 0.19481006875 0.2708803890625 0.1953125 0.3011270515625 0.1953125 0.304116815625 0.19380985781249999 0.309952134375 0.1857803640625 0.324084259375 0.1280395546875 0.3315351265625 0.079739859375 0.33402976875 0.0038442406249999997 0.33336574531249996 0 0.2671875 0
1 0.6390625 0 0.6186243046875 0 0.6215819125000001 0.013482253125 0.6232432421875 0.0348027921875 0.6223183999999999 0.0745691203125 0.615852984375 0.120683575 0.6178240781250001 0.1258186 0.6203860765625 0.1265625 0.6390625 0.1265625 0.6390625 0
1 0.5093659734375 0 0.50884411875 0.009941859375 0.510209346875 0.055540065625 0.5133224359375 0.085124128125 0.5188776765625 0.1126285015625 0.5413883609375 0.189965196875 0.544249159375 0.1953125 0.5636427984375 0.1953125 0.5636427984375 0 0.5093659734375 0
1 0.559375 0 0.559375 0.15 0.5670866765625 0.15 0.5705579937499999 0.146042584375 0.588273196875 0.08229914375 0.59524466875 0.0416008265625 0.5953643390625001 0 0.559375 0
1 0.4729852296875 0.128125 0.47436475 0.125306596875 0.4703125 0.0856182140625 0.4703125 0.128125 0.4729852296875 0.128125
1 0.346875 0.10824520625 0.346875 0.1296875 0.3520685296875 0.1296875 0.35511182343750003 0.12747939531250002 0.35040900937499997 0.08543613125 0.346875 0.10824520625
1 0.228125 0 0.228125 0.1515625 0.23987975 0.1515625 0.2437262328125 0.151396459375 0.24898988125 0.147287365625 0.2505226859375 0.14081800625000002 0.2459781265625 0.0907210390625 0.2459996640625 0.06291901875 0.25090026875000004 0.0120052140625 0.253841625 0 0.228125 0
1 0.2027245734375 0 0.1988091578125 0.02259838125 0.20010583125 0.055931712499999994 0.20372650937499998 0.07722801093750001 0.21522073437499997 0.1235243046875 0.2208120078125 0.1296875 0.234375 0.1296875 0.234375 0.0871553265625 0.22929404999999997 0.056857640625000004 0.228909734375 0.01796875 0.23084990468750002 0 0.2027245734375 0
1 0.8782333437500001 0 0.871875 0.025978996875 0.871875 0.026079453125000002 0.8848438281250001 0.05433163125 0.890368109375 0.1322791890625 0.9023030343749999 0.140625 0.9114860109375 0.140625 0.925445371875 0.11427786250000001 0.9199591859374999 0 0.8782333437500001 0
1 0.915016271875 0 0.9173380359374999 0.107245684375 0.896875 0.1661228078125 0.896875 0.33575369843749997 0.898137028125 0.34082149375 0.9136992421875 0.3578125 0.9365288140625001 0.3578125 0.9558234765625 0.3530130546875 0.9876937609375 0.2494472328125 0.9880685937500001 0.196730075 0.9606999046875 0.1143060234375 0.9759536343749999 0 0.915016271875 0
1 0.6911925828125 0 0.699469721875 0.060905668749999996 0.6843387328125 0.1132955265625 0.683791075 0.1660248140625 0.6937409109375 0.22177432968750002 0.7159482703125 0.2694814546875 0.727899684375 0.275 0.7411533953125 0.275 0.756694509375 0.2745936765625 0.7748611249999999 0.24983376562499998 0.7748611249999999 0.12581814687499998 0.7383256296875 0.03682698125 0.7372540734374999 0 0.6911925828125 0
1 0.1463315546875 0.3796875 0.1448222765625 0.4315318125 0.1532168484375 0.4830874140625 0.152095653125 0.514269503125 0.11473994843749999 0.616423584375 0.109375 0.6572257625000001 0.109375 0.7263897421875 0.1105606296875 0.7586519375 0.127288534375 0.8105470968749999 0.141978853125 0.84112434375 0.141778265625 0.8773403890625 0.156865540625 0.8829515921875 0.2028587203125 0.884375 0.2209711375 0.884375 0.224256446875 0.87945200625 0.22368915625 0.8469520062499999 0.2326158171875 0.83357551875 0.245272765625 0.7953688109375 0.2458004125 0.7925334796875 0.2458004125 0.6397221234374999 0.24204357812500002 0.6103688109375 0.2150320296875 0.5418161828125 0.2069429203125 0.50776058125 0.2056732109375 0.482726625 0.2139453046875 0.4318501390625 0.21487013125 0.38941805 0.21213518750000002 0.3796875 0.1463315546875 0.3796875
1 0.2814762625 0.3796875 0.27883516406250003 0.381443884375 0.26650809999999997 0.404896225 0.26518730625 0.4511219765625 0.26969984375 0.4971779984375 0.26741101718750004 0.5284522453125 0.2614795015625 0.5485977296875 0.24375 0.5883424953125 0.24375 0.8640625 0.3132105234375 0.8640625 0.314249921875 0.8628836812500001 0.31618942968749997 0.83910943125 0.33347825468750003 0.8073987296875 0.35003192968749997 0.7557365218750001 0.356334465625 0.69188953125 0.3471529875 0.6210032453125001 0.31830257031250003 0.525723146875 0.3173162828125 0.4932958890625 0.33071128125000004 0.43798067031250004 0.3314498796875 0.40425491874999997 0.3286405234375 0.393101909375 0.3194136328125 0.3796875 0.2814762625 0.3796875
1 0.436666621875 0.8234375 0.450726515625 0.8162738718749999 0.4604775109375 0.7956738156250001 0.4604775109375 0.6258772359375 0.45751462031249995 0.6059495109374999 0.42435352656249997 0.52523185625 0.4243503203125 0.49650125312500004 0.4311956375 0.4741758171875 0.43318323281250004 0.42800340156249994 0.427601290625 0.40788702499999996 0.410941378125 0.39113862187500004 0.3920026734375 0.39113862187500004 0.3843754703125 0.39626312812500003 0.3730013765625 0.42035688593750004 0.37300458281250004 0.4490874890625 0.38188669218750004 0.49676205468750007 0.38355656250000003 0.52553145 0.3776536953125 0.55162628125 0.3625 0.5921021312500001 0.3625 0.599340184375 0.376542215625 0.6565293015625 0.38190913593750003 0.6978762812499999 0.3803216234375 0.757798696875 0.370652171875 0.7975465484375001 0.371015884375 0.8100465484375 0.38094474375 0.822144603125 0.391463146875 0.8234375 0.436666621875 0.8234375
1 0.553289290625 0.80467948125 0.553289290625 0.5908774203125 0.5280195234375 0.5385603890625 0.5247387 0.5010603890625001 0.5293275078125 0.47672713125 0.5286560453125 0.44025841093749996 0.5208542171875 0.4182687609375 0.50109919375 0.40362272031249996 0.496533590625 0.408477528125 0.4935991921875 0.40427888437500004 0.47545832812500005 0.4272786578125 0.475 0.43005278281250003 0.475 0.4577076546875 0.488743496875 0.5407370296874999 0.475 0.5996942796875 0.475 0.624924434375 0.4914030953125 0.7055077296875 0.4952197703125 0.797122265625 0.4990414796875 0.8046875 0.55327684375 0.8046875 0.553289290625 0.80467948125
1 0.0246696640625 0.3796875 0.022814978125 0.38138226249999996 0.0121773015625 0.40440544687499996 0.008691015625 0.43689575156250005 0.0092525265625 0.521983021875 0 0.5457949796875 0 0.8625 0.019822440625 0.8625 0.0293046796875 0.8587857328125 0.0668894703125 0.7866542078125 0.07194017968750001 0.6941251187499999 0.08484811875 0.6279623890625 0.059048454687499995 0.5250648234375 0.0628408484375 0.4888245203125 0.075969903125 0.4301714875 0.07602081875 0.398892396875 0.06545885625 0.3796875 0.0246696640625 0.3796875
1 0.24471303125000002 0.43294089375 0.2530597484375 0.5292296796875 0.234375 0.5856720921875 0.234375 0.5873092875 0.24215529687499998 0.6046875 0.24531142031250003 0.6046875 0.2581209875 0.5805039203125 0.2733039625 0.5325312249999999 0.2733039625 0.48391189843750004 0.26542846875000004 0.40243952343749995 0.2538708984375 0.4086216484375 0.24471303125000002 0.43294089375
0 1 1 1 0.655199034375 0.9937485234375 0.6522253890625 0.9746750796875 0.6597154046875 0.9648472609375001 0.6697104109375001 0.9536900015625001 0.6970816828124999 0.951814034375 0.7373594609375 0.9575084374999999 0.83844525625 0.9381828890625 0.8736827375 0.934375 0.8870630765625 0.934375 1 1 1
0 0.833352678125 0.8859375 0.8535054015625001 0.8859375 0.8588661999999999 0.8822014453125 0.8550945999999999 0.859906490625 0.85580390625 0.812732759375 0.8660498624999999 0.7713327859375 0.871875 0.759106603125 0.871875 0.7106781343749999 0.8691971578125 0.7006206796875001 0.844066859375 0.6597852640624999 0.8379109187499999 0.5555458625 0.8331380656249999 0.53461555 0.815404996875 0.51546550625 0.813885 0.5152748 0.798901909375 0.5152748 0.7864403921875 0.5217310890625 0.7765625 0.546392084375 0.7765625 0.5487874875000001 0.7983143515625 0.6614962609375 0.79667555625 0.6767255453125001 0.7859446484375 0.7014588515625 0.7825862328125 0.7291396499999999 0.8039135749999999 0.78237808125 0.8166337578125 0.8617872015625 0.8233687078124999 0.8785993375000001 0.833352678125 0.8859375
0 0.7863334578125001 0.6050185703125 0.7700499 0.50287873125 0.7552671421875 0.4838790171875 0.7382359390625 0.4811704953125 0.722081290625 0.4944797625 0.7203125 0.5030214984375 0.7203125 0.5255519765625 0.7453958625 0.616997265625 0.7367323046875 0.6499441828125001 0.7356034390625 0.685030940625 0.7672958890625 0.7053502890625 0.7869448453125 0.7234375 0.7923874171875 0.7234375 0.7923874171875 0.614058184375 0.7863334578125001 0.6050185703125
0 0.8783851046875 0.46995671093749997 0.8700194515625 0.4756577234375 0.8625 0.49194099218750004 0.8625 0.51863615625 0.8705962671874999 0.5875 0.87763855625 0.5875 0.8870975187500001 0.5836819578125001 0.911556484375 0.5867268953125 0.9110642796875 0.49230063125 0.9012694515625 0.475112253125 0.8929684375000001 0.46970215781249997 0.8783851046875 0.46995671093749997
0 0.947682503125 0.8836410375 0.95835564375 0.857191665625 0.95835564375 0.8197342734374999 0.9522839703124999 0.7892329546875 0.9275740984375 0.7460380125 0.93084298125 0.634957203125 0.927330090625 0.6127168000000001 0.91078424375 0.5897061984375 0.8857115140625 0.5853940859375 0.868754325 0.5984885375 0.8608331249999999 0.6220511671875 0.8776710703124999 0.751302678125 0.8674968359375 0.7651309640624999 0.8566203375000001 0.798397634375 0.853125 0.8319291703125 0.853125 0.8646687375 0.8549014406250001 0.8789350078125 0.874887840625 0.9498774265625001 0.8889870999999999 0.9819006531250001 0.9005144406250001 0.9890625 0.92765845625 0.9890625 0.9379211890625001 0.9807965953124999 0.940996915625 0.9183208359374999 0.947682503125 0.8836410375
0 0.9588876328125 0.6955946171875 0.97316746875 0.6601779515625 0.9942145312499999 0.6469835078124999 0.9964829328124999 0.6161204546875 0.9964829328124999 0.5389428453125 0.9886524671875 0.519900175 0.9717271859375 0.5087890640625 0.9540835062499999 0.511566840625 0.9454394624999999 0.5205946171875 0.9385680453124999 0.538650175 0.9496491515625 0.6567057296875 0.9357446812500001 0.685872396875 0.93125 0.715876609375 0.93125 0.7355579921875 0.931926396875 0.7455946171875001 0.954738871875 0.7858723953125 0.965972490625 0.834375 0.9671828874999999 0.834375 0.9703243359375 0.8289279515625001 0.969613146875 0.7983723953124999 0.959728128125 0.7317057296874999 0.9588876328125 0.6955946171875