1 0.12476259062499999 0.4 0.123950265625 0.3932580421875 0.112860415625 0.33514714687499997 0.10691415312500001 0.278204759375 0.11222626718749999 0.2097105 0.1274875359375 0.11102455781250001 0.13026880000000002 0.063778078125 0.1283092484375 0.0469658609375 0.119283215625 0.022857456249999998 0.112509525 0.015110434375 0.107373828125 0.012777881250000001 0.0945219109375 0.012777881250000001 0.0885511921875 0.013994556250000002 0.0807415484375 0.0210623515625 0.073357046875 0.033259121875 0.0656178640625 0.05426431875 0.061015109375 0.10514172968749999 0.0624319359375 0.2343305984375 0.058673750000000004 0.28060263750000003 0.050289956250000004 0.3182987609375 0.04375 0.3401583359375 0.04375 0.4 0.12476259062499999 0.4
1 0.32233072812499997 0.4 0.32233072812499997 0.3780211375 0.327018228125 0.33474828125 0.327018228125 0.3143779109375 0.3210286453125 0.29878623125 0.315299478125 0.29570820000000003 0.3080078125 0.2962519875 0.301236978125 0.304230475 0.2984375 0.316086753125 0.2984375 0.34869356093750004 0.300455728125 0.3805784203125 0.300455728125 0.4 0.32233072812499997 0.4
1 0.2303456125 0.4 0.22136778437500002 0.3518364734375 0.223696571875 0.3018364734375 0.2329653703125 0.23705802343750002 0.23490602656249998 0.1953913546875 0.23281936875000003 0.18426509375 0.22732573125000002 0.17358210000000002 0.21725407031250002 0.1661140890625 0.20618719375 0.168828234375 0.1979865625 0.1771161171875 0.1881637296875 0.2034550078125 0.186093696875 0.247899453125 0.189278446875 0.3025624140625 0.186992784375 0.35163648593749997 0.175 0.397869909375 0.175 0.4 0.2303456125 0.4
1 0.3037181390625 0.4 0.2988105640625 0.382495809375 0.29688648125 0.3639439140625 0.29812525 0.305051796875 0.295909746875 0.2689740625 0.29039514375 0.254338509375 0.278445228125 0.2457143484375 0.27706931875 0.2457143484375 0.2664368109375 0.2528031890625 0.2625 0.26545567812500004 0.2625 0.3017352328125 0.267136975 0.32702315 0.2721779015625 0.37986768125000003 0.269901271875 0.4 0.3037181390625 0.4
1 0.1853213765625 0.4 0.1854166671875 0.3996166109375 0.190625 0.3432193 0.190625 0.3153573515625 0.1861979171875 0.304709203125 0.1794270828125 0.29915364843750003 0.1721354171875 0.3010055 0.16744791718750002 0.30656105624999996 0.16354166718750002 0.32091290781250004 0.1666666671875 0.3931351296875 0.16648278593750002 0.4 0.1853213765625 0.4
1 0.0490855234375 0.4 0.05249280625 0.3828708328125 0.055783456249999995 0.3531805859375 0.0557300984375 0.31618901093749996 0.0471248515625 0.30395421875 0.039833184375000004 0.304166384375 0.034957040625000005 0.30893240624999996 0.031288660937500004 0.31597535625 0.03125 0.3162159046875 0.03125 0.3859246625 0.031395371875 0.389958503125 0.03125 0.391946365625 0.03125 0.4 0.0490855234375 0.4
1 0.7145137531250001 0.4 0.715516921875 0.3946529859375 0.7205100609375 0.3008302109375 0.7092226359375 0.215654690625 0.7236343328125 0.0768105140625 0.71825841875 0.06401941562499999 0.70611874375 0.0551998609375 0.7027543890625 0.0551998609375 0.6802503203125 0.0583301875 0.6686190515625 0.078950903125 0.666237459375 0.20267949999999998 0.6609375 0.22176413281250001 0.6609375 0.4 0.7145137531250001 0.4
1 0.6361142359375 0.4 0.6361142359375 0.298882825 0.62353736875 0.24632271249999999 0.6245690984375 0.1419356015625 0.617555209375 0.1196600828125 0.6083586359375 0.11422101250000001 0.5974267671875 0.11422101250000001 0.5838796125 0.115163546875 0.5759679078125 0.134144084375 0.5835671328125 0.26246934375 0.5671875 0.3296322390625 0.5671875 0.3874518234375 0.5679164234374999 0.4 0.6361142359375 0.4
1 0.4296875 0.4 0.49286020624999993 0.4 0.49375 0.39619085625 0.49375 0.34150335625 0.475 0.2702082109375 0.4765625 0.145290096875 0.4662832234375 0.13447210625 0.4421893625 0.13447210625 0.434375 0.14307914375 0.4359375 0.26503603125 0.4296875 0.291494196875 0.4296875 0.4
1 0.7979521937499999 0.4 0.79980233125 0.33037443906249997 0.7862535625 0.25214944375 0.7942930015625 0.113096034375 0.7902604734375 0.0990062640625 0.779201090625 0.0936647796875 0.77736076875 0.0936647796875 0.7567758859375 0.0964670703125 0.7453125 0.1128103921875 0.7453125 0.4 0.7979521937499999 0.4
1 0.19002711875 0.786595584375 0.1862800953125 0.7747650296874999 0.1890069890625 0.74977411875 0.2014970140625 0.7165044187499999 0.1936048625 0.667834221875 0.2003323328125 0.6003429406249999 0.1920022671875 0.5787246390625 0.1823052 0.5797743625 0.17458014375 0.585260153125 0.168359321875 0.5918608359374999 0.1654649 0.617656959375 0.16905424375 0.6571274859375 0.1673061046875 0.678795340625 0.1670970296875 0.6991496734375 0.1605992765625 0.731743171875 0.1578125 0.74135898125 0.1578125 0.8881113296875001 0.1583890609375 0.9038044296875001 0.1620571796875 0.9109375 0.1833939265625 0.9109375 0.1888578109375 0.9039816937499999 0.2001734671875 0.8623695687499999 0.20725444375 0.8110079500000001 0.2014871140625 0.7922193171874999 0.19002711875 0.786595584375
1 0.0854052203125 0.688315759375 0.0786573921875 0.6505654359374999 0.0750184046875 0.592282165625 0.0642317515625 0.5713147953125001 0.0555740984375 0.5713147953125001 0.0505507390625 0.57205525625 0.0453125 0.5887146390625 0.0453125 0.5895307703125 0.0613969578125 0.6895415296875 0.0590409765625 0.7405299 0.0708897171875 0.8265625 0.077006746875 0.8265625 0.08854418281250001 0.8066902718750001 0.09840028281249999 0.8007246671875 0.09840028281249999 0.7212528578125 0.0854052203125 0.688315759375
0 0.1455412390625 1 0.15859375 0.9744357609375001 0.171875 0.9244357609375001 0.16953125 0.8702690953125 0.15546875 0.8299913171875 0.144140625 0.8126302062499999 0.116796875 0.79457465 0.099609375 0.791796871875 0.067578125 0.816796871875 0.05234375 0.8424913171874999 0.040625 0.8952690953125 0.0421875 0.935546871875 0.0515625 0.973046871875 0.066723634375 1 0.1455412390625 1
1 0.5422862921875 0.6195733328124999 0.5334252234375001 0.596977340625 0.5285974765625 0.5946057171875 0.5271721328125001 0.5630533796874999 0.544116790625 0.47654063437499994 0.5449004125 0.43936646249999994 0.533723421875 0.410937884375 0.52059075 0.400492528125 0.5069515984375 0.400492528125 0.49420367656249997 0.40480368125000005 0.4817443 0.42068194375 0.4751174015625 0.4375474453125 0.4720178578125 0.4688890328125 0.4802058609375 0.54655409375 0.4788165203125 0.5794065140625 0.4640625 0.6108753734375 0.4640625 0.82594821875 0.4731189140625 0.8328125 0.48480515312500005 0.8328125 0.4970564859375 0.8314280734375 0.5161499609375 0.8115652624999999 0.5427645140624999 0.7555576703125 0.5507879546875 0.718720696875 0.552063140625 0.6615329062499999 0.5422862921875 0.6195733328124999
0 0.8188728624999999 1 0.8188728624999999 0.91711445 0.8175884968750001 0.911960103125 0.7980560156250001 0.8681202125 0.7762749343750001 0.83620288125 0.746274903125 0.8087274734375001 0.7300826390624999 0.80170548125 0.6701262124999999 0.80170548125 0.6613151265624999 0.8047026125000001 0.6284330687499999 0.8402150031249999 0.6153184781250001 0.8691863171875 0.6092275078125 0.8957685125000001 0.6078125 0.91267983125 0.6078125 0.9840588125 0.608325159375 0.9908243171875 0.6102687 1 0.8188728624999999 1