1 0.559375 0.2342292234375 0.5322280703125 0.15694708125 0.5409798671875 0.040062128125 0.5176694281249999 0.013663465625 0.4943165859375 0.01937128125 0.480334859375 0.040155093749999995 0.4757935296875 0.07363395 0.480511634375 0.15667623749999998 0.44615186093750003 0.2341764328125 0.4375 0.26953804375 0.4375 0.38914539062500003 0.47426347187499995 0.465625 0.5198629609375 0.465625 0.5458281546875 0.425121553125 0.559375 0.3888774234375 0.559375 0.2342292234375
1 0.3867135796875 0.0422097125 0.36922282968750003 0.0208761421875 0.349579971875 0.022364589062500002 0.3331975671875 0.048650065625 0.34077140156249996 0.1434822203125 0.312021359375 0.2148301671875 0.3046875 0.262694171875 0.3046875 0.2653054453125 0.33168574375 0.252695090625 0.3745983046875 0.251828521875 0.4053987859375 0.268575815625 0.4145089203125 0.2796875 0.4154403078125 0.2796875 0.4154403078125 0.2070404125 0.3854142578125 0.1400993875 0.3867135796875 0.0422097125
1 0.29410548593749997 0.2393371453125 0.28806010625 0.2140798734375 0.25425473125 0.14377375781249999 0.2571735125 0.038824778125 0.23069877499999997 0.014728975 0.212952465625 0.020114465625 0.20008607343749998 0.0432012015625 0.2078815765625 0.1477760296875 0.1792423703125 0.22264564999999997 0.1703125 0.2665562921875 0.1703125 0.29496394375 0.178829725 0.3584846515625 0.22044067812499998 0.428125 0.25905166875 0.428125 0.26604027812500003 0.41977715781249997 0.26404525625 0.3340628734375 0.2791191734375 0.290644503125 0.29410548593749997 0.271252921875 0.29410548593749997 0.2393371453125
1 0 0.38666682343750003 0.0106771203125 0.4037736609375 0.02391889375 0.4046875 0.0378571 0.4046875 0.0476358671875 0.3975036265625 0.062300292187499995 0.3633383109375 0.062300292187499995 0.20607416562499997 0.0299364609375 0.14040233124999998 0.028076893749999998 0.045288925 0.004307271875 0.0160018421875 0 0.0160018421875 0 0.38666682343750003
1 0.1640579265625 0.043459303125 0.145598828125 0.0188957140625 0.1277139796875 0.021692295312500002 0.1140579265625 0.044623065625 0.11841769375 0.1302126640625 0.0909116515625 0.1927408671875 0.0859375 0.2128696890625 0.0859375 0.30368718437500003 0.11040088125 0.358908778125 0.12343876406250001 0.3703125 0.1508638359375 0.3703125 0.1622697109375 0.35056059687499996 0.1596956578125 0.26492943593749996 0.181955375 0.1930021109375 0.157675703125 0.1316792296875 0.1640579265625 0.043459303125
1 0.4740760359375 0.020978746875000003 0.4597903203125 0.020895632812500002 0.44544345781250005 0.0386644703125 0.45144316875 0.1291510515625 0.4265625 0.199698628125 0.4265625 0.22078213125 0.4361024015625 0.29806361406250004 0.4444824484375 0.3125 0.4462394859375 0.3125 0.46156878125 0.23156316718749997 0.48488806562500003 0.1695804984375 0.48488806562500003 0.0683125015625 0.4823889859375 0.026977876562500003 0.4740760359375 0.020978746875000003
0 0.42763909218749996 0.3359742421875 0.4170107984375 0.3004781453125 0.387819675 0.2617379015625 0.3564255015625 0.2480132421875 0.3205864359375 0.2510175890625 0.2910167640625 0.2705639265625 0.261154534375 0.31271372343750004 0.2546875 0.3351641015625 0.2546875 0.4269825421875 0.26118490625 0.4483033296875 0.28207136093749996 0.4752946609375 0.31567656875 0.490625 0.35450566562499997 0.490625 0.3857675703125 0.47110586249999997 0.4135945234375 0.4337491390625 0.4285901328125 0.385911903125 0.42763909218749996 0.3359742421875
1 0.7191143609375 0 0.722802521875 0.039834770312500004 0.7202265671875 0.1030531625 0.709375 0.1394813046875 0.709375 0.3215630375 0.71329301875 0.321875 0.7446659437500001 0.321875 0.766096271875 0.2467313234375 0.7689064015625 0.1777658046875 0.7487494859374999 0.08006465625 0.752431940625 0.07431753125 0.7492178375 0.068570403125 0.7529002953124999 0.0628232765625 0.757973078125 0 0.7191143609375 0
1 0.6333168296875 0 0.6341722140625 0.099020521875 0.6171875 0.1571823484375 0.6171875 0.2706587796875 0.6235639515625 0.31186486874999997 0.6303601890625 0.3174113265625 0.6466510078125001 0.31875 0.6570924765624999 0.31875 0.6631689671875 0.3135845859375 0.6799401640625 0.2412939984375 0.681244278125 0.1665813546875 0.6620593703125 0.0809764671875 0.6688580625 0 0.6333168296875 0
1 0.8249095453124999 0 0.8254552687500001 0.01129235 0.8310726687500001 0.0940921421875 0.8171875 0.18320301875 0.8171875 0.25570884375 0.8186979421875 0.2758857609375 0.82450609375 0.323113075 0.8350473968750001 0.3328125 0.8625463140624999 0.3328125 0.8693336796875 0.3215476609375 0.875265265625 0.284546165625 0.875265265625 0.1677912359375 0.8574877921875 0.109144815625 0.8577943953125 0 0.8249095453124999 0
1 0.92111128125 0 0.9264080890624999 0.0457866765625 0.930042965625 0.130186575 0.9203125 0.20095729218749997 0.9203125 0.2082152140625 0.9243799781250001 0.26189323125 0.938243675 0.311272084375 0.948830325 0.3377123328125 0.9600424875 0.3390625 0.9723972249999999 0.3390625 0.9723972249999999 0.1400990015625 0.9581259015625001 0.09697509843749999 0.956900509375 0 0.92111128125 0
1 0.9025687546875 0 0.907045471875 0.0867619828125 0.8859375 0.171113503125 0.8859375 0.2399497296875 0.8942263140625 0.299646440625 0.8981726 0.30625 0.9004303499999999 0.30625 0.8960939390625 0.22761227343749998 0.895726128125 0.1800265875 0.9130334484375 0.1182118203125 0.9120117796875 0.047611903125 0.91256579375 0 0.9025687546875 0
1 0.1456802578125 0.8125 0.1437310515625 0.7867765640625001 0.14891784531250002 0.758531515625 0.1558330796875 0.7427364 0.16050965781249998 0.7376742000000001 0.16050965781249998 0.7030385015625 0.15754813750000002 0.6928489109375 0.1552112359375 0.6343820703125 0.14945645000000002 0.624051 0.1456702921875 0.622432784375 0.1381384421875 0.626637134375 0.1359375 0.632149803125 0.1359375 0.650315259375 0.1407006796875 0.684624321875 0.142144396875 0.7105836265625001 0.13733811093749998 0.7369434453125 0.1359375 0.758735946875 0.1359375 0.7779847703125 0.13717070625 0.789988234375 0.1427355859375 0.8125 0.1456802578125 0.8125
1 0.2741913109375 0.6321020609375 0.2684037890625 0.6254016734375 0.2620729640625 0.6284341203125 0.257856884375 0.6392414343749999 0.258296775 0.6956380281250001 0.253125 0.7131195546875 0.253125 0.8001036828125001 0.2531690296875 0.800352546875 0.25411708437499997 0.8015625 0.2668224671875 0.8015625 0.2698087546875 0.80059935625 0.279049165625 0.7512069484375 0.2781871484375 0.727196540625 0.2709045421875 0.6914249875 0.2741913109375 0.6321020609375
1 0.2346126015625 0.6261646437499999 0.230076015625 0.622460940625 0.225871621875 0.623386865625 0.21996899375 0.6340350140625001 0.21907913437499998 0.6942202 0.2140625 0.7165324390625 0.2140625 0.8107235906250001 0.21578873125000003 0.8125 0.2295771046875 0.8125 0.23043343749999998 0.8118127921875 0.241438134375 0.7590350140625001 0.24007900937499999 0.7284794578125 0.232771715625 0.6905164953125 0.23760186874999997 0.6358868656250001 0.2346126015625 0.6261646437499999
1 0.1925874765625 0.6255119171875 0.1848234609375 0.6229614609375 0.1782079921875 0.6291694109375 0.1754260421875 0.6394303734375 0.17674975625 0.682888271875 0.171875 0.7088571078125 0.171875 0.73028335 0.1900625453125 0.7403418890625 0.1988003609375 0.7578125 0.20250485000000001 0.7578125 0.202277884375 0.7413746421875 0.1950148921875 0.7101204812499999 0.193238640625 0.6925885046875 0.1962755390625 0.63789825625 0.1925874765625 0.6255119171875
1 0.1062384453125 0.7027655609375 0.10548415468750001 0.6703581546875 0.10737352656250002 0.6618669546875 0.10735558125 0.6386793421875 0.10315839062500001 0.626475340625 0.097885403125 0.6240922265625 0.0927201734375 0.6263387421875 0.0884762734375 0.6345445765625 0.0911558296875 0.7048360125 0.08500998125 0.7322009296875001 0.084375 0.7379425109375 0.084375 0.7812933203125001 0.0854337921875 0.7952428250000001 0.0926438828125 0.825 0.1105342109375 0.825 0.1106457 0.8248693875 0.1161280390625 0.8023890250000001 0.1161280390625 0.7446510828124999 0.11539072343750001 0.7373192859375 0.1062384453125 0.7027655609375
1 0.0761896 0.7297232625 0.06586634999999999 0.6893099031250001 0.0679748390625 0.667922665625 0.06713434375 0.6318115546875 0.060983126562500004 0.625076271875 0.0552755125 0.6262022640625 0.0500114984375 0.6351895328125 0.053930284375000005 0.691580075 0.046875 0.7278085671875 0.046875 0.7753293078125 0.0483375546875 0.787223265625 0.054084668749999995 0.8101895328125 0.0571600828125 0.8140625 0.0688854875 0.8140625 0.071836103125 0.811422996875 0.076875278125 0.777051575 0.076875278125 0.735872390625 0.0761896 0.7297232625
1 0.0411249078125 0.7051386328125 0.036485875 0.6887050640625001 0.034049114062500004 0.6359636546875 0.0311791453125 0.628964659375 0.026769146875 0.6263654 0.02562124375 0.6263654 0.0203125 0.6286792046875 0.0203125 0.6556625265625 0.0238860171875 0.6939575578125 0.0203125 0.72796178125 0.0203125 0.758248021875 0.0208148671875 0.763208040625 0.0303220390625 0.7994767453125 0.0327626546875 0.8015625 0.0411249078125 0.8015625 0.0411249078125 0.7051386328125
1 0.10875341406250001 0.6272307546875 0.10625 0.627289021875 0.10625 0.7154650046875 0.10989584999999999 0.7304169437500001 0.1142441 0.78125 0.1149676171875 0.78125 0.11893685000000001 0.7589024421875 0.11966239375000001 0.741297725 0.11134693281250001 0.695207515625 0.11304582187500001 0.6387017875 0.10875341406250001 0.6272307546875
0 0.15299415 0.8568306421875 0.17328563125000002 0.871875 0.1768469265625 0.871875 0.1854118703125 0.8709043671875 0.20338560781249998 0.8543467859374999 0.21138189375 0.83495580625 0.21138189375 0.7769880703125001 0.203176678125 0.7548355046874999 0.192265728125 0.7385727140625 0.1770078921875 0.7296875 0.1681716546875 0.7296875 0.16166926406249998 0.7300636328125 0.1452149015625 0.745704378125 0.1366360640625 0.7683335078125 0.1359375 0.7757550703125 0.1359375 0.812492259375 0.13770423125 0.8248058984375 0.1431248671875 0.840573909375 0.15299415 0.8568306421875
1 0.7237377421875 1 0.72365946875 0.9995442687499999 0.7046596562499999 0.9481553796875 0.7016920437499999 0.8675998249999999 0.7143949734375 0.8050998249999999 0.72466306875 0.7064887140625 0.714098946875 0.6877387140625 0.6714808046874999 0.6599609359375 0.6595922765625 0.6641276015625 0.6515761765625 0.6787109359375 0.6477720609375 0.6953776031250001 0.645055603125 0.7620442687500001 0.6523601078125 0.8703776031249999 0.6508886921875 0.9064887140625 0.64528465625 0.9481553796875 0.6289464921875 1 0.7237377421875 1
1 0.783180275 1 0.7894834265625 0.9760984031250001 0.80409805 0.899323071875 0.805727809375 0.8506892265625 0.8027427984375001 0.7980251109375001 0.789795484375 0.7345453984375 0.7709336546875 0.7191301109375 0.73604408125 0.7048752765625 0.7258299578124999 0.7308538703125 0.7171875 0.8211382484375 0.7171875 0.957025409375 0.731404253125 0.9930583531250001 0.7328034390625 1 0.783180275 1