1 0.7253100984375 0 0.724465753125 0.024178878125 0.731261603125 0.1066651796875 0.72680215625 0.155197378125 0.6978900859375 0.23101835468749998 0.6834851953125 0.2796875 0.8178996375 0.2796875 0.8116626140625 0.2585428984375 0.8077959546875 0.230722565625 0.7848267171875 0.156155459375 0.7834039453124999 0.13752104999999998 0.7847164046875 0.0999371578125 0.7914892234375 0.0445360125 0.8004715625 0.0050322015625 0.8005608046875 0 0.7253100984375 0
1 0.89613568125 0 0.880196384375 0.0407572859375 0.880196384375 0.11393081875 0.8958158828125 0.1619333328125 0.90843698125 0.23576726250000002 0.9100882484374999 0.2796875 0.9234831609375 0.2796875 0.9380117421874999 0.21979799687499998 0.9723841734375 0.1257944921875 0.975 0.1053170453125 0.975 0.06173040625 0.9561192406250001 0 0.89613568125 0
1 0.830132659375 0 0.8343760078125 0.060624128124999996 0.82764611875 0.09964706718750001 0.8090438499999999 0.15358025625 0.8088977890625 0.1670111390625 0.8329514171875001 0.229848409375 0.848193853125 0.2796875 0.9234375 0.2796875 0.9234375 0.1774888046875 0.88855746875 0.08013744375000001 0.8852571843749999 0.0331737046875 0.8879455453125 0 0.830132659375 0
1 0.645255765625 0 0.646477940625 0.0149722578125 0.645713771875 0.031019146874999997 0.6246774859374999 0.11209177343750001 0.633360603125 0.133769925 0.6393428906249999 0.1393003671875 0.64284629375 0.1568105234375 0.670062515625 0.2192007453125 0.6861552093750001 0.2796875 0.721875 0.2796875 0.721875 0.084705175 0.7004608265625001 0.0326121234375 0.6968397078125 0 0.645255765625 0
1 0.8042442515625 0.037972046875 0.8010437109375002 0.03987656875 0.7959012171875 0.063892440625 0.79249609375 0.09126910625 0.79249609375 0.1453125 0.7936383546875 0.1453125 0.8130261140625 0.1034720203125 0.815625 0.09303712343750001 0.815625 0.0862258265625 0.8083932468749999 0.046854179687500004 0.8042442515625 0.037972046875
1 0.7164191609375 0 0.700710325 0.0436556203125 0.697245321875 0.0691589765625 0.72427235 0.1684878359375 0.728430353125 0.1711724 0.7353603609375 0.151038171875 0.7367463625 0.10405830468749999 0.7267975109375 0 0.7164191609375 0
1 0.3828125 1 0.3828125 0.9677926718750001 0.3826445625 0.96663174375 0.38194461562500004 0.8974240984375002 0.3793046265625 0.8837720078124999 0.3589135046875 0.8280616546874999 0.3560725328125 0.7904144234375 0.35742707500000004 0.7367501875 0.3542627640625 0.7083622140625 0.3455180078125 0.6934428046875001 0.3297627046875 0.6934428046875001 0.3268993578125 0.6961218140625001 0.3199772359375 0.71115625625 0.3199772359375 0.7463421390625 0.3249518703125 0.7890787046875001 0.32528567656249996 0.8241454890625001 0.3274371671875 0.8369111203124999 0.3237659765625 0.8676640078125001 0.3199772359375 0.8846881875000001 0.3199772359375 1 0.3828125 1
1 0.43734984531250004 0.921875 0.4419450859375 0.921875 0.44342263437499996 0.917463709375 0.4447071 0.8729343734375 0.43561536562500003 0.8205519625000001 0.43486511875 0.8028744828125 0.4453125 0.7224586359375 0.4453125 0.7130718468749999 0.4401744640625 0.694887390625 0.43083992968749996 0.6870767578125 0.4256315953125 0.6868645328125 0.41784879375 0.693048903125 0.410701528125 0.7080826250000001 0.40537733593749997 0.812818365625 0.397233025 0.8379889125 0.397233025 0.8853961187500001 0.4042966640625 0.885683940625 0.414953515625 0.8898333140624999 0.428554575 0.9033905000000001 0.43734984531250004 0.921875
1 0.52324785 1 0.52460825 0.9935866453125 0.525 0.9889215265625001 0.525 0.9115016781249998 0.515294390625 0.857099065625 0.5142002375 0.830975809375 0.525 0.7609935515624999 0.525 0.718896865625 0.520205540625 0.70541418125 0.5132374484375 0.6993060984375 0.5069874484375 0.6988325 0.4960314890625 0.7073024296875 0.48904421875 0.7239781984375 0.4868515859375 0.7526424328125 0.4871169046875 0.828923559375 0.47985926718750005 0.863714078125 0.4718311984375 0.88910789375 0.4718311984375 1 0.52324785 1
1 0.6 1 0.6 0.8503635640624999 0.59356165625 0.8234765984374999 0.5927930156250001 0.8022075953125001 0.5973333546874999 0.7445272328125 0.5974986421875 0.7139443812499999 0.5902465218749999 0.695331390625 0.5818981859375 0.6926883234375001 0.576126865625 0.6926883234375001 0.5684038453125 0.699255590625 0.563145190625 0.7175977484375 0.5676098578125 0.78777705 0.5675199875 0.8248413843750001 0.551162096875 0.8970384375 0.5490643125 0.9406934374999999 0.5537265890625 0.9830676640625 0.5575374078124999 1 0.6 1
0 0.2969934546875 1 0.3035171828125 0.9744070125000001 0.30625 0.9344935828125 0.30625 0.9248157578124999 0.30128358125 0.8896774953125 0.2885646890625 0.8598665046875 0.277113190625 0.848979540625 0.23351948125000002 0.848979540625 0.2307487015625 0.8501551921875 0.21571269218750003 0.86439403125 0.193277078125 0.904665421875 0.18456630937500001 0.9344107749999999 0.18456630937500001 1 0.2969934546875 1
1 0.6 1 0.640625 1 0.640625 0.8817390671875 0.6216910437500001 0.8002565171875 0.626276440625 0.6577111453125 0.6186525515625 0.639744190625 0.604476921875 0.6288740546875 0.6 0.631715709375 0.6 1
1 0.712901071875 0.990625 0.7256537453125 0.990625 0.7265625 0.9893841703125 0.7265625 0.8185613609375 0.7172531359375001 0.783204325 0.7176266859375 0.6857273953125 0.71455505 0.67194766875 0.7024626453125 0.6578919515624999 0.6884826453125 0.66759289375 0.6896861109375 0.7204434453124999 0.6947618875 0.8023515046874999 0.70895545 0.849027915625 0.7144630484375 0.8794015312500001 0.7163021875 0.9294379218749999 0.710401615625 0.98122706875 0.712901071875 0.990625
1 0.671875 1 0.671875 0.8138716468750001 0.6659253765625001 0.7906400671875 0.6605225890625 0.667165346875 0.6549219140625 0.6510680984375 0.6391711718749999 0.639525078125 0.6273576000000001 0.6523444453125 0.6303547968750001 0.7272535171875 0.6381281296875 0.7842888890624999 0.6372706109374999 0.8119757390625001 0.6585643109375 0.8818748234375 0.66509053125 0.9236324187499999 0.6675084890624999 0.9818975546875001 0.665844684375 1 0.671875 1
1 0.6755607515625 1 0.6759118140625 0.9992178265625 0.68665609375 0.9467401484375 0.6890625 0.921979771875 0.6890625 0.8535558171875 0.6788188125 0.7934712968750001 0.6853048921875 0.672692528125 0.68082099375 0.6579318625 0.6710043 0.649243865625 0.6574628578125 0.6647659359375 0.654626346875 0.7343788984375 0.654626346875 0.8300497015625 0.6617568890625 0.8665913359375 0.66413513125 0.9042277453124999 0.662720309375 0.9389499656249999 0.654626346875 0.9827359140624999 0.654626346875 1 0.6755607515625 1