1 0.2151737265625 0 0.20579372187499997 0.033987504687499996 0.2066742875 0.10966318281250001 0.22978446562500002 0.207599975 0.2567880765625 0.2140625 0.28267486875 0.2140625 0.2984375 0.15196655781249999 0.2984375 0.0114841890625 0.2948762671875 0 0.2151737265625 0
1 0.01439861875 0 0.0104528203125 0.0176465234375 0.014418814062499999 0.0933221984375 0.0364165421875 0.16508751093750001 0.050499096875 0.1703125 0.075758153125 0.1703125 0.078125 0.16084964375 0.078125 0 0.01439861875 0
1 0.0873415375 0 0.0873415375 0.1871556734375 0.1059895125 0.19375 0.1252372015625 0.19375 0.15194749375 0.136077475 0.1625 0.0549429109375 0.1625 0.018339478125 0.159222928125 0 0.0873415375 0
1 0.30043168593749997 0 0.30043168593749997 0.117465084375 0.30805440625 0.1328125 0.3099177546875 0.1328125 0.3068986734375 0.033979409375000005 0.31638170625 0 0.30043168593749997 0
1 0.318247590625 0 0.31506452500000004 0.014321368749999999 0.31506452500000004 0.1733116515625 0.31647566718750003 0.1814674734375 0.35156931406249997 0.190625 0.36060980625 0.190625 0.38580915781249997 0.11736982031250001 0.3921875 0.0500933859375 0.3921875 0.023595590625000003 0.386338065625 0 0.318247590625 0
1 0.4136032140625 0 0.4136032140625 0.11709841562500001 0.42194502187499994 0.1600458890625 0.44364430468749994 0.1671875 0.46304960156249997 0.1671875 0.4859375 0.044912639062499995 0.4859375 0.0244982609375 0.4806114734375 0 0.4136032140625 0
1 0.603749028125 0 0.599543721875 0.0152375046875 0.6004242875 0.0909131828125 0.6235344656249999 0.188849975 0.6505380765625001 0.1953125 0.6764248687500001 0.1953125 0.6921875 0.1332165578125 0.6921875 0 0.603749028125 0
1 0.49894012187500003 0 0.4964273046875 0.0108353515625 0.49982672812500006 0.075700215625 0.526903884375 0.1747915625 0.5346903484375 0.1765625 0.5659264796875 0.1765625 0.575 0.1480654515625 0.575 0 0.49894012187500003 0
1 0.8895963453124999 0 0.8895963453124999 0.09201651250000001 0.8943597562499999 0.124418953125 0.906096265625 0.1265625 0.9279153765625001 0.1265625 0.953125 0.0069632484375 0.953125 0 0.8895963453124999 0
1 0.80794590625 0 0.80794590625 0.1405434515625 0.8357483968749999 0.1484375 0.8479109781249999 0.1484375 0.8765625 0.007542884375 0.8765625 0.0045332203125 0.8756083499999999 0 0.80794590625 0
1 0.715184034375 0 0.70979739375 0.027691634375000003 0.70979739375 0.11108799531249999 0.7207346390625 0.1638766375 0.7468405015625 0.171875 0.7659728109375 0.171875 0.792848209375 0.08144371875 0.79375 0.0504511890625 0.79375 0.0126684765625 0.7905569984375 0 0.715184034375 0
1 0.48125 1 0.48125 0.9274761874999999 0.466649790625 0.8593051765624999 0.47154225156249996 0.742820365625 0.46233969999999996 0.7238089484375 0.45368130625 0.7180033390625 0.44207568437500006 0.7273845812499999 0.436434484375 0.745964090625 0.441649790625 0.8585777515625 0.42227463906249996 0.9385422734375 0.42148616250000004 1 0.48125 1
1 0.8874978578124999 0.3796875 0.876156471875 0.42830911250000003 0.874281396875 0.46851869375 0.90074416875 0.5 0.9202061171875 0.5 0.9203125 0.49957917500000004 0.9203125 0.422590675 0.9103159578125 0.3796875 0.8874978578124999 0.3796875
2 1 0.7035851 0.9773739328125 0.6957541328125 0.922050759375 0.6940040359375 0.7786452781250001 0.6740002640625 0.4890625 0.6493036484375001 0.4890625 0.8203125 1 0.8203125 1 0.7035851