1 0.27268985 0.51875 0.28125 0.4828477359375 0.28125 0.3064605125 0.26009974062499996 0.24184485156250002 0.26402881875 0.0956857421875 0.2330894828125 0.0625427515625 0.23137846718750002 0.0625427515625 0.2055465734375 0.102796465625 0.2198067 0.2430172609375 0.1928931046875 0.346572621875 0.194654475 0.42224829843749995 0.21885796562499998 0.51875 0.27268985 0.51875
1 0 0.476135496875 0.033887218749999996 0.484375 0.0353571078125 0.484375 0.0609375 0.398438778125 0.0609375 0.3344953515625 0.0366416015625 0.2468704375 0.04105935 0.11694873750000001 0.022208703125 0.1001428328125 0.0200327359375 0.1001428328125 0 0.121531453125 0 0.1796223328125 0.0036745671874999996 0.2485981671875 0 0.262058028125 0 0.476135496875
1 0.1445321046875 0.452050421875 0.153125 0.371683065625 0.153125 0.33839460625 0.1366754859375 0.25617394375 0.1475879484375 0.1541121828125 0.138109025 0.109907525 0.1112971609375 0.088585071875 0.09011245625 0.116552209375 0.09271944062500001 0.2523282875 0.0715298171875 0.3216894125 0.0715298171875 0.45645284531249997 0.0803734359375 0.500656465625 0.0988832140625 0.5078125 0.1196827578125 0.5078125 0.1445321046875 0.452050421875
1 0.300388309375 0.1264170734375 0.300276565625 0.2563174109375 0.28473989843749997 0.30929038124999997 0.28473989843749997 0.42402876718750004 0.2969538515625 0.4484375 0.298166096875 0.4484375 0.29393977968749996 0.3480386953125 0.321875 0.244287059375 0.321875 0.22125485937499997 0.31726502968750003 0.11367129375 0.300388309375 0.1264170734375
1 0.3671875 0.1140334390625 0.3671875 0.1079273859375 0.3353013265625 0.084977471875 0.315743884375 0.120496265625 0.31219292187500003 0.24465007499999997 0.299700890625 0.29346737031250003 0.299700890625 0.49632527031249996 0.32958097343750004 0.503125 0.3298037328125 0.503125 0.3583849875 0.426984484375 0.3671875 0.3591236984375 0.3671875 0.3291345078125 0.3488229578125 0.24379750156250002 0.3671875 0.1140334390625
1 0.46378595 0.1205316578125 0.43432784375000005 0.096047503125 0.419388665625 0.1148705234375 0.43686317812500003 0.23923747031249998 0.41828198437499997 0.32557478125 0.42357685624999997 0.390439646875 0.4485104640625 0.47162728125 0.4765625 0.4791521703125 0.4765625 0.270831578125 0.4661672078125 0.23940795625 0.46378595 0.1205316578125
1 0.5390625 0.2722320234375 0.5300894828125 0.24325999843749999 0.5323687390625 0.1242771421875 0.5083390734375001 0.1057738203125 0.49213859531250004 0.1303858671875 0.500785453125 0.2437715015625 0.4837283859375 0.35219930312500003 0.5032384578125 0.4545823140625 0.5146430046875 0.45625 0.5367658546875 0.45625 0.5390625 0.44165076093750005 0.5390625 0.2722320234375
1 0.8734465874999999 0 0.8701660359375 0.010193585937500001 0.8701660359375 0.048423221875 0.8795699421875 0.0890625 0.90602321875 0.0890625 0.9171875 0.0571105734375 0.9171875 0.0057653859375 0.915148484375 0 0.8734465874999999 0
1 0.9574369656249999 0 0.9512948359374999 0.0073116984375 0.953230453125 0.0715651234375 0.93520575625 0.10899586718750001 0.933853534375 0.11893052343749999 0.933853534375 0.1809260390625 0.9362683546875001 0.1982492921875 0.9523850968750001 0.2046875 0.9660377765625 0.2046875 0.985058040625 0.1774414578125 0.9890625 0.1438251765625 0.9890625 0.1212248484375 0.9760501171874999 0.07634785 0.9846281687499999 0.0102279875 0.97901065625 0 0.9574369656249999 0
1 0.739982690625 0 0.736314296875 0.0354297140625 0.7514794328125 0.08517516093750001 0.7679871109375 0.0921875 0.7714114546874999 0.0921875 0.7875 0.077453346875 0.7875 0.026537360937499997 0.777545528125 0 0.739982690625 0
1 0.8421875 0.24184027812500003 0.8401041671874999 0.28072916718749996 0.8546875 0.3279513890625 0.8682291671875 0.34322916718749996 0.8838541671875 0.341840278125 0.9005208328125001 0.31961805625 0.9088541671874999 0.266840278125 0.9026041671874999 0.23350694375 0.8838541671875 0.2001736109375 0.8859375 0.13350694375 0.8661458328125 0.11267361093749999 0.8463541671874999 0.13628472187500001 0.8567708328125001 0.2001736109375 0.8421875 0.24184027812500003
1 0.781901040625 0 0.7817708328125 0.0001736109375 0.7921875 0.0501736109375 0.7817708328125 0.13350694375 0.7963541671875 0.19461805625 0.8171875 0.20295138906250001 0.8380208328125001 0.1751736109375 0.8421875 0.1279513890625 0.8171875 0.061284721875 0.8151890859375 0 0.781901040625 0
1 0.2674779796875 0.9379003593749999 0.270961571875 0.94375 0.2844522109375 0.94375 0.2863357375 0.9419844218750001 0.290625 0.9194810640625001 0.290625 0.8342127140625 0.2837101015625 0.806784078125 0.2842201984375 0.73913086875 0.27954527812499996 0.7286115359374999 0.27171779687500003 0.7245432968750001 0.270598278125 0.7245432968750001 0.266481340625 0.72713855 0.2628229296875 0.737900359375 0.267043434375 0.80726903125 0.2586166859375 0.84828255625 0.2572014375 0.8770468781249999 0.2604521390625 0.90474888125 0.2674779796875 0.9379003593749999
1 0.295857140625 0.898219259375 0.299905946875 0.9272498062500001 0.3060024078125 0.95 0.3222227203125 0.95 0.32638764375 0.9397466125000001 0.33228380468749996 0.9107426562500001 0.334375 0.88529984375 0.334375 0.857155840625 0.3341695171875 0.8551052140625 0.3245107078125 0.814883090625 0.3235606171875 0.799196940625 0.32649338437500003 0.74257898125 0.3221336359375 0.731236921875 0.3138272375 0.7270440234375 0.307550303125 0.7320012015625 0.304618384375 0.7437254015625 0.30684008125 0.8093296640625001 0.296154071875 0.856171875 0.295857140625 0.8645672953125001 0.295857140625 0.898219259375
1 0.339088428125 0.9501310515625001 0.34007052031249996 0.9515625 0.3599492578125 0.9515625 0.3621344296875 0.9484322953125 0.36720644999999996 0.92287090625 0.371204471875 0.8981443078125 0.371875 0.8789428578124999 0.371875 0.870654109375 0.36320936718749997 0.812928140625 0.362749715625 0.796170340625 0.3666830640625 0.77329559375 0.3675884171875 0.74736966875 0.36307701406250004 0.7344367828125 0.3542875125 0.731810290625 0.3490647578125 0.7392477749999999 0.3465934140625 0.7501766171875 0.3474873671875 0.8143389093750001 0.33760063749999997 0.850420709375 0.33760063749999997 0.9399685578125 0.339088428125 0.9501310515625001
1 0.5013940156250001 0.9484375 0.5173969078125 0.9484375 0.521053340625 0.9389039125 0.527725465625 0.9067633453124999 0.528125 0.9016070859375 0.528125 0.8554225515624999 0.527339459375 0.848332978125 0.5191229515625 0.8080815187500001 0.5226521953125001 0.7405617 0.5195227250000001 0.731607725 0.5128596578125 0.7275886640625 0.507022725 0.7310255296875 0.502231928125 0.7433193328125001 0.5033901843749999 0.8110574734375 0.493313253125 0.8499644265625002 0.493313253125 0.915323846875 0.4979211390625 0.945243959375 0.5013940156250001 0.9484375
1 0.36519619375 0.8714590703124999 0.3748833171875 0.8379681437500001 0.375693396875 0.828708884375 0.3728690828125 0.8075216921875 0.378125 0.759581965625 0.378125 0.7312603765625 0.376930684375 0.7284216984375 0.36892138124999996 0.7249119546875 0.362764065625 0.7329096140625 0.36579661875 0.7457755953125 0.36221636875 0.7784314140624999 0.36221636875 0.8536764625 0.36387671875 0.8687176609374999 0.36221636875 0.8848256515624999 0.36221636875 0.940625 0.363466953125 0.940625 0.36457195 0.9380045124999998 0.36519619375 0.8714590703124999
1 0.404750759375 0.9527910484375 0.406620009375 0.95625 0.4140625 0.95625 0.4140625 0.9301823703124998 0.41372310937499995 0.9287806078124999 0.4130937125 0.901937846875 0.4140625 0.89770971875 0.4140625 0.8157706749999999 0.413801440625 0.8149462609375 0.411425396875 0.7603287515625 0.40872090937500005 0.7399523203125 0.4020132921875 0.7311211765625 0.3951668765625 0.7301558609375001 0.38981974531249997 0.737991384375 0.38841665625 0.746312596875 0.3970509453125 0.8074449171874999 0.3907913265625 0.8583102437499999 0.39058931406249997 0.8749678187499998 0.3947972078125 0.9073843171875 0.404750759375 0.9527910484375
1 0.434375 0.8400803437500001 0.42706008124999995 0.8125740312499999 0.428507740625 0.7579080390625 0.42722904218749996 0.7375558484375 0.4227103796875 0.7297627531249999 0.415386390625 0.7271122515625 0.40846826875 0.7369572046874999 0.4094379390625 0.8202905406250001 0.4182022390625 0.8571821171874999 0.42007443593750005 0.8578125 0.4259205796875 0.8578125 0.434375 0.8539714843749999 0.434375 0.8400803437500001
1 0.45078125 0.7334490734375001 0.44739583281249995 0.743171296875 0.4505208328125 0.793171296875 0.45 0.81539351875 0.4421875 0.850578703125 0.46328125 0.868634259375 0.46979166718750004 0.8820601859374999 0.47552083281249996 0.90335648125 0.4760416671875 0.9302083328125 0.47760416718750004 0.8700231484375 0.47239583281249997 0.837615740625 0.4661458328125 0.81539351875 0.46770833281249996 0.7450231484375001 0.46380208281249996 0.7325231484375 0.45598958281249996 0.72881944375 0.45078125 0.7334490734375001
1 0.48020833281249997 0.793171296875 0.4828125 0.737615740625 0.47734375 0.725115740625 0.4700520828125 0.7232638890625 0.46458333281249997 0.7302083328125001 0.4682291671875 0.7515046296875 0.465625 0.8015046296874999 0.4671875 0.8200231484374999 0.4770833328125 0.8635416671874999 0.4760416671875 0.94131944375 0.4796875 0.943171296875 0.4838541671875 0.9366898140625001 0.490625 0.9052083328125 0.4927083328125 0.8663194437499999 0.49010416718750005 0.8450231484374999 0.48125 0.8079861109375 0.48020833281249997 0.793171296875
0 0.46380208281249996 0.8704861109375 0.45286458281249997 0.8575231484374999 0.43671875 0.85289351875 0.41901041718750004 0.8603009265624999 0.4078125 0.875578703125 0.3994791671875 0.90335648125 0.39791666718749996 0.9292824078125002 0.403125 0.9589120375 0.41328125 0.97789351875 0.42890625 0.99085648125 0.44114583281249997 0.9922453703125 0.45859375 0.980671296875 0.46770833281249996 0.9672453703125001 0.475 0.94039351875 0.4760416671875 0.9116898140625 0.47083333281249995 0.8848379625 0.46380208281249996 0.8704861109375
1 0.54693774375 0.51875 0.54703504375 0.5266334140625 0.55632848125 0.5676409390625 0.57056373125 0.6060029765625 0.5800504328125 0.6194862546875 0.580806878125 0.6519862546875 0.5838068078124999 0.65625 0.648513140625 0.65625 0.6633359734375001 0.6508357484375 0.6616589109375 0.614609996875 0.6751273203125 0.584197790625 0.6796875 0.5680910640625 0.6796875 0.51875 0.54693774375 0.51875
1 0.6765175484375 0.51875 0.6765175484375 0.5762995109375 0.69922760625 0.63313770625 0.7085303078124999 0.6375 0.7534507875 0.6375 0.7541912328125 0.6369493765625001 0.7880038062500001 0.564674271875 0.796875 0.5297411203125 0.796875 0.51875 0.6765175484375 0.51875