1 0.0890625 0 0.0890625 0.0315980390625 0.089521384375 0.0473688796875 0.117964503125 0.1453125 0.11853907968749999 0.1453125 0.1689609609375 0.13609359999999998 0.1785150453125 0.087862615625 0.1785150453125 0 0.0890625 0
1 0.1984375 0 0.1984375 0.088999884375 0.2094690484375 0.125 0.2136220734375 0.125 0.24653361562499998 0.120940740625 0.273610771875 0.0241549875 0.27487668125 0 0.1984375 0
1 0.3173707328125 0 0.3184321765625 0.0182242796875 0.34748959375 0.1 0.3640070734375 0.1 0.38253138125 0.094327546875 0.38253138125 0 0.3173707328125 0
1 0.9303777640625001 0.31875 0.9272571062499999 0.29742359218750003 0.9381136031249999 0.21447670312499997 0.9333923953125 0.19976834375000002 0.9245965843749999 0.192573846875 0.9160432468749999 0.19371268125000002 0.909086115625 0.2094689484375 0.9083050437499999 0.2899335765625 0.8985255921874999 0.31875 0.9303777640625001 0.31875
1 0.1843072015625 0.7309573578124999 0.16891487031250002 0.6760158671875001 0.16679553593750002 0.6389485203125 0.169399584375 0.5853660546875 0.16815132500000002 0.5603509 0.1616094359375 0.541195140625 0.152018903125 0.533514946875 0.14066833750000002 0.536885246875 0.1359224828125 0.5436857234375 0.1326538328125 0.556542603125 0.132231825 0.577808590625 0.13900277968750002 0.631663840625 0.1402420953125 0.6742564328125 0.12746385625 0.7358691375 0.125 0.76883184375 0.125 0.7730546031250001 0.1290894171875 0.8275054953125001 0.142245078125 0.8861722328125001 0.147035871875 0.898801046875 0.154289225 0.9015625 0.172776665625 0.9015625 0.17891894218749999 0.8946404687499999 0.1843072015625 0.8629347093749999 0.1843072015625 0.7309573578124999
1 0.21840816406250002 0.64310535625 0.22662836406250003 0.5459558703124999 0.2214879796875 0.52961275625 0.212404134375 0.5238389953125 0.2033558640625 0.5273366171875 0.1948575296875 0.54521639375 0.1934147078125 0.562796865625 0.195371815625 0.6249551265625 0.1937348921875 0.6462393015625001 0.1859375 0.6742001562500001 0.1859375 0.8456822484375 0.187456090625 0.846875 0.20802045156250001 0.846875 0.21095455625 0.84502994375 0.21851474999999998 0.8201754125 0.2268513546875 0.7805060703125 0.228443028125 0.7202845171875001 0.2253213 0.6803484765625 0.21840816406250002 0.64310535625
1 0.2453125 0.692783784375 0.25080349375 0.725964125 0.2569669765625 0.7870600859375 0.26406210625000004 0.806006721875 0.2714467 0.8078125 0.2825606546875 0.8078125 0.2839616296875 0.807743428125 0.285534346875 0.805884290625 0.285534346875 0.6655731375 0.27581618125 0.6276372 0.27360220625 0.535952353125 0.2667767234375 0.521635346875 0.2579125296875 0.5171875 0.25744273125 0.5171875 0.2501100546875 0.5217323109375 0.24542327656250001 0.535190053125 0.24714900625 0.5648196828125001 0.2527902140625 0.5990577312500001 0.25394118125 0.6277644656250001 0.2454844171875 0.6704206906250001 0.2453125 0.6729978484375 0.2453125 0.692783784375
0 0.10004949062499999 0.6996576125 0.0903376984375 0.6750236984375 0.082182146875 0.66551875625 0.07135778125 0.6599300953125 0.0557166203125 0.662131478125 0.03361535 0.6768800828125 0.027456065624999998 0.6870912296875 0.020345828125 0.7070883718750001 0.015625 0.7296926 0.015625 0.7874319843750001 0.016710932812500003 0.796147321875 0.035210790625 0.825 0.07965601875 0.825 0.083080425 0.82262855625 0.09999578125 0.792122659375 0.10676296874999999 0.761982846875 0.10734480312500001 0.7286495140625 0.10004949062499999 0.6996576125
1 0.516235359375 0.748908975 0.5318335375000001 0.8020959296874999 0.5439564125 0.8163257999999999 0.5565314906250001 0.8171875 0.5619635625 0.8171875 0.5703168515625 0.8101542453124999 0.5764716375 0.771510971875 0.5764716375 0.6328996140625 0.5750982312499999 0.6257275390625 0.55970211875 0.5794850296874999 0.55424678125 0.5529597484375 0.550151878125 0.5195354875 0.5514583140625 0.457126415625 0.548764265625 0.4181920625 0.53993474375 0.39642559843749997 0.525397659375 0.390625 0.524747034375 0.390625 0.5124226390625 0.4032574984375 0.5078125 0.42435056875 0.5078125 0.4269716671875 0.52173058125 0.5353610671875 0.5210975671875 0.5672600484375 0.5089344578125 0.63212865 0.5080051453125 0.6806715640625 0.516235359375 0.748908975
1 0.5573887796875 0.7278076484375 0.56141431875 0.734375 0.573875840625 0.734375 0.5753575296875 0.7282258749999999 0.5775606124999999 0.6712632484375 0.5856886 0.5907986109375 0.5667834171875 0.48884602343749994 0.574950253125 0.3777894640625 0.567239678125 0.3532747953125 0.5598483265625 0.35 0.55525846875 0.35 0.550052178125 0.35287475156250003 0.5421875 0.36981953437500004 0.5421875 0.3906545390625 0.5454762093750001 0.43272677187499997 0.5421875 0.47400280781250004 0.5421875 0.572133653125 0.5593929203125001 0.6597157250000001 0.5573887796875 0.7278076484375
1 0.5688418953125 0.31875 0.5640625 0.325229059375 0.5640625 0.3497235796875 0.5708883796875 0.355215546875 0.5786210671875 0.37392691562499997 0.5846348765625 0.4905981265625 0.607589621875 0.56875 0.6080360375 0.56875 0.6080360375 0.47430145625 0.59333288125 0.4252476265625 0.5888560468749999 0.334965303125 0.583709790625 0.3204069671875 0.5800734921874999 0.31875 0.5688418953125 0.31875
1 0.4551462578125 0.6671875 0.460326375 0.65886680625 0.4681576484375 0.6124595140625 0.46990862343749995 0.5568401890625 0.465142925 0.5170088203125001 0.4511476859375 0.4696093921875 0.44933728437500003 0.4392451546875 0.45189375312499996 0.382173165625 0.44920512968750004 0.3574282578125 0.44509007812499995 0.347362340625 0.4311003078125 0.3443435875 0.42397208593749997 0.350473096875 0.4234375 0.352210075 0.4234375 0.41861503593750005 0.4267537640625 0.43692790468750003 0.42595374062499997 0.48276123593750003 0.4234375 0.4952261765625 0.4234375 0.577560925 0.43153587031249996 0.609901284375 0.4336669015625 0.6665906375 0.43419656562500003 0.6671875 0.4551462578125 0.6671875
1 0.3890625 0.7596396703125 0.389813603125 0.7595169937499999 0.39909378125 0.7465134796874999 0.41357061250000005 0.6842316859375 0.41674508593750004 0.645342796875 0.4161266828125 0.6049741 0.40048725156250004 0.5280760640625 0.3994029828125 0.5030033296875 0.4072257890625 0.407169996875 0.4002254609375 0.3826553265625 0.3890625 0.378794528125 0.3890625 0.7596396703125
0 0.7475060625 0.7170894624999999 0.746200778125 0.6825127890625 0.7316045296875 0.6561753953125 0.7057165515625 0.629671175 0.6773198234375 0.62129528125 0.6529554937500001 0.6252010671875 0.630769915625 0.6470168546874999 0.6139705859375 0.677587521875 0.60625 0.707020403125 0.60625 0.8277639609375 0.6067450921875001 0.8303289109375 0.6311201421874999 0.884375 0.6850295578125 0.884375 0.6972390296875 0.8732210453124999 0.7072157625 0.8464318937499999 0.727004228125 0.8108727640625 0.738907403125 0.777066396875 0.7475060625 0.7170894624999999