1 0.20137246250000002 0.459375 0.1870462296875 0.4144163859375 0.1923086546875 0.2747728703125 0.1655440765625 0.23545633124999998 0.1600250015625 0.23545633124999998 0.133480340625 0.2645833328125 0.146753190625 0.4111272921875 0.1338711703125 0.459375 0.20137246250000002 0.459375
1 0.3027062125 0.459375 0.2935211 0.42466021718749997 0.3032059 0.2892265703125 0.2835783140625 0.2603177484375 0.2651689453125 0.266469434375 0.24422043593749998 0.3132362875 0.24580770156249998 0.43200595 0.23845109999999997 0.459375 0.3027062125 0.459375
1 0.3859355328125 0.459375 0.37959446875 0.4240303390625 0.39634120781250004 0.2995355 0.3743748734375 0.2757653484375 0.3527947609375 0.29515318281249997 0.34662743281249997 0.424797653125 0.33443820468749996 0.459375 0.3859355328125 0.459375
1 0.47256582343750003 0.459375 0.4618131609375 0.4212830890625 0.47178122499999997 0.3083675921875 0.4604793015625 0.290141028125 0.456490515625 0.290141028125 0.43148818437500003 0.3050785 0.43629794843749997 0.413784625 0.42418928593749994 0.459375 0.47256582343750003 0.459375
1 0.0934526625 0.459375 0.08311957812500001 0.417982196875 0.0790957046875 0.288508296875 0.060044515624999996 0.258255896875 0.0599363203125 0.258255896875 0.028125 0.28075734375 0.028125 0.2867705859375 0.0460166296875 0.41129764062499996 0.036409276562499995 0.459375 0.0934526625 0.459375
1 0.0976000625 0.459375 0.0895399609375 0.42989578437500003 0.0947125078125 0.300038140625 0.078386234375 0.2871002453125 0.071875 0.365063390625 0.071875 0.43258195937500005 0.07796846406249999 0.459375 0.0976000625 0.459375
1 0.559375 0.459375 0.582610696875 0.459375 0.582610696875 0.34583954375000003 0.5697187312499999 0.29886633125 0.572346784375 0.21048762499999998 0.5694143359375 0.2054033078125 0.5612235234375 0.20419861718750001 0.559375 0.20419861718750001 0.559375 0.459375
1 0.30238880468749996 0.459375 0.3003777359375 0.5137079640625 0.29375 0.5257644796875 0.29375 0.6027823484375 0.2956594125 0.6020305078125 0.3162663265625 0.6046875 0.3262346328125 0.6046875 0.3337536171875 0.5943582609375 0.3371875515625 0.5490410406249999 0.3344909640625 0.532516796875 0.326370865625 0.5146108765624999 0.3258187671875 0.5010525375 0.3347685984375 0.459375 0.30238880468749996 0.459375
1 0.2732204234375 0.7394263828125001 0.259032640625 0.72691863125 0.25276689218750004 0.71419844375 0.24932897187499997 0.6658416609375 0.2437873765625 0.647806840625 0.2330391109375 0.638218284375 0.21958974375 0.638531321875 0.2141187515625 0.6439564359375 0.2109375 0.662311003125 0.2109375 0.6697819218750001 0.21412960937499997 0.6984475859374999 0.2271897375 0.7299302578125 0.2215250359375 0.75579415625 0.22390569062500001 0.792066346875 0.23854990781250002 0.83259405 0.2523714828125 0.8421875 0.2732204234375 0.8421875 0.2732204234375 0.7394263828125001
1 0.42912753593749997 0.7363553484375001 0.436520975 0.7098926984375 0.436520975 0.667333171875 0.43368430468749997 0.65876313125 0.42376338750000003 0.64645315625 0.40882854375 0.6488392234375 0.3988741765625 0.6607905890625 0.3972584515625 0.6851440875 0.399872109375 0.7259295890624999 0.3976355296875 0.7343990218750001 0.39209755625 0.734721571875 0.38164245625 0.7512507390625001 0.378125 0.77064339375 0.378125 0.8078862875 0.3784910859375 0.8135989796875001 0.3857714953125 0.8404667609375001 0.39268159375 0.85 0.425957978125 0.85 0.43090647187500003 0.8446609015625001 0.436520975 0.8202225796875 0.436520975 0.764414221875 0.42912753593749997 0.7363553484375001
1 0.145642840625 0.459375 0.147467825 0.46776850937500003 0.16461761875 0.51053424375 0.16291222968750002 0.5541475 0.16793061874999998 0.5934776796875 0.1737998921875 0.6019654125 0.19410700625 0.6086983890625 0.187318053125 0.6167440859375001 0.186266215625 0.6317669453125 0.1972788 0.644952165625 0.2036772515625 0.646875 0.2092715046875 0.646875 0.2092715046875 0.6135876671875 0.20907347812500002 0.6129859265625 0.2092715046875 0.612818834375 0.2092715046875 0.5357368734375 0.206419459375 0.5285595437499999 0.1922423171875 0.5152638171875 0.1838656578125 0.496146809375 0.1795203546875 0.459375 0.145642840625 0.459375
1 0.67475091875 0.459375 0.674642834375 0.5532416078125 0.6683298203125 0.6082217984375 0.63125 0.728148496875 0.63125 0.8119266265625 0.6510088953125 0.884921609375 0.6634659843749999 0.989101415625 0.6637063421875 1 0.898295634375 1 0.8930348468750001 0.9226449890625 0.8798712406250001 0.8589413718750001 0.817373946875 0.6568716734375 0.8042934625000001 0.5884061515625 0.8061220890625 0.48364424531249994 0.8092616093749999 0.459375 0.67475091875 0.459375
1 1 1 1 0.459375 0.934375 0.459375 0.934375 0.506617825 0.9376598796875001 0.5638200343750001 0.9359973609375001 0.63524860625 0.934375 0.6424829984375 0.934375 0.7093039187500001 0.972302903125 0.8433631406250001 0.9862684749999999 0.9351512328125 0.98575233125 1 1 1
1 0.8359375 0.459375 0.8359375 0.5125693546875001 0.8449729703125 0.6001638125 0.9488687312499999 0.8673410984375 0.97264749375 0.9550622703125 0.9785676625 1 1 1 1 0.7696680703125001 0.958573325 0.6714795578125 0.947680953125 0.6287886687500001 0.937860334375 0.5574432218750001 0.9407140203125 0.459375 0.8359375 0.459375
1 0.5699656656250001 0.459375 0.5762607 0.527792184375 0.5942535203125 0.612778428125 0.6493362 0.7453125 0.6578782703125 0.7453125 0.667618746875 0.70063215625 0.667618746875 0.459375 0.5699656656250001 0.459375