1 0 0.36875 0.037296898437499997 0.36875 0.0375 0.36558063281250003 0.0375 0.2959297296875 0.022299540625 0.19830304999999998 0.0250527328125 0.15534008593749998 0.03637134375 0.0830968796875 0.0375 0.055922590625000004 0.0375 0.0447918625 0.0305380484375 0.02407611875 0.015179403125 0.015838921875000002 0.0021097765625 0.0240727140625 0 0.029484303125 0 0.36875
1 0.1265625 0.36875 0.1265625 0.292564025 0.11346753125 0.20988242499999998 0.11574205625 0.165433134375 0.1258227953125 0.10472633125 0.1265625 0.0911030015625 0.1265625 0.0447563109375 0.1222007625 0.031342090625 0.10521873906250001 0.023832871875 0.0956376921875 0.0297054671875 0.08330451250000001 0.057052271875000005 0.080611034375 0.0955707921875 0.08189074843750001 0.1726466125 0.07857112656250001 0.2081973203125 0.06378711406250001 0.2587679375 0.06378711406250001 0.36875 0.1265625 0.36875
1 0.139135846875 0.36875 0.141279778125 0.3343198578125 0.1521752703125 0.2853340015625 0.1650272734375 0.2466894265625 0.15654389375 0.186084440625 0.15695281875 0.1623904328125 0.16875 0.06971574375 0.16875 0.026402207812500002 0.1613163203125 0.007619253125 0.1457159109375 0.0033590468749999996 0.1353277046875 0.0108828125 0.1277968171875 0.0294819234375 0.1277968171875 0.2857154046875 0.1321545515625 0.301853321875 0.134069625 0.3447678046875 0.13200418281249998 0.36875 0.139135846875 0.36875
1 0.2390625 0.36875 0.2390625 0.24792438749999998 0.2313634296875 0.222278953125 0.2274818453125 0.16008582968750001 0.228440484375 0.106927103125 0.22351828281250002 0.0639059375 0.21230717656250003 0.042089796875 0.194470396875 0.0370342421875 0.1840623484375 0.0477524921875 0.1785830265625 0.074157253125 0.1966354609375 0.21367841875 0.1824426984375 0.322522328125 0.1847095015625 0.36875 0.2390625 0.36875
1 0.253956396875 0.36875 0.2578125 0.3388773 0.2578125 0.3018315734375 0.2572166921875 0.2938979859375 0.2416468359375 0.2023142125 0.24366095468750001 0.15337678593749998 0.25311831875 0.0914943171875 0.2556206265625 0.0485313546875 0.245966928125 0.020468709374999998 0.22955911874999999 0.01505354375 0.21996102031250003 0.0219270515625 0.2134770046875 0.04009860625 0.2134770046875 0.040158778125 0.220016621875 0.056863207812500004 0.22148118437500003 0.07478659531250001 0.2134770046875 0.1379947734375 0.2134770046875 0.256292196875 0.22020487968750002 0.297688321875 0.2251730421875 0.35595146093749996 0.22425548750000002 0.36875 0.253956396875 0.36875
1 0.3048780734375 0.3000174484375 0.305841203125 0.3015625 0.3088919734375 0.3015625 0.317834559375 0.282420140625 0.32894921718750003 0.270092909375 0.3546875 0.262572575 0.3546875 0.1965984890625 0.3538006546875 0.18521773125000002 0.3536308921875 0.0560911515625 0.347802875 0.0385171078125 0.3379918046875 0.026422153124999997 0.331302471875 0.026422153124999997 0.318604371875 0.030058951562500002 0.30849288750000003 0.054961800000000005 0.30938458281250003 0.092032790625 0.3196393078125 0.1687981828125 0.3214333359375 0.2073167015625 0.30613073125 0.291060646875 0.3048780734375 0.3000174484375
1 0.36004105000000003 0.25880820781249997 0.3945624421875 0.2765625 0.396875 0.2765625 0.396875 0.254945196875 0.3800396953125 0.1856479984375 0.3813012703125 0.11591156093749999 0.38603408125 0.0696652203125 0.3849507953125 0.0267556609375 0.37274248593750003 0.0060485140625000005 0.3560672 0.0056350828125 0.3432668921875 0.026462820312500003 0.3543157 0.0628056234375 0.349077078125 0.1654016640625 0.35192183906249996 0.22450071562499999 0.36004105000000003 0.25880820781249997
1 0.4390625 0.36875 0.4390625 0.029248659375000003 0.4306072453125 0.046449078125 0.42322006874999996 0.19762806718749998 0.4140102484375 0.228601390625 0.4140102484375 0.36875 0.4390625 0.36875
0 0.4279576453125 0.36875 0.421770834375 0.3296232171875 0.40385416718749995 0.28283271249999997 0.3821875 0.2637337734375 0.3645792953125 0.257242175 0.340142975 0.257242175 0.318020834375 0.26563306875000003 0.2996875 0.2848000640625 0.2859375 0.3117679 0.2759375 0.34659972968749997 0.2748422484375 0.36875 0.4279576453125 0.36875
2 0 0.8540171734375 0.12217037187499999 0.858709959375 0.13596586093750002 0.863613609375 0.136651834375 0.865625 0.2128482828125 0.865625 0.2171875 0.7897679609375 0.2171875 0.7793568609375 0.2113911640625 0.763049978125 0 0.7538990546875001 0 0.8540171734375
1 0.5109375 1 0.5109375 0.813334871875 0.5031739828124999 0.7903270390625 0.49722063906249997 0.7582916749999999 0.49474824218749996 0.6223260328125 0.48072528124999997 0.5921830734375 0.4600567640625 0.5861547406250001 0.45181903125 0.5915102734375 0.4436109765625 0.6155885328125 0.4443427953125 0.639181459375 0.45952284531250004 0.7421592593749999 0.4609666953125 0.776863296875 0.4464394578125 0.8666682968749999 0.449079934375 0.9443915234375 0.4623389203125 1 0.5109375 1
1 0.8273945296875 0.8793220765624999 0.8344851390624999 0.8420677390625 0.8365025859375 0.7738893515624999 0.8303317328125001 0.7233980296875 0.8311525546875 0.698357084375 0.8451557671875001 0.6266261859375 0.8484375 0.5961256984375 0.8484375 0.5874505890625 0.8461051656249999 0.575114465625 0.8362258203125 0.5641450625 0.823636815625 0.5648788546875 0.8123136203125 0.5886726140625 0.8062613453124999 0.683117059375 0.8012672609375 0.71211995 0.78462994375 0.7545494406250001 0.78462994375 0.9421875 0.8016609703124999 0.9421875 0.805855725 0.9402064046875 0.809860871875 0.9327517593749999 0.8273945296875 0.8793220765624999
1 0.95625 0.5968104703125 0.95625 0.557225709375 0.9519108140625001 0.549333340625 0.9377511937499999 0.5506404171875 0.9276499312500001 0.56656036875 0.9160711562500001 0.676259865625 0.89835876875 0.72143431875 0.89835876875 0.8890625 0.9122603296874999 0.8890625 0.930784946875 0.8458588453125 0.9440447703124999 0.7903578328124999 0.944998834375 0.7320063187500001 0.9388288124999999 0.6861184421875001 0.95625 0.5968104703125
1 0.488049359375 0.8312387765625001 0.4962982734375 0.8718583468750001 0.496002209375 0.9370997625000002 0.4973303203125 0.9421875 0.5039505265625001 0.9421875 0.5127724031249999 0.929964415625 0.5261847125 0.882614921875 0.534375 0.8165085046874999 0.534375 0.7704629984375 0.529120590625 0.7521048203125 0.5212402125 0.6938987578125 0.5230793484375 0.6439078484375 0.530804546875 0.60078865625 0.5319157999999999 0.5646866375 0.51993503125 0.5474755218749999 0.506799359375 0.544852284375 0.49947695468750003 0.5504896578125 0.4928533 0.5651411703125 0.4905725203125 0.683151271875 0.488049359375 0.6951535265625 0.488049359375 0.8312387765625001
1 0.6634498421874999 0.8338538718749999 0.676526721875 0.8059136468750001 0.6765625 0.8056276468749999 0.6765625 0.6872615234375 0.6698924453125 0.6463823984375 0.6765625 0.6096382796875 0.6765625 0.5610000265625 0.6746651109374999 0.5551249578124999 0.6648914078124999 0.54439455 0.6520311328125 0.5494863140625 0.6460745921875001 0.558282196875 0.6419779328125 0.648178028125 0.6367196703125 0.6507648328125001 0.6179290484375001 0.731836259375 0.620576296875 0.78733725 0.6280001328125 0.8236120515625001 0.6396279796875 0.8421875 0.6528495890625 0.8421875 0.6634498421874999 0.8338538718749999
0 0.738517590625 0.91875 0.7486623874999999 0.9140015359374999 0.7619447171875 0.8945679375000001 0.7735847375 0.8562250796875001 0.7765625 0.8260408124999999 0.7765625 0.7907237406250001 0.771899190625 0.7783977046875 0.7661764343749999 0.7543245609375 0.7508738171875 0.7265281484375 0.7264480265625 0.7099388375 0.7027944500000001 0.7190131765625 0.681511225 0.734496775 0.6696296078125 0.7567991562499999 0.665470078125 0.7762761921875 0.665470078125 0.865035375 0.6683032984375 0.8737843406250001 0.6940162046875 0.91875 0.738517590625 0.91875