1 0.0441675296875 0 0.043707875 0.00333725 0.0465288953125 0.0687411578125 0.05288553593749999 0.10548656249999999 0.0785957375 0.194252975 0.08382394531250001 0.2 0.1015625 0.2 0.1015625 0 0.0441675296875 0
1 0.12466080156249999 0 0.12383110312500001 0.0047899140625 0.12459037656250001 0.0979191765625 0.1291653375 0.133746828125 0.14779233125 0.215039290625 0.15189255937499999 0.21875 0.1919289703125 0.21875 0.1921875 0.2178423859375 0.1921875 0 0.12466080156249999 0
1 0.20708271250000002 0 0.21383488125 0.03503060625 0.2158995921875 0.09731110312499999 0.20752879531250001 0.1828125 0.2265625 0.1828125 0.2265625 0 0.20708271250000002 0
1 0.36715001875 0 0.36715001875 0.1859375 0.40184081718750003 0.1859375 0.419602615625 0.12402099687499998 0.4296875 0.069335059375 0.4296875 0 0.36715001875 0
0 0.2376392546875 0 0.228338178125 0.0303798109375 0.223738875 0.1054045578125 0.223738875 0.13673665156249998 0.235763746875 0.1801161046875 0.258309784375 0.21223461562499998 0.28491296718750003 0.225 0.3137158625 0.225 0.3374592109375 0.21463728437500001 0.36413155625 0.178646434375 0.3788843359375 0.1284409078125 0.38125 0.0907769671875 0.38125 0.074709603125 0.37424046718750004 0.026150809375 0.36485428125 0 0.2376392546875 0
1 1 0.46875 1 0 0.8914351953124999 0 0.9049773796875 0.10060712812499999 0.9093550546875001 0.1608196078125 0.905089525 0.20765968906249999 0.8992812593749999 0.2304256984375 0.8982791656250001 0.25528921875 0.89920875625 0.257644978125 0.9023799 0.250428640625 0.9060850703125001 0.2515456375 0.910330859375 0.265148984375 0.8974419359375 0.3475269671875 0.8825158234374999 0.42241565625 0.876569121875 0.46732199999999996 0.876499571875 0.46875 1 0.46875
1 0.7207480328125 0 0.728190103125 0.06378478125 0.7302734375 0.1238364625 0.7162109375 0.20992281093749998 0.7146484375 0.240578496875 0.7162109375 0.2701079984375 0.7240234375 0.310348090625 0.7427734375 0.373035425 0.7505644703125001 0.3828125 0.7631419421875 0.3828125 0.7748046875 0.3760753625 0.7787109375 0.3651768890625 0.7875 0.300693203125 0.7875 0.20898095 0.7823567703125001 0.17883214375 0.767252603125 0.133503765625 0.7630859375 0.11432633437499999 0.7610026031249999 0.0505709515625 0.7640252390625 0 0.7207480328125 0
1 0.5880635484375001 0 0.5926032078125 0.024603365625 0.6078571609375001 0.082951284375 0.619759375 0.1387948265625 0.626587925 0.1838917953125 0.6283428171875001 0.2182421890625 0.6255091515625 0.33132726875 0.6286162890625 0.37581727656249997 0.6330426828125 0.4043387125 0.641870740625 0.44180044062499996 0.6508162828125 0.46875 0.715625 0.46875 0.715625 0.254852040625 0.6834425875 0.186377965625 0.6776130984375 0.16637213281250002 0.6680965546875 0.1140500234375 0.6629486874999999 0.0445600125 0.6621009234375 0 0.5880635484375001 0
1 0.5116314671875 0 0.50847171875 0.0069346515625 0.503997975 0.02464848125 0.503202384375 0.040404378125 0.503399975 0.058907740625 0.51926583125 0.1639480375 0.5185708609375 0.20376285156249999 0.5105393828125 0.27618208437499997 0.5114069125 0.3159514359375 0.5187866828125001 0.37033859062499996 0.5271236625 0.399710590625 0.5554759640625 0.4604284234375 0.5618584234374999 0.4640625 0.567900734375 0.4640625 0.5788973046875 0.4606723875 0.58472344375 0.45495012968750004 0.5890625 0.4443303515625 0.5890625 0.43299223906249995 0.5842338984375 0.3786142828125 0.58497735625 0.336021690625 0.5890625 0.28996559375 0.5890625 0.2731699875 0.581889903125 0.24449141562499999 0.5545532015625 0.17032492500000002 0.550431375 0.1380539109375 0.5510220796875 0.0445657015625 0.54794191875 0.0122643765625 0.543063534375 0 0.5116314671875 0
1 0.295195 0.7422279484375001 0.2902112609375 0.755670428125 0.28390229375 0.798088253125 0.2908581734375 0.8076581015625 0.311558684375 0.82042730625 0.3247376984375 0.8408921187499999 0.340625 0.8850176624999999 0.340625 0.7559815359375 0.331967484375 0.7244557140625 0.332925634375 0.5957354578125 0.32558174218749997 0.5750544984375 0.3151344875 0.56589211875 0.3034157375 0.564935525 0.3002565640625 0.5594046984375 0.30005005156250003 0.5594046984375 0.2926886421875 0.6035303781250001 0.29838943281249997 0.6552381328125 0.29847596875 0.7023328078125 0.2939287390625 0.7282752875 0.295195 0.7422279484375001
1 0.46518379843749996 0.8550451656250001 0.46524068906249993 0.8644029249999999 0.46790289375 0.887904775 0.4620861953125 0.9110164484375 0.4691500390625 0.9125 0.471875 0.9125 0.471875 0.5729346921875 0.4711226578125 0.5699816109375 0.45945355781249997 0.55987995625 0.45615527031249997 0.55987995625 0.44921780624999996 0.56245616875 0.44241047343749995 0.5761696 0.4481030640625 0.698391821875 0.437279978125 0.752098315625 0.4385140484375 0.76176590625 0.45849313125 0.78684366875 0.46746503749999996 0.8280186624999999 0.46518379843749996 0.8550451656250001
1 0.44550910000000005 0.5871889296875 0.4466057359375 0.5719793484375 0.453125 0.558644028125 0.453125 0.5493445640625 0.448124946875 0.538076596875 0.44242945 0.5351396937499999 0.431718696875 0.537599221875 0.426381871875 0.5533782234375 0.434318053125 0.6506004453124999 0.4230136328125 0.712623071875 0.42473897968749996 0.7528553859375 0.4262785125 0.753125 0.44435159375 0.753125 0.453125 0.710990959375 0.453125 0.6731900484375 0.44550910000000005 0.5871889296875
0 0.3050333140625 1 0.31649101874999996 0.9731495515624999 0.321875 0.9420704484375001 0.321875 0.870142440625 0.31199948125 0.8361588874999999 0.2959178890625 0.8111806953125 0.26803472500000003 0.7935121374999999 0.247990840625 0.7935121374999999 0.24470665 0.7938690968750001 0.22539039375 0.804355321875 0.19877252343750001 0.833151771875 0.184061790625 0.8649270250000001 0.18112577968750002 0.8760796656250001 0.18112577968750002 0.9853886984375 0.1858258234375 1 0.3050333140625 1
1 0.7909265015625 1 0.7859375 0.9685379218750001 0.771875 0.91295760625 0.7494791671875 0.8569853890625 0.7348958328125 0.8023643765624999 0.7317708328125001 0.7627498203125 0.7307291671874999 0.7091128703124999 0.7354166671875 0.618997665625 0.7328125 0.5747201046875 0.7255208328125 0.5538910796875001 0.7153645828125 0.5392641453125 0.7064137328125 0.534302915625 0.69483065625 0.534302915625 0.68203125 0.5414002421874999 0.6651041671875 0.5725775703125 0.6609375 0.5867334718749999 0.6625 0.6375592671875 0.6828125 0.781627953125 0.6848958328125 0.8333463 0.6708333328125 0.9592474671875 0.6700947312500001 1 0.7909265015625 1
1 0.8453125 1 0.8453125 0.7892103015625 0.8326145859375 0.7569032015625 0.8243417203125001 0.68768659375 0.8248213265625001 0.6550057828125 0.82240268125 0.625376153125 0.8191856062499999 0.6116695328125 0.8159011968750001 0.603564034375 0.8083201796875 0.5951354484375 0.7927963640625 0.5951354484375 0.7870244921875 0.60002891875 0.7827946109375 0.6092581015625 0.7802825171875 0.6234659578125 0.7822559140625 0.65406708125 0.7949812875 0.7135687609375 0.8004740859374999 0.7615802078125 0.7942556921875 0.8460527171875001 0.7968502390625 0.89711534375 0.8054597937500001 0.938326340625 0.8286257656250001 1 0.8453125 1
1 0.9518842156249999 1 0.9683262734374999 0.9489357640625 0.9829346390625 0.88743063125 0.9883494328125 0.84562756875 0.990625 0.80114365 0.990625 0.777814915625 0.9895777531250001 0.7752571984375 0.990625 0.7678790390625 0.990625 0.6971855796875 0.9905115062500001 0.6919390218749999 0.9782088625 0.54982435625 0.9774498046875 0.54982435625 0.9686766656250001 0.556069640625 0.9613625796874998 0.5724779343749999 0.9596384593749999 0.5817826578125 0.9540620437499999 0.632844975 0.9586275390625 0.699344940625 0.957508709375 0.733619353125 0.9424603218750001 0.7905100109375001 0.9371909859375 0.8239797359375001 0.9365062156249999 0.8632102125 0.9365062156249999 1 0.9518842156249999 1
1 0.6640625 1 0.6640625 0.9077101484375 0.662440815625 0.901299796875 0.6369016015625 0.8392014265625001 0.6286722484375 0.8117543609375 0.6234708921875 0.7817846109375 0.6200723265625 0.6993346875 0.615133134375 0.6620000421875 0.6059412015625 0.6441689109375 0.5911961984375 0.6383488546875 0.5820152046875 0.6431391359375 0.57538813125 0.6541392546875 0.572550646875 0.6769897953124999 0.5752771734375 0.7104506765625 0.5882517171874999 0.7696768281249999 0.5942972484375 0.8089483546875 0.5962407796875 0.8497316109374999 0.5913418328125 0.9176549156250001 0.5953040296875 0.9567563796874999 0.600117375 0.9756150203124999 0.6028435921875 1 0.6640625 1