1 0.412884690625 0.272873784375 0.3927052921875 0.2074213625 0.3950788234375 0.11813572187500002 0.38978619375 0.105912821875 0.377383890625 0.0990305390625 0.3631195265625 0.10777753593749999 0.357391084375 0.1246458734375 0.36039302812499996 0.20580608749999998 0.34165358437500004 0.26136323125 0.3359375 0.2910397171875 0.3359375 0.3300870171875 0.338394040625 0.3603977484375 0.3560961640625 0.403719728125 0.3643643828125 0.4125 0.38833643281249997 0.4125 0.3960961640625 0.40092265625 0.411907453125 0.3630067265625 0.412884690625 0.35637163437499997 0.412884690625 0.272873784375
1 0.0074444859375 0 0.0035685609375000005 0.0061786406250000005 0.00458964375 0.0797571859375 0 0.0961527140625 0 0.2546875 0.0108918359375 0.2546875 0.036241434375 0.2477571046875 0.052337490625000004 0.2006107546875 0.051346459375 0.1502624328125 0.0321872453125 0.084110521875 0.0368118078125 0.0086947125 0.032267704687499996 0 0.0074444859375 0
1 0.229788965625 0 0.2277661578125 0.0019477953124999998 0.22764535000000002 0.0871124078125 0.20725445781250001 0.1501143484375 0.20625 0.15778259687500001 0.20625 0.194686903125 0.20924333750000002 0.22549131875 0.22298179375 0.2596087984375 0.23093165624999998 0.26875 0.2462834109375 0.26875 0.25252751875 0.2667697390625 0.2715330796875 0.2280330984375 0.2754569453125 0.20728285937500002 0.2754569453125 0.1636303734375 0.273876109375 0.1427520234375 0.25648922500000004 0.08172993437500001 0.26007840781249997 0.00799604375 0.25695234375 0 0.229788965625 0
1 0.1219190953125 0.33553765 0.13620919843749998 0.3682645140625 0.1492992640625 0.3828125 0.166529365625 0.3828125 0.1725735703125 0.3765483875 0.189052534375 0.3383090046875 0.189052534375 0.24552914218750002 0.166418103125 0.1840983703125 0.16510915312500002 0.10091329375 0.153962653125 0.080726640625 0.137352265625 0.0828548109375 0.1294410359375 0.097458546875 0.1340833203125 0.1806048375 0.1171875 0.24842955 0.1171875 0.2486478265625 0.1191404609375 0.2591417921875 0.12324721875 0.24748466093750002 0.1270307984375 0.26291976250000004 0.1447522953125 0.26077866250000004 0.1556736734375 0.27322837187500004 0.1589089453125 0.30801876093749997 0.1553296 0.3187023109375 0.1219190953125 0.33553765
1 0.44111231562500003 0 0.44111034687500006 0.0000029671875 0.4415604703125 0.07737240625 0.41875 0.150900884375 0.41875 0.1954785140625 0.41896983906249996 0.20312729843750002 0.439544053125 0.253125 0.4404586265625 0.253125 0.44134960312500005 0.23202058593750002 0.44738756874999996 0.2199468984375 0.45957603125 0.21514188281250002 0.48296563125 0.2267177453125 0.4901224578125 0.197542209375 0.4901224578125 0.161672984375 0.48973210468749995 0.1489707328125 0.471594228125 0.08562399375 0.47444368125 0.00272394375 0.4727843671875 0 0.44111231562500003 0
0 0 0.55 0.090993984375 0.55 0.090993984375 0.47312885312499997 0.08397194062499999 0.4497644875 0.061839837499999994 0.41555655781249995 0.04694495 0.40563325 0.0246326390625 0.40331112343750003 0.003131125 0.4183971203125 0 0.42385552187500003 0 0.55
1 0.6296875 0.3265625 0.6451610062500001 0.3265625 0.6454919296874999 0.3265190109375 0.6454919296874999 0.2848420359375 0.6366040484375 0.2515288640625 0.637458965625 0.19860540468750001 0.6338472625 0.189119915625 0.630136775 0.18659707812499998 0.6296875 0.18683058749999998 0.6296875 0.3265625
2 0.6296875 0.409375 0.86165256875 0.409375 0.9472147828124999 0.40207982812500004 0.9472147828124999 0.37341182968750003 0.9421773078125 0.3234375 0.9414533296875 0.3234375 0.6296875 0.350854409375 0.6296875 0.409375
1 0.5982199109375 0.9356350125 0.5953125 0.94308008125 0.5953125 0.9737446593750001 0.596887565625 0.9765625 0.6195908734375 0.9765625 0.6198795765625 0.9760691265624999 0.6198795765625 0.9467204499999999 0.618066578125 0.940287771875 0.6121368328125001 0.9318738890624999 0.6031856140625 0.9306411812500001 0.5982199109375 0.9356350125
1 0.5729563625 0.9721827546874999 0.5717746375 0.948175434375 0.56414444375 0.9352334671874999 0.55320694375 0.9359343750000001 0.546875 0.94771881875 0.546875 0.9734375 0.571994275 0.9734375 0.5729563625 0.9721827546874999
1 0.50625 0.97434410625 0.506578325 0.975 0.5297654078125 0.975 0.5297654078125 0.94899143125 0.5222587890625 0.9371668515625 0.5144193484375 0.9363318312500001 0.50931878125 0.9400961406249999 0.50625 0.948878509375 0.50625 0.97434410625
1 0.9758340390625 0.5938770578125 0.9772726390625 0.554824278125 0.974457446875 0.5515432609375 0.9553976390625 0.556353928125 0.957116365625 0.5965770734375 0.94375 0.6660020203125 0.94375 0.6927528625 0.94612490625 0.7295048656249999 0.9549718625000001 0.77340300625 0.9561092546874999 0.775 0.9828014234375001 0.775 0.9849880375 0.7518279796874999 0.9916328249999999 0.7233851515625 0.9916328249999999 0.658811890625 0.9758340390625 0.5938770578125