1 0.0699525109375 0.365625 0.0909282421875 0.365625 0.0984375 0.3561627921875 0.0984375 0.20106738906250002 0.07899204531250001 0.1562933171875 0.07489719218749999 0.0750489421875 0.06773249375 0.0586434890625 0.0527922453125 0.05099058125 0.041065828124999995 0.05879863125 0.0368715140625 0.0714002546875 0.047017724999999996 0.16034925312499998 0.0324671375 0.228157403125 0.03235654375 0.2784669328125 0.0415022375 0.3171128671875 0.06052398437499999 0.35376638437499996 0.0699525109375 0.365625
1 0.61719734375 0 0.6165398984375 0.04187305 0.5981461593749999 0.085195903125 0.58866381875 0.1300907984375 0.5902475734375 0.17066448125 0.6040535499999999 0.210740146875 0.6136893046874999 0.2267963203125 0.6232450015625 0.228125 0.6304096125 0.228125 0.656028196875 0.1873356578125 0.6578125 0.178212896875 0.6578125 0.0857970703125 0.6465849109375 0.0445191140625 0.6490339109375001 0 0.61719734375 0
1 0.39683131562499996 0 0.3998898609375 0.038798021875 0.3818819890625 0.10494993281250001 0.38177139531250004 0.1552982546875 0.3986970953125 0.2024446046875 0.4241756671875 0.209375 0.43675539375000005 0.209375 0.440625 0.1999641359375 0.440625 0.078830475 0.4274197359375 0.034444685937500004 0.427295346875 0 0.39683131562499996 0
1 0.520844734375 0.3703125 0.5299495140625 0.3632782265625 0.5538997109375 0.321692153125 0.5640625 0.27778944375000003 0.5640625 0.23307985625 0.55144905 0.1611505671875 0.5639517796875 0.076044184375 0.5506096265625 0.05573470625 0.5334692890625 0.0615374140625 0.5261740015624999 0.076044184375 0.521127390625 0.1514793875 0.5016806171875 0.199824446875 0.5016806171875 0.28550933125 0.5073850546875 0.306218265625 0.5056658984375 0.36811381718749997 0.5130645484375 0.3703125 0.520844734375 0.3703125
1 0.17149535 0 0.1728063984375 0.035200684375 0.154958065625 0.096593390625 0.154958065625 0.17644880624999998 0.1560515578125 0.18251295625 0.1746181171875 0.2197779828125 0.1897419796875 0.2234375 0.193459440625 0.2234375 0.2042651484375 0.21038859531249998 0.2184088390625 0.175262009375 0.2234375 0.12877089375 0.2234375 0.117705409375 0.221275725 0.0998009453125 0.20160524687499998 0.0383967609375 0.2019977703125 0 0.17149535 0
1 0.2832112671875 0.3359375 0.293758421875 0.3346417171875 0.3068216578125 0.31839125 0.315625 0.2951684796875 0.315625 0.2830580078125 0.28540516562499996 0.2702654578125 0.28133058437499997 0.259853659375 0.2829450875 0.22490798281250002 0.2932811890625 0.211720659375 0.311092728125 0.21261945781249997 0.3141559640625 0.1969514265625 0.315625 0.20053835000000003 0.315625 0.1821032734375 0.3002133890625 0.13096450625 0.3009838359375 0.047662928125 0.29298949531249996 0.0346085671875 0.2747556671875 0.0346085671875 0.26549580625 0.053602276562499995 0.2680586921875 0.136709709375 0.246984384375 0.20376802968750002 0.24466391718749997 0.2619892515625 0.25183701875 0.290614503125 0.2708624765625 0.32919854531250003 0.2781832640625 0.3359375 0.2832112671875 0.3359375
0 0.40885441250000004 0.5578125 0.4246901109375 0.5558728000000001 0.44303529687500004 0.53977879375 0.4546875 0.513428859375 0.4546875 0.41174310937499997 0.4482271203125 0.394363075 0.42887966562499996 0.3677224921875 0.4126246734375 0.3582314078125 0.38287773125 0.3582314078125 0.3696976421875 0.36866107812500004 0.35170701875 0.4041881421875 0.345456346875 0.439729984375 0.35008508437499997 0.4860609484375 0.3589502640625 0.5145302921875 0.380813075 0.54485795 0.39946702031250003 0.5578125 0.40885441250000004 0.5578125
1 0.5872169296874999 1 0.5793622171874999 0.9714745765625 0.5757525546875 0.8297760937499999 0.5679103750000001 0.811064728125 0.5576522953125 0.803125 0.556461665625 0.803125 0.541258871875 0.809830375 0.5332090390625 0.824465978125 0.5302818328125001 0.8397664812500001 0.5457684671874999 0.9716700203125 0.5410858578125 1 0.5872169296874999 1
1 0.65 1 0.65 0.9492717453124999 0.6406202890625 0.91496540625 0.64088723125 0.809287121875 0.63576675625 0.8011952953125 0.5998565703125001 0.8011952953125 0.5967812125 0.8044952234375 0.597691040625 0.8308977499999999 0.6045146390625 0.8641492625 0.61041855 0.9196639078125 0.5960459484375 1 0.65 1
1 0.502958440625 1 0.495177484375 0.9366970484374999 0.5125 0.8142502281249999 0.5125 0.8016582109374999 0.5109818203125001 0.795724825 0.47593894375 0.7943359375 0.46709989375000005 0.8116970484374999 0.463146234375 0.9366970484374999 0.4583041328125 0.9518698999999999 0.4583041328125 1 0.502958440625 1
1 0.4386582953125 1 0.4341576734375 0.9860687562500001 0.44347871874999995 0.8539788406250001 0.43455496406250005 0.8322015078125 0.42096288125000003 0.8292372734375 0.408002646875 0.8308511609375 0.39741729375 0.8536627953125 0.39579554687499996 0.8897920906250001 0.398936771875 0.9896648031249999 0.3957110546875 1 0.4386582953125 1
1 0.3824689671875 1 0.3730648171875 0.9558937125 0.3769389890625 0.8194185796875001 0.3675546015625 0.7970251953125 0.3569662734375 0.794235146875 0.34900407499999997 0.794235146875 0.333092015625 0.816411171875 0.3309906984375 0.83043656875 0.33242651562500003 0.8678910671875 0.3395977515625 0.9203048234375 0.3402523171875 0.9578048234375001 0.3325353296875 1 0.3824689671875 1
1 0.32291265 1 0.32265625 0.9927098109375001 0.309375 0.9289754625000001 0.315625 0.794180515625 0.31070800625 0.78549640625 0.28609014843749997 0.78549640625 0.279296875 0.785575453125 0.27265625 0.7932916125 0.27109375 0.8044209046875 0.271875 0.8433007031249999 0.278125 0.8932279781249999 0.278125 0.9293390890625 0.262507453125 1 0.32291265 1
1 0.2578125 1 0.2578125 0.9077796015625001 0.2533059109375 0.8909242015625001 0.25025384375000004 0.8506464234375001 0.2513469015625 0.7820806859375 0.2487018875 0.7806720984375 0.214269153125 0.7806720984375 0.2084833953125 0.78697708125 0.22325813593750002 0.8989668984374999 0.2093048015625 0.9741723328124999 0.2084349546875 1 0.2578125 1