1 0.7228289140624999 0.32312489375000003 0.72001065625 0.28819174375 0.7218094140625 0.211439325 0.7187112156250001 0.19860878906249999 0.708893640625 0.1890625 0.701630825 0.1890625 0.6929056453125 0.19281510156249998 0.68735896875 0.21194550625000003 0.6961909703125 0.3232216390625 0.680835984375 0.38249444062500004 0.6788158546874999 0.415082578125 0.6861925640625 0.47446335156249997 0.6921296671875 0.4765625 0.6927409640625 0.4765625 0.7091530734375 0.4583182 0.7296875 0.4541099375 0.7296875 0.34660900781250004 0.7228289140624999 0.32312489375000003
1 0.7460347281249999 0.1726009921875 0.7387923546875 0.1676242359375 0.726397915625 0.170578621875 0.719635803125 0.1869862875 0.726096465625 0.28795435937499997 0.721683334375 0.3140202203125 0.722263925 0.328268925 0.7423814390625 0.4078125 0.743147478125 0.4078125 0.7515625 0.3723571859375 0.7515625 0.18518943125 0.7460347281249999 0.1726009921875
1 0.781572259375 0.48765504374999996 0.796875 0.526384209375 0.796875 0.35590375 0.792158871875 0.3380097421875 0.790619096875 0.22679263593750001 0.7818838296875 0.207794296875 0.7683308453125 0.20352184062499998 0.759335140625 0.214248053125 0.7564252546875 0.22838309843750002 0.766253084375 0.324328946875 0.76406783125 0.3488266875 0.7510469546875 0.40791207656250006 0.7499486453124999 0.44795385625 0.7532717828125 0.45645310781250004 0.781572259375 0.48765504374999996
1 0.80087890625 0.43096257031249996 0.79931640625 0.4751224234375 0.79150390625 0.5184605312499999 0.7930296625000001 0.5203125 0.8121559359375 0.5203125 0.81650390625 0.51397546875 0.82822265625 0.45997866875 0.83125 0.41875725625 0.83125 0.3882593515625 0.81494140625 0.31072599375 0.82119140625 0.2040347796875 0.81220703125 0.1833425203125 0.805862475 0.182508346875 0.799034421875 0.182508346875 0.78994140625 0.193449396875 0.78681640625 0.205344225 0.78994140625 0.22453747812499997 0.78994140625 0.2957810015625 0.78525390625 0.337586978125 0.79853515625 0.403938096875 0.80087890625 0.43096257031249996
1 0.8933829109375001 0.5390625 0.8982730859375 0.5266789578125 0.8984375 0.525805409375 0.8984375 0.37892219374999997 0.8884986640625 0.3362826296875 0.8892055578125 0.22226572187500002 0.8810825546875 0.20223118125 0.8700924890625 0.1984375 0.8699731265625001 0.1984375 0.86012450625 0.2062399109375 0.8556118078124999 0.2224611640625 0.8620389015625 0.3170025703125 0.8603736640624999 0.33644625625 0.8433302921875001 0.40780340937500004 0.843531925 0.45833063437500005 0.858700740625 0.53468278125 0.8615050406249999 0.5390625 0.8933829109375001 0.5390625
1 0.9217230109375001 0.5109375 0.9246379484375 0.5065607062499999 0.9265625 0.4968543625 0.9265625 0.35166685468750003 0.9146825921874999 0.3109830328125 0.9170424546875001 0.1995477046875 0.909836403125 0.18339463125 0.89485695 0.179594978125 0.8848755 0.19584805 0.89042245 0.2204321765625 0.8896250875 0.3318584109375 0.9090620250000001 0.41855052812500004 0.909863971875 0.463891859375 0.9036799015625 0.5105694359374999 0.9039795203125 0.5109375 0.9217230109375001 0.5109375
1 0.9384561421875001 0.386450690625 0.933545078125 0.4345054390625 0.9354090296875001 0.4603758046875 0.949489128125 0.5287195312499999 0.9535045140625 0.5328125 0.980971396875 0.5328125 0.9876648703124999 0.51876116875 0.9953125 0.48078372500000005 0.9953125 0.3894512328125 0.9815580203125001 0.329732915625 0.9803999546875 0.297367678125 0.985715453125 0.216911328125 0.9772787015625 0.1970245390625 0.969265921875 0.193904725 0.966974196875 0.193904725 0.956996346875 0.200087990625 0.9520614125 0.2125118859375 0.9516871234375 0.2475041609375 0.956105840625 0.29145469375 0.9549352296875 0.32516981718750004 0.9384561421875001 0.386450690625
0 0.66875 0.5390625 0.7763467109375 0.5390625 0.77109375 0.5120628234375 0.754296875 0.4790317359375 0.729296875 0.4570110109375 0.706640625 0.45571567343749997 0.683984375 0.46866904218750005 0.66875 0.48949669374999993 0.66875 0.5390625
1 0.3845854796875 0.5390625 0.384790340625 0.552602940625 0.37039375625000004 0.604561846875 0.367785984375 0.6266202953125 0.3686588078125 0.6641202953125 0.3759755890625 0.7102811765625 0.3816834265625 0.7203125 0.40018731562500004 0.7203125 0.4064766671875 0.7132668640625 0.409375 0.6933547234375 0.409375 0.5815394984375 0.40354034062500005 0.5535855859375001 0.40320231250000005 0.5390625 0.3845854796875 0.5390625
1 0.66875 0.5390625 0.66875 0.9796400343750001 0.66911495625 0.9796875 0.7234375 0.9796875 0.7234375 0.9203867296875 0.71437493125 0.8852374843749999 0.711577425 0.7650451765625 0.7234375 0.7177146624999999 0.7234375 0.638012303125 0.707325215625 0.5823528687499999 0.71096995 0.5390625 0.66875 0.5390625
1 0.748742171875 0.5390625 0.7516311546875001 0.5835667515625 0.7027431328125 0.7451474578124999 0.7027431328125 0.8964948546875 0.72763305 1 0.8054429453124999 1 0.8204208312500001 0.981945378125 0.8087716390624999 0.7763656671875 0.8296875 0.6751595234375001 0.8296875 0.6564343515625 0.8053528984374999 0.5702104265625 0.8090159140625 0.5390625 0.748742171875 0.5390625
1 0.8868028906250001 0.5390625 0.8936041828124999 0.578631315625 0.8493467750000001 0.7400888734375 0.855032115625 0.908573771875 0.8870308765624999 1 0.971875 1 0.971875 0.6339727093749999 0.9553325796875001 0.5753962687499999 0.9556616609375 0.5390625 0.8868028906250001 0.5390625
1 0.948138078125 0.5390625 0.9440746531249999 0.586485503125 0.97831828125 0.7375 0.979303396875 0.7375 0.990625 0.6922506296875 0.990625 0.6652357140625 0.9604236734375 0.5764869859374999 0.9647213125 0.5390625 0.948138078125 0.5390625