1 0.6359111609375 0 0.6296875 0.046689059375 0.6296875 0.0835993640625 0.6397557468749999 0.140625 0.64183390625 0.140625 0.663161146875 0.0903993375 0.6514965187499999 0 0.6359111609375 0
1 0.490625 0 0.490625 0.0041946453125 0.5162123375000001 0.11875 0.5254194484375 0.11875 0.5367165140625 0.1119822046875 0.5404066859375 0.091127440625 0.5404066859375 0.0033988890624999995 0.5394481 0 0.490625 0
1 0.6006569453124999 0 0.599980159375 0.058162712500000005 0.575 0.12718663125000002 0.575 0.1742178609375 0.5826529484375 0.25737659687500003 0.6023568046875 0.275 0.6026502812500001 0.275 0.6276141640625 0.2630682796875 0.65381655625 0.1610451390625 0.6348638 0.069996984375 0.6413814140625 0 0.6006569453124999 0
1 0.4498716171875 0 0.45017243906250004 0.007483681250000001 0.4296875 0.0700241390625 0.4296875 0.093740021875 0.44992293281249995 0.2015625 0.46363170781249996 0.2015625 0.47542280156250005 0.1993758015625 0.49623732499999995 0.128327646875 0.49685791406249996 0.07499431250000001 0.48001729062500004 0.0192447828125 0.48158858281250005 0 0.4498716171875 0
1 0.3171875 0 0.3171875 0.1375 0.31748355156249997 0.1375 0.3459042109375 0.131459221875 0.3635740640625 0.0681986109375 0.357112653125 0 0.3171875 0
1 0.2523688859375 0 0.2532396578125 0.034255603125 0.2390625 0.0811881921875 0.2390625 0.177394721875 0.2553796234375 0.2203125 0.25874809062500004 0.2203125 0.28590521875 0.21448831406250002 0.306121678125 0.1479234609375 0.3062023140625 0.08457558281250001 0.286418771875 0.017778015624999997 0.2881313921875 0 0.2523688859375 0
1 0.144145753125 0 0.151276390625 0.120348053125 0.1390625 0.16086936875 0.1390625 0.2884138921875 0.140223459375 0.294060265625 0.1604514625 0.3328125 0.180413409375 0.3328125 0.1989430296875 0.326180403125 0.22074992343750002 0.201521 0.18935840312500002 0.10083980781249999 0.1950314484375 0 0.144145753125 0
1 0.3738540265625 0 0.37852907812500003 0.0959100203125 0.3640625 0.1460673828125 0.3640625 0.20096749218749999 0.390907365625 0.2411481765625 0.40752278124999997 0.2953125 0.4105823296875 0.2953125 0.43055815781250006 0.24788300312499997 0.4382354140625 0.1708081890625 0.41614548124999995 0.0895155890625 0.4228781640625 0 0.3738540265625 0
1 0.7902475078125 0.45 0.7930655718749999 0.43894411718750004 0.794421815625 0.350765865625 0.7679076953124999 0.23368923281249998 0.7857114140625 0.049723096875 0.780331521875 0.027778357812499998 0.7686546437499999 0.016962857812500003 0.7423824031249999 0.0198701796875 0.721985925 0.0508354296875 0.7188880875 0.23454487343750002 0.6953125 0.3040913890625 0.6953125 0.45 0.7902475078125 0.45
1 0.9085314625 0.45 0.9116254765624999 0.4386419609375 0.9147598 0.360191575 0.893717634375 0.2374619375 0.9142920218749999 0.08554868437499999 0.894934165625 0.052332114062500004 0.8734922656249999 0.054659514062500004 0.8536344343750001 0.0876479328125 0.8493999171875 0.2396562484375 0.8328125 0.2898492375 0.8328125 0.45 0.9085314625 0.45
1 1 0.45 1 0.08713475937500001 0.992090840625 0.0897890921875 0.9806210359375 0.11056063437500001 0.9787318484374999 0.2772558203125 0.9609375 0.3372691765625 0.9609375 0.45 1 0.45
1 0.7298775453124999 0.16944007187500001 0.7255669375 0.1062481078125 0.720061959375 0.10058749062500001 0.71875 0.109814409375 0.71875 0.24914845937500002 0.7279945624999999 0.223361640625 0.7298775453124999 0.16944007187500001
1 0.3137807765625 0.710420303125 0.31210829375000004 0.7048416234375 0.309304653125 0.6313807078125 0.3004238265625 0.6156022796875 0.2982071421875 0.5784959390625 0.2978529 0.5784959390625 0.29535641562500003 0.587624246875 0.2972988265625 0.6154020234375001 0.2890625 0.6315203109375 0.2890625 0.6390323875 0.2953135609375 0.6982347093750001 0.2890625 0.729090815625 0.2890625 0.7615631031250001 0.29234851875 0.789300596875 0.302589034375 0.82452346875 0.3066032046875 0.828125 0.3137807765625 0.828125 0.3137807765625 0.710420303125
1 0.4598992296875 1 0.4617176640625 0.9871647515624999 0.475129978125 0.9397516140625001 0.480438634375 0.8980304015625 0.47457200000000005 0.875930909375 0.463018253125 0.8580935421875001 0.456292778125 0.7853609703125001 0.45195950937499996 0.78613041875 0.450741528125 0.7944773875 0.4527164265625 0.8610485984375 0.43857142343750005 0.8703150203125001 0.42802209687500004 0.900332953125 0.423498996875 1 0.4598992296875 1
1 0.26841006875 0.915625 0.26841006875 0.782121278125 0.2608680484375 0.7574194984375 0.2606487234375 0.6862673015625 0.257657825 0.6753475078125 0.24849782187499997 0.6663267859374999 0.24480440468750003 0.6163905609375 0.2410865453125 0.613205315625 0.24302907187499997 0.6667732 0.23648318437500002 0.6756804890625 0.234375 0.6868988953125 0.234375 0.690554134375 0.24368054843750003 0.7588225015625 0.234375 0.8225906140625 0.234375 0.8378312703125002 0.23638542187499997 0.86268441875 0.24252900624999998 0.8873017812499999 0.2511781265625 0.91450560625 0.25244720468750004 0.915625 0.26841006875 0.915625