1 0.3322858265625 0.5 0.3330629390625 0.48888677031250005 0.352032465625 0.4367975640625 0.3509741171875 0.413813078125 0.342083496875 0.3598867703125 0.3488432453125 0.31086737656249996 0.358306984375 0.2708285921875 0.359375 0.25555524531249996 0.359375 0.2446132375 0.3559991671875 0.23235768124999998 0.343510575 0.225 0.3410471578125 0.225 0.3343488 0.2274856734375 0.32359826875 0.24304191249999998 0.32068922031249997 0.2560535484375 0.31978961875 0.307038034375 0.31443313125 0.35504966875 0.294011525 0.40518990937500005 0.294011525 0.5 0.3322858265625 0.5
1 0.3943898234375 0.4109375 0.401833240625 0.4079509984375 0.42442214843750004 0.4109375 0.430370978125 0.4109375 0.43347370312500005 0.4080825234375 0.427712603125 0.3781678515625 0.4286559453125 0.360167853125 0.44375 0.2754044375 0.44375 0.2648231265625 0.44159691093750003 0.253082525 0.4311995984375 0.2417105203125 0.41570904375 0.24488893906250003 0.40821117031250004 0.254470390625 0.405020425 0.2645014203125 0.40206245 0.2955169359375 0.403875959375 0.32447815 0.4013226140625 0.36048590625 0.39627445625 0.38053245 0.391034703125 0.393473115625 0.391034703125 0.4109375 0.3943898234375 0.4109375
1 0.25447049375 0.5 0.26756565 0.4467992234375 0.26902134375000003 0.4208341625 0.266449775 0.37914860781250004 0.2577149453125 0.33977750156250003 0.264803225 0.293602809375 0.275 0.255417225 0.275 0.2210875578125 0.2720818640625 0.21256787031250002 0.26896945625 0.209834328125 0.25274076875 0.209834328125 0.2507009 0.2102033734375 0.24209549843749997 0.222105165625 0.2381227609375 0.23824492031250002 0.23228635 0.3341401046875 0.2137699828125 0.378515890625 0.2137699828125 0.5 0.25447049375 0.5
1 0.2015625 0.5 0.2015625 0.3387581671875 0.197467734375 0.32440625 0.195197475 0.28240625 0.198815240625 0.26740624999999996 0.19977578437500002 0.21440625 0.19302525312500002 0.19890625 0.181939025 0.19290625 0.1676219921875 0.19790625 0.162969265625 0.21240625 0.1640134421875 0.24640625 0.1700039953125 0.28440625 0.169467734375 0.32440625 0.1652206296875 0.33040625 0.15861444062500002 0.36940625 0.151486165625 0.39140625 0.148987228125 0.42240625 0.15245096875 0.46240625 0.1618129890625 0.5 0.2015625 0.5
1 0.380942940625 0.4328125 0.384375 0.4328125 0.384375 0.3539745515625 0.383097034375 0.349705071875 0.3813926328125 0.3127594921875 0.384375 0.28188433125 0.384375 0.2386812640625 0.3786572125 0.22350438125 0.3634137984375 0.21330714999999997 0.35440088125 0.21754527656249997 0.3530866703125 0.22290922968750002 0.354932665625 0.23101806875 0.36045824843749996 0.23445342343750003 0.364022075 0.2486711015625 0.3647135578125 0.29050784375 0.3607642109375 0.32201806718750003 0.362596778125 0.36096364687500004 0.38041591406249997 0.4320520390625 0.380942940625 0.4328125
1 0.5515625 0.5 0.5515625 0.3937137421875 0.547079934375 0.3789609375 0.546993665625 0.32820184218750004 0.5501524578125 0.2989609375 0.5476350921875001 0.2629609375 0.538357746875 0.2494609375 0.53214796875 0.24646093750000003 0.518357746875 0.2494609375 0.5111782046875 0.2659609375 0.512819125 0.2989609375 0.51894953125 0.3389609375 0.51894008125 0.3769609375 0.504366496875 0.4259609375 0.497760309375 0.4649609375 0.5041378203125 0.4989609375 0.50417584375 0.5 0.5515625 0.5
1 0.7609375 0.5 0.7609375 0.4201123875 0.7524770953125001 0.38849748125 0.75213980625 0.3474742078125 0.7574618265625 0.314357840625 0.758620859375 0.27731129375 0.7508670421875 0.25893347968749997 0.737996640625 0.2541545765625 0.7268670421875 0.2593524 0.7211652843749999 0.27496295000000004 0.7262065843750001 0.3659396765625 0.7225178421875 0.3900211328125 0.7047589203125 0.445370234375 0.7005110375 0.4884749640625 0.7014615484375 0.5 0.7609375 0.5
1 0.6483586031249999 0.5 0.6484375 0.49946678593750005 0.6484375 0.4396555984375 0.648359434375 0.43858304531250003 0.6399485609375 0.3992338375 0.6383762140625 0.392703634375 0.636298565625 0.386771646875 0.641971190625 0.333210559375 0.6456221453125 0.3181251390625 0.6484375 0.30493558125 0.6484375 0.2649461125 0.64671424375 0.257768759375 0.6363328078125 0.2503962703125 0.6282920625 0.25111690625 0.6213809140625 0.2568841 0.614416003125 0.2721629359375 0.612774815625 0.3452094953125 0.60851901875 0.384116375 0.58856316875 0.43148780000000003 0.585848778125 0.44009554843750004 0.585848778125 0.5 0.6483586031249999 0.5
1 0.5459090671875 0.5 0.5520931953125 0.47097919531250004 0.55345100625 0.4247615171875 0.5459461734375 0.36472754687500003 0.549587453125 0.330781965625 0.56289101875 0.2784894203125 0.5640625 0.265099328125 0.5640625 0.25310625 0.5603301984375 0.242526853125 0.5510301078125 0.2337105609375 0.54094261875 0.23389426875 0.534735325 0.2408031078125 0.534735325 0.24112855625 0.5445533046875 0.257856834375 0.5455034390625 0.2700200921875 0.5413704703125 0.301911253125 0.534735325 0.32445192500000003 0.534735325 0.5 0.5459090671875 0.5
1 0.44735298125 0.26715725625000003 0.44710523750000003 0.2911417390625 0.4393113234375 0.34094002031250004 0.4415872296875 0.3949710546875 0.44754190625 0.41160294531249997 0.46540613437499995 0.4296875 0.4671875 0.4296875 0.4671875 0.40715394062500004 0.4571333984375 0.3693434578125 0.45623981718750006 0.35632794218749997 0.4587178515625 0.30740552499999996 0.46351007656250004 0.2765296609375 0.4630562453125 0.2505296609375 0.4564698140625 0.23588225000000002 0.4403825390625 0.23050984687499998 0.430846784375 0.2377848515625 0.4326094546875 0.24332364375 0.44309115468750004 0.2520641546875 0.44735298125 0.26715725625000003
0 0.4828125 0.5 0.4828125 0.46451060625 0.4792308828125 0.4561210625 0.45658639843750004 0.42502942343749994 0.44041953593749994 0.41358326874999995 0.41144976718750004 0.40874915312500004 0.39013174687499996 0.41710901875 0.368548903125 0.44392038906250003 0.3586101546875 0.47955182656249995 0.3589748390625 0.5 0.4828125 0.5
1 0.09510481093749999 0.5 0.0934470671875 0.527819234375 0.093996675 0.587671915625 0.091184846875 0.6655009171875 0.087619875 0.701435184375 0.0802160828125 0.7369382375 0.0802160828125 1 0.12451011875 1 0.124683121875 0.9990025546875 0.13191192499999999 0.9106730781250001 0.1312518125 0.8373534656249999 0.12088245156249999 0.699745271875 0.1243340078125 0.64286210625 0.1297861484375 0.5874636984375 0.1386055453125 0.5290529078125 0.140637121875 0.5 0.09510481093749999 0.5
1 0.19469551406250002 0.5 0.1896060125 0.5244351093749999 0.185840184375 0.596291396875 0.186709875 0.680062490625 0.18281985625 0.77436161875 0.17048093749999998 0.8379612906249999 0.17048093749999998 1 0.23454815624999997 1 0.232287215625 0.9144187640624999 0.2188446984375 0.7694541546875 0.2243692484375 0.6841125640625 0.236435103125 0.56428471875 0.2375 0.5293033953124999 0.2375 0.5132138640624999 0.23586630937500003 0.5 0.19469551406250002 0.5
1 0.32287113125 1 0.322762440625 0.9918322625 0.31319656406249996 0.8522170234375 0.31869554375 0.7848517515625 0.3336499828125 0.6722728890624999 0.3390625 0.6059668 0.3390625 0.5607999296874999 0.33565822968750003 0.5417399859375001 0.3287410890625 0.5301776828125 0.32219685937500003 0.527782075 0.31681800312499997 0.527782075 0.30407928125 0.54339496875 0.2904556375 0.5851005015624999 0.284796940625 0.6480023359375 0.281204921875 0.788307153125 0.2745686296875 0.8631850359375001 0.2716201921875 0.8763071453125001 0.2716201921875 1 0.32287113125 1
1 0.49375 1 0.49375 0.9713603093749998 0.488956353125 0.9457422453125 0.483105871875 0.8319697906249999 0.483143721875 0.7346644015624999 0.4784330828125 0.66729913125 0.4724429828125 0.6418500296875 0.46318885 0.6186464375 0.44940578125 0.6021793703125 0.4420373578125 0.6021793703125 0.4311911796875 0.6126584125 0.42560378749999994 0.6343650000000001 0.422329565625 0.6628081140625 0.4266185703125 0.7316703890625 0.44466735 0.8768799703125 0.4497938 0.95771829375 0.44766490625 1 0.49375 1
1 0.615625 1 0.615625 0.89844285 0.60915495625 0.8617215343750001 0.6057506671875 0.8167683921875 0.6032485453125 0.7287028156249999 0.6039535953125 0.6498340890625001 0.6003081609375001 0.5929478609375 0.5890817375 0.5525683171875 0.5741504046875 0.5319902078125 0.5623329375 0.5354930812500001 0.5561623625000001 0.54541360625 0.5501136671875 0.5694912453125001 0.548252178125 0.59763361875 0.551705746875 0.651525834375 0.565934653125 0.7673538125 0.572312853125 0.858714140625 0.5599260234375001 1 0.615625 1
1 0.6616133078125 0.5 0.6602128203125 0.521879871875 0.6628269312499999 0.5667900515625 0.6802447140625001 0.7105026265625 0.683274634375 0.7688858609375 0.6706836843749999 0.935053525 0.6702445796875 0.9814607109375 0.671417990625 1 0.7234375 1 0.7234375 0.78661301875 0.7195904234375 0.7688858609375 0.715507871875 0.7105026265625 0.7126204796875 0.556311009375 0.708636784375 0.5143948421875 0.7053527828124999 0.5 0.6616133078125 0.5
1 0.8 1 0.8 0.5 0.757238325 0.5 0.757641203125 0.5098873546875 0.7665642578125 0.5996158453125 0.77034615625 0.6924302156250001 0.7543407249999999 0.8425166624999999 0.7524481328125 0.8994763859375 0.7541177593749999 0.9533777890625 0.758656275 1 0.8 1
1 0.5318223015625 0.5 0.53106436875 0.5186009859375 0.531858990625 0.6025803546875 0.5342239078125 0.622151709375 0.5333472593749999 0.656601225 0.5261094859375001 0.717813059375 0.5130793296875 0.78275701875 0.5130793296875 0.95625 0.5135306296875 0.95625 0.53254190625 0.857457340625 0.53620180625 0.7676369796875 0.533873575 0.6566196062499999 0.5366185 0.5892543375 0.5405693734375 0.5699035343750001 0.5521439953125 0.5380763046875 0.563562615625 0.529480234375 0.57455425 0.5313632078125 0.5767928437500001 0.5216969953125 0.577676928125 0.5 0.5318223015625 0.5
1 0.4070656265625 1 0.4157718015625 0.9578717093750001 0.4216703640625 0.9025684140625 0.4234375 0.8749256890625 0.4234375 0.8518999859375 0.42289878124999997 0.8491454421875 0.41100821249999997 0.8911441906249999 0.403600440625 0.927420596875 0.403600440625 1 0.4070656265625 1
1 0.49375 1 0.49375 0.9395329015625 0.49051520625 0.909839215625 0.47259425625 0.8024296578125 0.4687906046875 0.8105713156250001 0.467864915625 0.8479597140624999 0.469219984375 0.9557318953125 0.4764791921875 1 0.49375 1
1 0.432052625 0.5 0.4303833640625 0.5212939875 0.4337138828125 0.572176875 0.43940824218749996 0.6126726078125 0.44153393906250005 0.616468721875 0.44746855312499995 0.604691759375 0.45987326093750003 0.6020652906249999 0.47130706718750004 0.6143476203125 0.4734375 0.6187365609375 0.4734375 0.5 0.432052625 0.5
1 0.31738358125 0.5 0.3175657890625 0.5119199109375 0.31993421093749996 0.5276384734375 0.3315131578125 0.533626496875 0.33730263125 0.5426085328125 0.3438815796875 0.5613211078125 0.34809210468749996 0.588267215625 0.3465131578125 0.7005426640625 0.3433552625 0.7229977546875 0.34019736875 0.8457522453124999 0.362716715625 1 0.3809968578125 1 0.38335526249999996 0.9250935625000001 0.3791447375 0.853237275 0.35756578906250003 0.7005426640625 0.35756578906250003 0.619704340625 0.3633552625 0.520901946875 0.363584909375 0.5 0.31738358125 0.5
1 0.8420954734375 0.5 0.839698596875 0.5814645703125 0.8342762140625 0.6009573859375 0.8342762140625 0.8609375 0.84669459375 0.8609375 0.8573204890625 0.843944246875 0.869761725 0.7911904984375 0.8796875 0.6695947312499999 0.8796875 0.6688318703125 0.8670017874999999 0.5858227515625 0.87720341875 0.5 0.8420954734375 0.5
1 0.9250918218749999 0.5 0.9341145359375 0.5772705859375 0.9197840796874999 0.6761077953125 0.92139471875 0.7458752359374999 0.9493368609375 0.8650612828125 0.963827084375 0.8671875 0.9796875 0.8671875 0.9796875 0.6323930093750001 0.9653635640625 0.5801775625000001 0.9625736984375 0.5 0.9250918218749999 0.5