1 0.24769826562500002 0 0.238380325 0.0316413609375 0.2350031734375 0.073486175 0.23905250625000002 0.11754436875 0.2532269609375 0.178874134375 0.2565160265625 0.18125 0.28928129375 0.18125 0.2921875 0.17210740156249998 0.2921875 0 0.24769826562500002 0
1 0.1437437125 0 0.1437437125 0.162425140625 0.14605450312499998 0.1625 0.1687711 0.1625 0.1742142921875 0.15409665781249998 0.188841690625 0.11281735468750001 0.2017636671875 0.05660011875 0.20276315625 0.030615635937500003 0.20034338749999997 0 0.1437437125 0
1 0.062745775 0 0.062745775 0.13834371406249998 0.07211179375 0.140625 0.0903983609375 0.140625 0.0985373453125 0.12501436875 0.11289569531250002 0.079665203125 0.12093959843749999 0.040490620312499996 0.1218626953125 0 0.062745775 0
1 0.4220569046875 0 0.41267701875 0.021383526562499998 0.41267701875 0.203125 0.42711619218749997 0.203125 0.4287339 0.20305637812500002 0.437631821875 0.19154371718750002 0.4514004 0.152860165625 0.46610763437499997 0.0783047796875 0.46595784374999993 0.039518390625 0.4598480453125 0 0.4220569046875 0
1 0.5433284109375001 0 0.5290903359375 0.039300299999999996 0.522228290625 0.0660442140625 0.5212091484375 0.0839976546875 0.5235374203125 0.1410442140625 0.5365149031249999 0.1974632640625 0.5421983984375001 0.203125 0.5704974609375 0.203125 0.5763752640625001 0.19086009375 0.5875 0.1475029125 0.5875 0.040215015625 0.578496865625 0.0070463374999999995 0.5765481765625 0.000516134375 0.5763377734375 0 0.5433284109375001 0
1 0.468761053125 0 0.46878825781250005 0.00047434687500000003 0.47770269218749994 0.036420046875 0.4818922828125 0.0773928953125 0.4772639328125 0.1314161671875 0.466740309375 0.1764743453125 0.466693765625 0.1804743453125 0.470336659375 0.1828125 0.47217259843750004 0.1828125 0.47670540156249996 0.1794161671875 0.491942234375 0.1303308390625 0.4984375 0.08221630625000001 0.4984375 0.059037700000000005 0.497105840625 0.030307567187500002 0.490944096875 0 0.468761053125 0
0 0.3710760796875 0.21875 0.3931855078125 0.20762868281250002 0.41081678750000006 0.1843497671875 0.4109375 0.1838978109375 0.4109375 0.0702256 0.40771109687499996 0.062396309375 0.38560134218750003 0.031659709375 0.36962733124999997 0.020481290625000002 0.3407276921875 0.0161477234375 0.31925188125 0.02489173125 0.29718690625 0.0521163453125 0.286617003125 0.08796895625 0.28662953125 0.1339379265625 0.2982925984375 0.17404652812500002 0.31616938125 0.2007365828125 0.34451943749999997 0.21875 0.3710760796875 0.21875
1 0.6578125 0.5 0.6578125 0.4782241546875 0.645254125 0.44307278749999995 0.6381781390625 0.3749035734375 0.6387255734374999 0.28615107812499996 0.63293836875 0.262403571875 0.6253896078125 0.2510878734375 0.6042958578125 0.2504741078125 0.59172119375 0.28200937656249997 0.6041215953125 0.397491740625 0.5994241203125 0.4306432171875 0.5998022765625 0.472264421875 0.59497495 0.5 0.6578125 0.5
1 0.816576825 0.5 0.8171875 0.4825125859375 0.8171875 0.48008043593750005 0.8137754015625 0.44579890625 0.8017014437500001 0.3882814578125 0.80173948125 0.34238445781250004 0.8099780234375 0.28569468124999997 0.8112390515625 0.24958356875 0.804520440625 0.2291422640625 0.785964446875 0.2228227015625 0.7749568109375 0.2355873953125 0.7713953015625 0.24796006093749998 0.7689859453125 0.384166671875 0.753151946875 0.44502903437499997 0.753151946875 0.5 0.816576825 0.5
1 0.929394225 0.5 0.9355222765625001 0.4667138484375 0.9347015234375 0.382137096875 0.929381134375 0.3434300453125 0.93187325 0.3045411578125 0.94375 0.222891384375 0.94375 0.2160756359375 0.9382914343750001 0.19830025 0.9305846125 0.19495921562500002 0.9271008406250001 0.19495921562500002 0.9188491875 0.1973659546875 0.90848525 0.2191028453125 0.903105434375 0.3273998109375 0.887788321875 0.3812938390625 0.887788321875 0.5 0.929394225 0.5
1 0.8859302359375001 0.28905024687499997 0.8881138937499999 0.2473835796875 0.896875 0.1804323046875 0.896875 0.1767982234375 0.8921269781250001 0.16336716874999999 0.886896734375 0.159375 0.886783234375 0.159375 0.8766475546875 0.1610440328125 0.8676073609374999 0.177254940625 0.8620026421875 0.28419938437500003 0.8501487453125 0.3208008625 0.8501487453125 0.4721010921875 0.8522677062499999 0.475 0.8544672171875 0.475 0.8668743546875 0.474045253125 0.8709261828124999 0.47115381562499997 0.8758903218749999 0.42108561875 0.892811 0.35125473125 0.8859302359375001 0.28905024687499997
1 0.7611643812500001 0.5 0.7658994406249999 0.4494768171875 0.7784749125 0.3853424671875 0.7797518796875 0.3394682234375 0.7738090421875 0.25203640781250003 0.7757325453125 0.233939940625 0.78125 0.21966237500000002 0.78125 0.19634388281249998 0.780166840625 0.189400040625 0.7678895421874999 0.1765625 0.7675279890625 0.1765625 0.7546630703125 0.1849821234375 0.7491431265624999 0.1996677328125 0.7549189203125 0.313502075 0.7430600468749999 0.3748450109375 0.74002661875 0.41241319374999996 0.7407701359375001 0.444357640625 0.74532291875 0.47206723281249996 0.7524026390625 0.5 0.7611643812500001 0.5
1 0.7546875 0.1519640828125 0.7492277640625 0.147315821875 0.7437583234374999 0.147315821875 0.73872753125 0.149214234375 0.7316777296875 0.164173053125 0.727773540625 0.25008390468749997 0.7186417796875 0.281718390625 0.7186417796875 0.375 0.7189402515625 0.375 0.7365074625 0.3144605171875 0.7430192531250001 0.1966052203125 0.7546875 0.175901115625 0.7546875 0.1519640828125
1 0.43436576406249994 0.5 0.43437293125 0.5063086546875 0.4172996203125 0.5413101109375 0.4172996203125 0.6354262375 0.4352178609375 0.640625 0.441222334375 0.640625 0.4632033 0.6082620984375 0.4703125 0.5599432125 0.4703125 0.5572010234375 0.457111590625 0.5085530406250001 0.458458603125 0.5 0.43436576406249994 0.5
1 0.365336134375 0.7765625 0.3806180296875 0.756410384375 0.3890625 0.7065537984375 0.3890625 0.7007271421875 0.3837033578125 0.6702871515625001 0.3653412265625 0.637062903125 0.368200296875 0.570384115625 0.34865104687500004 0.5496659265625 0.32858464062500004 0.5733921828125 0.338257890625 0.63722046875 0.32318972343749997 0.6789719796875 0.3220905671875 0.69583353125 0.3220905671875 0.7226985890625001 0.33468773125 0.76501036875 0.344845078125 0.7765625 0.365336134375 0.7765625
1 0.2708600203125 0.5 0.2645098453125 0.5383960796875 0.2645098453125 0.5977678953125001 0.2712440140625 0.6316560921875001 0.2902893375 0.6390625 0.29217744218749997 0.6390625 0.313702978125 0.6114843546875 0.31875 0.5722944921875001 0.31875 0.5610870453125 0.29819693125 0.5 0.2708600203125 0.5
1 1 0.5 0.9675017421875 0.5 0.9665499484375001 0.5094618359374999 0.941082115625 0.621530671875 0.93663674375 0.682429615625 0.9383186468750001 0.7185407265625 0.9438620109375 0.7593875499999999 0.9499295328125001 0.789153571875 0.972345215625 0.868402846875 0.9777028265624998 0.8773431125 0.9866023453124999 0.884375 1 0.884375 1 0.5
1 0.5890625 0.5 0.5890625 1 0.7625 1 0.7625 0.9479276625 0.760851575 0.91760880625 0.751462621875 0.8578826546875 0.72833101875 0.77348820625 0.698234578125 0.6943734203125 0.68507394375 0.6530384546875 0.6753651375 0.6174076015625001 0.66760335 0.5558932640625 0.6667710578125 0.5 0.5890625 0.5