1 0.46799999999999997 0.39449999999999996 0.47133333281249995 0.34550000000000003 0.47800000000000004 0.3055 0.47800000000000004 0.2815 0.47300000000000003 0.267 0.45899999999999996 0.259 0.45099999999999996 0.262 0.4413333328125 0.27749999999999997 0.43933333281250003 0.2905 0.442 0.3415 0.44000000000000006 0.3895 0.4166666671875 0.4585 0.4113333328125 0.5005 0.41333333281250006 0.5445 0.4246666671875 0.6054999999999999 0.43233333281249997 0.611 0.454 0.6115 0.45933333281250005 0.6105 0.46799999999999997 0.5865 0.46799999999999997 0.5235000000000001 0.48333333281249996 0.4715 0.4806666671875 0.4485 0.46799999999999997 0.39449999999999996
1 0.5633333328125001 0.3045 0.5593333328125001 0.2875 0.5483333328125 0.27599999999999997 0.533 0.279 0.526 0.2885 0.5233333328125 0.2985 0.522 0.3295 0.5253333328124999 0.3585 0.5246666671875 0.39449999999999996 0.5206666671875 0.4145 0.5093333328125 0.4465 0.5113333328125 0.4485 0.5276666671875 0.442 0.5556666671875 0.446 0.5593333328125001 0.4425 0.5519999999999999 0.4125 0.5519999999999999 0.39449999999999996 0.5633333328125001 0.3045
1 0.386 0.3765 0.38933333281250004 0.3305 0.3966666671875 0.2915 0.3966666671875 0.26549999999999996 0.39 0.2495 0.38366666718750003 0.244 0.36833333281249997 0.246 0.36066666718749996 0.2575 0.358 0.27349999999999997 0.36 0.3695 0.3366666671875 0.4375 0.3313333328125 0.4755 0.33199999999999996 0.5185 0.3426666671875 0.5795 0.351 0.589 0.378 0.5905 0.38333333281250004 0.5815 0.3953333328125 0.5405 0.4046666671875 0.4845 0.404 0.4585 0.398 0.4165 0.386 0.3765
1 0.30533333281249997 0.35950000000000004 0.306 0.3175 0.31066666718749997 0.3025 0.3153333328125 0.2495 0.3096666671875 0.23399999999999999 0.29900000000000004 0.22799999999999998 0.2843333328125 0.233 0.2786666671875 0.2475 0.2773333328125 0.2815 0.2806666671875 0.3195 0.2773333328125 0.35950000000000004 0.2726666671875 0.3655 0.2633333328125 0.40449999999999997 0.25466666718750003 0.4265 0.25 0.4575 0.2506666671875 0.49749999999999994 0.2626666671875 0.5645 0.2886666671875 0.5715 0.2943333328125 0.571 0.3026666671875 0.5535 0.31466666718749997 0.5085 0.3206666671875 0.46950000000000003 0.3193333328125 0.4245 0.30533333281249997 0.35950000000000004
1 0.5 0.27149999999999996 0.495 0.256 0.4803333328125 0.24700000000000003 0.471 0.252 0.4693333328125 0.2575 0.47066666718750005 0.26549999999999996 0.476 0.2685 0.47866666718750006 0.28250000000000003 0.4766666671875 0.3245 0.47066666718750005 0.3565 0.47000000000000003 0.3955 0.48333333281249996 0.4655 0.48666666718749996 0.47050000000000003 0.5046666671875 0.4485 0.5026666671875 0.4295 0.49133333281249997 0.3825 0.492 0.34550000000000003 0.4993333328125 0.2995 0.5 0.27149999999999996
1 0.658796484375 0.3627409046875 0.6639999999999999 0.3335 0.6639999999999999 0.2975 0.6556666671875 0.284 0.6496666671875 0.281 0.6356666671875 0.284 0.6273333328125 0.3005 0.6266666671875 0.3335 0.63 0.3735 0.6273333328125 0.41150000000000003 0.6093333328125 0.4605 0.6 0.4995 0.604 0.5335 0.6026666671875 0.5735 0.612 0.6235 0.6216666671875 0.632 0.6446666671875 0.6325000000000001 0.6526666671875 0.6214999999999999 0.6633333328125001 0.5835 0.6719999999999999 0.5095 0.6686666671875 0.47050000000000003 0.6553333328125001 0.4135 0.658796484375 0.3627409046875
1 0.8653333328124999 0.3825 0.8720000000000001 0.34950000000000003 0.8746666671875 0.3125 0.8676666671875 0.294 0.8550000000000001 0.28900000000000003 0.8436666671875 0.294 0.8373333328125 0.3095 0.8386666671875 0.40049999999999997 0.834 0.4245 0.8140000000000001 0.4795 0.808 0.5225 0.8099999999999999 0.5705 0.82 0.6265 0.8283333328125 0.634 0.852 0.6335 0.8619999999999999 0.6205 0.8720000000000001 0.5805 0.8800000000000001 0.5245 0.8779999999999999 0.48550000000000004 0.8640000000000001 0.42350000000000004 0.8653333328124999 0.3825
1 0.7614975125 0.4260339046875 0.7591814484375 0.4201827953125 0.7626666671875 0.3665 0.765698625 0.351308703125 0.7697250859375 0.327821015625 0.7697250859375 0.3100374796875 0.7643333328125 0.29100000000000004 0.7536666671875001 0.284 0.7456666671875001 0.28500000000000003 0.739 0.29100000000000004 0.7326666671875001 0.3065 0.734 0.3795 0.7313333328125 0.4185 0.7133333328125 0.4665 0.706 0.49349999999999994 0.7046666671875 0.5115000000000001 0.706 0.5685 0.718 0.6245 0.7256666671875001 0.632 0.7493690890625 0.6341675734375001 0.758 0.6165 0.7726666671875 0.5625 0.778 0.5125 0.7733333328125 0.4715 0.7633333328125 0.4325 0.7614975125 0.4260339046875
1 0.6753333328125 0.3645 0.6839999999999999 0.3115 0.6839999999999999 0.2885 0.6783333328125 0.27599999999999997 0.6683333328125001 0.268 0.6583333328125 0.269 0.6526666671875 0.2765 0.6639999999999999 0.2925 0.666 0.3045 0.6646666671875 0.3365 0.658 0.3695 0.6566666671875 0.39849999999999997 0.6586666671875 0.42750000000000005 0.6679999999999999 0.46349999999999997 0.6726666671875 0.5045 0.6686666671875 0.5585 0.6586666671875 0.6035 0.6586666671875 0.6075 0.6633333328125001 0.6105 0.6686666671875 0.6065 0.6833333328125 0.5575 0.6900000000000001 0.5035000000000001 0.6873333328125 0.4575 0.6746666671875 0.39849999999999997 0.6753333328125 0.3645
1 0.5793333328125 0.2835 0.5730000000000001 0.269 0.557 0.264 0.5473333328125001 0.27149999999999996 0.549 0.277 0.5593333328125001 0.2855 0.5633333328125001 0.3005 0.5626666671875 0.3245 0.554 0.3745 0.5553333328125001 0.4285 0.561 0.445 0.5853333328125 0.46950000000000003 0.5853333328125 0.4585 0.5713333328125 0.4025 0.5706666671875 0.3895 0.5740000000000001 0.34049999999999997 0.5793333328125 0.3095 0.5793333328125 0.2835
0 0.5933333328125 0.4875 0.5730000000000001 0.457 0.5576666671875 0.446 0.529 0.442 0.507 0.45099999999999996 0.48333333281249996 0.47850000000000004 0.47066666718750005 0.5145 0.46799999999999997 0.5605 0.4773333328125 0.6005 0.49366666718749996 0.627 0.523 0.646 0.5433333328125001 0.6465 0.5703333328125 0.633 0.5893333328125 0.6094999999999999 0.6013333328125 0.5725 0.6033333328125 0.5345 0.5986666671875 0.5025000000000001 0.5933333328125 0.4875