1 0.4609375 0.359375 0.4609375 0.2013276390625 0.44655587968750005 0.1589352375 0.4443858203125 0.1311657703125 0.447320540625 0.0644243 0.4454416390625 0.042210390625 0.4361500828125 0.0217504140625 0.42234573124999997 0.017463889062499998 0.4126368828125 0.0231358046875 0.4059812328125 0.0393341859375 0.4058919703125 0.0649063640625 0.4137607984375 0.10595098437499999 0.41680431875 0.15038711875 0.4143975078125 0.1726508984375 0.39985952343750003 0.236192015625 0.3992151546875 0.278447484375 0.409444246875 0.3372532578125 0.41620032656249994 0.359375 0.4609375 0.359375
1 0.13282327031250002 0 0.13193816249999998 0.0033556015625 0.14363351875000002 0.0971219390625 0.13390931875 0.1450365703125 0.13461233749999998 0.200375625 0.15345505937499998 0.272569246875 0.1567587625 0.2765625 0.1765625 0.2765625 0.1765625 0.12260606562500001 0.167776828125 0.0967399765625 0.16408101875 0.0057912421875 0.16064476875 0 0.13282327031250002 0
1 0.21477552656249999 0 0.207256946875 0.015381943749999998 0.2072729734375 0.04538194375 0.2124343390625 0.09982639062500001 0.21059198281249997 0.117604165625 0.19424889218750002 0.1719749015625 0.19424889218750002 0.25023624375 0.203364265625 0.30538194375 0.2080860671875 0.3140625 0.22880635312500003 0.3140625 0.23429345625 0.3114930546875 0.2407657359375 0.2942708328125 0.251981221875 0.2420486125 0.253125 0.2233258953125 0.253125 0.193977278125 0.250142509375 0.167604165625 0.236280409375 0.118715278125 0.23560181562500002 0.0864930546875 0.24084440156250003 0.04538194375 0.24156852031249998 0.0142708328125 0.23476526406249998 0 0.21477552656249999 0
1 0.284483353125 0 0.283782915625 0.0016629921874999998 0.29305511093750003 0.06798002656249999 0.2942633109375 0.0980299734375 0.2841118921875 0.1411512546875 0.2821069359375 0.1658454375 0.2864548390625 0.21130109843749997 0.2909727953125 0.2296875 0.293573884375 0.2296875 0.2965282953125 0.20055188125 0.308611215625 0.1427863640625 0.309375 0.1249157625 0.309375 0.1218490671875 0.2975634484375 0.0263694375 0.3046028796875 0.007461704687499999 0.309375 0.0036290546875 0.309375 0 0.284483353125 0
1 0.28528357031249996 0.349397634375 0.286271275 0.35 0.31233681875 0.35 0.31756225 0.3445672234375 0.3344286015625 0.280568521875 0.3375 0.24505292656250002 0.3375 0.1976944 0.3372004375 0.195046234375 0.3226834890625 0.13140023125 0.3313608109375 0.02342284375 0.32447201406250004 0.008772159375 0.31325965624999996 0.00463553125 0.3103200578125 0.00463553125 0.2973920171875 0.017241948437499998 0.29399158281250004 0.0307083546875 0.2957217296875 0.1282199859375 0.27934297343750003 0.18919169062500002 0.27934297343750003 0.32370907656250003 0.28528357031249996 0.349397634375
1 0.37622654375 0 0.369700446875 0.01434223125 0.3701584390625 0.10095071874999999 0.36791463593749996 0.1165228953125 0.35631294687500004 0.1507956625 0.35631294687500004 0.3013457484375 0.35768535 0.30625 0.370809434375 0.30625 0.36989429218750003 0.283064890625 0.37336094375 0.24415937968749998 0.4003951921875 0.150568390625 0.39372986718749997 0.100676440625 0.403125 0.015286501562499999 0.403125 0.0136075578125 0.397315659375 0 0.37622654375 0
1 0.46254099687499994 0.1958191046875 0.46104474062499995 0.218203703125 0.46672367187499997 0.241158159375 0.4698010734375 0.29771657500000004 0.4779461625 0.331619765625 0.48421681562499996 0.3421875 0.5096282125 0.3421875 0.5139837484374999 0.340024609375 0.5203125 0.3066780328125 0.5203125 0.177694240625 0.5050808890625 0.1324633328125 0.5035583546875 0.10473968125 0.5077531265624999 0.0520844578125 0.5068802156250001 0.022084456250000002 0.49816481562500003 0.005484675 0.492593196875 0.004673971875 0.48192136249999995 0.004673971875 0.47373210312499997 0.014574221875000001 0.47054863593749996 0.028178184375 0.478849325 0.11663406875 0.476703440625 0.1412950140625 0.46254099687499994 0.1958191046875
1 0.5342480171874999 0 0.5284179796874999 0.0111977515625 0.5236293796875 0.10646177500000001 0.515728034375 0.1286114859375 0.515728034375 0.3 0.5279285828125 0.3 0.5325264 0.2965849578125 0.5478433578125 0.25120760625 0.5537478171875 0.2242494078125 0.5578644390624999 0.1853022109375 0.5537646546875 0.13489077968750002 0.547720675 0.10670157031250001 0.5609375 0.0113609921875 0.5609375 0.0090149609375 0.557394971875 0 0.5342480171874999 0
1 0.5767020484375001 0 0.5762076203125 0.0009533953125 0.5748522734375 0.075223209375 0.5721607796875 0.09194808593750001 0.5656509703125 0.1093684234375 0.5656509703125 0.266902396875 0.576715115625 0.26677601875 0.58364885625 0.259847409375 0.5943251609375 0.231720371875 0.6032388531249999 0.189265309375 0.60625 0.15873941875 0.60625 0.1576914140625 0.595229778125 0.0788236125 0.6061014640625 0 0.5767020484375001 0
1 0.432328325 0 0.4316681640625 0.0161521484375 0.44145829062499997 0.0310832359375 0.44644241874999996 0.051307840625000004 0.4434671234375 0.149859825 0.44785337031249994 0.1733803265625 0.45976345781249994 0.2046875 0.4620905890625 0.2046875 0.46875 0.17649985937499998 0.46875 0.1178644546875 0.46152708125 0.09535242187500001 0.4618780375 0.0033173703125000003 0.4601847765625 0 0.432328325 0
2 1 0.03125 0.6390625 0.03125 0.6390625 0.165717403125 0.7118737515625 0.1627392484375 0.8463943281249999 0.16395343125 1 0.158681125 1 0.03125
1 0.8797842453125 0 0.8797842453125 0.0309174375 0.8803377031250001 0.03125 0.8932286937499999 0.03125 0.9256172656249999 0.030917246875 0.9363051234374999 0.0304542859375 0.9375 0.026170917187499997 0.9375 0.0238814953125 0.933857928125 0 0.8797842453125 0
1 0.575906978125 0.69667245 0.576832240625 0.7541040984375 0.5813774359375 0.791110834375 0.5916517984375 0.8280509031250001 0.5980842953125001 0.8328125 0.6046785531250001 0.8328125 0.6125 0.8324930546874999 0.6125 0.674409603125 0.6065358203125 0.654623975 0.6042551125 0.6111054578124999 0.605099403125 0.5675505765625 0.597594209375 0.54864485 0.5895390796875 0.5441061265625 0.5813513234375 0.5469808703125001 0.57635651875 0.5660320484375 0.5761397890625 0.5817849109375001 0.583483253125 0.622465046875 0.5849875531250001 0.65116875 0.5836806296875 0.66600780625 0.575906978125 0.69667245
1 0.5359968828125 0.7541445078125 0.5405591390625 0.7848973953125 0.55150325625 0.8262696 0.5517634984375 0.8265625 0.565625 0.8265625 0.565625 0.661408234375 0.56384491875 0.6548974390625 0.5614846703125 0.6261542671875 0.562473571875 0.5930577328125001 0.5607528281249999 0.5662058812499999 0.5543643687500001 0.5514396328125 0.5452135218749999 0.5461390749999999 0.5377570375 0.5511026328125 0.5337881671875 0.56600548125 0.54295225 0.65239285625 0.5345332453125 0.7070406859375 0.5359968828125 0.7541445078125
1 0.6390625 0.5492444015625 0.6364273046875 0.5433926265625 0.6296621984375 0.5411032734375001 0.626597571875 0.5411032734375001 0.6203353546875 0.5464679375 0.6157511515625 0.55934286875 0.6214356125 0.6470690328125001 0.613632171875 0.6838510718749999 0.62043900625 0.7204539796875 0.62210033125 0.74167134375 0.620151825 0.800280940625 0.6231601171875 0.8139724984375001 0.6280050609375001 0.8203125 0.6390625 0.8203125 0.6390625 0.5492444015625
1 0.4878283921875 0.8140319640625 0.48790928281249996 0.8140625 0.4884408953125 0.8140625 0.4974472828125 0.804271953125 0.5024702515625 0.78823360625 0.5059764734375001 0.7245147765625 0.512619603125 0.689957909375 0.5077348296874999 0.6453103 0.5171875 0.5646029765625 0.5171875 0.5549827984375 0.5147012828124999 0.5449961390625 0.5109396562499999 0.5407066328125 0.5105516921875 0.5406888390625 0.50341106875 0.5406888390625 0.4960901875 0.5478943203125001 0.4906273921875 0.5630492578125 0.4878283921875 0.6275366296875 0.4878283921875 0.7143838 0.49286319375 0.738455590625 0.491822 0.77990968125 0.4878283921875 0.79731688125 0.4878283921875 0.8140319640625
1 0.5760590921875 0.560946440625 0.5835167015625 0.5481811609375 0.5921875 0.5465257046875001 0.5921875 0.5435120125 0.59143983125 0.539550715625 0.5886106578125 0.5379160453124999 0.58393789375 0.5379160453124999 0.5768564984375 0.5401449421875 0.5697793953125 0.55474085 0.5664494484375 0.6397987 0.5642977984375 0.64677816875 0.5642977984375 0.671875 0.56461625 0.671875 0.571266503125 0.6516022921875 0.57260220625 0.586010109375 0.5760590921875 0.560946440625
1 0.4620339390625 0.6910946265625 0.478125 0.6883814921875 0.478125 0.6526484375 0.4749538140625 0.6367799609375 0.4747772515625 0.5572868109375 0.46883965781250003 0.5435742796875 0.464022821875 0.5396249156249999 0.45474482343749995 0.54191136875 0.449288753125 0.556875246875 0.4548999859375 0.6431228359375 0.44310086875000004 0.7072006671875 0.44544639531249997 0.7140625 0.44681546875 0.7140625 0.4540239453125 0.6999171546875 0.4620339390625 0.6910946265625
0 0.49817708281249995 0.7077546296875 0.48359375 0.6910879624999999 0.46484375 0.6855324078125 0.44765625 0.700347221875 0.4369791671875 0.7239583328125001 0.4328125 0.768402778125 0.43385416718750003 0.8054398140625001 0.4369791671875 0.8211805562500001 0.44453125 0.83460648125 0.46692708281249995 0.8521990734374999 0.478125 0.8526620375 0.49036458281249995 0.8457175921874999 0.5057291671875 0.8184027781250001 0.5114583328125 0.790625 0.5119791671875 0.7609953703125 0.50625 0.7267361109375 0.49817708281249995 0.7077546296875
1 0.703125 0.7234375 0.703125 0.66603721875 0.699037425 0.65227434375 0.6975913296874999 0.59484875625 0.69374491875 0.5860918515625 0.687349340625 0.5833867984375 0.6838490859374999 0.586207 0.6809731875 0.595968615625 0.6858224890625 0.6487221515625 0.6789093484375 0.685862215625 0.6795660828125001 0.71828174375 0.6818544234375 0.7234375 0.703125 0.7234375
2 0.6390625 0.8078125 0.921875 0.8078125 0.921875 0.7915688234375 0.9197570328125 0.7727589015625 0.6390625 0.7464861234375 0.6390625 0.8078125