1 0.072637103125 0.1890375671875 0.08624483125 0.24350107968749998 0.09554465 0.25625 0.1052974046875 0.25625 0.1106822640625 0.251196634375 0.11875 0.22174379375000003 0.11875 0.15046431875 0.1174682140625 0.1439780984375 0.1051439484375 0.1152035484375 0.10227820624999999 0.089505378125 0.1029988671875 0.02757184375 0.09487646093749999 0.0116624890625 0.08302695156249999 0.0100828734375 0.07291799843749999 0.0289075140625 0.074869565625 0.0651750984375 0.08158554375 0.09995972656249999 0.080548325 0.121103159375 0.0730589546875 0.152783790625 0.072637103125 0.1890375671875
1 0.196875 0.31875 0.196875 0.3070422421875 0.1910185296875 0.2966453828125 0.18752450468749998 0.215055975 0.180296234375 0.19922946875 0.168222659375 0.19375 0.1664227046875 0.19375 0.1581443375 0.19935834531250002 0.153628825 0.21676446562499999 0.1554784296875 0.2394230765625 0.16550675625 0.28470347500000004 0.1650342421875 0.2983078484375 0.15702025625 0.31648996875 0.1566672046875 0.31875 0.196875 0.31875
1 0.265625 0.235493428125 0.265625 0.1330623 0.2629848734375 0.124289125 0.26148072187500004 0.09558821875 0.265625 0.07303759062500001 0.265625 0.0257135640625 0.2637723796875 0.018622590624999998 0.25582114375 0.010226978125 0.244033221875 0.0115994671875 0.23608302499999997 0.0333969234375 0.2405157921875 0.10289253437500001 0.2270679828125 0.148025640625 0.223825296875 0.1766713125 0.227386721875 0.2144540734375 0.23696059531250002 0.2462681859375 0.243519153125 0.2546875 0.25762159218749997 0.2546875 0.265625 0.235493428125
1 0.3362642265625 0.31875 0.33404865156249997 0.3010434421875 0.34749801874999997 0.2598452328125 0.3484375 0.2527466625 0.3484375 0.232212353125 0.34670688125 0.22050572656249998 0.3368176390625 0.2068585953125 0.3273239671875 0.207594209375 0.31901700625 0.21824542187499998 0.3150613078125 0.23302826250000003 0.31347903125 0.2842586171875 0.306754346875 0.30259186250000003 0.29370054843750004 0.31436616875 0.2922867046875 0.31875 0.3362642265625 0.31875
1 0.36084761875 0.2412462171875 0.3785693609375 0.1975340109375 0.38247254062499997 0.15363065625 0.380890496875 0.10844237968749999 0.3954476203125 0.07617230781249999 0.4015625 0.05335791250000001 0.4015625 0.025592645312500002 0.3946215359375 0.015586776562499998 0.386706009375 0.015586776562499998 0.381312909375 0.0171654796875 0.37334870625 0.03031160625 0.364645825 0.098545328125 0.3401730234375 0.14328683281250001 0.33391873437499997 0.16061956718749998 0.33391873437499997 0.2059829546875 0.3408055625 0.2156654375 0.33949744531250003 0.253125 0.34942164375 0.253125 0.36084761875 0.2412462171875
1 0.7260711578125 0.0647434265625 0.7265625 0.048089964062500004 0.7265625 0.0171488515625 0.7199007328125 0.0038559078125 0.67217979375 0.0027472390625 0.6662930625 0.0198422171875 0.6659944828125 0.026252840625000003 0.6659944828125 0.058477603125 0.668462696875 0.09096215468749999 0.6778526593749999 0.1415763078125 0.6797250546875 0.1453125 0.7041855203125 0.1453125 0.7091673484375 0.1418251625 0.71970175625 0.100608875 0.7260711578125 0.0647434265625
1 0.130079784375 0.79075428125 0.130079784375 0.94560048125 0.131074721875 0.946875 0.15722640625 0.946875 0.158761084375 0.9452274953125 0.17194111875 0.8976525578124999 0.17701010156250002 0.8672880718750001 0.178125 0.8495065593749999 0.178125 0.818927509375 0.177600559375 0.80977148125 0.1701230921875 0.7685394171875 0.1674226984375 0.7368395703124999 0.1771658796875 0.66216711875 0.176727971875 0.649149565625 0.1746413140625 0.6379019749999999 0.17005996406249999 0.6297722953125 0.1587310109375 0.6263940124999999 0.149684440625 0.6356658546875 0.145434846875 0.648437746875 0.1444629046875 0.7365644859375 0.130079784375 0.79075428125
1 0.3785985890625 0.7630486249999999 0.3583257609375 0.849047621875 0.3577030546875 0.8613930343749999 0.3577030546875 0.9228544062499999 0.3593640078125 0.9388745562499998 0.3701974375 0.9926449234374999 0.3760368421875 0.9984375 0.398305878125 0.9984375 0.4035092234375 0.994690703125 0.4128159046875 0.955853325 0.41875 0.9143547828125002 0.41875 0.8396626749999999 0.4050317984375 0.774314271875 0.4048772890625 0.742829759375 0.410807484375 0.6808230249999999 0.4105560078125 0.6576718453125 0.4070502375 0.645613596875 0.401673065625 0.6377114109375001 0.3912887203125 0.6348730312499999 0.38289074218749997 0.6403801046875 0.3778297015625 0.650073540625 0.3756170734375 0.66117253125 0.3748592140625 0.681539871875 0.3785985890625 0.7630486249999999
1 0.9216800968750001 0.31875 0.927716728125 0.35067630156249996 0.932856409375 0.410321284375 0.923807784375 0.49231504375 0.91093184375 0.5319335578125 0.9036480499999999 0.5745674171875 0.9035797921875 0.66421591875 0.9167350937500001 0.7441201234375 0.9444263187499999 0.8315497624999999 0.9634560750000001 0.853125 0.9980505562499999 0.853125 1 0.8524109078125001 1 0.427031578125 0.9985583312500002 0.42137407812500005 0.9956408718749999 0.36167737187500004 0.99909075 0.31875 0.9216800968750001 0.31875
1 0.8167108390625 0.31875 0.82180555625 0.3462362421875 0.82180555625 0.3902614 0.8162499999999999 0.435858884375 0.7995833328125 0.5003242921875 0.798472221875 0.585229953125 0.8106944437499999 0.6591293234375 0.8373611109375 0.7408903296875 0.8545833328124999 0.7621167453125001 0.878472221875 0.7629029093749999 0.89680555625 0.7573997640625 0.9073611109374999 0.7471796390625001 0.89625 0.6654186328125 0.8951388890625 0.604097878125 0.9018055562499999 0.5459217765625001 0.918472221875 0.47831171406250006 0.8895833328125 0.402840015625 0.88180555625 0.3619595125 0.87945673125 0.31875 0.8167108390625 0.31875
1 0.73625 0.31875 0.73625 0.36353183906250003 0.7173611109375 0.4515821546875 0.7173611109375 0.5144752359375 0.7295833328125 0.5868022796875 0.7529166671875 0.6591293234375 0.769027778125 0.6835003937499999 0.7873611109375 0.6874312109374999 0.8129166671875 0.679569575 0.798472221875 0.59780856875 0.79625 0.5270538515625001 0.818472221875 0.4059846703125 0.80069444375 0.3619595125 0.7919702375 0.31875 0.73625 0.31875