1 0.1336321390625 0.409375 0.1359375 0.397838746875 0.1359375 0.334927140625 0.11820933125 0.2633117296875 0.12232375625 0.16987447656250002 0.115625309375 0.1550719203125 0.10231167031249999 0.151508384375 0.10000989062500001 0.151508384375 0.0956317734375 0.15454275 0.0880380421875 0.1708720890625 0.093968865625 0.25624059374999997 0.091690259375 0.2796362765625 0.076379975 0.333406065625 0.07469114375 0.359732240625 0.07469114375 0.375241471875 0.0791519953125 0.409375 0.1336321390625 0.409375
1 0.2296875 0.409375 0.2296875 0.3326065796875 0.21814625312499997 0.300313771875 0.215296378125 0.26359715625 0.21809849374999998 0.2139967390625 0.2157663359375 0.1861690125 0.20739268593750002 0.1706445609375 0.194211971875 0.1641899484375 0.184600259375 0.17015734531249999 0.17946719687499998 0.1858439015625 0.1823817859375 0.2236716265625 0.18964680625000002 0.26291015 0.1904209640625 0.2884157578125 0.1768349984375 0.36050039843750004 0.17552859062499998 0.3991395484375 0.17707746562499999 0.409375 0.2296875 0.409375
1 0.321875 0.409375 0.321875 0.37078270625 0.31178165 0.3511562875 0.30680110625 0.333568446875 0.3072060578125 0.30002497968749997 0.312324525 0.26590376718750003 0.3200575015625 0.22833599843750002 0.31741525 0.1963941390625 0.3088811609375 0.1794651578125 0.29184071875 0.1809956109375 0.28319625625 0.1940013140625 0.2811986421875 0.225618721875 0.2860688171875 0.2731412453125 0.28471565 0.3111551375 0.2690102015625 0.346350725 0.2637909734375 0.3613226921875 0.2637909734375 0.409375 0.321875 0.409375
1 0.3984375 0.409375 0.3984375 0.3094551 0.3932171 0.2960774109375 0.390416734375 0.27049274843750004 0.3915960578125 0.2151700328125 0.38896578125 0.1829478109375 0.3802413421875 0.1676422078125 0.368359275 0.161620975 0.358812771875 0.1667690609375 0.35290000625 0.18590790468750001 0.3635233578125 0.25500052812499996 0.3658928453125 0.2927492 0.35462282031250003 0.3465533375 0.3532281734375 0.373074478125 0.3613006390625 0.40219620625 0.3620741765625 0.409375 0.3984375 0.409375
1 0.19375 0.162467284375 0.19375 0.161976275 0.1928148234375 0.1556334625 0.18373218125 0.14375 0.1804762984375 0.14375 0.170063359375 0.14638025625 0.1620315875 0.16523102812499998 0.164325865625 0.20789069218749998 0.1614065328125 0.2534462484375 0.1515625 0.2811696328125 0.1515625 0.3546875 0.1518258421875 0.3546875 0.1706300578125 0.300064165625 0.173126678125 0.28352248125 0.1735358703125 0.18746699218750001 0.1807109484375 0.17077595 0.19375 0.162467284375
1 0.255736825 0.409375 0.257139390625 0.3943638515625 0.278101584375 0.32696956093749996 0.2828115328125 0.3023795921875 0.27569935156250003 0.2560912890625 0.284375 0.172690475 0.284375 0.16837572812499998 0.2779863046875 0.153415378125 0.26890759375 0.1493492984375 0.2579345546875 0.1553414265625 0.2511644890625 0.17058881875 0.249673940625 0.187284590625 0.2528524359375 0.24149619531250002 0.2499230890625 0.273776628125 0.23765467812500002 0.30971017968750003 0.23765467812500002 0.409375 0.255736825 0.409375
1 0.4516549375 0.409375 0.4546875 0.391555090625 0.4546875 0.3399919796875 0.4391964296875 0.2621391125 0.4391964296875 0.2265835578125 0.4434821453125 0.202288771875 0.44419642968749995 0.17120260468749998 0.437410715625 0.1559656421875 0.423125003125 0.15102233125 0.417410715625 0.155267228125 0.4113392875 0.168944096875 0.4156250015625 0.2435382015625 0.4141964296875 0.2701549828125 0.39848214375 0.322939559375 0.3977678609375 0.33513684062500004 0.4027678609375 0.36531144375 0.4033341359375 0.409375 0.4516549375 0.409375
1 0.3242560859375 0.205492125 0.3144298359375 0.29800539531250003 0.317810309375 0.32894187812500003 0.328309715625 0.3609375 0.32951654375 0.3609375 0.3484375 0.29557011875 0.3484375 0.2931610421875 0.3365019828125 0.250494684375 0.337113228125 0.20496823593750002 0.3419808828125 0.1847936078125 0.343438759375 0.15920894531250002 0.3385180734375 0.1444272328125 0.3269806484375 0.140123159375 0.3245040921875 0.140123159375 0.3136650703125 0.152653571875 0.312646875 0.1628117734375 0.312646875 0.1742862140625 0.3212019390625 0.187859871875 0.3242560859375 0.205492125
1 0.05625 0.409375 0.05625 0.279377665625 0.0464777359375 0.2525329703125 0.043600384375 0.21709402656250001 0.044727 0.15680249375 0.039563490624999996 0.144403709375 0.03049171875 0.1407608390625 0.0228286328125 0.1407608390625 0.01804436875 0.1439306859375 0.0126746921875 0.1616485140625 0.02290630625 0.25445708906250003 0.010793759375 0.3089565546875 0.0102807765625 0.3491314734375 0.0133743953125 0.37228988749999997 0.0234870625 0.409375 0.05625 0.409375
1 0.48121511093749997 0.223489584375 0.484375 0.20689897968749998 0.484375 0.205706384375 0.4614256734375 0.20515624843750002 0.4609375 0.21139285000000002 0.4609375 0.2453125 0.4809090171875 0.2453125 0.48121511093749997 0.223489584375
1 0.4936238640625 0.409375 0.496875 0.397686209375 0.496875 0.2894591328125 0.487947828125 0.255983825 0.48547526406249997 0.23707000156250002 0.4890788578125 0.15712818281250002 0.4798690671875 0.14091317812499998 0.47127824374999994 0.13970232968750002 0.465622140625 0.1429691703125 0.45911764687499995 0.159001321875 0.46470279375 0.233495634375 0.4622335421875 0.25568461249999996 0.4514449890625 0.2922182953125 0.451638934375 0.30332940625 0.460291253125 0.3489763875 0.45890478124999995 0.3922847859375 0.46077060937500003 0.409375 0.4936238640625 0.409375
1 0.7171875 0.409375 0.7171875 0.31623194374999997 0.7124620359375 0.2992860453125 0.7089836093749999 0.23956381875 0.7131559015625 0.1776101234375 0.7109185671875 0.1525554921875 0.7036169484375 0.13406289531249999 0.6941067640625 0.12440686875 0.680906409375 0.1248670421875 0.66996999375 0.14415915937499998 0.6708343 0.185716565625 0.6790811171875 0.247155459375 0.678759703125 0.28171379218750003 0.66470153125 0.3609582203125 0.662701528125 0.409375 0.7171875 0.409375
1 0.66072615 0.16145733281250002 0.6637625093749999 0.1435110375 0.673162246875 0.12461289687499999 0.6734375 0.12247794218750001 0.6734375 0.0939363734375 0.6728715984375 0.08967214999999999 0.662393778125 0.07846334687499999 0.64944028125 0.08314481562500001 0.6413824796875 0.10004157031250001 0.63953139375 0.15159435000000002 0.6321868187499999 0.22231842343750002 0.6228981375 0.2451384140625 0.6228981375 0.3887510078125 0.6278806687499999 0.3616989828125 0.64535675625 0.3112388109375 0.654113353125 0.2713434453125 0.66072615 0.16145733281250002
1 0.6484577921875 0.0935937703125 0.6609375 0.076481203125 0.6609375 0.0646281046875 0.6585645671875 0.055246051562499995 0.6505191359375 0.04730474375 0.6395816359375 0.046859073437499996 0.6329090609375 0.065274821875 0.6418532390625 0.1653066546875 0.6298933109375 0.23818559687500002 0.633974775 0.288185596875 0.6418156749999999 0.3203125 0.6470495046875 0.3203125 0.64680253125 0.28317121093750003 0.6576534546875 0.21578415781250002 0.6484577921875 0.0935937703125
1 0.824608390625 0.409375 0.8296391 0.38831332500000004 0.8320125640625001 0.31449716250000004 0.8256637015624999 0.26645473124999997 0.82929308125 0.22207863749999998 0.8431182828124999 0.1534543984375 0.84375 0.14359658749999998 0.84375 0.1318265359375 0.8389252687500001 0.11467897499999999 0.8314687859375001 0.1084399140625 0.818009528125 0.1100557328125 0.80773459375 0.12940859062500001 0.8025525734375 0.22253249843749998 0.7973804796875 0.254203540625 0.7815132874999999 0.29673719374999996 0.7815132874999999 0.409375 0.824608390625 0.409375
1 0.774962703125 0.3146740890625 0.79154805625 0.25993441875 0.7899108921875 0.22811730937500002 0.7843027906250001 0.1978482546875 0.7861140703125 0.158959365625 0.794110659375 0.12120469687499999 0.796875 0.0903825703125 0.796875 0.08355340624999999 0.7922396046875 0.0692964484375 0.7875388546875 0.06759968125 0.7826099890625 0.06759968125 0.7742708546875 0.07002861875000001 0.7668216234375 0.087660315625 0.7609946671875 0.1960254828125 0.7455182406249999 0.2383553765625 0.7455182406249999 0.38578415625 0.747846815625 0.3890625 0.7634484296874999 0.3890625 0.7662595265625 0.3843413671875 0.774962703125 0.3146740890625
1 0.9415385374999999 0.409375 0.94765625 0.3868480453125 0.95546875 0.33712086406249997 0.95546875 0.2996208640625 0.94375 0.221433859375 0.95625 0.12187036874999999 0.953125 0.10231679687499999 0.942578125 0.0915318265625 0.932421875 0.09395493906249999 0.9234375 0.1110023078125 0.9203125 0.2178376265625 0.903125 0.267237425 0.89375 0.312743375 0.8953125 0.37946460625 0.900330309375 0.409375 0.9415385374999999 0.409375
1 0.51875 0.0899623609375 0.5322066750000001 0.1046875 0.5328125 0.1046875 0.5328125 0.0652985859375 0.5297282265625001 0.05736910625 0.5243866828125 0.051916203125000004 0.51875 0.051916203125000004 0.51875 0.0899623609375
1 0.13013630468749998 0.409375 0.13013630468749998 0.6510764234374999 0.134065725 0.653125 0.1419128671875 0.653125 0.16343884687500002 0.603756959375 0.179642671875 0.5284562265625 0.184050653125 0.4744562265625 0.178811846875 0.409375 0.13013630468749998 0.409375
1 0.35981989375 0.409375 0.3557178078125 0.44533253281249996 0.3614728484375 0.463507165625 0.364840025 0.5134780578125 0.36125835156249997 0.526288878125 0.359227746875 0.5232161140625 0.3603910546875 0.5113034296875 0.357105384375 0.4972161125 0.3594727546875 0.49133253281249994 0.3567891171875 0.48025977031250006 0.35408498593750004 0.49509969531250003 0.3569623890625 0.539070590625 0.3688192484375 0.6232743234375 0.3785232375 0.6505799265625 0.38640049374999996 0.6625 0.39834688749999997 0.6625 0.405666096875 0.6516859125 0.4265625 0.5952301953125 0.4265625 0.409375 0.35981989375 0.409375
1 0.9828125 0.7335963249999999 0.9828125 0.708143478125 0.9529213171875 0.6397814546875 0.949407728125 0.479910775 0.909353475 0.4578125 0.90554495625 0.4578125 0.87387803125 0.4776647734375 0.8648340000000001 0.5045900796875 0.8685285859375 0.6333496484375 0.8430555203125 0.6983045046875 0.8378455234375 0.757954628125 0.8378455234375 0.7774138265625 0.8665709359375 0.903125 0.8718373921874999 0.903125 0.9381141359375 0.8935027484375 0.9752597015625 0.8847053578124999 0.97905256875 0.84370066875 0.9828125 0.7335963249999999
1 0.7984375 0.6340736796875 0.7852812375 0.576104153125 0.78221875625 0.44752605 0.756091728125 0.4169278390625 0.7205361703125 0.414441553125 0.6975154531250001 0.437176675 0.7094668203125 0.56637635 0.6843094765625001 0.66642306875 0.6884512265625 0.73753418125 0.7215437421875001 0.8203125 0.7984375 0.8203125 0.7984375 0.6340736796875
1 0.5603540921875 0.409375 0.5597457625 0.50472684375 0.5471507046874999 0.5452870484375 0.5471507046874999 0.7518726156250001 0.5531868671875 0.7578125 0.62645356875 0.7578125 0.6343378859375 0.7538283671875 0.6515625 0.5956041234375 0.6515625 0.5876236609375 0.6301192546875 0.51859016875 0.6378128750000001 0.424339446875 0.6346266500000001 0.409375 0.5603540921875 0.409375
1 0.51875 0.409375 0.51875 0.6903480734375 0.534445971875 0.69375 0.5577074234375 0.69375 0.561830890625 0.409375 0.51875 0.409375
1 1 0.409375 0.9926031250000001 0.409375 0.9788871265625 0.5139868953125 0.965625 0.5479710609375 0.965625 0.6053835640624999 0.9744902421875 0.66509800625 0.9782880859375 0.6871391328125 1 0.6906170609375 1 0.409375
1 0.7564857578125 0.409375 0.7851683609375 0.4313475390625 0.790782375 0.56912531875 0.8216494031250001 0.684375 0.836989115625 0.684375 0.8375 0.6837989390625 0.8375 0.511805396875 0.8179093484375001 0.46880796093750005 0.8134945296874999 0.409375 0.7564857578125 0.409375
1 0.8761439843750001 0.409375 0.8761439843750001 0.4491665484375 0.9326697609375 0.4734375 0.9363741734375001 0.4734375 0.940439946875 0.409375 0.8761439843750001 0.409375
0 0.846875 1 0.846875 0.9777821046875002 0.8348357859375 0.9433285437500001 0.7873545500000001 0.8961188609375 0.738155346875 0.877772209375 0.6981553484375 0.8773067671875001 0.6407654593750001 0.898856684375 0.6079363828125001 0.9273577046875001 0.5864899421875001 0.9715435703124999 0.5869866499999999 1 0.846875 1