1 0.169516140625 0.335606525 0.1557574875 0.282360459375 0.15415771875 0.25903959374999996 0.16257761875 0.1734466375 0.155452609375 0.157379159375 0.15053019375 0.1540749140625 0.135426746875 0.1586066265625 0.1282919046875 0.17364610625000002 0.1296909734375 0.2669586625 0.1140625 0.3239082609375 0.1140625 0.4371705265625 0.118048234375 0.46033355 0.1224712703125 0.46975098125 0.12776489375 0.471875 0.1451795359375 0.471875 0.149932478125 0.47125765781249995 0.161603634375 0.43008421406249997 0.17080557031250002 0.37226072499999996 0.169516140625 0.335606525
1 0.08418167343750001 0.360855496875 0.0671778390625 0.28595986562500003 0.066760921875 0.26034181875 0.072213434375 0.2218903734375 0.0733673015625 0.1841750875 0.0674833453125 0.1675327953125 0.0601244484375 0.16193965625 0.051878520312499996 0.16193965625 0.0446391296875 0.1644219421875 0.036964590625 0.178765778125 0.03592708125 0.20648106249999998 0.0410595625 0.2569809984375 0.0399186234375 0.2935851734375 0.024349746875 0.341161734375 0.021875 0.3582079078125 0.021875 0.43957883593749997 0.02646020625 0.46702974687500004 0.0339294796875 0.5010504921875001 0.0433883328125 0.5078125 0.0639326171875 0.5078125 0.06677369375 0.5050362328125 0.0824847875 0.44523745000000003 0.0873005875 0.4000568453125 0.08418167343750001 0.360855496875
1 0.087557834375 0.377215240625 0.09187385625 0.3239567359375 0.0892984625 0.2993875734375 0.07829756875 0.2533830375 0.0801538140625 0.20782748281250002 0.0868742390625 0.1657798640625 0.0808808234375 0.14609845625 0.068204778125 0.14120503125 0.0578125 0.1520505703125 0.0578125 0.16087252968750002 0.0677872078125 0.1690077515625 0.07315688125 0.1864419953125 0.0635490046875 0.281798 0.0642984625 0.29851455625 0.077658484375 0.3568410875 0.08114774062499999 0.3875 0.0847112953125 0.3875 0.087557834375 0.377215240625
1 0.21105999843749998 0.4304201015625 0.2285428015625 0.373828234375 0.232590340625 0.35050736875 0.23371265624999998 0.3104949015625 0.22378050468750002 0.2570784578125 0.23782780781250001 0.1637825234375 0.2331622171875 0.146524978125 0.2259226984375 0.1421875 0.225340728125 0.1421875 0.2115522484375 0.14862253281249999 0.20586635000000003 0.1613733 0.2045400203125 0.22139407812499998 0.200209075 0.25694132187499996 0.1953125 0.2692968421875 0.1953125 0.4375 0.20520523281249997 0.4375 0.21105999843749998 0.4304201015625
1 0.600297878125 0.055943928125 0.595545725 0.058748978125 0.59191246875 0.0694168203125 0.593176859375 0.10458988437500001 0.5916179640625 0.1268181671875 0.5875 0.140928503125 0.5875 0.191640490625 0.5900066671875 0.1953125 0.6125086984375001 0.1953125 0.61302605 0.19149965625 0.613194853125 0.16187305937500002 0.6057451171875 0.1239585765625 0.60810140625 0.067471034375 0.6069394031249999 0.06146009375 0.600297878125 0.055943928125
1 0.515873221875 0.1984375 0.5317133828125 0.1984375 0.5347934624999999 0.1909309828125 0.5340965671875 0.1612102203125 0.5261726484375 0.1252959625 0.528381596875 0.06987710781249999 0.5274261265625 0.06237856562500001 0.5223335390624999 0.05625 0.5202569984375 0.05625 0.515755859375 0.057186642187500004 0.512289634375 0.0638349015625 0.5126309843750001 0.12411122031249999 0.50625 0.15499895 0.50625 0.1971147328125 0.506305690625 0.197243878125 0.5112482218750001 0.1981397265625 0.515873221875 0.1984375
0 0.6938801031249999 0.1324543890625 0.6866029328125001 0.1366374125 0.6778529578125 0.1494121421875 0.6765625 0.15451238125 0.6765625 0.1931807734375 0.6772138390625 0.19375 0.7249852625 0.19375 0.7269658046874999 0.18464293125 0.7251841453125 0.158559140625 0.717820609375 0.1417831734375 0.708531803125 0.1336653703125 0.7032844609375 0.1324543890625 0.6938801031249999 0.1324543890625
2 0.371875 0.25784748749999997 0.3722226984375 0.26555537500000004 0.734958296875 0.2703125 0.9158094953125001 0.2703125 0.9158094953125001 0.2335242578125 0.9130426437499999 0.1989041296875 0.8606816406250001 0.1981146953125 0.371875 0.1981146953125 0.371875 0.25784748749999997
1 0.00925245625 0.5390625 0.0136877765625 0.6067004625 0.012351603125 0.66410786875 0.0092769171875 0.7067125828125 0.003249640625 0.7419280687500001 0 0.7564203640625 0 1 0.1675103921875 1 0.16759246875 0.9974187015624999 0.1659365515625 0.9566931109375 0.15246666874999998 0.864191421875 0.120932815625 0.719949996875 0.12073525 0.7060641375000001 0.125302415625 0.7000198624999999 0.1296540703125 0.7032348484375 0.12999888906249998 0.6884200328125 0.1148372 0.601482990625 0.116801959375 0.539442921875 0.11683303593750001 0.5390625 0.00925245625 0.5390625
1 0.248702603125 0.5390625 0.247992159375 0.5549014640625 0.2435992390625 0.5739813734375 0.22795636406250003 0.618956225 0.2234375 0.6431676625 0.2234375 0.7585970296875 0.22941505 0.8072381578125001 0.23321894531249998 0.81637620625 0.244867665625 0.8234199828125 0.2452329078125 0.8234375 0.25707169531249996 0.8234375 0.265309453125 0.8140859859375 0.2864515609375 0.7445668031249999 0.2942819359375 0.6989084453125 0.293811296875 0.6497432359374999 0.28072924062500004 0.5642536671875 0.281925790625 0.5390625 0.248702603125 0.5390625
1 0.36875 0.5390625 0.36108165312499996 0.5390625 0.3608661046875 0.5575867375 0.3539696578125 0.6126686953125 0.34528077343749997 0.6425927890625001 0.3168362265625 0.7127232921875 0.306434009375 0.75549195 0.3016172203125 0.7662478625 0.2953125 0.7959237218749999 0.2953125 0.9894134234374998 0.2961756734375 1 0.3640763734375 1 0.36778143124999996 0.9936796484375 0.36875 0.9915848921875 0.36875 0.5390625
1 0.6246633328125 1 0.622621928125 0.960761321875 0.599812034375 0.866810825 0.6116968953125 0.732073571875 0.6071692703125 0.711807459375 0.5919092890625001 0.6962157062500001 0.5743663453125001 0.6981625359375 0.5581186671875 0.7250062078124999 0.5626555812499999 0.8522688468750002 0.534375 0.963300178125 0.534375 1 0.6246633328125 1
1 0.7421097328125 1 0.74108018125 0.9618498234375 0.717282428125 0.8563415734375 0.727342021875 0.744560975 0.7237637734375 0.7294727437499999 0.709713109375 0.7139597828124999 0.70089766875 0.7139597828124999 0.6895068515625 0.71631771875 0.6786564281249999 0.7347608453125 0.6833392093749999 0.869993996875 0.6609375 0.9427989562499999 0.6609375 1 0.7421097328125 1
1 0.8343029390625001 1 0.8340256921875 0.9551709374999999 0.8125347234374999 0.8667501234374999 0.821322846875 0.7566173328125 0.817723128125 0.7434180453125 0.8082687312499999 0.7330315374999999 0.78836911875 0.7330315374999999 0.777572846875 0.75330215625 0.7812417859375 0.8680721765625 0.7609375 0.9430194937499999 0.7609375 1 0.8343029390625001 1
1 0.9146099296875001 1 0.9146099296875001 0.9270891140625 0.8970228312499999 0.8716743953125 0.8992046984375002 0.7704166078125001 0.8914111109375 0.7526888890625 0.8797577999999999 0.7456863031250001 0.8767743093749999 0.7456863031250001 0.86631441875 0.75011644375 0.8590113109375 0.765562690625 0.868659603125 0.8782179296875 0.853125 0.9436213609374999 0.853125 0.9741633953125 0.85522214375 1 0.9146099296875001 1
1 0.5054171703125 1 0.5047442656250001 0.9524730937499999 0.4846780234375 0.8612378218749999 0.49823946249999995 0.7434621984375 0.489879375 0.7182270671875 0.480172165625 0.7120072562499999 0.47238422187499995 0.7120072562499999 0.4612045546875 0.7153780765625 0.44963982031250005 0.7380697734374999 0.4492269515625 0.87108570625 0.428125 0.9291188781249999 0.428125 1 0.5054171703125 1
1 0.36875 1 0.4220911390625 1 0.4220911390625 0.9675650921875001 0.420418446875 0.9440370015624999 0.39828822812500003 0.8667810156249999 0.404500103125 0.756648225 0.4005568828125 0.7397589 0.38617443281249997 0.7254574953125 0.37446704999999997 0.7254574953125 0.36875 0.7271411249999999 0.36875 1
1 0.5342596125 1 0.5342596125 0.9217881984374999 0.520310925 0.8758549390624999 0.52066263125 0.7632360890625 0.5116190453125 0.74580295625 0.5014256593749999 0.7422292796875001 0.5 0.845512503125 0.5 0.86538350625 0.5051175375 0.8723394437499999 0.504737778125 0.8889591546875 0.5304356703125 0.9735827374999999 0.531820140625 1 0.5342596125 1
1 0.6715116171875 0.8764062406249999 0.6773853109375001 0.8044505234375 0.676052625 0.751834771875 0.6653974609375 0.7674628875 0.6615116171875 0.8763480640625 0.6515625 0.9040331125 0.6515625 0.9333462906250001 0.6715116171875 0.8764062406249999