1 0.46783943125 0 0.4658275265625 0.01628026875 0.459129271875 0.0379078953125 0.44122323281250003 0.067927678125 0.4375 0.07994942031249999 0.4375 0.11771965468750001 0.4478293875 0.1194729671875 0.4535915453125 0.12884208125000002 0.4557290640625 0.1625 0.4624550546875 0.1625 0.46689595625 0.1587597421875 0.48220439531250003 0.1191310484375 0.485289725 0.078165703125 0.48265251249999996 0.04819401875 0.4870828171875 0.020703942187499998 0.4934949984375 0 0.46783943125 0
1 0.34605877343749997 0 0.346811971875 0.0107712265625 0.3454431171875 0.0363957484375 0.334791853125 0.06487570468750001 0.3328125 0.079005959375 0.3328125 0.101164840625 0.33580074843749996 0.1358036359375 0.34782952968749997 0.172223125 0.3543058453125 0.178125 0.3629268546875 0.178125 0.3718267 0.1650983453125 0.372930484375 0.159373965625 0.372930484375 0.051526517187499996 0.370390953125 0.042866134374999997 0.3681209984375 0.0217042890625 0.371061871875 0 0.34605877343749997 0
1 0.3034819 0.309375 0.3035046484375 0.309375 0.3035046484375 0.2297209578125 0.2973938265625 0.219060878125 0.2947813703125 0.205327278125 0.2976765484375 0.1605637859375 0.29595958125 0.137905175 0.288709696875 0.12001445625 0.282357353125 0.1156272953125 0.272612734375 0.1156272953125 0.2665578 0.11807641718749999 0.2625 0.1312333703125 0.2625 0.13932000312499998 0.27117176875000004 0.21526618437499997 0.263842809375 0.2326317015625 0.2625 0.2460149515625 0.2625 0.2858849046875 0.2641324109375 0.2986816625 0.2702427078125 0.306719040625 0.2798457859375 0.303807803125 0.3034819 0.309375
1 0.187582534375 0 0.1915558546875 0.0148646734375 0.1925581125 0.0435655796875 0.18575448125 0.0748730171875 0.1860710984375 0.106553609375 0.1953540015625 0.146243153125 0.20938368125 0.1748728921875 0.21158625312499998 0.1765625 0.2227749046875 0.1765625 0.22926760468750002 0.1676220109375 0.23134082031249997 0.158081953125 0.23134082031249997 0.07348608437500001 0.2305856640625 0.069683471875 0.21318036718750003 0.0235370140625 0.2126260859375 0 0.187582534375 0
1 0.21418459374999999 0.45 0.21379753125 0.446960734375 0.200081071875 0.43320665781249995 0.1957614859375 0.420576315625 0.1996502875 0.3722057109375 0.1968562140625 0.35424000312500004 0.187596184375 0.3448242265625 0.1741468171875 0.34537224843750003 0.16787446875 0.35090103125 0.1640625 0.362720765625 0.1640625 0.42224093281249997 0.16789473125 0.43677809375 0.1640625 0.44720457031249994 0.1640625 0.45 0.21418459374999999 0.45
1 0.38343191875 0.45 0.38172156875 0.4430655859375 0.3906749015625 0.4126927796875 0.3906749015625 0.37499216875 0.387627078125 0.36530692343750004 0.3779309515625 0.3531564578125 0.362969659375 0.3558060609375 0.35281695 0.36794467656249996 0.350778090625 0.39235365624999996 0.35267770625 0.4331391546875 0.350295678125 0.44165713437500004 0.344757703125 0.44207677656250005 0.3396748140625 0.45 0.38343191875 0.45
1 0.1381491765625 0.341827328125 0.1467716625 0.3515625 0.16366701875 0.3515625 0.16366701875 0.3283984296875 0.16118645625 0.320761428125 0.16366701875 0.3184433734375 0.16366701875 0.2463228859375 0.15952328124999998 0.23589281093749997 0.1454965359375 0.22381322812499999 0.13734104687499998 0.205322721875 0.13186697812499998 0.1540553640625 0.12676663593749998 0.1391800140625 0.117601190625 0.1283345359375 0.10799305625 0.12737690468750001 0.0990767625 0.1407927671875 0.0984375 0.149522925 0.0984375 0.166555275 0.10126170000000001 0.1801137703125 0.117916071875 0.22162650625000002 0.115697565625 0.265755703125 0.12025592031250001 0.3049384703125 0.1260278796875 0.3129471171875 0.14626421875 0.3178374484375 0.13937795 0.32658335156249996 0.1381491765625 0.341827328125
1 0.04375 0 0.04375 0.0068095890625 0.054648389062500004 0.03652645 0.04831494375 0.0821019921875 0.047625103125 0.1257148984375 0.0608330140625 0.1674423640625 0.0696918 0.1765625 0.0810407890625 0.1765625 0.0836467234375 0.1392959453125 0.09926041249999999 0.11849604218750001 0.0993682078125 0.09445601875000001 0.0918815015625 0.0665300734375 0.07200172031249999 0.02459625 0.0714271765625 0 0.04375 0
1 0.85115335 0 0.8462355374999999 0.017194667187500002 0.8472600625 0.061602746875 0.8584222671875 0.154277159375 0.8611359296875 0.20796268125 0.8604713171875 0.24309331875 0.8526416765625001 0.28734685 0.830673359375 0.3600222546875 0.8212783609375001 0.41164682812500003 0.81875 0.4418519296875 0.81875 0.45 0.9168134562500001 0.45 0.9168134562500001 0.3006512640625 0.91293170625 0.2791512578125 0.9107331625 0.2402714609375 0.9132306906250001 0.17927853437500002 0.9168134562500001 0.132888134375 0.9168134562500001 0.0213440078125 0.91017425625 0.0016643984375 0.9091318812499999 0 0.85115335 0
1 0.6 0 0.6 0.23123780312500003 0.604854459375 0.2749156078125 0.6130500828125001 0.32162200625000004 0.6210946109375 0.35267879999999996 0.6326851125 0.38956455 0.6389794265625001 0.40625 0.639263696875 0.40625 0.639263696875 0.23776475625 0.62987076875 0.2090399765625 0.625723028125 0.1884417703125 0.6231567124999999 0.147746596875 0.6266514515625 0.132415959375 0.627560946875 0.0966238171875 0.6252752828125 0.059632346875 0.6199347796875 0.0232934015625 0.612047959375 0 0.6 0
1 0.7921115546874999 0.45 0.8059579875 0.3953973515625 0.8059579875 0.256304378125 0.7987217359375001 0.21987534375 0.7950182124999999 0.18825738281249998 0.7963648390625 0.137495234375 0.8009981359375 0.091526484375 0.7998341109375 0.0581931515625 0.7878116765625001 0.033995182812500004 0.78072845 0.0312943296875 0.7777079703125 0.0312943296875 0.766522178125 0.034727909375 0.7623052687499999 0.0405144171875 0.7586236093750001 0.054184937499999995 0.759069309375 0.0967229390625 0.762708165625 0.1264890484375 0.7642602000000001 0.1709334921875 0.7630175515625 0.1948983828125 0.744217775 0.2669274078125 0.740625 0.3016994109375 0.740625 0.32780540937499997 0.7421423546875 0.3712567828125 0.7488057203125 0.41319640625 0.7567405796875 0.44688458437499995 0.7592012078125 0.45 0.7921115546874999 0.45
1 1 0.0900052078125 0.997403734375 0.084915578125 0.9840532671875 0.0743774703125 0.9745595953125001 0.0766113234375 0.9679535796875001 0.0824215484375 0.9591257703125 0.10263667812499999 0.9536273296875001 0.13980105 0.9488211109375 0.21480105 0.9432765249999999 0.2445792359375 0.9342047765625001 0.2726541265625 0.9109375 0.32519549375 0.9109375 0.45 0.95795905 0.45 0.9625867921874999 0.4377291171875 0.9751923203124999 0.37072289375 0.9766889109375001 0.3392626359375 0.97364305625 0.289517303125 0.9766098578125 0.24322100624999998 0.9864068296875 0.19572289375000002 0.997990453125 0.1527695203125 1 0.1344669484375 1 0.0900052078125
1 0.4404147421875 0.7925894359375001 0.470379878125 0.7553651078125 0.4870391234375 0.6966788 0.4858240140625 0.6543270875 0.4650830734375 0.6109582609374999 0.463562503125 0.5861065515625 0.4783520765625 0.5225685312499999 0.46039382343749996 0.487727271875 0.44278129843749997 0.48906186875 0.425819965625 0.509072321875 0.42803199062499997 0.6062757453125001 0.4058946453125 0.6429069203125 0.4 0.6645002953125 0.4 0.7248802796875 0.402148553125 0.7455552093750001 0.420976184375 0.786572321875 0.4325869546875 0.793182590625 0.4245846140625 0.8037757453125 0.428812865625 0.81875 0.44399602656250003 0.81875 0.449763103125 0.8168479921875 0.4404147421875 0.7925894359375001
1 0.25366150468750004 0.6511184968749999 0.2231768 0.6057285109375 0.2191899671875 0.5207626703125 0.2049838671875 0.49929063906250004 0.1876582703125 0.49699473281250006 0.18297502968749998 0.49699473281250006 0.16875 0.523809421875 0.16875 0.5342712374999999 0.190607965625 0.6151478140625001 0.17649178125 0.6648403859375 0.1801629390625 0.7173403859375 0.21636897031250002 0.787886925 0.2281903421875 0.7953125 0.22914200624999997 0.7953125 0.25366150468750004 0.7817986890624999 0.25366150468750004 0.6511184968749999
1 0.11942963437500001 1 0.12147613906250002 0.9980342765625 0.12147613906250002 0.8669876421874999 0.11830472968750001 0.8595676203124999 0.079859221875 0.813985828125 0.067547465625 0.7284721953125001 0.054612434375 0.7139965171875 0.024275025 0.7139965171875 0.0140625 0.7274520796875 0.0140625 0.7409603296875 0.015215648437500002 0.756178296875 0.0432455421875 0.8182328249999999 0.0337145640625 0.8720343500000001 0.0367455828125 0.9120343500000001 0.05347523125 0.9532328234375 0.0928171984375 1 0.11942963437500001 1
1 0.348832640625 0.8156745187500001 0.3527014921875 0.7300813640625 0.34106498749999997 0.7121469515625 0.32506009062499996 0.7058332593750001 0.30768044687499996 0.71216785625 0.295833584375 0.7318817328125 0.3101594546875 0.8286402921875 0.2859375 0.8816194750000002 0.2859375 0.8898704203125 0.29203229999999997 0.9454197546875001 0.326912534375 0.9953125 0.3577787546875 0.9953125 0.3628542375 0.9902296546875 0.377812109375 0.9564592484375 0.377812109375 0.866916275 0.3764853015625 0.8612467671874999 0.348832640625 0.8156745187500001
1 0.6 0.69725013125 0.5960971703125 0.6979367484375001 0.5846083640625 0.7149276140625 0.5877037015625 0.8076555703124999 0.5627691421875001 0.84175128125 0.553125 0.880477328125 0.553125 0.9046090296875 0.56150915 0.9548211765625 0.5731882703125 0.97925128125 0.5893972749999999 0.99375 0.6 0.99375 0.6 0.69725013125
1 0.29134356562499997 0.45 0.26375061093749996 0.50875 0.265707559375 0.57625 0.2813631359375 0.6287499999999999 0.29310481875 0.64375 0.3156097109375 0.6425 0.3244159734375 0.63125 0.3459423921875 0.56125 0.3459423921875 0.50875 0.3263729203125 0.45375 0.326734821875 0.45 0.29134356562499997 0.45
0 0.32681768125 0.45 0.3459423921875 0.5037499999999999 0.34985628593749996 0.54125 0.377253546875 0.55625 0.4193279109375 0.5475 0.4261772265625 0.50125 0.46335922187499995 0.47625 0.46335922187499995 0.45 0.32681768125 0.45
1 0.9608902921875 0.45 0.9631817999999999 0.49755078125 0.9546875 0.55106043125 0.9546875 0.6619509109375 0.9603750640625 0.7030471359374999 0.9736860265624999 0.7450370984375001 0.9810422937500001 0.7515625 1 0.7515625 1 0.494225321875 0.9969452515625001 0.48528297499999995 0.9941185046874998 0.45 0.9608902921875 0.45
1 0.8364978875 0.45 0.8384416250000001 0.4878009890625 0.8312491703125 0.549809665625 0.8337764609375 0.59985060625 0.8501185109375001 0.6658653718750001 0.862904284375 0.6970350812499999 0.869061478125 0.7046875 0.8898361421875001 0.7046875 0.8956879375 0.6969178078125 0.8956879375 0.5546869203125 0.8942879187500001 0.5461816515625 0.8658391078125 0.4684416234375 0.8641272203125 0.45 0.8364978875 0.45
1 0.865625 0.45 0.865625 0.53080423125 0.8704413453125 0.55272813125 0.87382276875 0.609375 0.893170403125 0.609375 0.8937008015625001 0.6092687671875 0.9027494671875 0.5957400703125 0.9113333593749999 0.5469061234375 0.913756253125 0.49693795625000003 0.9084358671875 0.458367403125 0.9053897125000001 0.45 0.865625 0.45
1 0.7276175828125 0.45 0.7308953468749999 0.47507189375000003 0.726969146875 0.5422713578125 0.728521671875 0.575604690625 0.7430220296875 0.63443891875 0.7555120546875 0.666943459375 0.76116878125 0.6734375 0.7823683703125 0.6734375 0.7823683703125 0.52498208125 0.754273146875 0.455181153125 0.7536959453125001 0.45 0.7276175828125 0.45