1 0.2234375 0.3758416078125 0.2234375 0.3594155453125 0.21238973906249997 0.2985944359375 0.2234375 0.18017454375 0.2234375 0.17910040625 0.2040696359375 0.1462837359375 0.18082647031250002 0.163320446875 0.17774124375 0.18010296718750002 0.17774124375 0.31256034375 0.181539175 0.3194582 0.17774124375 0.35510626562500003 0.17774124375 0.47918094375000003 0.17937087499999999 0.4828125 0.19025555624999999 0.4828125 0.2010018796875 0.4764692453125 0.2110621921875 0.398885534375 0.2234375 0.3758416078125
1 0.2140625 0.56875 0.2140625 0.4982488546875 0.1928582546875 0.43827812968749996 0.196211415625 0.3153756640625 0.1685907453125 0.289535665625 0.1607088875 0.289535665625 0.14454722656250002 0.30426438125 0.1341641578125 0.3315886046875 0.1494478125 0.45018274218750004 0.121593384375 0.53606699375 0.1216348625 0.56875 0.2140625 0.56875
1 0.42958059843749996 0.56875 0.43125 0.5646834593750001 0.43125 0.4322476421875 0.41951324218749997 0.3980779546875 0.43092855312499995 0.26137261875 0.41061092656250003 0.24325205468750002 0.40217268125 0.24325205468750002 0.38578129375 0.24791996093750002 0.3767618875 0.263579740625 0.3793480265625 0.37469085 0.342156871875 0.47908152656249997 0.351169753125 0.56875 0.42958059843749996 0.56875
1 0.23181870937500001 0 0.2252678046875 0.0485521140625 0.2152841140625 0.057854090625 0.2152841140625 0.33031335 0.2162435453125 0.33125 0.21632805156249998 0.33125 0.235490603125 0.297193653125 0.24375 0.23414101718749997 0.24375 0.213586196875 0.234966846875 0.1671232640625 0.24375 0.094519553125 0.24375 0.0695892375 0.23381162500000002 0.04538620625 0.23557974218750002 0 0.23181870937500001 0
1 0.2466064140625 0 0.2492758859375 0.0327023703125 0.26563060156249996 0.0791965515625 0.2682663765625 0.162772565625 0.2875 0.21317106875 0.2875 0.095126821875 0.28229726875 0.078225828125 0.2795859890625 0 0.2466064140625 0
1 0.40259304062499995 0.027264198437499998 0.3859889953125 0.042723790625 0.3808267609375 0.1232793453125 0.3609375 0.165513165625 0.3609375 0.2453125 0.3613719234375 0.2453125 0.3674564375 0.23446318281249998 0.377497371875 0.14274803281249998 0.4004668015625 0.10917228125 0.4109375 0.0427595078125 0.4109375 0.0423398546875 0.40259304062499995 0.027264198437499998
1 0.428125 0.14178711718749998 0.41757185 0.1234375 0.41713569218749996 0.1234375 0.4144987734375 0.2324622484375 0.42489293124999994 0.2484375 0.42532602343750003 0.2484375 0.428125 0.1705212578125 0.428125 0.14178711718749998
1 0.4078125 0.2271609796875 0.4078125 0.129568409375 0.40007115156250006 0.1213938515625 0.385028346875 0.132801246875 0.366394425 0.178566659375 0.37261782499999996 0.26760123125 0.358409321875 0.319213559375 0.3604793546875 0.3636580046875 0.37243863906249997 0.4046875 0.373478296875 0.4046875 0.3879508203125 0.373885190625 0.38316386874999997 0.2711074109375 0.4047867640625 0.24493212187500002 0.4078125 0.2271609796875
1 0.5811522874999999 0.541070296875 0.5932691640625001 0.5624861937500001 0.5932916953125 0.5625 0.6108132203125 0.5625 0.6212828046875 0.5393996125 0.6296875 0.5068154328125 0.6296875 0.4518998609375 0.6285446203125 0.44356627968750006 0.6132515062499999 0.41776575937500005 0.61430786875 0.33139993749999996 0.6076753203124999 0.32063759062499997 0.5943940703124999 0.32001900625 0.58540161875 0.33005360625 0.5811522874999999 0.3427210828125 0.5811522874999999 0.37587029843750003 0.58717068125 0.3998255359375 0.5877252890625 0.4235458109375 0.5811522874999999 0.44662833749999997 0.5811522874999999 0.541070296875
1 0.677933140625 0.358273184375 0.690059090625 0.38654703125 0.6935884171875 0.3875 0.7035031703125 0.3875 0.70625 0.3835143453125 0.70625 0.2777013078125 0.6965147015625 0.256423771875 0.6947492734375 0.1938599984375 0.6890045828125 0.18244054375000002 0.681418121875 0.18244054375000002 0.6751276078125 0.1836168796875 0.6711985874999999 0.19299540625 0.671039859375 0.20833695937500002 0.6778668375000001 0.2412238796875 0.6789986953125 0.26900165781249996 0.673099303125 0.2973533921875 0.6721137828125 0.33087804374999996 0.677933140625 0.358273184375
1 0.7338692640625 0.43069903125 0.733766875 0.45989753125000005 0.738287334375 0.48612725 0.7516278296875 0.521729028125 0.7560447406249999 0.528125 0.765328796875 0.528125 0.7734058484374999 0.5166710234375 0.7765625 0.5048989875000001 0.7765625 0.40522656718750005 0.77625613125 0.40394818906249996 0.7680233859375 0.386210965625 0.7684921828125 0.3055599109375 0.75703745625 0.2837833578125 0.755415709375 0.2477040796875 0.7516519734375 0.2403113078125 0.7508814546875 0.2403113078125 0.7500385312500001 0.285458746875 0.741703396875 0.296920028125 0.7388693375 0.3095473625 0.7459867515624999 0.3801578625 0.7338692640625 0.43069903125
1 0.8843512312499999 0.43342962343749997 0.8856303125 0.396002396875 0.8809144234375001 0.365774328125 0.89375 0.3037227234375 0.89375 0.274694740625 0.8892732203125 0.2657379390625 0.8935020843749999 0.2048696625 0.8933910062500001 0.2048696625 0.8838651687500001 0.2549179265625 0.8680135265625001 0.2791840109375 0.862180578125 0.345887065625 0.8526029359375 0.367112328125 0.8526029359375 0.4984375 0.85586261875 0.4984375 0.856072521875 0.4984101296875 0.8738023937499999 0.4699046078125 0.8843512312499999 0.43342962343749997
1 1 0.2578848671875 0.9998777999999999 0.258147315625 0.9984018765624999 0.32661239375 0.9808103515625 0.36112879531250003 0.9780502109375 0.385012925 0.9803300593750001 0.42255842499999996 0.9863904140624999 0.4487198 0.9952171234375001 0.465625 1 0.465625 1 0.2578848671875
1 0.8857656531250001 0.2644888546875 0.8890625 0.24428253125000002 0.8890625 0.2371820734375 0.8882478734374999 0.2318454203125 0.875 0.2639508046875 0.875 0.271875 0.8767853984375 0.271875 0.8857656531250001 0.2644888546875
1 0.9028274625 0.340625 0.9051979828124999 0.340625 0.9151490671874999 0.31952816875 0.9171875 0.30317409375 0.9171875 0.2815341953125 0.9104777921875 0.21954180625 0.9171875 0.1772205265625 0.9171875 0.16904863750000002 0.91408505 0.156317815625 0.9046130703124999 0.1522056921875 0.8996804171874999 0.1584852359375 0.9000171421874998 0.189737509375 0.8961809531250001 0.1592001328125 0.8943409718750001 0.16407260625 0.8958010859375001 0.193234728125 0.8982094890625 0.195998871875 0.8982956515625 0.26684129375 0.9074066312500001 0.28901351875 0.9015068156249999 0.3376655359375 0.9028274625 0.340625
1 0.8109375 0.365625 0.8109375 0.1845365671875 0.8016996234375 0.165348021875 0.8001471 0.1320146890625 0.797121625 0.125573484375 0.7978580625 0.166463759375 0.7892593265625 0.1824748640625 0.7930162484375 0.2464183828125 0.7855222015625 0.2694285609375 0.7834272312499999 0.308044296875 0.7908366390625 0.35009337500000004 0.79798608125 0.365625 0.8109375 0.365625
1 0.8375 0.09571950781250001 0.830325853125 0.081475803125 0.8298392874999999 0.0599434796875 0.8273140390625 0.0842899453125 0.8201240609375 0.09965862656249999 0.8225009609375 0.1579919640625 0.8149258828124999 0.183091959375 0.8133854843750001 0.2220172125 0.8161364328125 0.251165696875 0.829524625 0.2625 0.8313943593750001 0.2625 0.8375 0.2535824578125 0.8375 0.09571950781250001
1 0.7345235453125 0.1649431765625 0.740625 0.1109192921875 0.740625 0.110588190625 0.7332266953125 0.0944373921875 0.7339482109375 0.0674326234375 0.733944025 0.0674326234375 0.7208323859375 0.1158439359375 0.7206552859375 0.1629023828125 0.71876285625 0.1695879171875 0.71876285625 0.2765625 0.7221368 0.2765625 0.72441015 0.2761771171875 0.7335823375 0.2563232375 0.7396123828125 0.1923524625 0.7345235453125 0.1649431765625
1 0.7828125 0.13524305625 0.77421875 0.09635416718749999 0.775 0.0657986109375 0.762890625 0.063715278125 0.76171875 0.10052083281249999 0.75546875 0.12552083281249998 0.7546875 0.1630208328125 0.762109375 0.19288194375 0.7734375 0.19357638906250002 0.78125 0.16579861093749998 0.7828125 0.13524305625
1 0 1 0.026771554687499997 1 0.01903925 0.9641864546875001 0.01814868125 0.94834868125 0.02057466875 0.9094355328124999 0.0255643625 0.87807534375 0.0264575484375 0.8455951625000001 0.024625167187499998 0.8352886843749999 0.0189216203125 0.8243373093749999 0.013022432812500002 0.8194165812499999 0.0046890984375 0.81902845 0 0.8224830890625 0 1
1 0.352416921875 1 0.3516962859375 0.9982517328124999 0.3418902625 0.9801152156249999 0.33071930625 0.9481322546875 0.32377966874999997 0.91875729375 0.3191855828125 0.878165109375 0.3127667796875 0.8487689249999999 0.30002074375 0.8275083921874999 0.29103727031250004 0.8223136156249999 0.28378870625 0.8244625796874999 0.27698374375 0.8344713031250001 0.2741820109375 0.848487525 0.276847225 0.8734026359375001 0.2855002203125 0.9091954125000001 0.290029653125 0.9470098203124999 0.28470917500000004 1 0.352416921875 1
1 0.569804803125 0.56875 0.569804803125 0.8328125 0.5894016343749999 0.8328125 0.5920577015624999 0.832152171875 0.6042432796874999 0.81274205625 0.6394249921874999 0.714027740625 0.6502355546875 0.6541336546875 0.652313346875 0.57153218125 0.651977846875 0.56875 0.569804803125 0.56875
1 0.7055988109375 0.56875 0.7077850984375 0.6048384734375001 0.7199520140625 0.67259171875 0.722541 0.67841891875 0.7296801296875 0.684375 0.7483982015625 0.684375 0.7541457375 0.678161559375 0.7640625 0.641671396875 0.7640625 0.56875 0.7055988109375 0.56875
1 0.8942408796875 0.56875 0.893066609375 0.5961953140625 0.882787609375 0.639865009375 0.8716405515625001 0.683570071875 0.85336826875 0.70485876875 0.8202611828125 0.7831325171875 0.8180449375000001 0.7999052953125 0.8100779734374999 0.81598559375 0.8077970734375001 0.82998059375 0.8023696250000001 0.8431770015625 0.7997403015625 0.8646006328125001 0.791468015625 0.8899614124999999 0.78558078125 0.928200265625 0.7808178109374999 0.992343821875 0.7809162171875 1 0.9825090624999999 1 0.9926748812499999 0.9336638890625 0.9951748968749999 0.9066847031249999 0.9961842781249999 0.8380600734375001 0.989744003125 0.67335136875 0.9909652906249999 0.6362294421875 0.9946829874999998 0.594371775 0.9992703687500001 0.56875 0.8942408796875 0.56875