1 0.409375 0.0916420671875 0.3977577 0.0916420671875 0.3900388703125 0.1058809328125 0.3983766109375 0.1958743703125 0.3855277625 0.24353404374999998 0.3828125 0.2795460015625 0.3828125 0.2860553734375 0.3858155796875 0.307912325 0.39741495 0.34421754843749996 0.403520371875 0.3603210015625 0.409375 0.3652312015625 0.409375 0.0916420671875
1 0.32954223125 0.4890625 0.32954223125 0.3302607203125 0.3027318609375 0.2780598953125 0.29857546875 0.2603515625 0.297324753125 0.1718098953125 0.29382827031250003 0.15201822812500002 0.280596496875 0.1327473953125 0.271699396875 0.1275390625 0.26232439687500003 0.1275390625 0.24874725781249998 0.1358723953125 0.240625 0.15737104375 0.240625 0.16062280625 0.245534496875 0.1947265625 0.26028675625000003 0.24680989531250003 0.2634948125 0.2884765625 0.25078198125 0.3384765625 0.24876396875 0.38430989531250004 0.254915015625 0.4228515625 0.2642442703125 0.44889322812500004 0.2791029453125 0.4759765625 0.27921081718749996 0.4890625 0.32954223125 0.4890625
1 0.0750758453125 0.4890625 0.0906756734375 0.47732917812500003 0.10441092031250002 0.42009583125 0.1073561015625 0.3809701125 0.1073561015625 0.36813820625 0.10319333281250001 0.34515046250000003 0.0936668265625 0.3197643578125 0.058970634375 0.266959759375 0.05418010937499999 0.24957920625000002 0.050576351562499997 0.1675060640625 0.0465428359375 0.1459042140625 0.0335643375 0.1317014484375 0.0093092265625 0.1271449875 0 0.13289194843750002 0 0.21921047656249998 0.0032534140625 0.22813017656249998 0.0121077546875 0.2723209125 0.006851114062499999 0.30916165625 0 0.3340364453125 0 0.413757146875 0.011539134375 0.44326350625 0.0359639328125 0.47698663281250003 0.039736078125000004 0.4890625 0.0750758453125 0.4890625
1 0.2411290984375 0.3640625 0.2440866953125 0.361790171875 0.2476706359375 0.334788659375 0.2544293484375 0.3098025125 0.2544293484375 0.2347831328125 0.240565128125 0.1795666890625 0.2408967359375 0.1493856296875 0.25176659375 0.1287568484375 0.2502213390625 0.1099932109375 0.241360321875 0.09370419062499999 0.22942934843749999 0.08829130625 0.217141571875 0.09328145156249999 0.2109375 0.10693084374999999 0.2109375 0.11346696249999999 0.213952234375 0.13954697968750002 0.2232078515625 0.1751000140625 0.22505021875 0.20115531718750002 0.21127553593749998 0.265452278125 0.2133301265625 0.296715915625 0.2180003796875 0.3155341 0.2380447078125 0.3640625 0.2411290984375 0.3640625
1 0.3698671765625 0.086393228125 0.3604405921875 0.0702473953125 0.347782728125 0.0681640625 0.340625 0.084178603125 0.340625 0.08914295156249999 0.35047140312499997 0.1603515625 0.34190996406249996 0.20201822812499998 0.3432599 0.230143228125 0.3614513328125 0.290625 0.38415031875 0.290625 0.38415031875 0.17819145 0.372180459375 0.1478515625 0.3698671765625 0.086393228125
1 0.505964965625 0.213038484375 0.503854096875 0.17276070625 0.5076098609375 0.109892215625 0.5055717796875 0.07100332499999999 0.50171889375 0.057278209375 0.491261778125 0.0445955609375 0.4741470671875 0.0468852078125 0.4640927421875 0.07178444843750001 0.47173063437499996 0.1577317828125 0.473152465625 0.21475811718750001 0.456624971875 0.288044871875 0.4546875 0.315950315625 0.4546875 0.3227497828125 0.467319984375 0.43232554062500006 0.47766066093750004 0.46520849374999995 0.48056134687499996 0.4671875 0.5126889859375 0.4671875 0.515869121875 0.46181337187500004 0.517061225 0.4554561203125 0.517061225 0.25256663281249997 0.505964965625 0.213038484375
1 0.409375 0.321471659375 0.4206248046875 0.316929146875 0.4296092671875 0.276241934375 0.4336099328125 0.2191746578125 0.43071399687499995 0.18465715625 0.41650343593750005 0.1368649140625 0.4139846234375 0.11619535624999999 0.41587060156250005 0.0245696328125 0.409375 0.0086308171875 0.409375 0.321471659375
1 0.677969490625 0.144420534375 0.6786064015625 0.0971892234375 0.6849061265625 0.045823059375 0.6780241281249999 0.0006319015625000001 0.6746403734374999 0.0061692765625 0.6629216234374999 0.0061010984375 0.6523772421875 0.01437534375 0.644798634375 0.0344756 0.64425135 0.1636740828125 0.6375 0.186780515625 0.6375 0.3140949109375 0.6501132937499999 0.28110109843750003 0.663518934375 0.2617293765625 0.684348940625 0.250736440625 0.691410040625 0.2417472953125 0.6856028859375 0.19864628906249998 0.6807810218749999 0.184725584375 0.68220915625 0.170841240625 0.677969490625 0.144420534375
1 0.5392971656250001 0.3308602 0.5398975859374999 0.3073857875 0.5391396390625001 0.2980213953125 0.5345199218750001 0.2709329265625 0.539853384375 0.2298814125 0.550529396875 0.21493267187499998 0.550529396875 0.1696698921875 0.542481440625 0.141539328125 0.537501265625 0.01931710625 0.5295417578125 0.0054733328125000005 0.5236706953125 0.003246984375 0.5185693296875 0.003246984375 0.5084252375 0.012621470312499999 0.5078125 0.0162953265625 0.5078125 0.0453305421875 0.51725506875 0.13379655625 0.5112190484375 0.21492079375 0.529312625 0.30018211875 0.5343377515625 0.34288174531250004 0.534716896875 0.35625 0.5361661625 0.35625 0.5470900828125 0.3540925359375 0.5392971656250001 0.3308602
1 0.527921534375 0 0.5369471015625 0.0145399328125 0.5401806812500001 0.0298177078125 0.545951809375 0.1423177078125 0.564306721875 0.1953125 0.571522171875 0.1953125 0.571522171875 0.12866955625 0.560308034375 0.093706596875 0.554850246875 0 0.527921534375 0
0 0.76507768125 0.4890625 0.7933934953125 0.41035250625 0.796300815625 0.374711115625 0.796300815625 0.3526821875 0.7953009078125 0.335188615625 0.7896786312499999 0.309182140625 0.7766062 0.27883353906249997 0.75144459375 0.25280393125 0.7326380312499999 0.2443928390625 0.71231745 0.24442433593750001 0.6804074046874999 0.2674975140625 0.662978765625 0.294421140625 0.64838550625 0.33851467031250004 0.646875 0.363656 0.646875 0.39688158281249997 0.6512787171875 0.4327952265625 0.670319609375 0.48148409843750006 0.6765489203125 0.4890625 0.76507768125 0.4890625
1 0.02345656875 0.622737621875 0.026424935937499998 0.6154417234375 0.021622842187499998 0.617807140625 0.024059957812499998 0.5774372671875 0.031626506250000005 0.6228802296875 0.04160515 0.6230544078125 0.04160515 0.594891009375 0.037699175 0.571552246875 0.0364369359375 0.5005023375000001 0.0286345796875 0.48934457968749995 0.0168290953125 0.50016008125 0.020959825 0.5614631109375 0.0078125 0.56567325 0.0078125 0.5721420953124999 0.016421271874999997 0.610368634375 0.012462415625 0.6703125 0.025475384375 0.6703125 0.0258895171875 0.6423739859375 0.030224156250000002 0.6485727406249999 0.032225721875 0.6375861109375001 0.031826246875000005 0.627782190625 0.02345656875 0.622737621875
0 0.08129101718750001 0.4890625 0.065873825 0.520048690625 0.0640625 0.5316908015624999 0.0640625 0.66964040625 0.12561778437499999 0.6984375 0.1915610890625 0.6984375 0.2222843390625 0.6801516546874999 0.24478269375 0.6589342015625 0.271381225 0.6117957296875 0.280838096875 0.54034585 0.27681520625 0.501625428125 0.2715194671875 0.4890625 0.08129101718750001 0.4890625
1 0.6316453734375 0.4890625 0.6234375 0.5371797265625 0.6234375 0.5725027140625001 0.6279151031250001 0.6098807171875 0.6364749125 0.6386788921875001 0.6389098359375 0.640625 0.6565127546875 0.640625 0.6596489562500001 0.6363232265625001 0.6596489562500001 0.5231266984375 0.64998015625 0.4890625 0.6316453734375 0.4890625
1 0.5546875 0.4890625 0.5546875 0.61873144375 0.55725706875 0.6203125 0.56762430625 0.6203125 0.5722003046874999 0.6111007296875 0.5816595687499999 0.57687018125 0.5865284546874999 0.5409229609375 0.5803196125 0.4890625 0.5546875 0.4890625
1 0.6957815109375 0.4890625 0.6971854000000001 0.5010498625 0.6918896328125 0.5566645046875001 0.6960082390625 0.6125 0.6965910734375 0.6125 0.7108129671875 0.580872340625 0.7213834125 0.576003675 0.7213834125 0.5226699906250001 0.715397175 0.5037231015625 0.713454303125 0.4890625 0.6957815109375 0.4890625
1 0.7492778375 0.4890625 0.7501950828125 0.5241716625 0.7421875 0.5544070515625 0.7421875 0.597812934375 0.7498311937500001 0.6171043859375 0.7528483671874999 0.6474552250000001 0.7505044109375 0.675 0.767132746875 0.675 0.7718542546875 0.664487190625 0.77959951875 0.6127707546875 0.78048859375 0.5822151984375 0.7683254828124999 0.5176744046875 0.7700331234375 0.4890625 0.7492778375 0.4890625
1 0.799602621875 0.4890625 0.7994181593749999 0.5002835609375 0.7894012625 0.5307891203125 0.7890625 0.533027846875 0.7890625 0.652114934375 0.7944102421875 0.65625 0.8063527734375 0.65625 0.81255023125 0.654568403125 0.8273093421875 0.5893588015625 0.8249506312499999 0.53933153125 0.8172575328124999 0.503165878125 0.818513446875 0.4890625 0.799602621875 0.4890625
1 0.853577965625 0.4890625 0.846875 0.5185954578125 0.846875 0.5752093406250001 0.8563207484375 0.6279295359375 0.8613150874999999 0.634375 0.8777263109375 0.634375 0.880596090625 0.6314372921875 0.8830179109374999 0.617626434375 0.8830179109374999 0.5233757109375 0.87416136875 0.4890625 0.853577965625 0.4890625
1 0.8992176593749999 0.4890625 0.8953125 0.511784053125 0.8953125 0.551350003125 0.8982860437500001 0.580642359375 0.9072587390625 0.6139756921874999 0.9122365203125 0.61875 0.9266828593749998 0.61875 0.9299446187499999 0.6155020671875 0.9299446187499999 0.5002396375 0.926811859375 0.4890625 0.8992176593749999 0.4890625
1 0.7822527078125 0.4890625 0.77843736875 0.5031871203125 0.778125 0.5055270578125 0.778125 0.544756509375 0.7850913875 0.5721945234375 0.787529203125 0.6125 0.7913716171875 0.6125 0.7890945984375 0.5885880390625 0.79199335 0.549480628125 0.8026237984375 0.49593802656249997 0.8021637343750001 0.4890625 0.7822527078125 0.4890625
1 0.7417519546875 0.4890625 0.734375 0.5244746171875 0.734375 0.5687988749999999 0.7432511234375 0.5765625 0.7469460296875 0.5765625 0.7571964625 0.51710266875 0.7547415390625 0.4890625 0.7417519546875 0.4890625
1 0.667515809375 0.4890625 0.6625 0.5086600515625 0.6625 0.6162167625 0.6627056296875 0.6171875 0.664957690625 0.6171875 0.6659033140625 0.6156139984375 0.6702447265625 0.55999924375 0.6839611375000001 0.5036740921875 0.6847675765625001 0.4890625 0.667515809375 0.4890625
0 0.750953165625 0.5983506937499999 0.7391959874999999 0.5823784703125 0.72517803125 0.5726562484375 0.70507601875 0.5754340265625 0.69206595625 0.589322915625 0.6845023703124999 0.608072915625 0.684375 0.609110521875 0.684375 0.6604589796875 0.6948284875 0.6927951375 0.7065856640625 0.708767359375 0.7242085515625 0.7203125 0.7372526328125 0.7203125 0.7538209390625 0.7032118046875 0.7595267203125 0.686266853125 0.7595267203125 0.6190960703125 0.750953165625 0.5983506937499999