1 0.29140625 0.6234375 0.26015625 0.5630208328124999 0.25546875 0.5244791671875 0.25546875 0.4640625 0.25234375 0.44322916718750005 0.236328125 0.42604166718750003 0.222265625 0.42395833281249995 0.207421875 0.43333333281249997 0.19921875 0.4515625 0.20234375 0.4848958328125 0.21796875 0.5401041671875 0.22109375 0.5651041671875 0.21953125 0.5869791671875 0.20625 0.6442708328125 0.20546875 0.6817708328125 0.2140625 0.7223958328125 0.2328125 0.7609375 0.248046875 0.784375 0.26796875 0.7869791671875 0.282421875 0.78125 0.29375 0.7619791671875 0.29375 0.7411458328125 0.30078125 0.6953125 0.30078125 0.6588541671875 0.29140625 0.6234375
1 0.4171875 0.4921875 0.4140625 0.4671875 0.4171875 0.43177083281249995 0.41484375 0.3963541671875 0.405859375 0.384375 0.395703125 0.38125 0.387109375 0.3854166671875 0.37890625 0.40260416718750003 0.37890625 0.4234375 0.3875 0.4661458328125 0.3890625 0.49322916718750004 0.375 0.5526041671875 0.375 0.5807291671875 0.3828125 0.6171875 0.3984375 0.6567708328124999 0.405859375 0.6625 0.41796875 0.6619791671875 0.42890625 0.6546875 0.43828125 0.6192708328125 0.4421875 0.5932291671875001 0.44140625 0.5609375 0.434375 0.5338541671875 0.4171875 0.4921875
1 0.4984375 0.5713541671875 0.5046875 0.5765625 0.51484375 0.5380208328125 0.51640625 0.5130208328125 0.5109375 0.47864583281249995 0.502734375 0.459375 0.49453125 0.5411458328125 0.4984375 0.5713541671875
1 0.47109375 0.3765625 0.47265625 0.4067708328125 0.476953125 0.41979166718750005 0.4953125 0.4296875 0.4984375 0.4244791671875 0.50078125 0.37447916718749996 0.493359375 0.3604166671875 0.483203125 0.3572916671875 0.47421875 0.3661458328125 0.47109375 0.3765625
1 0.49765625 0.5723958328125 0.49453125 0.5536458328125 0.49453125 0.5213541671875 0.5015625 0.4671875 0.49921875 0.44427083281249996 0.491796875 0.42604166718750003 0.471484375 0.41875 0.457421875 0.42604166718750003 0.45078125 0.4369791671875 0.4484375 0.4484375 0.44921875 0.48072916718750003 0.45859375 0.5401041671875 0.45859375 0.5671875 0.43828125 0.6380208328125 0.43515625 0.6828125 0.44453125 0.7317708328125 0.4625 0.7776041671875 0.470703125 0.7885416671875001 0.48828125 0.7901041671875 0.500390625 0.784375 0.509375 0.7661458328124999 0.525 0.7067708328125 0.5265625 0.6713541671875001 0.52109375 0.6348958328125 0.49765625 0.5723958328125
1 0.5890625 0.4838541671875 0.59375 0.3942708328125 0.584765625 0.378125 0.571484375 0.3760416671875 0.56171875 0.3828125 0.55703125 0.40260416718750003 0.5625 0.45885416718750005 0.56171875 0.4859375 0.546875 0.5307291671875001 0.5421875 0.5578125 0.5421875 0.5786458328124999 0.54609375 0.6046875 0.559375 0.6484375 0.568359375 0.6552083328125 0.58125 0.6557291671875001 0.590625 0.6484375 0.59609375 0.6328125 0.60625 0.5973958328125 0.60859375 0.5734375 0.60390625 0.5328125 0.5890625 0.4838541671875
1 0.74921875 0.6671875 0.74453125 0.6213541671875 0.72890625 0.5713541671875 0.7296875 0.5296875 0.74140625 0.47760416718750004 0.74453125 0.44114583281249997 0.734765625 0.41875 0.720703125 0.41041666718750003 0.711328125 0.41041666718750003 0.702734375 0.415625 0.690625 0.4348958328125 0.68828125 0.4546875 0.6921875 0.5432291671875 0.6890625 0.5609375 0.6625 0.6192708328125 0.6546875 0.6619791671875 0.65703125 0.7088541671875 0.67265625 0.7703125 0.687109375 0.784375 0.7046875 0.7859375 0.720703125 0.7802083328125 0.725 0.7744791671875 0.72421875 0.7588541671875 0.7375 0.7317708328125 0.7453125 0.7057291671875 0.74921875 0.6671875
1 0.98671875 0.6203125 0.9765625 0.5848958328125 0.97109375 0.5484375 0.9796875 0.5036458328125 0.99609375 0.45677083281249997 0.99921875 0.4328125 0.990234375 0.4125 0.973046875 0.403125 0.948828125 0.409375 0.9359375 0.4244791671875 0.93203125 0.44635416718750004 0.92890625 0.5286458328125 0.92421875 0.5463541671875001 0.88984375 0.6015625 0.88046875 0.6276041671875 0.87578125 0.6546875 0.8796875 0.7026041671875001 0.89375 0.7588541671875 0.914453125 0.7729166671875001 0.93828125 0.7734375 0.94375 0.7703125 0.9484375 0.7546875 0.97265625 0.7192708328124999 0.9859375 0.6838541671875 0.9890625 0.6640625 0.98671875 0.6203125
1 0.7703125 0.4234375 0.77265625 0.3921875 0.765234375 0.3770833328125 0.752734375 0.371875 0.741015625 0.3770833328125 0.7328125 0.3932291671875 0.73203125 0.41197916718750005 0.74375 0.4328125 0.7453125 0.46302083281249995 0.7296875 0.5369791671875 0.72890625 0.5557291671875 0.7296875 0.5703125 0.74453125 0.6182291671875 0.74921875 0.6453125 0.7546875 0.6494791671875 0.7734375 0.5994791671875 0.77734375 0.5807291671875 0.778125 0.5494791671875 0.76171875 0.4848958328125 0.7625 0.45885416718750005 0.7703125 0.4234375
1 0.552734375 0.340625 0.541015625 0.34375 0.53671875 0.3526041671875 0.53984375 0.4140625 0.528125 0.4546875 0.528125 0.47864583281249995 0.53203125 0.5005208328124999 0.53984375 0.5265625 0.54609375 0.5286458328125 0.55625 0.5036458328125 0.5625 0.4671875 0.55625 0.41302083281249996 0.56171875 0.3567708328125 0.559375 0.3473958328125 0.552734375 0.340625
1 0.635546875 0.35104166718749996 0.623046875 0.353125 0.61484375 0.3692708328125 0.6171875 0.43072916718750004 0.60390625 0.47239583281249997 0.59921875 0.5005208328124999 0.59921875 0.5130208328125 0.6109375 0.5713541671875 0.617578125 0.5760416671875 0.63125 0.5765625 0.63828125 0.5755208328125 0.65234375 0.5130208328125 0.6515625 0.4848958328125 0.63984375 0.44322916718750005 0.64453125 0.3682291671875 0.635546875 0.35104166718749996