1 0.07851536875000001 0.1697766859375 0.075167228125 0.19156068125 0.0689857671875 0.21101529531250002 0.0689857671875 0.3529255484375 0.0742483828125 0.366292559375 0.087569571875 0.3906173609375 0.0876095671875 0.390625 0.11874825468750001 0.390625 0.1221996640625 0.3894944765625 0.135100853125 0.37088343125 0.1368014625 0.350050096875 0.1475740546875 0.3046262859375 0.15 0.274907240625 0.15 0.26511674531249996 0.1440661609375 0.23220525625000002 0.1177479296875 0.16996848281250002 0.1162065578125 0.131153803125 0.121138328125 0.0707371359375 0.11971393749999999 0.0497217921875 0.105101315625 0.0316014875 0.0912088765625 0.028699106250000002 0.075599853125 0.03720955625 0.0689857671875 0.049324640625 0.0689857671875 0.1019681125 0.0774311 0.144594675 0.07851536875000001 0.1697766859375
1 0.250353053125 0 0.24790157031249999 0.00516755 0.247659153125 0.026000881250000003 0.25575594687500003 0.068158503125 0.25700330312499997 0.0951417078125 0.2442438 0.147271690625 0.2442438 0.194839590625 0.2493109171875 0.21950055625 0.2644753234375 0.25808259375 0.268472321875 0.2609375 0.2854654453125 0.2609375 0.294968315625 0.2540467359375 0.3047554265625 0.2180292921875 0.3078125 0.1989341734375 0.3078125 0.15653467031249998 0.3018430875 0.1328629484375 0.2851404234375 0.09229770625 0.2823063265625 0.067497965625 0.2858434359375 0.0318810390625 0.2840972265625 0 0.250353053125 0
1 0.37279382031249997 0.06235681562499999 0.3712685140625 0.1441140109375 0.3776406484375 0.1742541625 0.380662375 0.1765625 0.384375 0.1765625 0.384375 0.088793 0.3825729328125 0.0813276390625 0.372876896875 0.06235681562499999 0.37279382031249997 0.06235681562499999
1 0.340190571875 0 0.340190571875 0.0220511515625 0.34020938125 0.022127464062499998 0.35040648750000003 0.028125 0.3607511921875 0.028125 0.36131111875 0.027315018749999996 0.36482505 0 0.340190571875 0
1 0.3133624796875 0.0843370109375 0.3178907421875 0.14387565156249998 0.31567995 0.17095898437499998 0.3031874203125 0.204700025 0.3031874203125 0.3826221671875 0.309497996875 0.3921875 0.33219998125 0.3921875 0.3397479625 0.3888760515625 0.350220371875 0.3708037078125 0.3706921109375 0.3117014421875 0.375 0.2774694265625 0.375 0.2741761984375 0.372652965625 0.239758259375 0.3543172953125 0.1768491578125 0.35272284531250003 0.15804460781250002 0.35535879062500003 0.1257529421875 0.3668116265625 0.0717090078125 0.3663385484375 0.0487514296875 0.36040470625 0.030392715625 0.3406874203125 0.022746490624999997 0.32602970625 0.029792696875000003 0.3184962609375 0.0406142859375 0.3152171765625 0.05203170625 0.3133624796875 0.0843370109375
1 0.42528469218750004 0 0.424145125 0.0043145984375 0.4279771671875 0.060405475 0.42640787187500007 0.0875115390625 0.41026081718749996 0.132735115625 0.408887234375 0.1395633953125 0.408887234375 0.21234824687499998 0.4193358546875 0.2500797359375 0.4255560921875 0.2546875 0.4435935640625 0.2546875 0.4505858546875 0.249170453125 0.4565092453125 0.2333863296875 0.46769601562499996 0.1976741453125 0.46875 0.1893463890625 0.46875 0.15069865 0.4672314484375 0.1331590078125 0.45381224062500003 0.084632584375 0.4606927734375 0 0.42528469218750004 0
1 0.4080026109375 0 0.40915419531249997 0.0185067125 0.397908159375 0.058175120312499995 0.3981869390625 0.082133453125 0.40234772812499997 0.10432731718749999 0.41006196250000004 0.1296875 0.41833446875 0.1296875 0.42660284062500003 0.10942927656250001 0.428125 0.100036728125 0.428125 0.0392808328125 0.42554832343750004 0.0188042765625 0.42717058437500005 0 0.4080026109375 0
1 0.48470727187499996 0 0.48701819375 0.0344101796875 0.47494932343749996 0.0756904 0.471080175 0.10367900781249999 0.4714438875 0.11617900781249998 0.484859965625 0.17485332343749999 0.48940277656250003 0.178125 0.512658334375 0.178125 0.5171875 0.155156915625 0.5171875 0.070794534375 0.5100381578125 0.047569409374999996 0.5116300109374999 0 0.48470727187499996 0
1 0.6060268296875 0.3327034765625 0.6094695406249999 0.2381088359375 0.608228703125 0.2359375 0.5735715203125 0.2359375 0.568844540625 0.24071220468750001 0.572465403125 0.33207848281249996 0.5474167296875 0.44010655 0.5474167296875 0.5054944015625 0.5484603078125 0.5109375 0.5485950296875 0.5109375 0.555924728125 0.47886304687500003 0.5715065703125 0.4480256734375 0.5928588968749999 0.4244517015625 0.6203125 0.406107828125 0.6203125 0.3888899421875 0.6060268296875 0.3327034765625
1 0.6735572515625 0.42816165625 0.6904293671875 0.4431667 0.7015625 0.4609345796875 0.7015625 0.397723290625 0.6836207437499999 0.3549654375 0.6780138828125 0.3342002859375 0.6736561984375 0.24247907500000002 0.658222796875 0.23661325 0.6568310015625001 0.23661325 0.6276696390625001 0.23980459999999998 0.6275748171875 0.2530195 0.64159815 0.3098003046875 0.6459950015625 0.34449525312499996 0.6468009859375 0.3639533359375 0.6399449515625 0.41414425 0.6735572515625 0.42816165625
1 0.9115704499999999 0.56875 0.9138629359374999 0.557991803125 0.915625 0.532780375 0.915625 0.45905905156250004 0.914011353125 0.4411069296875 0.9000477968749999 0.362856375 0.9049228796875 0.3031341515625 0.915625 0.2385581390625 0.915625 0.2379770046875 0.8709683937499999 0.23485475781249998 0.867156965625 0.2479855609375 0.8704221375 0.313463359375 0.8664540468749999 0.362074471875 0.8577154874999999 0.39022395468750004 0.8577154874999999 0.56875 0.9115704499999999 0.56875
0 0.6996268578125 0.56875 0.7015625 0.5458701296874999 0.7015625 0.5237171015625 0.6931285953125 0.473675440625 0.6723907546875 0.4316126265625 0.652818840625 0.4168638171875 0.6116907781250001 0.4168638171875 0.5866472578125 0.4325690265625 0.57195424375 0.45169017343749995 0.5589961 0.47691332343750004 0.549335328125 0.5081200734375 0.5489722703125001 0.5138478609375 0.5489722703125001 0.56875 0.6996268578125 0.56875
2 0.51875 0.7262848953125001 0.4981701703125 0.7244919578125 0.490588540625 0.7180032453124999 0.49662690937500004 0.6504409875 0.49075894531250003 0.6421914281250001 0.42252977812500003 0.6382175328125 0.401839365625 0.64166409375 0.326537034375 0.64099954375 0.3126930375 0.643914534375 0.30094061875 0.6404390515625 0.22846920312500002 0.6371483984374999 0.2239369921875 0.6317676234375 0.22454989687500002 0.6178484 0.220244434375 0.6096898453125 0.2165147734375 0.6169152437500001 0.21197431406249997 0.618046284375 0.21404940312499998 0.624679440625 0.21121436562499998 0.6305614515625 0.19588345000000001 0.6324595109375 0.17869595 0.631458453125 0.1800564390625 0.6147917875 0.1677831859375 0.6112859671875001 0.16301598125 0.6151947859375 0.161214365625 0.6276492828125 0.1557037015625 0.6310496359375 0.1352400375 0.63171841875 0.131673909375 0.6273242390625 0.1354035703125 0.6200988421875 0.13600823125 0.6126914343750001 0.13408018593749998 0.607462334375 0.1210593515625 0.6067039578125 0.1150993140625 0.6124039578125 0.1142679046875 0.6225891421874999 0.1107608703125 0.63029266875 0.10577928437499999 0.6272115406250001 0.056669784375 0.6262118953125 0.0147090328125 0.6209769749999999 0.00056270625 0.6275956703125 0 0.6275962390625 0 0.72046558125 0.013392521874999999 0.7204454046875 0.0700121890625 0.72560378125 0.0918198515625 0.7212919640625 0.10119485156250001 0.7218379968749999 0.10453835468749999 0.7257540453125 0.11681985156250001 0.7227480484375001 0.1761948515625 0.7262062484375 0.24539834843750002 0.7246549234375 0.4332762609375 0.7309459265625 0.437812596875 0.7330707953125 0.4421180578125 0.7412293484375 0.4438743265625 0.764589840625 0.449519665625 0.7723612703125 0.45209929375 0.7796875 0.51875 0.7796875 0.51875 0.7262848953125001
1 0.11726723593749999 0.56875 0.11320694843750001 0.5754162625 0.11101587187499999 0.584809028125 0.111256578125 0.6088497265624999 0.113746790625 0.6125 0.12786283125 0.6125 0.1309943765625 0.6122110484375 0.134385178125 0.6115311359375 0.1375 0.6050957546875 0.1375 0.5914623375 0.13712218437499998 0.577584646875 0.13308423593750002 0.56875 0.11726723593749999 0.56875
1 0.1433308828125 0.7160003265625 0.1069481328125 0.717562634375 0.10257533125 0.7310840171875 0.1021548171875 0.7514907515625 0.10449787968749999 0.7801944578125 0.10973919531250001 0.8060658359375001 0.1260454328125 0.859375 0.14398577031249998 0.859375 0.1455956140625 0.8587565625 0.146875 0.8548997890625 0.146875 0.7250366265625 0.1433308828125 0.7160003265625
1 0.158644465625 0.5843654953125 0.15794584218750002 0.5899533906250001 0.15794584218750002 0.6109375 0.180968653125 0.6109375 0.183166234375 0.6099837421875 0.184375 0.5900917609375 0.184375 0.5843161296875 0.1782299984375 0.5713699171875 0.1672924984375 0.5711153453125 0.158644465625 0.5843654953125
1 0.1921875 0.7200909265625001 0.1921875 0.7197637765625 0.18926150625 0.7146879265624999 0.15465975781250002 0.7168656875 0.147045146875 0.736668546875 0.146875 0.7376541703124999 0.146875 0.8575238640624999 0.1490391546875 0.8655904375000001 0.1495103984375 0.865625 0.1672010703125 0.865625 0.17285456875 0.8613699125000001 0.1811453 0.8364790062499999 0.1833866703125 0.7706837156249999 0.1921875 0.7200909265625001
1 0.2014845921875 0.5859132171875 0.2014845921875 0.6109375 0.2246762484375 0.6109375 0.225 0.6102783265625 0.225 0.5848429 0.22193121875 0.5761958953125 0.21683065156249998 0.5726437359375 0.2089912109375 0.573796984375 0.2014845921875 0.5859132171875
1 0.225872278125 0.8533670093750001 0.2359375 0.8012914875 0.2359375 0.7316086687500001 0.232773384375 0.7152461828125001 0.2310780796875 0.712690175 0.20801437968749997 0.712690175 0.19880430468750002 0.7136645625 0.1935492140625 0.7228357921875 0.1874045765625 0.7619246375 0.1874045765625 0.8054948968750001 0.1882359640625 0.8303615953125 0.193418940625 0.8604435546874999 0.197299690625 0.8703125 0.219618415625 0.8703125 0.225872278125 0.8533670093750001
1 0.6198009499999999 1 0.6194716640625 0.9928421437499999 0.613167840625 0.9680467296874999 0.6189330671875 0.9040441828125001 0.6170338546874999 0.8888346 0.6117671671875 0.8820492796874999 0.6117874624999999 0.84111115625 0.60825163125 0.8419078953125 0.6063388296875 0.8808195171875 0.5956976296875001 0.8977817 0.595199090625 0.9685695687500001 0.5863968374999999 0.9894632062500002 0.5863968374999999 1 0.6198009499999999 1
1 0.699031021875 0.9823839124999999 0.7015625 0.961568309375 0.7015625 0.9531853140625 0.6924847828125 0.9690278187499999 0.6880935218750001 0.9832127046875 0.689565875 0.9890625 0.6924266 0.9890625 0.699031021875 0.9823839124999999
1 0.7203126859375001 1 0.7169916203125 0.9492266984375 0.728125 0.8883240156250001 0.728125 0.8845299624999999 0.7248140203125001 0.8738327218749999 0.7140705859375001 0.8689012296874999 0.7046875 0.8837007234375001 0.7046875 0.9913420453124999 0.70800813125 1 0.7203126859375001 1
1 0.6344113625000001 0.9805187296875001 0.6380466703125001 0.98125 0.6441193546874999 0.98125 0.64937898125 0.9724365640624999 0.65 0.9689347171874999 0.65 0.88737743125 0.647691909375 0.8793355453125 0.6485858609374999 0.815355728125 0.64341335 0.8016032328125 0.642685834375 0.780769896875 0.6397817046875 0.775988346875 0.6379446 0.8017623546875001 0.6298358609375 0.815901296875 0.6323631484375 0.865878565625 0.6255206703125 0.8938836609375 0.6239962078125 0.9398079265625 0.6281397281250001 0.9688836609374999 0.6344113625000001 0.9805187296875001
1 0.5439315953125 0.99375 0.5548625546875 0.99375 0.5579768015625 0.9897904531249999 0.559375 0.9841807796875 0.559375 0.901885603125 0.555234534375 0.88827401875 0.5560859421875 0.8272904531249999 0.54811183125 0.8127638359375 0.547055840625 0.7890889515625 0.5442972234375001 0.7867824156250001 0.54186183125 0.8122536499999999 0.53575728125 0.82424346875 0.539464084375 0.8744985609375 0.5306870484374999 0.9251221749999999 0.5310264328125001 0.9542888421875 0.541619034375 0.9926178875 0.5439315953125 0.99375
1 0.590625 0.9059677468749999 0.590625 0.8340131484375 0.586370546875 0.815985784375 0.5862627203125 0.7854529593749999 0.5755744015625 0.780284965625 0.5714593828125001 0.786409940625 0.573089296875 0.8155993390624999 0.567405071875 0.8348619265625 0.5661120484375 0.8709048421875 0.5741940234375 0.9072205406249999 0.577249959375 0.9109375 0.5869672921875 0.9109375 0.5905598609375 0.906309025 0.590625 0.9059677468749999