1 0.01017229375 0 0.01674496875 0.035212659375 0.033031725 0.10645053593750001 0.038035028124999995 0.1562798125 0.0196954953125 0.1988562890625 0 0.240559578125 0 0.3296875 0.18747025 0.3296875 0.1207538359375 0.1594510015625 0.1356495109375 0 0.01017229375 0
1 0.14506944375 0 0.14007145000000001 0.172830778125 0.20338186249999998 0.3296875 0.2827370234375 0.3296875 0.2827370234375 0.23143889374999999 0.23918735937500002 0.1278417734375 0.24733742187500002 0 0.14506944375 0
1 0.3796875 0.3296875 0.3796875 0 0.325375278125 0 0.321975634375 0.103763153125 0.363765996875 0.208618275 0.371334625 0.251435621875 0.364215046875 0.31878471406250003 0.36500389843750003 0.3296875 0.3796875 0.3296875
1 0.24852735468749998 0 0.2363281625 0.14468363281250002 0.29265299843750003 0.27951600781249997 0.29050424375 0.3296875 0.35638484375 0.3296875 0.35638484375 0.23134518750000002 0.33951153437500003 0.178740628125 0.31071983593749997 0.10292505625 0.3164732046875 0 0.24852735468749998 0
1 0.5855644328125 0.3296875 0.5827178796875 0.31867590625000003 0.5816940953125 0.2834907203125 0.5854475796875 0.23352102187499998 0.5841454359375 0.20666613749999999 0.5777113140625 0.191353515625 0.5697102234375 0.18482658125 0.5639810562500001 0.18479325 0.5553424234375 0.192149146875 0.5499859687499999 0.2138735578125 0.55778070625 0.30279274843750004 0.5572239890625 0.31945335625000004 0.5552031953125 0.3296875 0.5855644328125 0.3296875
1 0.5006786859375 0.3296875 0.4961117 0.31353233281250004 0.49399145468750005 0.2949287828125 0.4958916578125 0.22965570937500002 0.494327715625 0.2028038578125 0.48848996875 0.18712218593750002 0.48163206093749994 0.1801127265625 0.46905196250000003 0.1801127265625 0.46645318125 0.1825587671875 0.46011450312499996 0.202775628125 0.46157058749999996 0.227775628125 0.47060788281250004 0.293941521875 0.46863384999999996 0.32234761875 0.46700431406250004 0.3296875 0.5006786859375 0.3296875
1 0.3796875 0.3296875 0.41434976562500003 0.3296875 0.4125503734375 0.32426922812500003 0.407686971875 0.303045665625 0.405495071875 0.2761938140625 0.40624402968749995 0.22144295937499997 0.4043544625 0.1982948109375 0.40017130781250004 0.18540458437500001 0.39517735 0.1785631796875 0.38959110625000004 0.17405477656249999 0.3812577734375 0.1742487359375 0.3796875 0.1755256609375 0.3796875 0.28474611875 0.3819476359375 0.3073554953125 0.3796875 0.3201927703125 0.3796875 0.3296875
1 0 0.7052592078125001 0.014044815625000002 0.7458972234375 0.0320793703125 0.825634678125 0.032861357812500006 0.9200185281250001 0.022885271874999998 0.975 0.08502704531250001 0.975 0.0941989984375 0.9690397078124999 0.11910770468750001 0.906940603125 0.11910770468750001 0.7096219749999999 0.0693694734375 0.5545111359374999 0.0779720125 0.3775999953125 0.060285534375000005 0.3435795390625 0.040295840625 0.331665828125 0.0148413984375 0.33446709218750004 0 0.35573692343749996 0 0.5198590796875 0.0020568390625 0.5364234046874999 0 0.5421029859375001 0 0.7052592078125001
1 0.10691042656250001 0.3296875 0.09375 0.35243382031250003 0.09375 0.3780604703125 0.095830115625 0.41377468593749994 0.110023265625 0.456034853125 0.11225678750000001 0.4943829359375 0.11004560625 0.523560715625 0.09375 0.5599326109375 0.09375 0.57551950625 0.144885928125 0.75246345 0.1490093515625 0.823259909375 0.1413449578125 0.8930941375 0.1479261046875 0.9053746640625 0.1813012078125 0.909375 0.1877173875 0.909375 0.2092108234375 0.900101896875 0.2111032484375 0.8954488250000001 0.2111032484375 0.62908086875 0.17009029375 0.51378298125 0.16734134375 0.46658534375 0.17834485 0.42051030625 0.17721691875 0.36757333125 0.152756196875 0.3296875 0.10691042656250001 0.3296875
1 0.1890625 0.3296875 0.1890625 0.3546199421875 0.190402740625 0.3846768265625 0.2064865765625 0.461144353125 0.1926192765625 0.5323980890625 0.2456372875 0.6996251328125 0.24981845625000001 0.84730066875 0.2552479421875 0.853125 0.28434955156249997 0.853125 0.294383971875 0.8506965796875001 0.2979963203125 0.845482328125 0.2979963203125 0.5709686656249999 0.2643859328125 0.4952622171875 0.2631708578125 0.3356958171875 0.25939360312500004 0.3296875 0.1890625 0.3296875
1 0.749205590625 0.8582803453124999 0.762659653125 0.8006574078125 0.767621375 0.75216469375 0.7634908859375 0.6764542984374999 0.7438325171875 0.598171025 0.7486628312500001 0.4617047140625 0.7396013890625 0.4410535828125 0.7204274703125 0.4410535828125 0.7118426765625 0.4491409125 0.7109375 0.4516635328125 0.7109375 0.5561222390625 0.71141706875 0.61246970625 0.7109375 0.61438515 0.7109375 0.8662002874999999 0.7112706890625 0.8672739187499999 0.7190135203125 0.871875 0.7267421015625001 0.871875 0.7409581890625001 0.869523503125 0.749205590625 0.8582803453124999
1 0.90172170625 0.8286986796875 0.914693246875 0.8718224124999999 0.918505259375 0.8954517046875001 0.9307426671875 0.9267676109374999 0.9402770234375 0.9328125 0.9501281328125 0.9328125 0.9613730656249999 0.9325004281249999 0.9739201859375001 0.9207698687499999 0.976532259375 0.9020842 0.976532259375 0.7106800453125001 0.9763712296874999 0.7097087546875 0.9626588500000001 0.6679693640625001 0.9603689265625001 0.642960271875 0.9471819140625 0.619276440625 0.9410125624999999 0.541475934375 0.9386282187500001 0.45953149218749995 0.9278154609375001 0.4435197265625 0.9144026234375 0.43344971406250005 0.8921707578125 0.44676332656250006 0.8890625 0.47118615156250004 0.8890625 0.47294287500000004 0.8905410234375001 0.49813403593750005 0.9030546109375 0.55236433125 0.9049741703125 0.6032583859375 0.9061050046875 0.6421226250000001 0.9028941203125 0.6820718609374999 0.8977117437499998 0.7186789390625 0.8938552031250001 0.7731067640625 0.90172170625 0.8286986796875
1 0.6325418265625 0.8255157328125 0.6360866609375 0.828125 0.6503724156249999 0.828125 0.6503724156249999 0.6558000078124999 0.62436616875 0.5850218078125 0.610539859375 0.467781184375 0.6003117921875 0.450547490625 0.5830794906250001 0.450547490625 0.5789928890625 0.4534566 0.5765625 0.463652634375 0.5765625 0.489501175 0.578348984375 0.502475178125 0.594003834375 0.5576622109375 0.597912246875 0.598067534375 0.59220514375 0.673627375 0.5952514140625 0.7125800375 0.6008564265625 0.74206556875 0.6189359203125 0.7988328078125 0.6325418265625 0.8255157328125
1 0.672989671875 0.54337940625 0.6664881890625 0.5212662859374999 0.6538645093750001 0.4241531671875 0.6454789546875 0.4125203578125 0.6350959546875 0.40997896874999995 0.6265625 0.420167025 0.6265625 0.445590765625 0.645192428125 0.538460284375 0.6440566249999999 0.6108461593750001 0.669710071875 0.685391565625 0.677130915625 0.7283562 0.6798624203125 0.73125 0.6846486453124999 0.73125 0.6846486453124999 0.5693224171875 0.672989671875 0.54337940625
1 0.49773978124999996 0.7366934171875 0.5142043046875 0.7828540578125 0.522522740625 0.7953125 0.535009021875 0.7953125 0.5394323812499999 0.795232403125 0.5411577249999999 0.79313493125 0.5411577249999999 0.6432083390625 0.5126610171875 0.57473893125 0.5002434109375 0.4717974984375 0.49127600625 0.457023234375 0.484421028125 0.4546875 0.48144392499999994 0.4546875 0.4734528328125 0.4593827859375 0.46875 0.4706666859375 0.46875 0.4955486203125 0.48029976406249997 0.5379186499999999 0.4890973640625 0.5866752328125 0.4858316953125 0.64347420625 0.4873068921875 0.6865115796875 0.49773978124999996 0.7366934171875
1 0.8012705546875001 0.746875 0.803125 0.74455393125 0.803125 0.60333783125 0.7945451046875001 0.5715203703125 0.7853047546874999 0.5494981703125 0.776320290625 0.5094022296875 0.77299305 0.4219204140625 0.76260103125 0.40061993281249997 0.7547077062499999 0.3980239953125 0.74701644375 0.4023724984375 0.7390625 0.42592990625000005 0.7390625 0.43041065624999997 0.7398842515625 0.439368984375 0.7542970515625 0.4779487484375 0.7580284171875 0.579319453125 0.76364540625 0.611154796875 0.7863960703124999 0.667608278125 0.7942759828125 0.6966112890625 0.8003362390625 0.746875 0.8012705546875001 0.746875
1 0.8013789625000001 0.478642759375 0.7923338921874999 0.38265923125 0.7829167609375001 0.364772440625 0.7806174421875001 0.3642592859375 0.7725193156250001 0.3642592859375 0.7671875 0.36871590625 0.7671875 0.39761793125 0.77708451875 0.42039663125000004 0.78544974375 0.5066579359375 0.7945162406249999 0.5473362328125 0.804469678125 0.5673313890625 0.8170639265624999 0.6078125 0.8172067796875 0.6078125 0.8172067796875 0.5201440921875 0.8013789625000001 0.478642759375