1 0.409375 0.4796875 0.409375 0.11038281718750001 0.40533729999999996 0.112937934375 0.38876878125 0.27330073125 0.3734375 0.30423695156249997 0.3734375 0.4796875 0.409375 0.4796875
1 0.11055716093750001 0 0.10538366562499998 0.0083640109375 0.114898834375 0.13306731562500002 0.096875 0.1981844421875 0.096875 0.23480883125 0.0988339171875 0.2828841296875 0.1147026125 0.3458829296875 0.1376492234375 0.364955003125 0.1939628265625 0.3703125 0.198044178125 0.3703125 0.22100708593750001 0.3432066640625 0.2228800015625 0.32220394375 0.2228800015625 0.1993428828125 0.20124621718750002 0.1347180875 0.19000920937500002 0.0177267828125 0.18020445624999998 0 0.11055716093750001 0
1 0.28706361875 0.0255482703125 0.282230378125 0.0255482703125 0.23738241875 0.0468248203125 0.2296875 0.15516056250000002 0.2296875 0.43754537656250003 0.24204853124999998 0.4421875 0.25895063125 0.4421875 0.2969544421875 0.43858497500000004 0.31445144375 0.4057948515625 0.334385946875 0.3122999328125 0.31059044999999996 0.2009891921875 0.32130914375 0.0586625765625 0.28706361875 0.0255482703125
1 0.0373665046875 0 0.040075295312499995 0.0910467328125 0.03125 0.1140098078125 0.03125 0.309375 0.0619167453125 0.309375 0.0595769078125 0.23072938125000003 0.09458790156249999 0.126330375 0.0947689328125 0.015944857812499998 0.10262903281249999 0 0.0373665046875 0
1 0.2953125 0 0.2953125 0.028224003125 0.3227882203125 0.058345121874999996 0.3227882203125 0.1961229 0.34452703281249997 0.3125 0.355505734375 0.3125 0.3672326640625 0.3096084234375 0.37167710781249996 0.28717919687500004 0.389685890625 0.184301875 0.37167710781249996 0.1360680859375 0.357654421875 0 0.2953125 0
1 0.6866805359375 0.104135328125 0.6883347390625 0.07547414218750001 0.6835028375000001 0.0606852875 0.6750696453125 0.055852492187500005 0.6621486703125 0.06242841406250001 0.6549312437499999 0.0791210421875 0.6524755578125 0.11152845 0.6534039796875 0.16758477968750002 0.6505380890625 0.19174388281250002 0.646875 0.204208715625 0.646875 0.4 0.6645655046875 0.4 0.6659313703125 0.3984522265625 0.6820501218749999 0.342844746875 0.687911459375 0.30647854375 0.6898760078125 0.2805526203125 0.68885588125 0.25302993125 0.6773812390625 0.185871903125 0.6795265781250001 0.1507292328125 0.6866805359375 0.104135328125
0 0.96453715 0.28375162187499997 0.9472686390625 0.2860805515625 0.93223404375 0.298339575 0.9234375 0.3130865859375 0.9234375 0.36287119218749997 0.9260644546875 0.371875 0.9778144984375 0.371875 0.9790752015624999 0.3717382828125 0.9896884359375001 0.3538646359375 0.991597840625 0.32612937343750004 0.9872110265625 0.3053432609375 0.9783914093749999 0.29089452968749996 0.96453715 0.28375162187499997
1 0.38125 0.4796875 0.38125 0.6625 0.39512493593750003 0.6625 0.4027074640625 0.6489931078125 0.409375 0.6249153062499999 0.409375 0.5072511078125 0.4062612859375 0.4996308375 0.40495295000000003 0.4796875 0.38125 0.4796875
1 0.2773150671875 0.9431583781249999 0.2946759046875 0.9176092499999999 0.299502071875 0.8979097140625001 0.29578595937499996 0.82512765 0.285559665625 0.7735615593749999 0.2717398375 0.7409048968749999 0.2322949328125 0.704134628125 0.21906550781249998 0.6824615328125001 0.198214075 0.6193520328125001 0.1872236875 0.5499217015625 0.1805394625 0.5332302062500001 0.171893534375 0.525662146875 0.155608796875 0.5256124875 0.1390117015625 0.5379990578125 0.13125 0.5504886453125 0.13125 0.6134544125 0.1598291765625 0.6679913703125 0.178822909375 0.725736634375 0.1882686609375 0.8394200890625001 0.21035272656249998 0.9017394875000001 0.2347801890625 0.93284076875 0.2511414875 0.946875 0.2725027765625 0.946875 0.2773150671875 0.9431583781249999
1 0.209375 0.4796875 0.209375 0.66812238125 0.21860190937500001 0.6941923796875 0.253274146875 0.7296875 0.26328006406250004 0.7296875 0.264782503125 0.6957705093750001 0.26089920312500003 0.6438923015625 0.24916595312499998 0.608416784375 0.2420647078125 0.5631648890625 0.24364490781249998 0.52043555 0.24963270781250002 0.4796875 0.209375 0.4796875
1 0.8665302859375 0.4796875 0.8592987234375 0.502068784375 0.81862525625 0.5675023375 0.8125 0.5854234828125 0.8125 0.7921875 0.8201382140625 0.7921875 0.8582952171875 0.720237771875 0.8737420406249999 0.6803285156250001 0.8873267890625 0.624007684375 0.8943335734375001 0.5212936781249999 0.8979402484375001 0.5044356921875 0.904763753125 0.4796875 0.8665302859375 0.4796875
1 0.7578125 0.4796875 0.7578125 0.68125 0.769031825 0.68125 0.7746259515625 0.6755490125 0.8024893546874999 0.5698517984375 0.8055443125 0.5172015671875 0.8021129312499999 0.4796875 0.7578125 0.4796875
1 0.45989914687500005 0.4796875 0.4560359734375 0.525205671875 0.4578469453125 0.569650115625 0.4773658046875 0.6469945609375001 0.48974089843749996 0.67334879375 0.49202823125000006 0.675 0.5141647375 0.675 0.5155221484375 0.6748503796875001 0.5171875 0.672121528125 0.5171875 0.5127288328125 0.517075609375 0.5121337125000001 0.5039982249999999 0.4796875 0.45989914687500005 0.4796875