1 0.221875 0.5890625 0.221875 0.552006878125 0.18371440625 0.42065670468749994 0.2184634390625 0.1876868484375 0.2030194265625 0.146899109375 0.17852296875 0.1279894640625 0.1511752125 0.1279894640625 0.13159085312500002 0.13093623125 0.102633325 0.1652839640625 0.0949113171875 0.273756075 0.10649432968749999 0.40228502343750006 0.044718265624999996 0.5741856140625 0.044718265624999996 0.5890625 0.221875 0.5890625
1 0.35250380312499996 0 0.3380959984375 0.0220961296875 0.331213678125 0.1659762703125 0.2855413859375 0.2766797984375 0.285781296875 0.3179169109375 0.30951710781249997 0.41720432343749997 0.2984738953125 0.5093131953125 0.3042669359375 0.5109375 0.32546194375000004 0.5109375 0.3753041171875 0.44680044375000005 0.39802030781250003 0.3708301234375 0.3816466390625 0.210136796875 0.3928697859375 0.14895576093750001 0.425 0.0538624828125 0.425 0.0148564 0.412005603125 0 0.35250380312499996 0
1 0 0.5890625 0.014938725 0.5890625 0.018297353125 0.567371003125 0.0612288546875 0.47751319218750005 0.0703125 0.42186630625 0.0703125 0.404947015625 0.0387436640625 0.2947602671875 0.06065016875 0.073988490625 0.03735425 0.033426996875 0.0067063015625 0.025931801562500002 0 0.02893035 0 0.5890625
1 0.2971477046875 0.5890625 0.315625 0.5538622656250001 0.315625 0.3519124109375 0.302853684375 0.313140175 0.2969629125 0.24097522656249998 0.315625 0.1672811359375 0.315625 0.0649972671875 0.312703240625 0.05612714375 0.2775704765625 0.02701276875 0.243662978125 0.0365132546875 0.22516245937499998 0.069524146875 0.2364491578125 0.2550012921875 0.218258290625 0.362619653125 0.2254113734375 0.45024851874999994 0.25874994375 0.5281971671875 0.2702027046875 0.5890625 0.2971477046875 0.5890625
1 0.0388782578125 0 0.0388782578125 0.016049190625 0.0535841796875 0.07420028749999999 0.0388782578125 0.15958495 0.0388782578125 0.33911954375 0.0554763703125 0.390625 0.057035740625 0.390625 0.0680222625 0.34183718281250003 0.0622981796875 0.2646523765625 0.0720181109375 0.1872878609375 0.0859446953125 0.15622524531249998 0.0879875671875 0.02744911875 0.09391291874999999 0 0.0388782578125 0
1 0.116884884375 0 0.116884884375 0.12138359375 0.11795621406250001 0.1296875 0.1476086765625 0.1296875 0.1726188484375 0.126922925 0.1732192953125 0.116613646875 0.17738052499999998 0.1114590078125 0.1785814171875 0.0908404484375 0.18274264375 0.085685809375 0.1836433140625 0.0702218921875 0.1878045421875 0.065067253125 0.18870521406250002 0.0496033359375 0.192866440625 0.044448696875 0.19375 0.0292785625 0.19375 0 0.116884884375 0
1 0.20402578437500002 0 0.2054304703125 0.0043703359375 0.20648035937500003 0.040452809374999996 0.19950827499999998 0.0656408703125 0.19699713593749998 0.11174005312499999 0.18957509374999998 0.121464190625 0.18987506406250002 0.13177346875 0.22273575937499998 0.171875 0.2257143171875 0.171875 0.224324128125 0.12409731718749999 0.220313140625 0.1186501078125 0.224024159375 0.11378803906249998 0.223124253125 0.0828602015625 0.23380735625 0.052810075 0.2563734421875 0.033946934375 0.2640059015625 0 0.20402578437500002 0
1 0.3857454859375 0.28050799375 0.38469530625 0.306281190625 0.3881596 0.3109375 0.3922086921875 0.3109375 0.400769428125 0.28982757656249997 0.40139953593750005 0.2743636578125 0.4046875 0.270000696875 0.4046875 0.20810268125000003 0.4041299953125 0.2073533484375 0.4046875 0.1936712359375 0.4046875 0.191791846875 0.40110913437500006 0.18698221875 0.39913845000000003 0.14083788749999998 0.3941959859375 0.1341947921875 0.393573490625 0.1341947921875 0.390786334375 0.15679665468749998 0.386715296875 0.1621987171875 0.3860851890625 0.1776626359375 0.3820141515625 0.1830646984375 0.38138404531250003 0.198528615625 0.3796739859375 0.2007977796875 0.3796739859375 0.2627539296875 0.3857454859375 0.28050799375
1 0.8171875 0.5890625 0.8171875 0.44400541875000005 0.814092271875 0.43377983125 0.8098502109375 0.336320809375 0.8015911171875001 0.32064990312499997 0.7930052 0.3183107578125 0.790175696875 0.3183107578125 0.7844737796875 0.3228782203125 0.7802328734375 0.339496321875 0.7864153265625 0.38652121250000004 0.7902041000000001 0.43652121250000003 0.7803918125 0.500589234375 0.7815656499999999 0.5368187421874999 0.788889628125 0.578169678125 0.791890734375 0.5890625 0.8171875 0.5890625
1 0.8707860999999999 0.5890625 0.87486979375 0.568201103125 0.875 0.5651302312500001 0.875 0.5047383062499999 0.8733072937499999 0.49232064062500003 0.8623697937499999 0.44726851874999995 0.8597656265625 0.42234429218749997 0.8644531265625 0.362022715625 0.8639322937499999 0.342593425 0.8584635437499999 0.327474771875 0.8475260421874999 0.322237465625 0.8402343765625 0.3280051859375 0.8347656265625 0.34344208906249996 0.8342447921874999 0.36012391093749996 0.8389322921875 0.42387640781249997 0.8342447921874999 0.45827205937500004 0.8217447921875 0.5086357718750001 0.8207031265625 0.5558883031249999 0.8233072921875 0.5798866031250001 0.8252045499999999 0.5890625 0.8707860999999999 0.5890625
1 0.9322139843749999 0.5890625 0.9328125 0.5849796234375 0.9328125 0.5111930265625 0.9308274015624999 0.495729171875 0.9185627296875 0.445957390625 0.9216698749999999 0.35357714375 0.9150382531249999 0.332364621875 0.9061571515625 0.3272192953125 0.897856140625 0.3322894890625 0.8924762734374999 0.34724874843750003 0.896693115625 0.4456092421875 0.8809512984375001 0.5141132984375 0.8801520421875001 0.5557192953125 0.88407145625 0.5890625 0.9322139843749999 0.5890625
1 0.9395927187499999 0.5890625 0.93772359375 0.5547289875 0.9344459921875 0.5521576406250001 0.9328237921875001 0.570153996875 0.9291997671875001 0.5890625 0.9395927187499999 0.5890625
1 0.9426094734374999 0.3338553078125 0.9385816046875 0.325906140625 0.9307608593750001 0.31925494374999996 0.9250316921875001 0.31912159687499997 0.9187899390625001 0.325445484375 0.9179035593750001 0.3305077703125 0.9236574624999999 0.3500491953125 0.926587321875 0.43051989218750003 0.929888221875 0.4518525578125 0.94375 0.4942116890625 0.94375 0.33951269375000004 0.9426094734374999 0.3338553078125
1 0.96754029375 0.5890625 0.9639552390624999 0.5721857640625 0.963444378125 0.5388403078125 0.9657499906249999 0.521211353125 0.9740468468749999 0.49795411562499997 0.98125 0.48728038281249997 0.98125 0.437936934375 0.9802736718750001 0.4302524375 0.9811163359374999 0.370024828125 0.979431109375 0.3450308875 0.9769165187500001 0.3357958703125 0.9716451578124999 0.328909 0.9621407828125002 0.32624030937500004 0.9551078703125 0.3318807140625 0.9503075687500001 0.3462962 0.9514719625 0.3712962 0.9569290734375 0.410142665625 0.9586541015625001 0.44717970312500005 0.9476104 0.5121581484375 0.9487250171875001 0.5584665671875 0.953652421875 0.5890625 0.96754029375 0.5890625
1 1 0.334230146875 0.9974051421875 0.32644084218749997 0.9894927828124999 0.32098225468749997 0.9802176421875 0.3266408375 0.9766885140625 0.3322061875 0.9766885140625 0.34320490625 0.9768160703125 0.34749538125 0.9766885140625 0.348899759375 0.9766885140625 0.4703125 0.9824144640625001 0.4703125 0.9959602750000001 0.465686634375 0.9923359812499999 0.437975525 0.9927272593750001 0.425944546875 0.9961247531249999 0.387975525 1 0.36786529843750004 1 0.334230146875
0 1 0.5890625 1 0.47056584375000005 0.9950520828125 0.4703703703125 0.97734375 0.48148148125 0.9609375 0.5097222218749999 0.9536458328125 0.5375 0.9526041671875 0.5745370375000001 0.9553276921875 0.5890625 1 0.5890625
1 0.2088417921875 0.5890625 0.20390625 0.60810459375 0.203125 0.626182884375 0.245703125 0.67841620625 0.26252749531249997 0.68125 0.2633166671875 0.68125 0.2703125 0.6561723703125 0.26953125 0.625639546875 0.2619416875 0.5890625 0.2088417921875 0.5890625
1 0.3143372296875 0.5890625 0.31338306562499996 0.600823496875 0.31450368906250004 0.6592023328125001 0.32018252812500003 0.695631959375 0.343362728125 0.7198909546875 0.34438355625 0.7203125 0.35426402343749996 0.7203125 0.3661793140625 0.6816499484375 0.3703125 0.6577236531249999 0.3703125 0.5890625 0.3143372296875 0.5890625
1 0.56875 0.5890625 0.56875 0.62975496875 0.5733620015625001 0.6659543515624999 0.5776797625000001 0.6814582921875 0.582051378125 0.76680134375 0.5756636671875001 0.8138475 0.56875 0.848211909375 0.56875 1 0.6328125 1 0.6328125 0.7840417984375 0.6324831234375 0.7825359484375001 0.630208228125 0.7594272656250001 0.6285540234375 0.7306840953125 0.6293825875 0.6794029703125 0.6328125 0.6494811984375 0.6328125 0.5890625 0.56875 0.5890625
1 0.693097465625 1 0.7020182296875 0.971828353125 0.7139973953125 0.9279612765625 0.715625 0.9150997640625 0.715625 0.8384767859375 0.7072265625 0.78371384375 0.7056640625 0.7522778265625 0.7098307296875 0.7095639953124999 0.715625 0.6792850015624999 0.715625 0.6226321875 0.70616771875 0.609375 0.7007923296875 0.609375 0.6871744796875 0.612538040625 0.6785807296875 0.62713994375 0.6759765625 0.6522157171874999 0.6775390625 0.6910591421875 0.6764973953125 0.7466450078125 0.6733723953124999 0.76710630625 0.6494140625 0.8455812 0.6447265625 0.88460648125 0.6457682296875 0.93735395 0.6543739937499999 1 0.693097465625 1
1 1 0.5890625 0.857689178125 0.5890625 0.8558220828125 0.7629620796875 0.8510123796875 0.8311772484375 0.8408273484375 0.8703853593750001 0.83655194375 0.9409456781250001 0.8255186109375 0.9834982968749999 0.8208978171875 1 0.9332056578125 1 0.933682821875 0.9905694859375 0.9381279109375 0.949175834375 0.9507770515624999 0.8860453234375001 0.9512278546875 0.8740386203125 0.9558345515625 0.8604227468750001 0.9674420234374999 0.7972315640625001 0.992874971875 0.694118690625 0.996815390625 0.6554724828125 1 0.640903896875 1 0.5890625
1 0.84375 0.8752037343750001 0.8399613312499999 0.8506733203125 0.840896846875 0.8586423546875 0.84375 0.87589955625 0.84375 0.8752037343750001