1 0.591948421875 0.315773971875 0.5888915109374999 0.272058125 0.5963105296875 0.2102691375 0.5963105296875 0.1901924390625 0.5889040765625 0.168190675 0.5756036328125 0.16006800000000002 0.5578039312499999 0.1656382609375 0.5464140546875 0.1848379875 0.5521457609375 0.26680519999999996 0.556546353125 0.27771300781249997 0.53125 0.3609986796875 0.53125 0.3841705390625 0.5349003765625 0.43637335468750005 0.5532669703125 0.49093353906250004 0.5689587656249999 0.507242359375 0.5717295421874999 0.5078125 0.583902271875 0.5078125 0.5963105296875 0.49501899062500004 0.5963105296875 0.3254420921875 0.591948421875 0.315773971875
1 0.3491552703125 0.28904192968750003 0.35859018125 0.19623037968749998 0.3500716140625 0.1715344328125 0.32850780625 0.16035159375000002 0.3078082765625 0.1901735171875 0.30704515312499997 0.222960403125 0.316809559375 0.2722676703125 0.3159192484375 0.31051903593749997 0.3015625 0.34689562343749997 0.3015625 0.46172655 0.32575877656249996 0.5128740796875 0.3337497171875 0.5140625 0.3469282890625 0.5140625 0.355104059375 0.502283621875 0.37481212343750003 0.436921415625 0.37933880000000003 0.3987123640625 0.37659274531250003 0.3604186828125 0.3491552703125 0.28904192968750003
1 0.1206397109375 0.51875 0.13619454375 0.5018978390625 0.15028633125 0.44737996718749995 0.1537872984375 0.387270678125 0.14510609531250002 0.3488923734375 0.118243075 0.310302503125 0.1206538390625 0.2064350546875 0.11497246093749999 0.1790280234375 0.099404496875 0.1651764140625 0.08849540624999999 0.1650494765625 0.0703125 0.1857141203125 0.0703125 0.2433908640625 0.0798344234375 0.28251465625 0.0769699953125 0.331694984375 0.0703125 0.353262253125 0.0703125 0.4570750484375 0.072649615625 0.46834931874999997 0.0952397328125 0.5178258375 0.102454496875 0.51875 0.1206397109375 0.51875
1 0.257469159375 0.3377575765625 0.2761521203125 0.26655007343750003 0.2790165484375 0.2173697453125 0.270335346875 0.17924531875 0.254063146875 0.14666999687499999 0.25138159375 0.13031886875 0.2604285421875 0.0373803796875 0.2557696703125 0.0237826484375 0.23458802968749998 0.0131075625 0.2171875 0.0290613078125 0.2171875 0.094560984375 0.2199273984375 0.1088417609375 0.22038106562499998 0.1634442578125 0.2171875 0.17075936249999998 0.2171875 0.317636728125 0.22805997968749997 0.3435605609375 0.22956372187500002 0.34375 0.250563125 0.34375 0.257469159375 0.3377575765625
1 0.653112284375 0.15722786718749998 0.6533030328125 0.12444098125 0.66819819375 0.065009159375 0.6683571500000001 0.037686753125 0.652136575 0.012334440625 0.64373653125 0.0119432015625 0.6411226421875 0.0119432015625 0.6247525781250001 0.030189874999999998 0.624148540625 0.1340150140625 0.6057441828125001 0.171419546875 0.596875 0.201491684375 0.596875 0.2794291875 0.6084903859375 0.32459437812499997 0.6206941171875 0.334375 0.6338472281249999 0.334375 0.6357154281249999 0.334061346875 0.652222125 0.31023333124999997 0.6670854937499999 0.2562659890625 0.6674352 0.1961566984375 0.653112284375 0.15722786718749998
1 0.47255222343750003 0.164096784375 0.4651523078125 0.158801578125 0.4658633671875 0.033033878125 0.460090853125 0.019499634374999998 0.449054575 0.0142890640625 0.43099994375 0.02017673125 0.42235418906250005 0.0395140078125 0.4232445 0.077765375 0.4315347265625 0.1213119484375 0.4280255484375 0.1268610625 0.42866148437499996 0.1541834671875 0.4140625 0.201725715625 0.4140625 0.27237530625 0.4328586625 0.33451133906249997 0.443894940625 0.33972190625 0.45188850937499997 0.340625 0.46482088125 0.340625 0.4692222984375 0.3336649640625 0.4800363734375 0.2789165703125 0.4800363734375 0.191369934375 0.47255222343750003 0.164096784375
1 0.34249218593749997 0 0.344009275 0.0289477828125 0.3311821078125 0.060972375 0.3296875 0.086372121875 0.3296875 0.0941791640625 0.3331867765625 0.099223740625 0.3396869515625 0.1540591234375 0.360116525 0.163304 0.3699233875 0.1774416359375 0.37470527656249997 0.1994901328125 0.3756509375 0.2 0.381896240625 0.2 0.3853279859375 0.1945973734375 0.3888810140625 0.1782087421875 0.3888810140625 0.058151668749999996 0.3728138015625 0.02500789375 0.37150319375 0 0.34249218593749997 0
1 0.5275124046874999 0 0.52788866875 0.0012271515625 0.524698365625 0.0068609984375 0.5269286734375 0.0341834015625 0.5173577671875 0.05108494375 0.5109375 0.08976431562500001 0.5109375 0.10658336093750001 0.5140317265625 0.14448921875 0.528955371875 0.19316144531249999 0.5354324125 0.2015625 0.55960263125 0.2015625 0.5605430734375 0.1999017453125 0.5605430734375 0.039171546875000005 0.555573521875 0.027363990625 0.5533398187499999 0 0.5275124046874999 0
1 0.71875 0.559375 0.7932981296875 0.559375 0.7932981296875 0.4904956453125 0.7678319609375001 0.4451421625 0.7612107359375 0.41857893749999997 0.7654741484375001 0.3071574921875 0.74311596875 0.27873410781249996 0.71980535625 0.265918003125 0.71875 0.266251884375 0.71875 0.559375
1 0.8476400734375 0.2859375 0.8563895109375 0.281785503125 0.8684066312500001 0.2663592359375 0.8783309562499999 0.24868489062500002 0.8788486750000001 0.23979600156249997 0.8885141421875 0.22656610000000002 0.8900672984375 0.199899434375 0.894770603125 0.1955067046875 0.89369133125 0.13767721093750002 0.8853201609375001 0.128684890625 0.8777255703125 0.1063592359375 0.8718056015625001 0.1 0.8644238625 0.1 0.8379844296875 0.10144935 0.8359135546875001 0.13700490468749998 0.83121025 0.141397634375 0.8265625 0.17419429375 0.8265625 0.25520596875 0.8407045265624999 0.28382671875 0.84670448125 0.2859375 0.8476400734375 0.2859375
1 0.7850586890625 0.4396477703125 0.8013873046875 0.4484375 0.832397375 0.4484375 0.8510265859375 0.42980829062500003 0.8610978984375001 0.40536044687499995 0.8610978984375001 0.2954188453125 0.8321219875000001 0.2382313328125 0.82932690625 0.18489799843750002 0.8370511781250001 0.163141625 0.834023171875 0.10536384531250001 0.8275386203125 0.09887929375 0.8054141765624999 0.09887929375 0.769462265625 0.09976423281249999 0.765625 0.10655140781250001 0.765625 0.12836105 0.7785557296875 0.2309918046875 0.765625 0.26320701562500004 0.765625 0.27517013437500004 0.772694846875 0.28830373593749997 0.7761886984374999 0.3549704046875 0.76869735 0.38117122187499997 0.7703278140625 0.41228233281250004 0.7850586890625 0.4396477703125
1 0.4828125 0.559375 0.4828125 0.565334878125 0.49070820312499996 0.6379014546875 0.48577609375 0.6797620828125 0.4963686625 0.7008522968750001 0.5034748078125 0.7303728234375 0.50669050625 0.80172973125 0.5048421656250001 0.811049603125 0.5087957734375 0.815625 0.515427434375 0.815625 0.515427434375 0.6530863734375 0.51117186875 0.6392805296875 0.506183746875 0.559375 0.4828125 0.559375
1 0.440625 0.559375 0.440625 0.574031984375 0.4481949890625 0.643064684375 0.44395214843749997 0.67180475 0.45577101249999996 0.6765625 0.4671799515625 0.6765625 0.47142135312500005 0.675973865625 0.47142135312500005 0.6562004703125 0.467401075 0.6420266437500001 0.46437225 0.5614559375 0.4632143953125 0.559375 0.440625 0.559375
1 0.394898765625 0.559375 0.3924927015625 0.565489565625 0.394148615625 0.6062606125000001 0.3931788140625 0.6479272765624999 0.3852190625 0.6765461359375 0.384375 0.6810729703125 0.384375 0.7860030734375 0.3851508828125 0.7913912546875 0.3904888453125 0.8078125 0.40809481875 0.8078125 0.41099859062500005 0.800027609375 0.410757921875 0.7879845125 0.40610991875 0.7638498328125 0.4064475265625 0.70457845 0.41957251093750003 0.6778720515625001 0.41260050625 0.64167003125 0.41751425312499996 0.5648545453125 0.41579917968749996 0.559375 0.394898765625 0.559375
0 0.4492547625 0.8155826906250001 0.463694765625 0.8092648406249999 0.47630334375 0.7941234234375 0.4796625171875 0.7811907625 0.4834176515625 0.7525113 0.48374266875 0.7200857125 0.47916446874999996 0.6913092828125 0.4719274515625 0.67686349375 0.4674017390625 0.6740311718750001 0.4547399515625 0.6766634984375 0.436846040625 0.6703125 0.43530375 0.6703125 0.42609411875000003 0.676330175 0.41711363593749995 0.6873443187499999 0.4109375 0.70137276875 0.4109375 0.80602835625 0.414107740625 0.81054095 0.43533119375 0.815625 0.4475343859375 0.815625 0.4492547625 0.8155826906250001
1 0.93933081875 0.5809711156249999 0.9363446156249999 0.5731552953125 0.929271453125 0.5696091859375 0.925 0.574393084375 0.925 0.6027445859375 0.9286104484375001 0.6350263703125 0.925375509375 0.6657152749999999 0.931268209375 0.6771741859375 0.9332312546875 0.678125 0.9457154937500001 0.678125 0.9457154937500001 0.6479189625 0.9423032796874999 0.6365630390625 0.93933081875 0.5809711156249999
1 0.8600684078124999 0.5862584484375 0.8566872765625 0.5751624890625 0.8509271640625 0.5710276359375 0.8463044109375 0.5719808343749999 0.8453125 0.5743138140624999 0.8453125 0.609904321875 0.8476131546874999 0.639130159375 0.8453125 0.6593779078125 0.8453125 0.7088176515625 0.847162325 0.709375 0.865738540625 0.709375 0.865738540625 0.6521848390625 0.8608958343750001 0.635347671875 0.8600684078124999 0.5862584484375
1 0.9718730578125001 0.5850144078125 0.9661007875 0.5867995921875 0.9619682484375 0.5964763609375 0.962952471875 0.643722825 0.95625 0.67186616875 0.95625 0.6870671296875 0.9660658328124999 0.7046875 0.9798961625 0.7046875 0.984356953125 0.6865760171875 0.9836601046875 0.67174908125 0.976494140625 0.643880396875 0.9796334796874999 0.5985342671875 0.9754757875 0.58690868125 0.9718730578125001 0.5850144078125
2 1 0.716471584375 0.9743955265625001 0.718795384375 0.9316656406250001 0.71886350625 0.922398396875 0.723711340625 0.9051246921875 0.72040768125 0.9015219609375 0.722344390625 0.8985693703125 0.729824534375 0.8913208062500001 0.7318461 0.8709867546875 0.7313929531250001 0.8671254109375 0.722218553125 0.8594422171874999 0.7279559453125 0.855210896875 0.725275146875 0.8511735375 0.730927684375 0.8417985375000001 0.7311458890625 0.8353330265625001 0.7220321000000001 0.7769996921875 0.7233898234375 0.7697726796875 0.7263373171875 0.74420874375 0.7250794703125 0.7417554359375 0.7316215640625 0.73698173125 0.7280269625 0.7298409218749999 0.7346781578125 0.726001128125 0.7264296828125 0.71875 0.7318444359375 0.71875 0.7859375 0.9256704593749999 0.7859375 0.9310908890625 0.7837268109375 0.9499160640625 0.7859375 0.9928753515625001 0.7859375 1 0.7855289359375 1 0.716471584375