1 0.0009356734375 0 0 0.0032886765625 0 0.41261128593749996 0.046753881250000004 0.415625 0.055819099999999996 0.415625 0.0802308296875 0.385318803125 0.0649726484375 0.1799317265625 0.0859375 0.0690220828125 0.0859375 0.0668297265625 0.065812734375 0 0.0009356734375 0
1 0.1197626453125 0 0.0704239625 0.13337426562500002 0.0704239625 0.3619632578125 0.0987403890625 0.471875 0.1863498078125 0.471875 0.20371713281249998 0.4256116859375 0.1912846375 0.25128743125 0.2140625 0.14825379375 0.2140625 0.1457393 0.1857357234375 0 0.1197626453125 0
1 0.294109578125 0 0.24754104531249999 0.188664840625 0.24771525625000002 0.3084738109375 0.27748201093749997 0.41668175312500005 0.320328659375 0.5265625 0.4015625 0.5265625 0.4015625 0.12321191718749999 0.36213226875000004 0 0.294109578125 0
1 0.4362846796875 0 0.43205892187500006 0.03213626875 0.40815115625000004 0.050217018749999995 0.3987439546875 0.121757396875 0.42265035937500006 0.20444651249999998 0.4271546625 0.4157933046875 0.455924278125 0.471875 0.510520028125 0.471875 0.5359136359375001 0.4640459484375 0.5390625 0.4537732734375 0.5390625 0.124397340625 0.5065543875 0 0.4362846796875 0
1 0.4156254234375 0 0.4161194484375 0.0049394109375 0.3954594578125 0.082149796875 0.4061101625 0.1296875 0.40623369218749994 0.1296875 0.41040859999999996 0.0531121015625 0.428125 0.03471959375 0.428125 0 0.4156254234375 0
1 0.1945923078125 0 0.2263607703125 0.140625 0.22818472031249998 0.140625 0.2390625 0.0973481484375 0.2390625 0.07033871875 0.2152626453125 0 0.1945923078125 0
1 1 0.06980251562499999 0.9928921296875 0.054709578125000005 0.9848373437500001 0.0527516296875 0.975893925 0.0527516296875 0.96380605 0.0557252859375 0.95156005 0.0648773828125 0.9479610218750001 0.0976287046875 0.94606301875 0.228522275 0.928393575 0.283636778125 0.928393575 0.43125 0.958016875 0.43125 0.9901066296875001 0.428676315625 1 0.41802032499999997 1 0.29319953593750003 0.986827246875 0.21619648281249998 1 0.0818370359375 1 0.06980251562499999
1 0.8513770078124999 0 0.84823996875 0.0239188375 0.8517091984375 0.1238466765625 0.8285461171874999 0.210849646875 0.8189041843750001 0.28859714062499997 0.8189041843750001 0.29721853125000003 0.82847353125 0.3109375 0.8552351359374999 0.3109375 0.8942646562500001 0.306077021875 0.9125 0.2828288140625 0.9125 0.2319191953125 0.884531846875 0.10478173125000001 0.8851414484374999 0 0.8513770078124999 0
1 0.7547663390625 0 0.7583926359375 0.0575917140625 0.735978384375 0.12143130937499999 0.735978384375 0.2102770953125 0.7643354234374999 0.2171875 0.80130269375 0.2171875 0.8132675875 0.2040769703125 0.8140625 0.16992425 0.8140625 0.1654032953125 0.78773791875 0.0488671296875 0.7905944140625 0 0.7547663390625 0
1 0.69549995 0 0.682220309375 0.0937809890625 0.688531471875 0.1322017203125 0.7128012015625 0.1421875 0.7273669265625 0.1421875 0.7359375 0.13999424062500002 0.7359375 0.0368277625 0.726598690625 0 0.69549995 0
1 0.8800739437499999 0 0.891465909375 0.12037675 0.8960924968749999 0.1359375 0.9208200718749999 0.1359375 0.9234375 0.111985659375 0.9234375 0.065194228125 0.908503196875 0.0219103109375 0.9082482468749999 0 0.8800739437499999 0
1 0.9581674859374999 0 0.9648579546875 0.044620901562499996 0.9939488640625 0.044620901562499996 0.9962952671874999 0 0.9581674859374999 0
0 0.5796875 0.44984631249999996 0.5903125 0.481779371875 0.6030397734374999 0.5009050546875 0.621221590625 0.5118340156250001 0.6557670453125 0.5091017765625 0.6830397734375 0.4899760921875 0.7048579546875 0.4571892078125 0.7157670453125 0.45172472656249996 0.7284943187499999 0.43259904374999997 0.739403409375 0.388883196875 0.739403409375 0.3560963109375 0.7321306812499999 0.3123804640625 0.71213068125 0.2768613390625 0.679403409375 0.244074453125 0.6612215906250001 0.244074453125 0.6357670453125001 0.2713968578125 0.6139488640625 0.2768613390625 0.5975852265625 0.301451503125 0.5975852265625 0.3123804640625 0.5866761359375 0.3342383875 0.5866761359375 0.35063183124999997 0.5796875 0.369010415625 0.5796875 0.44984631249999996
1 0.9329158734374999 0.609375 0.9329158734374999 0.6857901156249999 0.9401204296875001 0.6890625 0.9402451031249999 0.6890625 0.94694339375 0.6819394812499999 0.9532819421875001 0.658164678125 0.95625 0.626026925 0.95625 0.6220393343749999 0.954029746875 0.609375 0.9329158734374999 0.609375
1 0.8989466687500001 0.609375 0.8984375 0.6121200250000001 0.8984375 0.6428392374999999 0.9048692640624999 0.675 0.919421221875 0.675 0.9261309531249999 0.6498198921875 0.928125 0.6275589109374999 0.928125 0.6190795625 0.9263344484375 0.609375 0.8989466687500001 0.609375
1 0.5796875 0.609375 0.5796875 0.6235847296875 0.5887563046875 0.6637537140624999 0.589779853125 0.6640625 0.6 0.6640625 0.6 0.609375 0.5796875 0.609375
0 0.759375 0.9147569437499999 0.7796875 0.8786458328125001 0.78125 0.835590278125 0.768359375 0.804340278125 0.758203125 0.7973958328124999 0.735546875 0.8001736109375 0.72265625 0.817534721875 0.7171875 0.8342013890625001 0.715625 0.8592013890625001 0.71875 0.8786458328125001 0.736328125 0.911284721875 0.759375 0.9147569437499999