1 0.042201121875 0 0.040387340625000004 0.002799178125 0.0660312453125 0.1702368796875 0.042883634375 0.24796921562500002 0.0432002671875 0.3505542359375 0.0970572359375 0.45323013593750006 0.1173822171875 0.4546875 0.1571692921875 0.4546875 0.1734375 0.4316850828125 0.1734375 0.226997803125 0.139930775 0.128513778125 0.1476750171875 0.0074253875 0.1419276453125 0 0.042201121875 0
1 0.22853620624999998 0 0.2095842234375 0.0175217 0.20497187499999997 0.1910763734375 0.19734001406249999 0.2219661453125 0.17142227968749998 0.258063625 0.17142227968749998 0.4863659734375 0.18457874218749998 0.503125 0.2204128 0.503125 0.2651866875 0.47974392187500003 0.309375 0.35613725937499996 0.309375 0.3405405 0.2835984421875 0.1997439234375 0.282493846875 0.1341702484375 0.309375 0.029983851562500004 0.309375 0.019713625000000002 0.291270584375 0 0.22853620624999998 0
1 0.3368895953125 0 0.3358010765625 0.02671416875 0.30466780781249997 0.10977895625 0.30466780781249997 0.1906242890625 0.3169518390625 0.271106896875 0.33528388124999997 0.2984375 0.3381672859375 0.2984375 0.3580823140625 0 0.3368895953125 0
1 0.4608811515625 0 0.4471830359375 0.071628090625 0.43587060624999996 0.165496140625 0.43516396874999996 0.20644945781250001 0.4385310984375 0.267518053125 0.4422565328125 0.29137955 0.4585549203125 0.360687040625 0.47238849062500005 0.3995240046875 0.48631163749999995 0.42905919375 0.5220765859375 0.49538347031249996 0.5324468015624999 0.5047608671875 0.5400204000000001 0.5078125 0.5572739312499999 0.5078125 0.55846524375 0.5077489546875 0.5715093015624999 0.501572225 0.5849249171875 0.4865354234375 0.6171875 0.41534363750000003 0.6171875 0.029966695312500003 0.6096378890625 0 0.4608811515625 0
1 0.0933198921875 0.89777580625 0.103125 0.8842465687499999 0.103125 0.8184329218749999 0.08037608125 0.7232933734375 0.0823592359375 0.5810898859375 0.0702328359375 0.5690872109375 0.0509211171875 0.5690872109375 0.0387864578125 0.5880781828125 0.0353885203125 0.6101318265625 0.043885275 0.7136342578125 0.022893696875 0.7854344156249999 0.0233370828125 0.874783675 0.04013096875 0.9015625 0.04969010625 0.9015625 0.0933198921875 0.89777580625
1 0.131556884375 0.55 0.1319830421875 0.55914976875 0.141874553125 0.6338266546875 0.11998318125 0.7086981859375 0.119909990625 0.7849678875 0.14287295312499998 0.80625 0.1796875 0.80625 0.1796875 0.6727168328124999 0.1753653671875 0.6523173546875001 0.167678246875 0.6032918687500001 0.1719772 0.55 0.131556884375 0.55
1 0.2036903890625 0.55 0.20491254374999998 0.5611711625 0.1823479578125 0.6423031015625 0.1823479578125 0.70983145 0.1901923296875 0.722320459375 0.20710035468750002 0.7234375 0.23813877187500002 0.7234375 0.2484375 0.7159556125 0.2484375 0.6512302765625 0.2352318984375 0.5913613625 0.2327799296875 0.5616052687499999 0.2337573 0.55 0.2036903890625 0.55
1 0.01969160625 0.55 0.0203618703125 0.56589795 0.002688715625 0.653223865625 0.0030066296875 0.7078686750000001 0.027635375 0.7203125 0.035911165625000005 0.7203125 0.0386390640625 0.5823971718750001 0.05 0.5608876484375 0.05 0.55 0.01969160625 0.55
1 0.77689643125 0.8974348734375 0.778573346875 0.950276425 0.7858202921874999 0.971875 0.7886431593750001 0.971875 0.7896999234375001 0.970280709375 0.7854702312499999 0.9636551296875 0.7921875 0.9585515000000001 0.7921875 0.833666353125 0.79097888125 0.829365203125 0.79015289375 0.7611183296874999 0.7791556937499999 0.7438918203125 0.7777448796875 0.7217474859374999 0.776629796875 0.7217474859374999 0.774279115625 0.7233773515624999 0.778245065625 0.7411778171875 0.7694522625 0.7544430921874999 0.76827789375 0.7629039703125 0.7740551250000001 0.819593321875 0.7677901609375001 0.8702948234375001 0.77689643125 0.8974348734375
1 0.8209922078125 1 0.8276345953125 0.9338067859375 0.8316494249999999 0.9182739156249999 0.8375 0.8289651124999999 0.8375 0.8072280624999999 0.83575055625 0.801136009375 0.8325349390625 0.7987478625 0.82367628125 0.7987478625 0.8153028734374999 0.8117899953125001 0.8131974765625 0.8879875671875 0.8036219203125 0.919871921875 0.8036219203125 1 0.8209922078125 1
1 0.9092407390624999 1 0.9095304375000002 0.9924479171874999 0.9234375 0.9298751671875 0.9234375 0.8901121015625 0.9181530468750001 0.88203125 0.9031959234375 0.883420140625 0.894470246875 0.8993923609374999 0.8887891781249999 0.9785590281250001 0.8847776140625001 1 0.9092407390624999 1
1 0.770402178125 1 0.77005879375 0.9988138046875001 0.7678096562500001 0.9003528890625001 0.7595791765625 0.8825161625 0.7462332375 0.8802761718750001 0.7377987156250001 0.8915059828124999 0.7360371625 0.9038557890625001 0.7463625390624999 0.9917563062500001 0.7446794875 1 0.770402178125 1
1 0.72279751875 1 0.7234375 0.993591359375 0.7234375 0.9412602812499999 0.7208442875 0.9202061796875001 0.71385630625 0.8965496171874999 0.71823186875 0.8160031515625 0.7136630046875 0.8013902734375 0.703016509375 0.7929933078125 0.693522875 0.8075243734375 0.6906941140624999 0.8213996265624999 0.695246575 0.8700470984375 0.6942765546875 0.8978248750000001 0.6858350734374999 0.9286402375 0.6858350734374999 1 0.72279751875 1
1 0.6 1 0.6 0.8937712718749999 0.5988199890624999 0.8753295078125 0.5905885828125 0.870420671875 0.58820443125 0.8634625921874999 0.5707919515625 0.891832546875 0.5709373984375 0.916832546875 0.580595209375 0.9654982015625 0.582181796875 1 0.6 1