1 0.447281121875 0.35 0.4513720765625 0.3345451921875 0.45914884687499996 0.2456563015625 0.44712428125 0.178262015625 0.46447415000000003 0.061886396875000006 0.45467779531249997 0.0309175515625 0.43629631093750004 0.0309175515625 0.42210305468750003 0.054584546874999994 0.41903890156249995 0.1715422625 0.4125 0.1893535984375 0.4125 0.35 0.447281121875 0.35
1 0.378112378125 0.35 0.3849446140625 0.3401820875 0.3936932296875 0.251251640625 0.3975882328125 0.2456545265625 0.399529678125 0.21232119374999997 0.38555542656249997 0.1458623140625 0.3894504296875 0.1402652015625 0.39884619374999997 0.040223643749999996 0.3843571046875 0.015625 0.3836835640625 0.015625 0.3696215609375 0.0211324359375 0.35923690625 0.0462363296875 0.3618376125 0.0628614390625 0.356013275 0.1628614390625 0.353125 0.1712865375 0.353125 0.35 0.378112378125 0.35
1 0.33876481875 0.0182916078125 0.3331652 0.0102077875 0.3153080578125 0.011039496875 0.3067836109375 0.025344240624999997 0.3134263921875 0.1307334546875 0.3040053078125 0.175676925 0.303125 0.21173518906250002 0.303125 0.24359456562499998 0.306106759375 0.24789914687499998 0.311133040625 0.29773280468749996 0.321362196875 0.3125 0.34400064218750004 0.3125 0.34967800625 0.3029729 0.34967800625 0.1560864796875 0.33826474218749997 0.12401350468750001 0.33876481875 0.0182916078125
1 0.265132828125 0 0.26110691875 0.011060954687500001 0.2675880484375 0.111248125 0.2578125 0.1487716109375 0.2578125 0.207654603125 0.259783465625 0.2106866109375 0.2646480953125 0.2553182265625 0.2741424453125 0.2752305984375 0.2795804125 0.27828913125 0.290431425 0.28125 0.2925926578125 0.28125 0.3000298671875 0.2731131359375 0.3000298671875 0.1290597796875 0.2924263984375 0.10700276093750001 0.2932497765625 0.012745490625 0.2827971546875 0 0.265132828125 0
1 0.41460803906250004 0 0.4050004453125 0.014284167187499999 0.40333109531250005 0.114096996875 0.3984375 0.1274077140625 0.3984375 0.215625 0.4062851 0.215625 0.41740323281249997 0.185383365625 0.4217705484375 0.102050034375 0.4184902734375 0.096681646875 0.42052835312500003 0.057792759375 0.4243909375 0.052050034375 0.42497324531249997 0.040938921875 0.43656099531250003 0.02371074375 0.43386302812500005 0.007231246875 0.4294444796875 0 0.41460803906250004 0
1 0.79375 0 0.79375 0.140625 0.8019540062499999 0.140625 0.8094102796874999 0.1398717171875 0.8231258468749999 0.0791152703125 0.824313728125 0.031838484375 0.8184732218749999 0 0.79375 0
0 1 0.0102153390625 0.9886444031250001 0.0077659953125 0.9700922000000001 0.0241813390625 0.9579778953125 0.049283189062499996 0.95625 0.0687996875 0.95625 0.09574019218749999 0.9574735859375 0.11483398281249999 0.9661069078125 0.139424459375 0.9802856046875 0.165625 1 0.165625 1 0.0102153390625
1 0 1 0.061558840625 1 0.07754466875 0.9372759546874999 0.08421052968750001 0.8855514187499999 0.0871255828125 0.7817385890625 0.0813269140625 0.7379290640624999 0.06956634843750001 0.6799942078125 0.0629601859375 0.6231671546875 0.067471771875 0.554666825 0.0815755125 0.45588375625 0.0838050609375 0.4086433484375 0.08165078125 0.391867553125 0.072348890625 0.367883590625 0.06548865468750001 0.36022155312500004 0.058899095312500004 0.3573214265625 0.05108991875 0.3573214265625 0.0415303234375 0.359384909375 0.033807221875 0.36653768593749997 0.0265687640625 0.3788103375 0.019078396875 0.399888378125 0.0150706296875 0.45077792656250004 0.017991162499999998 0.5798453890624999 0.014773875 0.6261234984375 0.006833618750000001 0.6638863921875 0 0.6877293703125 0 1
1 0.2744633046875 0.813750475 0.2655853171875 0.7553923828125 0.26825858281250003 0.724836828125 0.27675346093750003 0.6810179203125 0.2785356375 0.66064755 0.2738826859375 0.6457536015625001 0.2693228734375 0.64375 0.2662425515625 0.64375 0.2610238671875 0.6447361625 0.2535239609375 0.653503390625 0.253125 0.6547659359375 0.253125 0.9321637890625001 0.2532377828125 0.9320439765625 0.267947875 0.8823023703124999 0.2729822859375 0.8543577093749999 0.2744633046875 0.813750475
1 0.2078931796875 1 0.2078931796875 0.7421949875 0.19509868125000002 0.6997460296875 0.19189453125 0.6497460296875 0.193991009375 0.5845671937500001 0.1913208890625 0.5429005265625 0.1880046921875 0.5319410921875 0.1813327421875 0.521641796875 0.17044139062500002 0.5148410906249999 0.1596818984375 0.5182559062500001 0.1524034234375 0.5270442656250001 0.1484375 0.5424935515625 0.1484375 0.5988994515625 0.15757886875 0.652674071875 0.16072368125 0.7017481453125 0.1484375 0.7855541359375 0.1484375 0.8865428046874999 0.148810559375 0.8911065234375 0.15371563906250002 0.9187022890625001 0.1743842046875 0.9964959421875001 0.176150725 1 0.2078931796875 1
1 0.2443511671875 0.6142848781250001 0.24117970937500002 0.5997526343749999 0.2299296140625 0.5909311875000001 0.217221375 0.5987764078125 0.20792761875000002 0.618376090625 0.2051385609375 0.6442807953124999 0.2057523109375 0.6731118328125 0.203125 0.71192149375 0.203125 0.959375 0.207152271875 0.959375 0.21201705468749998 0.9539935796875 0.23010660781249997 0.8906140265625 0.2373167953125 0.8500218421875001 0.2377213625 0.8035769890625 0.2286580109375 0.7279403203125 0.22975734062500003 0.7094005796875 0.24067102031249998 0.650374765625 0.2443511671875 0.6142848781250001
1 0.1201715828125 0.6523095140625 0.115625 0.6661130656250001 0.115625 0.8092316109375 0.12050568125000001 0.7850859453125001 0.1327204625 0.7451559828125001 0.142062875 0.6830522796875 0.142836340625 0.66083611875 0.139029440625 0.6502394828125 0.1325821796875 0.6447627140625001 0.1251826578125 0.6466994125 0.1201715828125 0.6523095140625
1 0 0.8145150109374999 0.0114265171875 0.7273474734375001 0.0125 0.7013978046875 0.0125 0.6957502453125001 0.0100075484375 0.6607081 0.0005292531250000001 0.647730425 0 0.6477026875 0 0.8145150109374999
1 0.861582165625 1 0.863978984375 0.9969902718749999 0.8789815734375 0.9623550890625001 0.8624042078125 0.9125534765625 0.8764731453125 0.8567902406249999 0.8614495265625 0.8360491296875001 0.858252871875 0.8359375 0.8436095890624999 0.8359375 0.83162768125 0.84643443125 0.8307220687499999 0.8991414328125 0.80625 0.9382100906249999 0.80625 1 0.861582165625 1
1 0.7702054359374999 0.7700829859375 0.75782046875 0.762395596875 0.7355357734375 0.7689317984375 0.740843534375 0.8180169046875001 0.7203125 0.8673642125000001 0.7203125 0.8678831828125 0.7290737984375 0.9042834171875 0.7471593203125 0.921875 0.77037245 0.921875 0.7733946046875 0.9210732765625 0.7827785859375 0.8995365109375001 0.7827785859375 0.846909296875 0.7694834187499999 0.826298734375 0.7702054359374999 0.7700829859375
1 0.5540506453125 0.794216503125 0.54333374375 0.8062428484375002 0.5475218749999999 0.8565664109375 0.534375 0.8795247859374999 0.534375 0.9469784609375 0.5427600203125 0.9578125 0.5730458796875 0.9578125 0.59413910625 0.912893740625 0.5944351015625 0.8849619734375 0.57575311875 0.8530127203125 0.584216971875 0.8053674828125 0.5714827515625001 0.791354853125 0.5540506453125 0.794216503125
1 0.518036309375 0.7254304234375001 0.4946939453125 0.7370978156250001 0.5010852640625 0.775593778125 0.490625 0.7970864984375 0.490625 0.8563619453125 0.5033659234375001 0.8765625 0.5238198890625 0.8765625 0.530022525 0.8716828984374999 0.54276310625 0.8382239031250001 0.540180534375 0.8084496062500002 0.5246389984375 0.7788261000000001 0.5312066453125001 0.74017934375 0.518036309375 0.7254304234375001
1 0.6896325515624999 0.714432465625 0.6796325703124999 0.7052360234374999 0.66667360625 0.705839596875 0.65723514375 0.7159414 0.6647866203125 0.7524817171875 0.646875 0.7929411875000001 0.646875 0.797200928125 0.6495499015625 0.823461921875 0.6702381515625 0.85 0.6828743562499999 0.85 0.6935121546875 0.8477658015625 0.702973828125 0.8209830640625 0.702973828125 0.7862019453125 0.686589084375 0.75849330625 0.6896325515624999 0.714432465625
1 0.6824544359375 1 0.6824544359375 0.9904437749999999 0.6549937703125 0.9418097859374999 0.6576799078125 0.8858958187500001 0.6334487703125 0.8736644312500002 0.6319642359375 0.8736644312500002 0.6125277265625 0.8905363359375 0.6227495046875 0.9453750687500001 0.6022742765625 0.9828396390624998 0.6015625 0.9924722859374999 0.6015625 1 0.6824544359375 1
0 0.703125 0.7410491046875001 0.7224471687499999 0.7578125 0.7614727609375 0.7578125 0.784269215625 0.7341075 0.7815125999999999 0.704509321875 0.7554801671875 0.687503165625 0.7184872734375001 0.6946905828125 0.703125 0.71045188125 0.703125 0.7410491046875001