1 0.5808504250000001 0.6390625 0.5953125 0.57701493125 0.5953125 0.5522099265625 0.5759664234375 0.451494709375 0.5392261734375 0.373357740625 0.521383975 0.33157937187500003 0.52696754375 0.2816052390625 0.544083246875 0.20978793437499998 0.5574998250000001 0.14169394375 0.5369353484375 0.0805091359375 0.5037663546875 0.0599260796875 0.4591753203125 0.0599260796875 0.439633203125 0.0743881 0.4208409203125 0.121583059375 0.43863382343749996 0.338118815625 0.3732176671875 0.502626340625 0.3732176671875 0.6390625 0.5808504250000001 0.6390625
1 0.4080838625 0.6390625 0.389895309375 0.5570671671875 0.440625 0.40403209375 0.440625 0.281588128125 0.42740402812499995 0.167378578125 0.43840960000000007 0.08776653906250001 0.39508815468749997 0.048760220312500005 0.3595326 0.0477256578125 0.3277501453125 0.06748002343750001 0.318668240625 0.093163784375 0.3209871265625 0.140155575 0.34735646875000004 0.31603260781250003 0.2981613796875 0.4567029890625 0.29643265625000004 0.5499069999999999 0.310121465625 0.6390625 0.4080838625 0.6390625
1 0.2270408625 0.391553653125 0.2578125 0.2971943765625 0.2578125 0.258508190625 0.238319765625 0.0786554546875 0.2578125 0.042034271875 0.2578125 0.037714909375 0.22136769374999998 0.0186554546875 0.190360028125 0.0230999 0.1709289796875 0.04754434375 0.193361809375 0.2475443453125 0.1517103953125 0.3675443453125 0.1640129890625 0.5142110109375 0.20818068125 0.5953125 0.22268229062499997 0.5953125 0.2352321140625 0.5907881296874999 0.234938934375 0.5018441765625 0.222703390625 0.43424691718749997 0.2270408625 0.391553653125
1 0.2949649125 0.6390625 0.28239079375 0.4636823125 0.334375 0.33165115312500004 0.334375 0.32729773125 0.312534721875 0.13383122812499998 0.334375 0.0608463328125 0.334375 0.05931855781249999 0.30142361093750003 0.037628525 0.26586805625 0.0444465375 0.2414236109375 0.07635614375000001 0.2592013890625 0.286280471875 0.232633690625 0.36116702031250003 0.20625 0.45076596718750006 0.20625 0.4549116765625 0.228090278125 0.6178017875 0.24144854843750002 0.6390625 0.2949649125 0.6390625
1 0.7 0.6390625 0.7 0.3981674984375 0.667555334375 0.347979684375 0.644108778125 0.27541788437500003 0.6450575 0.06360716718750001 0.6128539921875 0.0448036859375 0.6118679796875 0.0448036859375 0.571991825 0.057763474999999995 0.55775656875 0.086667503125 0.5767799874999999 0.281990325 0.555653825 0.35171275468749996 0.5664210187500001 0.38444528125 0.63355740625 0.5522480765625 0.6239931015625 0.6390625 0.7 0.6390625
1 0.44638945625000004 0.075 0.4703125 0.052301362500000004 0.4703125 0.045645403125 0.46199586562499995 0.029768290625 0.4177583125 0.0195862 0.3884039171875 0.03874561875 0.4341254484375 0.075 0.44638945625000004 0.075
1 0.559375 0.0859375 0.559375 0.06152949375 0.537516578125 0.039671071875000005 0.49286512968749996 0.033156595312499995 0.4695592046875 0.0564625203125 0.5450944984375 0.0859375 0.559375 0.0859375
1 0.6753317937500001 0.1664137625 0.6738133703125 0.1351115546875 0.678125 0.0946592046875 0.678125 0.051886425 0.6439216140624999 0.0207921859375 0.608443640625 0.023787853125 0.58887031875 0.047417359375 0.6561576109375 0.085689375 0.643522478125 0.12514608124999999 0.6485240296875 0.21229612968749997 0.6654374875 0.3125 0.673570646875 0.3125 0.678125 0.3090933359375 0.678125 0.2890529953125 0.664858809375 0.232515446875 0.6753317937500001 0.1664137625
1 0.7 0.4296875 0.7187557953125 0.4296875 0.72528735 0.4050615640625 0.728125 0.3715236046875 0.728125 0.36653685937499997 0.7176292765625 0.319633340625 0.7210122015625 0.26877820625000004 0.7149459953124999 0.2589297421875 0.7083014765625 0.2583873546875 0.7018657375 0.2697095015625 0.7043402390625 0.318548565625 0.7 0.33405876874999996 0.7 0.4296875
1 0.7563681437499999 0.32260581718750003 0.760585109375 0.28014854375 0.756976421875 0.2734375 0.747578953125 0.2734375 0.7431432484375 0.28096091093750003 0.74345298125 0.3343940484375 0.7357930640625 0.3561864140625 0.7357930640625 0.407006775 0.738138334375 0.42413517812499996 0.74071684375 0.428125 0.7433313046875 0.428125 0.7537668359375 0.42713617031249995 0.761375475 0.4031654265625 0.7625 0.39311002500000003 0.7625 0.3539354359375 0.7563681437499999 0.32260581718750003
1 0.7984375 0.41978757968749997 0.7984375 0.355915875 0.7941949921875 0.340951003125 0.7936123796875 0.2924073 0.7913729046875 0.2867428984375 0.7830310234375 0.2852558984375 0.7779765859375 0.2969294484375 0.7817002875 0.33934316875000003 0.7742642875 0.36898942031250004 0.77498899375 0.39389602031250004 0.7824669296875 0.42273194687500004 0.784428825 0.425 0.797156840625 0.425 0.7984375 0.41978757968749997
1 0.8234375 0.353781778125 0.8208234328125 0.3461501296875 0.8196914078124999 0.302553915625 0.8104517484375 0.2945100078125 0.8055718078125 0.3026360609375 0.8100260890625 0.34621294687500004 0.8054091984375 0.36492672187499997 0.8061747234375 0.38983815625 0.8131532218749999 0.4209424125 0.8206501953125 0.4234375 0.8234375 0.4234375 0.8234375 0.353781778125
1 0.7453125 0.33523403749999997 0.7453125 0.3054653515625 0.7410001859374999 0.296474296875 0.7370742406249999 0.3044601921875 0.73789479375 0.34062309375 0.7315301171875 0.36411519531250003 0.7296875 0.3867496203125 0.7296875 0.39526415937500003 0.7358658171875 0.427796196875 0.7372105484375 0.428125 0.74150063125 0.428125 0.7352481609375 0.38291598125 0.7374600124999999 0.35930304375 0.7453125 0.33523403749999997