1 0.0024738859375000003 0 0.0060878265625 0.0134077796875 0.005877353125 0.22406657187499998 0.0562918203125 0.3741775578125 0.0703125 0.3819784171875 0.0703125 0.0484386734375 0.058522284375 0.016155753125 0.05710883906250001 0 0.0024738859375000003 0
1 0.054737540625000004 0 0.054737540625000004 0.459375 0.101844325 0.459375 0.1117344578125 0.4507254484375 0.115905146875 0.30786830468750004 0.1453125 0.1761162984375 0.1453125 0.1750458015625 0.11834170156249998 0.0486090453125 0.1223096234375 0 0.054737540625000004 0
1 0.164364525 0 0.1625367203125 0.1599357375 0.15644321875 0.180320584375 0.15644321875 0.5543108218749999 0.1579817359375 0.55625 0.20368688281249997 0.55625 0.2293074765625 0.51388835 0.23892975781249998 0.38690422343750003 0.265625 0.2775313203125 0.265625 0.27379990468750004 0.23195709375 0.13308849843749998 0.24204193749999997 0 0.164364525 0
1 0.3147514125 0 0.3394411984375 0.15873711875000002 0.299591328125 0.377368596875 0.3060590859375 0.53609875625 0.3482552921875 0.651192978125 0.369824709375 0.6742831609375 0.388059009375 0.675 0.4065218125 0.675 0.43835852500000005 0.6533450390625 0.440625 0.6424106484375 0.440625 0.302144671875 0.407503703125 0.172255925 0.4091914015625 0 0.3147514125 0
1 0.46875 0.0762373921875 0.4678130125 0.1053825625 0.4253976125 0.23295327812500002 0.4253976125 0.543875046875 0.42579407343750003 0.5488455875 0.454611815625 0.55625 0.46875 0.55625 0.46875 0.0762373921875
1 0.2502623421875 0 0.24551026875 0.125938984375 0.292718634375 0.275 0.295904784375 0.275 0.3046875 0.1643168796875 0.3046875 0.1611144671875 0.2732975296875 0.0378251796875 0.2749168875 0 0.2502623421875 0
1 0.43822433906249997 0 0.43699083125 0.0364055609375 0.4137525953125 0.1043426109375 0.4137525953125 0.24375 0.414139271875 0.24375 0.45827740468749995 0.119534665625 0.4599554296875 0 0.43822433906249997 0
1 0.7249546796875 0 0.7284912859375 0.0279633875 0.721980396875 0.0690977875 0.7250181984375 0.103820009375 0.7336462609375 0.1402177265625 0.73941284375 0.1484375 0.74375 0.1484375 0.74375 0.032615564062500005 0.7425537859375 0.0287003734375 0.7410928875 0 0.7249546796875 0
1 0.54638059375 0 0.5452237328125 0.026215278125 0.539202025 0.0475293828125 0.539202025 0.146875 0.5472395984375 0.146875 0.5522199390625 0.1414930546875 0.5597294234375 0.1164930546875 0.5649075234375001 0.0817708328125 0.5589584796875 0.020659721875000002 0.561495240625 0 0.54638059375 0
1 0.50968139375 0 0.5089799328125 0.016429421875 0.5018129734375 0.0405619390625 0.5018129734375 0.1332151203125 0.5028179515625 0.134375 0.5141045656250001 0.134375 0.5280417421875 0.084344078125 0.528125 0.07668869218749999 0.528125 0.0464478921875 0.5224716703125 0.013574378125 0.5241189390625001 0 0.50968139375 0
0 0.5695025953125 0.253826875 0.5703125 0.2518424015625 0.5703125 0.171511715625 0.5576154078125 0.15409969375000002 0.5486163546875 0.1499293125 0.5431611843749999 0.1499293125 0.5309963140625 0.1536383875 0.5197868999999999 0.16654761406250002 0.51295925 0.181390125 0.5092904218750001 0.20655381562500003 0.513660465625 0.23700024531250002 0.529024603125 0.26845361562500003 0.53111860625 0.2703125 0.5532609734375 0.2703125 0.5695025953125 0.253826875
1 0.9594758125 0 0.9596764765625 0.014624409375 0.9517603140625 0.043180131249999996 0.9517603140625 0.1328125 0.9687053515624999 0.1328125 0.9807458921875 0.0909346046875 0.98125 0.07351237968749999 0.98125 0.0548544625 0.9745202265625 0.015402339062500001 0.976341090625 0 0.9594758125 0
1 0.25625 1 0.25625 0.9267886593749999 0.2554584890625 0.9244512874999999 0.249956134375 0.8260039515625 0.238671609375 0.8081310453124999 0.22797713281249998 0.8103356140625 0.22273389687499998 0.825959815625 0.2345384296875 0.9164423109375001 0.22457231718749998 0.9891936062500001 0.22570666562500002 1 0.25625 1
1 0.33248850937499996 1 0.333717690625 0.990686771875 0.3703125 0.9109810078125001 0.3703125 0.8827238859375001 0.36501474375 0.871875 0.353333625 0.871875 0.3509191515625 0.871889046875 0.34327871249999997 0.885122125 0.3177485703125 0.9644024218749999 0.2914044328125 1 0.33248850937499996 1