1 0.2025238578125 0 0.21554205624999997 0.15739860781249998 0.16850815624999999 0.35811505781249997 0.167656653125 0.4296875 0.3390625 0.4296875 0.3390625 0.2914088171875 0.292402125 0.1475385828125 0.29445782343750004 0 0.2025238578125 0
1 0 0 0 0.4296875 0.006599971875000001 0.4296875 0.0088984109375 0.363868815625 0.039885525 0.2506239953125 0.023820578125 0.1577281765625 0.0391794671875 0 0 0
1 0.0639551390625 0 0.06594886562499999 0.14053316875 0.026367448437500003 0.272168003125 0.026367448437500003 0.4296875 0.1276408734375 0.4296875 0.125363525 0.3546010859375 0.1515625 0.25331090624999997 0.1515625 0.23394775625 0.1323061734375 0.122777153125 0.1515625 0.00007516406250000001 0.1515625 0 0.0639551390625 0
1 0.332740746875 0 0.344362978125 0.1578406859375 0.3270374 0.2712427484375 0.34958316875 0.4296875 0.4578125 0.4296875 0.4578125 0.34463569843749997 0.41413097343749994 0.173304603125 0.41674989374999993 0 0.332740746875 0
1 0.43632299375 0 0.4362206484375 0.006817953125 0.4362206484375 0.4296875 0.5208583250000001 0.4296875 0.525 0.4029753140625 0.525 0.38653456406250003 0.5192003546875 0.27961816875 0.49803225624999997 0.20135477656249998 0.52049998125 0 0.43632299375 0
1 0.315048796875 0 0.3125989171875 0.0033223265624999997 0.32248019375000003 0.18888933593749999 0.311496978125 0.24043572656249998 0.322354228125 0.25 0.32334628906249996 0.25 0.3359375 0.18589948125 0.3359375 0.0969132640625 0.3272256359375 0 0.315048796875 0
1 0.159375 0.00012886718750000002 0.1505802375 0.14231987343750002 0.159375 0.1664477953125 0.159375 0.00012886718750000002
1 0.5828125 0.3001704640625 0.5828125 0.264951015625 0.5783557265625 0.24226240625 0.5814021031250001 0.18486106093750002 0.5800982765625 0.1774445625 0.5763051953125 0.174181096875 0.5684280265625 0.17598749687499998 0.5657771031250001 0.1847701578125 0.5647493921875 0.244035475 0.5573170078125 0.2659986734375 0.5573170078125 0.3046875 0.5592050921875 0.3046875 0.5672202656249999 0.30007975 0.5828125 0.3001704640625
1 0.6640625 0.2974748109375 0.6640625 0.2820131671875 0.6576159953125 0.2398831359375 0.6622868703125 0.184254828125 0.6597888546874999 0.176484490625 0.6547099000000001 0.1738885921875 0.6482873953125 0.1778105515625 0.6455339515625 0.1866886921875 0.6451159953125 0.2403196453125 0.6378124640625 0.266634225 0.6378124640625 0.315625 0.6598825796875 0.315625 0.6631494828125 0.3108702359375 0.6640625 0.2974748109375
2 0.55 0.390625 0.8078125 0.390625 0.8078125 0.3691353109375 0.8063880609374999 0.36661696718750003 0.788293603125 0.36975856406249996 0.7871396984375 0.374744865625 0.7893846812499999 0.3804704828125 0.7860666203125 0.3825089484375 0.7840461125 0.3666406625 0.7558402859375001 0.3615670625 0.6073219609375 0.3466724375 0.56261111875 0.345793903125 0.55 0.342539325 0.55 0.390625
1 0.033724492187499996 1 0.0470009078125 0.9799135671875 0.074697925 0.9593265687500001 0.067389946875 0.9149259718749999 0.075 0.8156148140624999 0.075 0.7907636609375001 0.074301640625 0.786184659375 0.0597531078125 0.7646364312499999 0.058097446875 0.6852115265625001 0.0547048921875 0.70164720625 0.053461757812499996 0.7603071124999999 0.0405851328125 0.7831266906250001 0.035859953124999996 0.8031318828125 0.03820460625 0.9204798000000001 0.023980703125 0.976991125 0.023980703125 1 0.033724492187499996 1
1 0.26959679375 1 0.268605775 0.9883594703125 0.253685384375 0.91175293125 0.256483928125 0.8516670953125001 0.26317497031250003 0.79430190625 0.25941016562499997 0.7715807640625 0.2467220421875 0.7505995171875 0.24894585937499997 0.6769650109375001 0.2444897734375 0.694974225 0.24189112499999998 0.7507682156250001 0.226198996875 0.7770253874999999 0.2232504828125 0.788554659375 0.22637124375 0.894139015625 0.22155146406249998 0.9285862453124999 0.2126576671875 0.9608004093750001 0.2126576671875 1 0.26959679375 1
1 0.3585604953125 1 0.3609375 0.9971960546874999 0.3609375 0.9459662578125 0.3506537265625 0.904121846875 0.3504609515625 0.7870742984375 0.3458107875 0.76528645 0.3349275328125 0.7501258859375 0.328313790625 0.6746571078125 0.32500280312499996 0.6850909609375 0.3259875953125 0.7465416921875001 0.317505553125 0.7586942609375 0.3124106296875 0.7768321921875 0.321557584375 0.87034796875 0.32166821875 0.901755778125 0.305216784375 0.9988908484374999 0.3052646078125 1 0.3585604953125 1
1 0.5453125 1 0.5453125 0.9586115609375 0.5301489015625 0.8903409890624999 0.53088520625 0.8402694546875 0.5282949453125 0.8302551499999999 0.53313193125 0.7844754671875 0.5244810859375 0.750140703125 0.515349715625 0.734403934375 0.5112955921875 0.6635884843750001 0.5097635875 0.7372651640625 0.49879110468750004 0.7544325468749999 0.49433475781249997 0.7758917765625 0.502748728125 0.8889103734375 0.49544634375 0.931828828125 0.501672278125 0.9425584421875 0.5134843375 0.9504268249999999 0.5329495609375 1 0.5453125 1
1 0.1119974203125 0.986482196875 0.1130083640625 0.9875 0.115979496875 0.9875 0.127826228125 0.9599110281249998 0.1181338546875 0.9280157453125 0.11836644375000001 0.9036390531249999 0.1253033796875 0.8866684890624998 0.13857313437500002 0.8713534703124999 0.1496757984375 0.81006195 0.15 0.8057834984374999 0.15 0.7716876906250001 0.14890219843750002 0.7670029125 0.138017365625 0.750844396875 0.14260933125 0.6742643125 0.1362838921875 0.699145434375 0.13238129375000002 0.75064758125 0.124136109375 0.7582488578125 0.1141101234375 0.778697553125 0.1119974203125 0.80657865 0.1119974203125 0.8397067734375 0.112653521875 0.8618419328125 0.1119974203125 0.8687303546875 0.1119974203125 0.986482196875
1 0.73988115 0.4296875 0.7436834125 0.4765610546875 0.714788659375 0.595897284375 0.7148474609375001 0.673322971875 0.7260467625 0.7289323953125 0.756940365625 0.8183195921875001 0.7685837 0.8296875 0.8046875 0.8296875 0.8046875 0.8111715171875 0.7887451765625 0.7444456015625001 0.7842772109375 0.692241659375 0.7866581546875 0.6468102 0.8046875 0.5735479515625 0.8046875 0.49781735468750005 0.79503555625 0.4701271734375 0.79579001875 0.4296875 0.73988115 0.4296875
1 0.8905426828125 0.4296875 0.8902308187500001 0.43861810625000003 0.8959627375 0.46390910781250005 0.900430684375 0.5632818828125 0.8599241171875001 0.6804562015625001 0.8599241171875001 0.8752571124999999 0.8801778406249999 0.953815796875 0.8961537343749999 0.9699052546875 0.9011879390624999 0.9703125 0.9354084984375 0.9703125 0.9519444468749999 0.9634944624999999 0.9626587343749999 0.9408249046874999 0.955574675 0.8784814734375 0.9568974359375 0.8027162015625 0.9667739859375001 0.74720681875 0.990625 0.6754356109375 0.990625 0.6672781109375 0.9587493203124999 0.560253484375 0.9751808499999999 0.43069311250000003 0.9751800515625 0.4296875 0.8905426828125 0.4296875
1 0.8064783328124999 0.4296875 0.8199582078125001 0.5179102890625 0.7867419921875 0.6462001109375001 0.788113409375 0.7386847281250001 0.7976664203125 0.7948881359375 0.828138365625 0.889748209375 0.8384512828125 0.8984375 0.89375 0.8984375 0.89375 0.8843436546875001 0.8761006265625 0.8147266875 0.8746312375 0.71887506875 0.89375 0.6503371890625 0.89375 0.57486663125 0.8755627484375001 0.5241287484375 0.87335826875 0.4937177421875 0.8796088375 0.4296875 0.8064783328124999 0.4296875
1 0.8844675109375 0.4296875 0.8849123671875001 0.434154040625 0.882266865625 0.47287457968749996 0.870362103125 0.518329125 0.8862351187499999 0.5671506734375 0.8994626328124999 0.590719696875 0.9060763890625001 0.5536826593749999 0.8994626328124999 0.47287457968749996 0.8915261250000001 0.4392045453125 0.8917753812499999 0.4296875 0.8844675109375 0.4296875