1 0.3313185296875 0 0.334978596875 0.1089315578125 0.29727623125 0.25217996875000004 0.2859375 0.2650470640625 0.2859375 0.4390625 0.4723631609375 0.4390625 0.47244496406250003 0.43885035156249996 0.47577729062499996 0.3498580171875 0.43488678593749996 0.206394446875 0.433984803125 0.096980471875 0.4499821296875 0 0.3313185296875 0
1 0.9735554234375 0.32072834375000003 0.980342940625 0.2610424890625 0.97680051875 0.19415761874999998 0.9624942859375001 0.1339808 0.9630146484375001 0.0922413984375 0.9693854515624999 0.02837069375 0.9400948734375 0.0234375 0.935463434375 0.0234375 0.934375 0.025593517187499998 0.934375 0.088741621875 0.9360704546874998 0.11388173906250001 0.934375 0.1288692890625 0.934375 0.375 0.9458068093750001 0.375 0.9617330281250001 0.366379840625 0.9735554234375 0.32072834375000003
1 0.617578125 0.31475694375 0.6234375 0.31684027812500004 0.641015625 0.3161458328125 0.64765625 0.30711805625 0.65546875 0.24739583281250002 0.672265625 0.230034721875 0.67734375 0.216840278125 0.675 0.1640625 0.66640625 0.0890625 0.6671875 0.06961805625 0.677734375 0.023090278125 0.64609375 0.023784721875 0.64453125 0.0682291671875 0.63984375 0.09322916718749999 0.6171875 0.1432291671875 0.61015625 0.17100694375 0.60625 0.24184027812500003 0.61328125 0.3057291671875 0.617578125 0.31475694375
0 0.700390625 0.3439236109375 0.73828125 0.3515625 0.763671875 0.35225694375 0.7796875 0.341840278125 0.79609375 0.2765625 0.79609375 0.21961805625 0.7828125 0.17100694375 0.771484375 0.1592013890625 0.757421875 0.15225694375 0.713671875 0.15225694375 0.701171875 0.16059027812499999 0.684375 0.19184027812499999 0.67890625 0.22239583281250003 0.6796875 0.2682291671875 0.700390625 0.3439236109375
1 0.29375 0.4390625 0.29375 0.7375 0.30517655 0.7375 0.3166198671875 0.7317312453125 0.32329801874999997 0.724000284375 0.3272331 0.7148137609375 0.350218390625 0.6429794624999999 0.3591878796875 0.6060757703124999 0.364708334375 0.5728030515625 0.36786764843749997 0.5366919390625 0.365922509375 0.47541111562499994 0.3593994578125 0.4390625 0.29375 0.4390625
1 0.2113352703125 0.4390625 0.2109375 0.46805555625000006 0.2166666671875 0.5115740734374999 0.2270833328125 0.5486111109375 0.2401041671875 0.5893518515625 0.2484375 0.596759259375 0.2627604171875 0.5953703703125 0.2734375 0.583796296875 0.2833333328125 0.5106481484375001 0.284375 0.45601851875 0.28211605624999997 0.4390625 0.2113352703125 0.4390625
1 0 0.4390625 0 0.559876546875 0.0005208328124999999 0.5643518515625 0 0.6675925921875 0 0.778611103125 0.0046875 0.8486111109374999 0.017708332812499998 0.9208333328125 0.0270833328125 0.9504629625 0.0459213609375 1 0.21500400625 1 0.2182291671875 0.946759259375 0.2171875 0.89305555625 0.2114583328125 0.8356481484374999 0.2046875 0.7976851859374999 0.19583333281249998 0.771759259375 0.1932291671875 0.753240740625 0.184375 0.7254629625 0.1755208328125 0.708796296875 0.1734375 0.6921296296875 0.1390625 0.616203703125 0.1145833328125 0.580864196875 0.09288194375 0.50987654375 0.08072916718749999 0.44660493749999997 0.08081101874999999 0.4390625 0 0.4390625
1 0.8810391140625 0.4390625 0.8631898796874999 0.5723352203125 0.825 0.6291167375 0.825 0.8765625 0.8502876624999999 0.8765625 0.8647498984374999 0.8645463890624999 0.9035788359375001 0.8037230609374999 0.9266638531249999 0.7404757171874999 0.9301016453125002 0.6829437875 0.916047990625 0.606486615625 0.9189223625 0.5736324078124999 0.9553341312499999 0.46748628906249995 0.9592028812500001 0.4390625 0.8810391140625 0.4390625
1 0.6718889328125 0.4390625 0.6624900484375 0.4592627046875 0.6513435515625 0.50854401875 0.6545282640625001 0.5886261546875 0.6736365453125 0.6502277984375 0.6895601109375 0.6604947375 0.7214072453125 0.6563879625 0.751662021875 0.584519378125 0.76280851875 0.5311312890625001 0.7596238062499999 0.47568980937500005 0.7477125921875001 0.4390625 0.6718889328125 0.4390625
1 0.5157709671874999 0.4390625 0.525547371875 0.514704184375 0.525547371875 0.5742524390625 0.4857384546875 0.6912955593750001 0.4857384546875 0.7262031578125001 0.500069665625 0.8001251281249999 0.5207703031250001 0.8535132187500001 0.5382862265625 0.865833546875 0.5613753984375001 0.8668602406249999 0.5780951437499999 0.8576199953125 0.6067575640625 0.777537859375 0.6147193468750001 0.7179896046875001 0.60516520625 0.63790746875 0.5796875 0.5680922734375 0.588648071875 0.4390625 0.5157709671874999 0.4390625
1 0.822921353125 1 0.8137639328125001 0.9212750249999999 0.7882862265625 0.8596733828125 0.7898785828125 0.8083386812500001 0.8153562890625 0.6954023359375 0.8105792203125001 0.6604947375 0.793859475 0.6409875515625 0.7811206203125 0.6533078796874999 0.7683817671875 0.6533078796874999 0.760419984375 0.6409875515625 0.74768113125 0.6409875515625 0.724591959375 0.666654903125 0.7214072453125 0.8370861140624999 0.680005971875 0.908954696875 0.6656747609375 0.9623427875000001 0.663790740625 1 0.822921353125 1