1 0 0 0 0.3450994453125 0.052382893750000006 0.3386956484375 0.0859375 0.33149408281250003 0.0859375 0.13931315 0.061294281250000006 0.0852847453125 0.0574359859375 0 0 0
1 0.2386026453125 0 0.23789998437499998 0.001870596875 0.23789998437499998 0.18056425 0.24805799999999997 0.19375 0.29422654062500003 0.19375 0.3095036671875 0.19318576406250001 0.333073009375 0.1754079859375 0.351121259375 0.11318576250000001 0.35625 0.0455023734375 0.35625 0.02924321875 0.3493274125 0 0.2386026453125 0
1 0.143500753125 0 0.144618359375 0.0242400796875 0.1176093171875 0.13396817187500001 0.13480406875 0.2282204265625 0.15132952500000002 0.261825284375 0.1771199140625 0.265625 0.2144196578125 0.265625 0.23125 0.2602565921875 0.23125 0.0134219328125 0.228514784375 0 0.143500753125 0
1 0.3799537171875 0 0.396451265625 0.05092321875 0.392689009375 0.1308197875 0.3985888921875 0.1328125 0.4123879171875 0.1328125 0.4296875 0.1253960046875 0.4296875 0 0.3799537171875 0
1 0.0703125 0 0.0703125 0.07243269531249999 0.0752107265625 0.10888815 0.0787496828125 0.1313692328125 0.08429292499999999 0.1328125 0.1017718765625 0.1328125 0.12790265625 0.0184022703125 0.1286524921875 0 0.0703125 0
1 0.795211965625 0 0.7951879046875 0.001153784375 0.7892368203125001 0.0363374984375 0.7721089593749999 0.1050877203125 0.7650541984375 0.1397286515625 0.7587426453124999 0.2012762859375 0.757883059375 0.23038912968749997 0.7586403078125 0.2737718859375 0.7608182296875 0.304514671875 0.768408421875 0.36323540468750004 0.7850868390625 0.441125421875 0.7973991515625001 0.48828538593750004 0.7979844296875 0.4890625 0.8670619578125001 0.4890625 0.8815976531249999 0.4224401875 0.8820200890625 0.41529807031250005 0.890625 0.369384465625 0.890625 0.15732610625000001 0.8859321828125001 0.1379269953125 0.8837683015625 0.1236602640625 0.8630349640624999 0.048539859375 0.8555354968750001 0.010688373437499999 0.85352498125 0.005208025 0.8532116500000001 0 0.795211965625 0
1 1 0 0.9889309859375001 0 0.9885109374999999 0.004635453124999999 0.9827789875 0.033995234375 0.9768069171875 0.056797093750000006 0.9602562125 0.10759804375 0.959520609375 0.1105032328125 0.959520609375 0.4446887453125 0.9602116406250001 0.44824461718749997 0.9626182812499999 0.4522118875 0.9646282187499999 0.453125 1 0.453125 1 0
1 0.860549759375 0 0.860549759375 0.4171875 0.8699612484374999 0.4171875 0.8718904234375 0.41496200468750005 0.8763200765625001 0.40342987968750005 0.9056027609375 0.2985424546875 0.9110311015625001 0.27383075625000003 0.9174697999999999 0.22495651093750002 0.91875 0.1976606828125 0.91875 0.174933996875 0.9178072593749999 0.1519197203125 0.9138881171875 0.1206182375 0.903064925 0.061310165625 0.8989554828124999 0.028910384374999997 0.9000989203125 0 0.860549759375 0
1 0.681896046875 0 0.6819831671875 0.008454420312499999 0.68130451875 0.022713192187500002 0.6764553375 0.053365264062499994 0.6644907859375 0.10255471406250001 0.6584018203124999 0.13757610625 0.654840359375 0.16550630625 0.6529162656249999 0.2121266625 0.6580445109374999 0.31320824062499997 0.6735563125 0.3859298296875 0.6895371515625 0.4465844625 0.6931607109375 0.4515625 0.7479021125 0.4515625 0.7515625 0.4468884125 0.7515625 0.08945058593750001 0.7403798203124999 0.0517367203125 0.7340465171874999 0.021987196875 0.732521003125 0.00714108125 0.7323494984375 0 0.681896046875 0
1 0.54383541875 0 0.5409404062500001 0.026539551562500003 0.5274275359375 0.097169690625 0.517955134375 0.17113927812500002 0.5162212640625 0.195263634375 0.5159685890625 0.22544135625 0.5183775921875 0.2715634921875 0.523627396875 0.3193649 0.5316044265625 0.36280813125 0.5447944046875 0.4150918453125 0.5477999890625 0.4321377375 0.554412571875 0.4585541703125 0.5568822843750001 0.46297282500000003 0.5592976249999999 0.47507319375 0.563506584375 0.4890625 0.6375 0.4890625 0.6375 0.0791817546875 0.6199805406250001 0.0230693515625 0.6148555703125 0 0.54383541875 0
1 0.6376368078125 0.3336341703125 0.631145371875 0.37314583125 0.6265625 0.3952995171875 0.6265625 0.409375 0.6291379390625 0.409375 0.6306536890625 0.40719942187499997 0.6446148015625 0.36004105000000003 0.6453125 0.3495504109375 0.6453125 0.3449610828125 0.64224728125 0.3256961765625 0.6376368078125 0.3336341703125
1 0.587312865625 0 0.587312865625 0.0137868359375 0.6094151562500001 0.1181749859375 0.616328040625 0.1571092609375 0.6198367499999999 0.185386678125 0.62109340625 0.190625 0.6237065234375 0.190625 0.629228371875 0.156759715625 0.634375 0.135888090625 0.634375 0.10730086875 0.6263832625 0.0718243875 0.6199900375 0.0268654046875 0.61990788125 0.0086957015625 0.6204326515625 0 0.587312865625 0
2 0 0.9250494171875001 0.056057128125 0.9206582578125001 0.1673578953125 0.9314897421874999 0.1734375 0.8612473640625 0.1734375 0.852598659375 0 0.852598659375 0 0.9250494171875001
1 1 1 1 0.4890625 0.8710069718749999 0.4890625 0.772498396875 0.724656071875 0.77438354375 0.832656071875 0.8024455140625001 0.9165013421874999 0.855912565625 1 1 1
1 0.5981808921875 0.4890625 0.57993440625 0.52727421875 0.57993440625 0.6809009765624999 0.611534246875 0.721006803125 0.65225405 0.7359375 0.6583202874999999 0.7359375 0.6490382296874999 0.599147971875 0.696968934375 0.4890625 0.5981808921875 0.4890625
1 0.7339839890625 0.4890625 0.690766909375 0.6161590765625 0.701444446875 0.7078492703125 0.79351715 0.8265625 0.7937684296875 0.8265625 0.7921029531249999 0.706582584375 0.846875 0.5714980671875 0.846875 0.509865140625 0.8337123203125 0.4890625 0.7339839890625 0.4890625
1 0.5419803437499999 0.4890625 0.531832346875 0.508678790625 0.531832346875 0.6173836625 0.5615163140625 0.6546875 0.5634756734375 0.6546875 0.5682112078125 0.5530136734375 0.601043190625 0.4890625 0.5419803437499999 0.4890625