1 0.2609375 0.6296875 0.2609375 0.43469776250000003 0.2320902984375 0.3471026203125 0.227533146875 0.2826617328125 0.23231669687499998 0.1537941984375 0.20968076562500002 0.1215083296875 0.1671532140625 0.1215083296875 0.1401069421875 0.14817824375 0.1565587328125 0.268961965625 0.160806928125 0.341900653125 0.1312870859375 0.45687011875000005 0.1274204765625 0.587678540625 0.14241159375 0.6296875 0.2609375 0.6296875
1 0.04898693125 0.6296875 0.0671875 0.617108440625 0.0671875 0.39954226875 0.033630956249999996 0.312935778125 0.0301528953125 0.23826041875 0.029516664062499996 0.1531609703125 0.0184562234375 0.136116296875 0 0.136116296875 0 0.61529715625 0.009338023437499999 0.6296875 0.04898693125 0.6296875
1 0.364668209375 0.59857444375 0.3873702 0.61875 0.421687796875 0.61875 0.4265625 0.614349259375 0.4265625 0.338029446875 0.418602315625 0.3097874109375 0.415411659375 0.2733180671875 0.41466977812500005 0.2212855875 0.41708363437499996 0.15225671406250002 0.37831790625 0.12297796875 0.34456454999999997 0.1509908890625 0.3422758625 0.1922781484375 0.3604094515625 0.2688900171875 0.3625071171875 0.312515846875 0.3303756953125 0.467966378125 0.33629940625 0.5356747093750001 0.364668209375 0.59857444375
1 0.459375 0.122003984375 0.4580122875 0.12134267812499999 0.4370199203125 0.1451466 0.44083671406249997 0.285704978125 0.41793595000000006 0.34339637968750003 0.41793595000000006 0.40589637968750003 0.42938633125000003 0.525488178125 0.459375 0.5281125734375001 0.459375 0.122003984375
1 0.2542990734375 0.459375 0.2521399953125 0.366871615625 0.221294765625 0.289453653125 0.22110863125 0.289453653125 0.2215147328125 0.374751359375 0.2539703328125 0.459375 0.2542990734375 0.459375
1 0.459375 0.58198621875 0.4661857140625 0.6089115640625 0.4763248 0.6171875 0.490625 0.6171875 0.490625 0.2931161953125 0.48341177812499997 0.27084088125 0.4791417 0.2042014890625 0.48087859843749997 0.134893409375 0.47681652343750003 0.097379775 0.46390016406249995 0.0701123453125 0.459375 0.0675980953125 0.459375 0.58198621875
1 0.4921875 0.1067157859375 0.49140625 0.1470072015625 0.49765625 0.2010647734375 0.49765625 0.25384255312500004 0.48125 0.3207955890625 0.49453125 0.41084154375 0.49296875 0.49420215 0.484375 0.5596299328125001 0.489453125 0.574124628125 0.5113430875 0.5765625 0.523565928125 0.5765625 0.527734375 0.5762342015625 0.53515625 0.56152131875 0.5546875 0.4306248453125 0.5515625 0.36123494843750004 0.53125 0.2615895046875 0.53203125 0.20602030937500002 0.5390625 0.1531198046875 0.53984375 0.108661721875 0.531640625 0.084499353125 0.516796875 0.07086956250000001 0.501171875 0.083642296875 0.4921875 0.1067157859375
1 0.652052965625 0.6296875 0.658632975 0.6020141703124999 0.6750282859375 0.5118266203124999 0.678125 0.4712249 0.678125 0.42939438750000003 0.6775550421875 0.41175827031249995 0.654198109375 0.2751249484375 0.6580449328125 0.1888087859375 0.6661913687500001 0.12430474218750001 0.6660646828125 0.0868730921875 0.65831005625 0.061896329687499994 0.64555755625 0.051007328124999994 0.6357740328125 0.051007328124999994 0.61924755625 0.06531385468749999 0.6097661953125 0.0945721078125 0.6088692 0.145960996875 0.611388121875 0.1804098171875 0.6151004265625 0.19117917499999998 0.6136215953125 0.2759013984375 0.581873428125 0.3965542734375 0.5816569406250001 0.3980694078125 0.5816569406250001 0.5737058859374999 0.5906039546875 0.6296875 0.652052965625 0.6296875
1 0.5828125 0.5361111109375 0.58046875 0.490277778125 0.58203125 0.4291666671875 0.59921875 0.34027777812500004 0.58203125 0.2541666671875 0.5890625 0.11944444375 0.58359375 0.1 0.570703125 0.08541666718749999 0.555859375 0.09375 0.5453125 0.1208333328125 0.55078125 0.20833333281250002 0.55078125 0.25833333281250004 0.540625 0.3013888890625 0.54609375 0.34305555625 0.55234375 0.3625 0.55546875 0.43194444374999996 0.54296875 0.5319444437499999 0.547265625 0.5409722218749999 0.55625 0.54305555625 0.579296875 0.5423611109375 0.5828125 0.5361111109375
1 0.6859375 0.6125 0.700390625 0.6104166671875 0.71171875 0.5736111109375 0.7265625 0.4763888890625 0.72734375 0.415277778125 0.7234375 0.3763888890625 0.70546875 0.30416666718749996 0.70078125 0.272222221875 0.70703125 0.102777778125 0.698828125 0.08125 0.680859375 0.071527778125 0.670703125 0.07986111093750001 0.66640625 0.0916666671875 0.66796875 0.1361111109375 0.66328125 0.18194444375000002 0.665625 0.25833333281250004 0.66171875 0.2958333328125 0.6828125 0.40694444374999994 0.6859375 0.440277778125 0.68515625 0.5097222218749999 0.6703125 0.5916666671875 0.6703125 0.60694444375 0.6859375 0.6125
1 0.7921875 0.3458333328125 0.77421875 0.259722221875 0.78125 0.1263888890625 0.774609375 0.10625 0.758984375 0.0951388890625 0.748828125 0.103472221875 0.7453125 0.1125 0.74140625 0.2736111109375 0.76171875 0.365277778125 0.76484375 0.40277777812500004 0.76328125 0.4625 0.75078125 0.5375 0.76796875 0.540277778125 0.77734375 0.5291666671875 0.78984375 0.47083333281249995 0.7953125 0.43055555625 0.79609375 0.3791666671875 0.7921875 0.3458333328125
1 0.7640625 0.3958333328125 0.7609375 0.365277778125 0.74296875 0.2916666671875 0.73984375 0.2666666671875 0.7453125 0.109722221875 0.737109375 0.0923611109375 0.723828125 0.08125 0.7078125 0.10138888906250001 0.7046875 0.29305555625 0.72109375 0.3625 0.728125 0.4138888890625 0.72734375 0.477777778125 0.71328125 0.5694444437499999 0.716015625 0.57430555625 0.728125 0.575 0.739453125 0.5729166671875 0.7484375 0.5458333328125 0.76328125 0.45555555625000005 0.7640625 0.3958333328125
1 0.3532343484375 0.6296875 0.3537057546875 0.636135271875 0.3470543234375 0.6729754546875 0.3466130921875 0.69718623125 0.35671125312499996 0.7455768 0.3633899046875 0.746875 0.36875 0.746875 0.36875 0.6460602578125 0.3663782578125 0.63874536875 0.36629076562499996 0.6296875 0.3532343484375 0.6296875
1 0.3871227484375 0.6296875 0.3874205171875 0.636832028125 0.37834548749999997 0.6740203515625 0.375563553125 0.7043480718749999 0.3840966234375 0.7578125 0.401018278125 0.7578125 0.4013089390625 0.7575523515625 0.406651946875 0.734859871875 0.409375 0.71575085 0.409375 0.6897939609375 0.4009406359375 0.641720475 0.40132390625000003 0.6296875 0.3871227484375 0.6296875
1 0.43333908593750003 0.6296875 0.4343656828125 0.6378649078125 0.433821503125 0.6554211375000001 0.4287632796875 0.6867662515624999 0.42968377343749997 0.703125 0.43340338593750005 0.703125 0.4408813484375 0.6855910046875 0.4484375 0.681141759375 0.4484375 0.6296875 0.43333908593750003 0.6296875
0 0.459375 0.675396825 0.44765625 0.674652778125 0.43203125 0.6839120375000001 0.421875 0.700115740625 0.4140625 0.7241898140625 0.41302083281249996 0.750115740625 0.4171875 0.7797453703125 0.4263020828125 0.799652778125 0.44505208281249997 0.81631944375 0.45677083281249997 0.8177083328125001 0.459375 0.81572420625 0.459375 0.675396825