1 0.1538465328125 0.6015625 0.1583984359375 0.6015625 0.200907015625 0.5956016234375 0.1813547296875 0.5288221953125001 0.1777998203125 0.44538618437500005 0.2140625 0.3495272265625 0.2140625 0.3476668734375 0.196649303125 0.304843415625 0.2055381953125 0.16670344374999999 0.19557464687499998 0.1441265421875 0.1727698484375 0.13773866875000002 0.1581431703125 0.13773866875000002 0.12625279843749998 0.15406444375 0.1255381921875 0.1788520828125 0.1433159703125 0.29812769375000003 0.10331597031249999 0.4108686796875 0.10331597031249999 0.4864242359375 0.138871525 0.5871976796875 0.1538465328125 0.6015625
1 0.2450160046875 0.6428235531250001 0.2602084640625 0.65625 0.3125 0.65625 0.3125 0.6157374375 0.302153265625 0.5793163890625 0.2920604046875 0.5190941203125 0.3125 0.44140865781249994 0.3125 0.36907473125 0.29116650625 0.33180588437499997 0.2975121375 0.19754019375 0.2727433140625 0.1676337953125 0.229968278125 0.1676337953125 0.21831953125 0.17109736874999998 0.2086232484375 0.20375590937500002 0.233621653125 0.34029054375 0.20647024218749999 0.4180215984375 0.19010555 0.4497193796875 0.2059031203125 0.51286873125 0.20973092656249998 0.5518674046875 0.2450160046875 0.6428235531250001
1 0.3897247765625 0.6796875 0.39172637187500003 0.565016221875 0.4234375 0.4701859546875 0.4234375 0.46419791874999994 0.3861733390625 0.3740085421875 0.3976223046875 0.22723844375 0.3869373359375 0.21595873906250002 0.3558267625 0.20328529843749998 0.3320216421875 0.20593004218750002 0.308733415625 0.22827275937499997 0.32183866562499996 0.3820660046875 0.27756722031250003 0.48636083125 0.27703679999999997 0.4933193171875 0.27703679999999997 0.5952956578124999 0.2852190046875 0.6474073890625001 0.300102259375 0.6796875 0.3897247765625 0.6796875
1 0.559375 0.6796875 0.559375 0.5075639 0.55914135 0.5055100671874999 0.5222955671875 0.420741690625 0.5359844015624999 0.2736745671875 0.49753422656249996 0.2432463515625 0.462082115625 0.24624201874999999 0.44085782812499996 0.27884627968750003 0.44424951874999996 0.3482729875 0.45908776875 0.40374815000000003 0.4174363546875 0.521937178125 0.41023601718749997 0.5654124375 0.4112370515625 0.6371305390625001 0.4144171703125 0.6796875 0.559375 0.6796875
1 0.5890625 0.2204272 0.5505166609375001 0.1910791359375 0.518618534375 0.20087519843749999 0.5068241703125 0.23263673125 0.5459727562500001 0.27755185937500004 0.53796531875 0.3859131546875 0.5447635 0.437319125 0.5890625 0.563535878125 0.5890625 0.361585859375 0.58695190625 0.3530248796875 0.5890625 0.3205578109375 0.5890625 0.2204272
1 0.3625 0.2061996921875 0.3625 0.1623747609375 0.3326468375 0.1370731453125 0.30574724375 0.13934080937499999 0.2855406828125 0.1687961515625 0.2855406828125 0.17741527968749998 0.29500441875 0.2165743921875 0.2855406828125 0.2767826453125 0.2855406828125 0.3565020859375 0.30037743125 0.3734375 0.304367653125 0.3734375 0.3034274609375 0.2261888734375 0.3623698546875 0.20868301093750002 0.3625 0.2061996921875
1 0.504530590625 0.1387308609375 0.47919481406250003 0.1291026125 0.45449151875 0.14025951406249998 0.44484769999999996 0.1582560203125 0.44484769999999996 0.16243101875 0.46421073437500004 0.1797609796875 0.463960478125 0.2375 0.4904131984375 0.2375 0.51586016875 0.20415636875 0.5171875 0.1866397328125 0.5171875 0.1567990796875 0.504530590625 0.1387308609375
1 0.4671875 0.24058501406250002 0.4671875 0.1798587296875 0.452016021875 0.16048171718749998 0.4343583 0.1597025390625 0.41542823906250004 0.1597025390625 0.3918920859375 0.170779890625 0.385962025 0.2047333359375 0.40405621875 0.2326342140625 0.40059944999999997 0.388396659375 0.44262006249999997 0.4578125 0.4433318203125 0.4578125 0.45915324375 0.40927409062500003 0.441163809375 0.2762510921875 0.4671875 0.24058501406250002
1 0.5890625 0 0.5890625 0.3328125 0.5926677484375 0.3328125 0.5996246390625 0.3207384140625 0.61063125625 0.28813788906250004 0.6135968546874999 0.25112086875 0.61875 0.214405596875 0.61875 0.1898241296875 0.618320834375 0.1798069140625 0.6171163140625 0.14915250468750002 0.6030261828125 0.125864134375 0.5969455828125 0.1087966484375 0.5952083203125 0.07544240156250001 0.5981266734374999 0.04113196875 0.603427946875 0.0031857593750000005 0.6029560218750001 0 0.5890625 0
1 0.63499985625 0 0.6383151046875 0.034688028125 0.6384801078125 0.07243669999999999 0.6240330296875001 0.12624083749999998 0.621082275 0.152761978125 0.62746895625 0.18188370625 0.630164734375 0.2363863625 0.6404073203125 0.2778758359375 0.6451342328124999 0.28125 0.6733522 0.28125 0.68125 0.24026355000000002 0.68125 0.12334679687500001 0.6810207171875 0.1219025625 0.665674684375 0.0757649109375 0.6643655890625 0.0501802484375 0.668375834375 0 0.63499985625 0
1 0.6922270484374999 0 0.6930609125 0.02442939375 0.6910116687500001 0.050979446875 0.676613965625 0.09517766562499999 0.676613965625 0.14033547500000002 0.6773590171875 0.145602096875 0.67678023125 0.20121595625 0.6810819734375 0.2316241046875 0.687471075 0.240625 0.711623490625 0.240625 0.7130955265625 0.23980345781249998 0.7216509234374999 0.21044483125000002 0.729776515625 0.16880567500000002 0.73125 0.13392868125 0.73125 0.130397009375 0.716218559375 0.0441312875 0.7170461234375 0.008575735937499999 0.7187739921875 0 0.6922270484374999 0
1 0.6003522718750001 0 0.59195246875 0.06427435468750001 0.59195246875 0.10138475625000001 0.592704665625 0.1102972421875 0.6020080625 0.1421875 0.6041868828125 0.1421875 0.621875 0.0873943890625 0.621875 0.06897268749999999 0.6132093984375 0.03386051875 0.6144514484375 0 0.6003522718750001 0
1 0.7420599578125 0 0.742724128125 0.025 0.7640625 0.025 0.7640625 0.0103280671875 0.7633695046875 0.0027076828125 0.763600675 0 0.7420599578125 0
1 0.7421155374999999 0 0.7428571421875001 0.01288194375 0.74 0.0351041671875 0.728571428125 0.07177083281249999 0.728571428125 0.08288194374999999 0.736428571875 0.1284375 0.7342857140625 0.1717708328125 0.736428571875 0.1951041671875 0.7410714281249999 0.2034375 0.7592857140625 0.20399305625 0.7664285718749999 0.196215278125 0.7742857140625 0.1695486109375 0.78 0.1295486109375 0.7807142859375 0.0951041671875 0.7657142859375 0.0351041671875 0.763571428125 0.016215278125 0.7645848828125 0 0.7421155374999999 0
1 0.393509925 1 0.38333333281250004 0.9572728749999999 0.3828125 0.9239607640624999 0.3869791671875 0.8719391328124999 0.3869791671875 0.84508728125 0.3828125 0.8304422453125 0.37734375 0.822794709375 0.36845651875 0.8199969312500001 0.36640915937499996 0.8199969312500001 0.3565104171875 0.82919915625 0.35208333281250004 0.8428054734374999 0.35104166718749996 0.8696997703125 0.3557291671875 0.9296939546875 0.3546875 0.9575141765625 0.3449390375 1 0.393509925 1