1 0.2234375 0 0.2234375 0.21688115468750002 0.23003855 0.23735667968750002 0.26343640156250003 0.2578125 0.3248069546875 0.2578125 0.328614825 0.25714355 0.3591862984375 0.2269091390625 0.42835389062499996 0.0286625375 0.42859071875000004 0 0.2234375 0
1 0.568496509375 0 0.5890625 0.03506944375 0.61328125 0.0947916671875 0.6328125 0.21006944375 0.6580120125000001 0.26875 0.748706515625 0.26875 0.73984375 0.2045138890625 0.725 0.1517361109375 0.708203125 0.1177083328125 0.665234375 0.07743055625 0.65 0.0545138890625 0.6278174875 0 0.568496509375 0
1 0.6363520296875 0 0.636571775 0.013282425 0.642821775 0.0368935359375 0.6588374 0.07369909218750001 0.702196775 0.11606020312500001 0.706884275 0.113282425 0.705321775 0.0771713140625 0.6968695890625 0.024948707812500002 0.6865740203125 0 0.6363520296875 0
1 0.433963371875 0.564966925 0.428125 0.58439448125 0.428125 0.6734375 0.44401769062499996 0.6734375 0.45514135156249996 0.64222350625 0.45688212500000003 0.6123355859374999 0.447252409375 0.564347978125 0.453403425 0.51562536875 0.4478632453125 0.5040848656250001 0.44121872656249994 0.5043943390625 0.4344454984375 0.5140244453125 0.433963371875 0.564966925
1 0.38901578125 0.6513153796875001 0.3956602984375 0.67497665 0.408534053125 0.675599315625 0.41144102968749996 0.671240659375 0.4189161125 0.6288994390625 0.41725498281249995 0.60523816875 0.40977990000000003 0.5815768984374999 0.41227159531249996 0.5280277078125 0.4077034890625 0.5199330640625 0.399397840625 0.5199330640625 0.394829734375 0.5280277078125 0.39732142812500004 0.5703689296875 0.3865240859375 0.6164461390625 0.38901578125 0.6513153796875001
1 0.3566237546875 0.646334059375 0.3640988375 0.6737313203124999 0.374480896875 0.6743539843749999 0.37821843906249997 0.6699953296875 0.38486295625 0.6413527390625 0.38486295625 0.6164461390625 0.376557309375 0.5865582187499999 0.379049003125 0.5442169984375 0.3736503328125 0.5323863640625 0.365344684375 0.53363169375 0.363268271875 0.5392356781250001 0.3640988375 0.5878035484374999 0.3557931890625 0.6201821296875 0.3566237546875 0.646334059375
1 0.33336794062499997 0.6575420296875001 0.3400124578125 0.671240659375 0.3508098 0.6675046703125 0.3557931890625 0.6363714203124999 0.35496262500000003 0.61146481875 0.349148671875 0.59278486875 0.3508098 0.54919831875 0.3454111296875 0.5411036734375 0.3366902 0.54919831875 0.338351328125 0.59278486875 0.33004568125 0.6226727890625 0.33336794062499997 0.6575420296875001
1 0.46875 0.6500700500000001 0.47788621249999996 0.67497665 0.48992940156250003 0.675599315625 0.49366694375 0.671240659375 0.5011420265625001 0.6363714203124999 0.5011420265625001 0.615200809375 0.49117524843749993 0.5728595890625 0.492836378125 0.526782378125 0.485776578125 0.5186877328125 0.4762250828125 0.5280277078125 0.4762250828125 0.584067559375 0.46708887031249996 0.621427459375 0.46875 0.6500700500000001
1 0.4189161125 0.6288994390625 0.41144102968749996 0.67497665 0.41725498281249995 0.6737313203124999 0.4247300671875 0.6388620796875 0.42306893749999996 0.6102194890625 0.41725498281249995 0.5865582187499999 0.4189161125 0.5504436484375 0.415178571875 0.542349003125 0.40977990000000003 0.5529343093750001 0.40977990000000003 0.5803315687499999 0.41725498281249995 0.60523816875 0.4189161125 0.6288994390625
1 0.11742109687499999 0.640107409375 0.119912790625 0.6425980703125 0.1410921921875 0.643220734375 0.1456602984375 0.6388620796875 0.144829734375 0.6039928390625 0.1398463453125 0.5865582187499999 0.141507475 0.5479529890625 0.13693936874999998 0.53363169375 0.1286337203125 0.53363169375 0.1248961796875 0.5392356781250001 0.126557309375 0.5828222296875 0.11825166093749999 0.6164461390625 0.11742109687499999 0.640107409375
1 0.0376868765625 0.6388620796875 0.0418397015625 0.6413527390625 0.0750622921875 0.6388620796875 0.0750622921875 0.61769146875 0.06426495 0.5790862390625 0.0659260796875 0.533009028125 0.063019103125 0.523669053125 0.056374584375 0.5199330640625 0.045992525 0.5280277078125 0.04848421875 0.5765955796875 0.0368563125 0.621427459375 0.0376868765625 0.6388620796875
1 0.1066237546875 0.640107409375 0.10911544843750001 0.6425980703125 0.11742109687499999 0.6413527390625 0.11825166093749999 0.6164461390625 0.12572674374999998 0.59278486875 0.1248961796875 0.545462328125 0.1211586375 0.542349003125 0.11326827187499999 0.5516889781250001 0.11575996718749999 0.5865582187499999 0.1066237546875 0.621427459375 0.1066237546875 0.640107409375
1 0 0.6386891171875 0.0069559796875 0.6363714203124999 0.0069559796875 0.627654109375 0 0.6007108750000001 0 0.6386891171875
1 1 0.26875 0.9126774125000001 0.26875 0.9067789984375001 0.28544488437500004 0.9043519468750001 0.300361409375 0.9015965890625001 0.356587153125 0.906674040625 0.4210185109375 0.9099670968750001 0.551759090625 0.9037682234375 0.6135991296875 0.8922294000000001 0.6601052734375 0.8738490453125 0.7170587578125 0.8607981203125 0.744936190625 0.853125 0.768066853125 0.853125 1 1 1 1 0.6452827624999999 0.9957534093749999 0.6038609390625 1 0.5309497765625 1 0.26875
1 0.76090533125 1 0.7770833328125001 0.930078125 0.7848958328125001 0.872265625 0.7864583328125001 0.828515625 0.7848958328125001 0.798828125 0.7786458328125001 0.765234375 0.7791666671874999 0.756640625 0.7755208328125001 0.733203125 0.746875 0.637890625 0.7359375 0.588671875 0.7348958328125 0.524609375 0.7447916671874999 0.428515625 0.7447916671874999 0.362109375 0.7375 0.336328125 0.7294270828125 0.3234375 0.71953125 0.31484375 0.7033854171875 0.31015625 0.69140625 0.31328125 0.6794270828125 0.321875 0.6677083328125 0.340234375 0.6630208328125 0.360546875 0.6614583328125 0.377734375 0.6625 0.418359375 0.6708333328125 0.471484375 0.6755208328125 0.525390625 0.6755208328125 0.588671875 0.665625 0.636328125 0.6494791671875 0.689453125 0.6369791671875 0.742578125 0.6307291671875 0.806640625 0.6307291671875 0.848046875 0.6333333328124999 0.889453125 0.6390625 0.925390625 0.656116071875 1 0.76090533125 1
1 0.5546875 0.942578125 0.5666666671875 0.945703125 0.59921875 0.94296875 0.60390625 0.93984375 0.6067708328125 0.932421875 0.628125 0.840234375 0.634375 0.737890625 0.6291666671875 0.691015625 0.6260416671875 0.677734375 0.6213541671875 0.672265625 0.6135416671875 0.648828125 0.5979166671875 0.576953125 0.5979166671875 0.524609375 0.6036458328125 0.477734375 0.6057291671875 0.406640625 0.59765625 0.3828125 0.58515625 0.37109375 0.5763020828125 0.36796875 0.5627604171875 0.3703125 0.5549479171875 0.3765625 0.5484375 0.387890625 0.5432291671875 0.409765625 0.5442708328125 0.444921875 0.5546875 0.533984375 0.5546875 0.576953125 0.5390625 0.651171875 0.5307291671875001 0.676953125 0.5203125 0.743359375 0.5223958328125 0.798046875 0.5291666671875 0.847265625 0.5546875 0.942578125
1 0.509375 0.8641927078125 0.5104166671875 0.865234375 0.5158854171875 0.86484375 0.51875 0.861328125 0.5234375 0.844140625 0.5182291671875 0.796484375 0.5177083328125 0.766796875 0.5197916671875 0.735546875 0.5302083328125 0.658984375 0.528125 0.629296875 0.5229166671875001 0.616796875 0.5161458328124999 0.580078125 0.5125 0.572265625 0.5140625 0.523828125 0.5192708328125 0.473046875 0.51875 0.434765625 0.509375 0.41053025156250006 0.509375 0.8641927078125