1 0.18460888125 0.4296875 0.1736372203125 0.38506457968749996 0.181672940625 0.2541286546875 0.1805511796875 0.221384975 0.168967628125 0.21230063281249997 0.15595150625 0.2091223640625 0.14944386875 0.2091223640625 0.1398815484375 0.21145431406249998 0.1304722078125 0.228675125 0.133700803125 0.3729717359375 0.1196861140625 0.4296875 0.18460888125 0.4296875
1 0.28447739843750003 0.4296875 0.2824965140625 0.3669780734375 0.267278725 0.2798422859375 0.2801027375 0.179938190625 0.2786627046875 0.1427986453125 0.26983769999999996 0.1374160640625 0.2539540890625 0.1374160640625 0.2465034546875 0.1403669984375 0.23598569062500002 0.2605855765625 0.21875 0.3152277734375 0.21875 0.4296875 0.28447739843750003 0.4296875
1 0.3660208203125 0.078621425 0.36199545781250003 0.078621425 0.34775465156249996 0.082237209375 0.337564796875 0.0961189171875 0.33878460312500003 0.20004986093750002 0.3140625 0.28871085625 0.3140625 0.362254075 0.3228910984375 0.3734375 0.3322395609375 0.3734375 0.3895144421875 0.36557139843750003 0.3884877578125 0.2829620953125 0.3676211390625 0.21182528281250002 0.3769864375 0.12684645781249998 0.3776919828125 0.0918183171875 0.3660208203125 0.078621425
1 0.442160878125 0.019878912500000002 0.438067784375 0.019878912500000002 0.4210031734375 0.02440708125 0.4128317734375 0.05677435937500001 0.417288365625 0.0901848015625 0.42414147812499997 0.1429241828125 0.4109375 0.2498343984375 0.4109375 0.26426853281249996 0.416932659375 0.283372125 0.445289834375 0.29375 0.45794120156250007 0.29375 0.46663925156249997 0.29107703749999997 0.46663925156249997 0.197294471875 0.45216840156250004 0.14368447499999998 0.4527877125 0.0404104328125 0.442160878125 0.019878912500000002
1 0 0.4296875 0.055067498437499994 0.4296875 0.060333353125 0.353439953125 0.043898129687499995 0.2804928578125 0.05904979375 0.1773736171875 0.057058184375 0.1551279390625 0.047039934374999995 0.137149496875 0.0237175890625 0.137149496875 0.013835895312499999 0.14584577031249998 0.0067063437500000005 0.2882404140625 0 0.3100543046875 0 0.4296875
1 0.07850529687499999 0.035453434374999995 0.07042605625000001 0.018952157812500002 0.057169221874999995 0.018952157812500002 0.053125 0.0193165734375 0.053125 0.1232648484375 0.0676772546875 0.1487233640625 0.08037608125 0.290625 0.0815072046875 0.290625 0.0970280515625 0.28390157656250004 0.0970280515625 0.179495103125 0.0848085328125 0.133814090625 0.08257874531250001 0.05364612656249999 0.07850529687499999 0.035453434374999995
1 0.243767940625 0.0223371125 0.24306282499999998 0.0223371125 0.22773135 0.0342265 0.2384972640625 0.176303003125 0.2265625 0.2214889546875 0.2265625 0.2402739875 0.23628371874999998 0.2901666 0.2546120421875 0.29375 0.26035830937500004 0.29375 0.26413240625 0.27614782656250003 0.264499078125 0.225416203125 0.264499078125 0.0530808640625 0.2584334046875 0.0340173453125 0.243767940625 0.0223371125
1 0.1375 0.09898338281249999 0.1375 0.1306317328125 0.1438557421875 0.1984375 0.17377705625 0.1984375 0.183002184375 0.112919140625 0.183002184375 0.11174375781250001 0.17743740624999998 0.088005746875 0.1666237921875 0.078649959375 0.1515565125 0.08309850156250001 0.1375 0.09898338281249999
1 0.46728116406250003 0.606442028125 0.4625 0.6252856578125 0.4625 0.6527721609375 0.4651576109375 0.6625 0.47451390312499997 0.6625 0.4787898265625 0.6428941203124999 0.47353924531249997 0.6052349953125 0.4752633515625 0.57750268125 0.4717679265625 0.573928165625 0.46589643125 0.5758410078125 0.46728116406250003 0.606442028125
1 0.45408417968750003 0.6111697281249999 0.4589796828125 0.5822081125 0.45679211249999996 0.575718884375 0.45456987499999996 0.5741249453125 0.4521046125 0.5753087812500001 0.44882343281250003 0.5813195546875 0.4484375 0.5857307796875 0.4484375 0.5978533781250001 0.44885845468749996 0.607913496875 0.4484375 0.6090270125 0.4484375 0.6703125 0.44987049375000004 0.6703125 0.45590756875 0.653314846875 0.4577302484375 0.6324815156250001 0.45540365625 0.6140842046875 0.45408417968750003 0.6111697281249999
1 0.438195115625 0.602563159375 0.438550709375 0.58728538125 0.4351805546875 0.5809330890625001 0.4304930546875 0.5807966953125 0.42754855625 0.5897449124999999 0.4293427515625 0.6134242171875 0.4257005234375 0.6355555125000001 0.425 0.6374781625 0.425 0.6667489484375 0.426422528125 0.6717120875 0.42699285312499996 0.678125 0.43605336718750004 0.678125 0.44155721875 0.659643996875 0.44135785 0.634621265625 0.43699361875 0.620595984375 0.4363740015625 0.61362880625 0.438195115625 0.602563159375
1 0.425295634375 0.68125 0.425295634375 0.6339868109375 0.42095287968750006 0.6198981031249999 0.421536334375 0.6047387234375 0.42064629375000007 0.5908498343749999 0.41925190937499995 0.5872888140625 0.41472676093749994 0.584375 0.4143339984375 0.584375 0.4140625 0.5855104703125 0.4140625 0.6602909296874999 0.41530977968749994 0.66561755625 0.41720314687500004 0.6717580453125 0.41939041406250005 0.6743744171875 0.42174405937500004 0.680772415625 0.4237766953125 0.68125 0.425295634375 0.68125
1 0.393673409375 0.6572048609375 0.394936334375 0.64053819375 0.3906859640625 0.6136025015625 0.3947136140625 0.5915853312499999 0.3944585828125 0.5845725374999999 0.390000003125 0.5765625 0.3859699875 0.5765625 0.38288962031249996 0.5919489625 0.38485693906249996 0.6075001421875 0.3844359640625 0.613055696875 0.3828125 0.617491003125 0.3828125 0.678125 0.38622851406250003 0.678125 0.390382465625 0.6694998109375 0.393673409375 0.6572048609375
1 0.3744229984375 0.6271670921875 0.3700317375 0.6129593390625 0.3705272140625 0.5825313296875001 0.3675260828125 0.5746692359375001 0.3628385828125 0.5742865984375001 0.361006709375 0.5775993890625 0.36051646718749997 0.5858689484374999 0.3637817375 0.6124491562500001 0.36016649218749996 0.6204636265625 0.359375 0.6270599 0.359375 0.649159871875 0.3598165203125 0.6550583015625 0.3650141390625 0.671875 0.37174677031250003 0.671875 0.373534278125 0.668642440625 0.37402452343750003 0.66037288125 0.3745633953125 0.6579185531249999 0.3745633953125 0.6284521671875 0.3744229984375 0.6271670921875
1 0.3411262953125 0.575859046875 0.338234053125 0.578133584375 0.33769168125000004 0.605802103125 0.3359375 0.6104854421875 0.3359375 0.665625 0.33979304374999997 0.665625 0.3454718671875 0.6467039437500001 0.347050525 0.6258706078125 0.3433709171875 0.6026419093750001 0.3438971359375 0.5956974671874999 0.34598585625 0.5886437625000001 0.346827803125 0.5775326515625 0.3458137953125 0.575531265625 0.3411262953125 0.575859046875
1 0.4112250796875 0.6474504546875 0.413267321875 0.6225680515625001 0.411487240625 0.594790271875 0.41358183437499996 0.5853666234375 0.41358183437499996 0.5823611421875 0.4127629421875 0.578314925 0.4100932484375 0.57497841875 0.40899152968749997 0.57497841875 0.4046875 0.576874990625 0.4046875 0.5902926453124999 0.4071755421875 0.612399415625 0.4046875 0.6235932046875 0.4046875 0.641930215625 0.40923413281250004 0.671875 0.41358183437499996 0.671875 0.41358183437499996 0.6656666234374999 0.41231456250000004 0.6615271500000001 0.4112250796875 0.6474504546875
1 0.43277216718749995 0.633553490625 0.4321407046875 0.6252201562499999 0.432999965625 0.6220275328125 0.432999965625 0.605924309375 0.43081708125 0.5975061515625 0.4302908625 0.59056170625 0.4312219 0.582355921875 0.432999965625 0.5788705328125 0.432999965625 0.5780724171875 0.4302524359375 0.57468514375 0.4265625 0.5743839375 0.4265625 0.5954000609375 0.42680558749999997 0.5957983984374999 0.42775278125 0.6082983984375 0.4265625 0.61298560625 0.4265625 0.634181871875 0.4266274109375 0.634432196875 0.428975653125 0.6390625 0.43214710937499995 0.6390625 0.43277216718749995 0.633553490625
1 0.3893843625 0.6151333734375 0.38535387499999996 0.5931662421875 0.38607853125 0.59171358125 0.3858521578125 0.5861580265625 0.3901222875 0.5790545359375 0.3901222875 0.5787138781250001 0.38659958906249997 0.5756457 0.38191208906249996 0.5760283375 0.380100446875 0.579659990625 0.38285139687499997 0.6086991125 0.379997671875 0.6266835734375 0.3796875 0.63027680625 0.3796875 0.64347775625 0.3797514203125 0.6438349296875 0.38151979687500004 0.65625 0.3838621640625 0.65625 0.3839943046875 0.6559851078125 0.38449259062499996 0.648976890625 0.387278034375 0.6403884640624999 0.3880482328125 0.620816475 0.3893843625 0.6151333734375
1 0.2270085375 0.61730011875 0.225695375 0.6118740640625 0.2244538640625 0.60775485625 0.22345443125000003 0.6039330390625001 0.221704859375 0.5772793875 0.21946205000000002 0.5756339859375 0.2140625 0.576074746875 0.2140625 0.597352765625 0.21515064375 0.6071475562499999 0.2140625 0.6143995796875 0.2140625 0.643945740625 0.215448296875 0.65435493125 0.21669171562499998 0.6628944296875 0.2190765890625 0.665625 0.2270085375 0.665625 0.2270085375 0.61730011875
1 0.190234375 0.670659721875 0.19296875 0.6713541671875 0.198828125 0.670659721875 0.2015625 0.6657986109375 0.2046875 0.6491319437499999 0.2046875 0.6310763890625 0.19921875 0.6074652781250001 0.20078125 0.5782986109375 0.198828125 0.5734375 0.196484375 0.5720486109375 0.191015625 0.5734375 0.18828125 0.5796875 0.18984375 0.6088541671875001 0.1875 0.6157986109375 0.184375 0.6338541671875 0.18515625 0.6560763890625 0.18828125 0.6671875 0.190234375 0.670659721875
1 0.165625 0.6727430562500001 0.16875 0.6755208328125001 0.174609375 0.676215278125 0.17890625 0.6699652781250001 0.18359375 0.6477430562500001 0.18203125 0.6310763890625 0.1796875 0.6185763890625 0.17734375 0.6130208328125 0.1803923328125 0.5835009890625 0.1776622125 0.57476818125 0.1729300015625 0.5728275593750001 0.16856179375 0.5750916187499999 0.1672877328125 0.589969734375 0.16783376249999998 0.6071119109375 0.16528564375000002 0.619079084375 0.1634655796875 0.6271650125 0.163283553125 0.6410728156250001 0.16291955 0.6591853000000001 0.165625 0.6727430562500001
1 0.1445556203125 0.6566463812500001 0.14609375 0.6713541671875 0.156640625 0.670659721875 0.161083821875 0.6574622531250001 0.162002053125 0.64332045625 0.1592473484375 0.627274959375 0.157104809375 0.6123172921875 0.1572578421875 0.58675328125 0.1560335359375 0.5766908453124999 0.150983246875 0.5736993125 0.144708653125 0.580226296875 0.1445556203125 0.6566463812500001
0 0.483203125 0.963715278125 0.49140625 0.9713541671874999 0.507421875 0.9692708328125 0.51953125 0.9394097218749999 0.51796875 0.9130208328125 0.503515625 0.8901041671875 0.487890625 0.8914930562500001 0.47421875 0.9171875 0.4734375 0.9407986109375 0.483203125 0.963715278125
1 0.8384419109374999 1 0.8352703421874998 0.9806404140625 0.83885895 0.9010438421875001 0.86167025625 0.7407428406250001 0.8636690937499999 0.6657883046874999 0.8498793031249999 0.618504128125 0.8244835046875 0.5984375 0.82280384375 0.5984375 0.8070060031249999 0.6008476140625 0.7952190765625 0.6122253843750001 0.7809565875000001 0.6461912062499999 0.7760418296875 0.6851173140625 0.7760498765625 0.9523502781250001 0.7632451015624999 1 0.8384419109374999 1
1 0.687002990625 0.4296875 0.6764258875 0.5505843421875001 0.6578125 0.609074965625 0.6578125 0.9078125 0.6601085734375001 0.9078125 0.668226659375 0.8962481578125001 0.7069555515625 0.759509575 0.7116225109375 0.6701736734375 0.7046096765625001 0.5703691625 0.7295231359375001 0.4296875 0.687002990625 0.4296875