1 0.2978876375 0.4890625 0.27467379375 0.4113078234375 0.2881577484375 0.2881364609375 0.260760746875 0.25260639687499997 0.226141603125 0.2889712953125 0.23172258750000002 0.4186472375 0.20777733281250002 0.46759116250000005 0.20777733281250002 0.4890625 0.2978876375 0.4890625
1 0.321394515625 0.2429795703125 0.31794486875 0.12442286875 0.29633438437500004 0.1101754375 0.2757737953125 0.132010478125 0.283084446875 0.2508146046875 0.2995783546875 0.287886775 0.299316984375 0.41135069218750003 0.319518515625 0.434375 0.32460365 0.434375 0.334375 0.404196434375 0.334375 0.28749267968750003 0.321394515625 0.2429795703125
1 0.3300107234375 0.005270134375 0.3123366609375 0.0228738671875 0.3123366609375 0.26046054218750003 0.32810671875 0.2828125 0.33124473593750003 0.2828125 0.3515625 0.1993414921875 0.3515625 0.1759363859375 0.3415032515625 0.1314577125 0.349925796875 0.033497106250000006 0.3300107234375 0.005270134375
1 0.359375 0 0.3404444796875 0 0.3400481140625 0.0026619953125 0.359375 0.149316709375 0.359375 0
1 0.7731014546874999 0.37882897656250003 0.7765625 0.335483959375 0.7765625 0.3258053453125 0.7757719234375 0.31027403750000004 0.7673191390625 0.2729897703125 0.7386733046874999 0.27098665781250003 0.7320583984375 0.28399375312499997 0.7236487875 0.3187054734375 0.7235664421875001 0.319288453125 0.7235664421875001 0.390346559375 0.7307149515625 0.4362462265625 0.7316236203125 0.4375 0.7585625374999999 0.4375 0.76066120625 0.43276662187500003 0.7731014546874999 0.37882897656250003
1 0.7086901484375 0.3680960203125 0.709375 0.35856641875 0.709375 0.3203436859375 0.7083076796875 0.3023552796875 0.6985025765625 0.2730204234375 0.6901476953125 0.2691712640625 0.6682673078125 0.26786350625 0.6633759546875 0.2774993609375 0.6568421437499999 0.31812191875 0.657025296875 0.3496034 0.6597749109375 0.37464885625 0.6711464953125 0.4265625 0.6960022 0.4265625 0.6985913078125 0.422543825 0.7086901484375 0.3680960203125
1 0.6421875 0.378545053125 0.6421875 0.2860271859375 0.6390492453125 0.273312246875 0.6348626796875 0.2674301375 0.59988059375 0.266796875 0.59594945625 0.27759961875 0.5931196859375 0.3064488265625 0.5947153359375 0.3407080859375 0.5997411921875 0.3702104 0.6119459125000001 0.413837215625 0.6144559984375 0.4140625 0.6320415453124999 0.4140625 0.637533096875 0.40877025 0.6421875 0.378545053125
1 0.5676081374999999 0.40092472656249994 0.575 0.357423159375 0.575 0.281253190625 0.5732921265625001 0.27467365 0.5692646375 0.2702566609375 0.5336593796875 0.2615055765625 0.5294343593749999 0.26816631874999997 0.5266776015625 0.298488240625 0.5273780859375 0.3225623140625 0.5319938203125 0.356129284375 0.5398692625 0.394526140625 0.543483684375 0.40261345937500004 0.5461453656249999 0.403125 0.56500950625 0.403125 0.5676081374999999 0.40092472656249994
1 0.8432451765625 0.298230384375 0.8395495671875001 0.2769613578125 0.8358805078125 0.27189149218750003 0.8354908515624999 0.271875 0.8143231531249999 0.271875 0.80289550625 0.27578609374999996 0.79432996875 0.2975892890625 0.7926621234375 0.30914589375 0.7926621234375 0.382732125 0.8000326843749999 0.426687778125 0.8054342890624999 0.4296875 0.8236422828125001 0.4296875 0.8292192515625001 0.42050108750000004 0.8424822140625 0.359329375 0.84375 0.338076565625 0.84375 0.3048937703125 0.8432451765625 0.298230384375
1 0.8974399890625001 0.415625 0.9015625 0.41057108124999997 0.9114583328125001 0.3629456359375 0.9140625 0.3404629765625 0.9140625 0.3227160796875 0.9130208328125 0.29621530156250003 0.9088541671874999 0.276014709375 0.9065023515625 0.273215996875 0.8752821531249999 0.273215996875 0.8731770828125001 0.27330177187500004 0.8661458328125 0.284236421875 0.8625 0.308459053125 0.8625 0.3462897359375 0.865625 0.3731465328125 0.8729166671874999 0.4098864578125 0.87542911875 0.415625 0.8974399890625001 0.415625
1 0.9624318484375 0.40625 0.963362559375 0.4058654203125 0.9743502562499999 0.357094440625 0.9778200281250001 0.3275557390625 0.9767423624999999 0.2858436078125 0.971386740625 0.2759622609375 0.9343860265625 0.2767381296875 0.9298781375 0.283553759375 0.926950746875 0.3112557625 0.92949394375 0.361346690625 0.9373424421875001 0.4032558328125 0.9398471296875 0.40625 0.9624318484375 0.40625
2 1 0.2078173515625 0.9964053171875001 0.206492940625 0.9951984906250001 0.21665085 0.987515328125 0.2202181875 0.9728996578124999 0.21903770625000002 0.9690274875 0.21249258750000002 0.9649578234374999 0.2151976359375 0.9616711531250001 0.210513459375 0.9236503203125 0.2098498046875 0.902166815625 0.2057733609375 0.8944513187500001 0.20841477031250003 0.8423356500000001 0.2065797296875 0.8117069749999999 0.194015403125 0.785762309375 0.1963386203125 0.771081975 0.193306290625 0.766979978125 0.1950854109375 0.764731484375 0.2052251421875 0.7615597281250001 0.19637884375 0.7649792234375 0.1899610015625 0.76154530625 0.1885130203125 0.729382975 0.19165306875000002 0.725640140625 0.18881165312499998 0.6751193046875 0.18792980937499998 0.6664268109375 0.1924048890625 0.6085173078125 0.1886179890625 0.582637309375 0.1927930625 0.5442931390625001 0.1828701453125 0.5425833890625 0.1860790671875 0.541520321875 0.20780650625 0.5330611421875 0.189151621875 0.517565478125 0.1925825890625 0.5125546359375 0.18324150781249998 0.505618646875 0.1932994171875 0.5024792234375 0.1853790453125 0.50433621875 0.17893393124999998 0.5009023 0.177485946875 0.5009167234375 0.1853517734375 0.4944657421875 0.20929857031250002 0.4956262765625 0.25743762812500004 0.498147865625 0.2625711296875 0.524221865625 0.263951615625 0.5266966984375 0.26029336718749996 0.5432016921875 0.255954653125 0.5464883640625 0.26063883125 0.5779323671875 0.2667398578125 0.6299186984375 0.264871196875 0.6457700375 0.27162541406249996 0.6810250328125 0.267613984375 0.6956730359375 0.2697203921875 0.7062837046875 0.27545777031249996 0.7375337046875 0.2760032390625 0.7648792015625 0.2690776640625 0.7747385453125 0.2765625 0.8117635968750001 0.2765625 0.8197283703124999 0.27466186718749996 0.8280251125 0.2765625 0.880668278125 0.2765625 0.8889022000000001 0.27309321875000003 0.8923786921874999 0.2765625 1 0.2765625 1 0.2078173515625
1 0.2982562234375 1 0.30821623125 0.9647774046875 0.315625 0.9167127546875001 0.315625 0.8537347390625 0.306414778125 0.8183431390625 0.303996365625 0.7861255437500001 0.3061261 0.7235709140625 0.31223674687499997 0.6933431390625 0.31469990000000003 0.657286659375 0.3089972578125 0.6366834125 0.2882916390625 0.6268750609375 0.2803846 0.6367727375000001 0.2757667765625 0.6517773640625 0.27612014375 0.745160703125 0.2730698078125 0.7769958859375 0.25897859218749997 0.8270270359375 0.25897859218749997 1 0.2982562234375 1
1 0.29167894843750003 0.6220142625 0.31317409218750003 0.63125 0.3140625 0.63125 0.3140625 0.5742204109375 0.307289059375 0.5623453625 0.29628687187499997 0.5613384203125 0.288111103125 0.579013271875 0.29167894843750003 0.6220142625
1 0.550551940625 0.4890625 0.5434569390625 0.5112903359375001 0.45217265937499995 0.5864217375 0.4161946953125 0.623072678125 0.4161946953125 0.8516864 0.43738229687499997 0.887148359375 0.49039598125 0.9269099828125 0.5127418625 0.9519863921875 0.540211890625 0.968015584375 0.5432812328125001 0.986257484375 0.5487863703125 0.9858586484374999 0.56138789375 1 1 1 1 0.504941646875 0.9871555890625 0.49293771875000003 0.984827678125 0.4890625 0.550551940625 0.4890625