1 0.509234690625 0.39494105468749996 0.49294646875000003 0.39843939375000004 0.48131203593749994 0.40718520781249995 0.48 0.4398907109375 0.4872727265625 0.5710382515625 0.45818181874999997 0.68579235 0.45818181874999997 0.7568306015624999 0.4854545453125 0.7759562843750001 0.5454545453125 0.77322404375 0.5599999999999999 0.7568306015624999 0.5599999999999999 0.6967213109375 0.5272727265625 0.5601092890625 0.5313401265625 0.4159310265625 0.5220325484375 0.39843939375000004 0.509234690625 0.39494105468749996
1 0.3824193640625 0.3302220703125 0.3777656625 0.3669544703125 0.38181818125 0.4672131140625 0.3591505015625 0.5523657375 0.349090909375 0.636612021875 0.36181818125 0.6557377046874999 0.4254545453125 0.6530054640625 0.4436363640625 0.631147540625 0.4436363640625 0.5819672125 0.41454545468750004 0.450819671875 0.41454545468750004 0.3306010921875 0.39818181875 0.322404371875 0.3824193640625 0.3302220703125
1 0.29636363593750004 0.26229508125 0.28363636406250003 0.27595628437499997 0.2835266953125 0.31098123437499997 0.290909090625 0.3961748640625 0.26840198593750003 0.4666567875 0.2654545453125 0.5491803281250001 0.33090909062499996 0.5601092890625 0.349090909375 0.538251365625 0.349090909375 0.5 0.32 0.3852459015625 0.3236363640625 0.28142076562499996 0.3137762875 0.2672521578125 0.29636363593750004 0.26229508125
1 0.24181818124999999 0.2131147546875 0.22070083281250003 0.20603144843750001 0.21090909062500002 0.22677595625000002 0.21818181874999998 0.3306010921875 0.1963636359375 0.4344262296875 0.2 0.47267759531250003 0.22909090937499998 0.4836065578125 0.2625847703125 0.4736533984375 0.26840198593750003 0.45091428906250003 0.24629654531249998 0.3319712078125 0.24978691249999999 0.2794963109375 0.2521137640625 0.2462621859375 0.24181818124999999 0.2131147546875
1 0.6163636359375 0.322404371875 0.6036363640625 0.34153005468750003 0.5999832953124999 0.36345613125 0.6072727265625 0.4672131140625 0.5854545453125 0.538251365625 0.5848584984375 0.627579809375 0.60181818125 0.6557377046874999 0.6545454546875 0.6530054640625 0.6697898875 0.632827284375 0.6662995203125 0.5786031859375 0.6436363640625 0.47814207656249996 0.6472727265625 0.3360655734375 0.6348865890625001 0.32322539375 0.6163636359375 0.322404371875
1 0.73818181875 0.28142076562499996 0.72181818125 0.2513661203125 0.70352966875 0.25325886406250003 0.6953856 0.277747175 0.6953856 0.31098123437499997 0.70181818125 0.3852459015625 0.6763636359375 0.461748634375 0.6727272734375 0.538251365625 0.7 0.5628415296875 0.7345454546875 0.5601092890625 0.750067396875 0.545369125 0.7489040578124999 0.4858975515625 0.7419233265625 0.4456668140625 0.7345454546875 0.40163934375 0.729125559375 0.35296117968749996 0.73818181875 0.28142076562499996
1 0.8109090906249999 0.22131147499999998 0.7872727265624999 0.1967213109375 0.770909090625 0.21038251406250003 0.761701825 0.225272284375 0.7745454546875 0.31420765 0.7523944218749999 0.40543607656249997 0.749090909375 0.450819671875 0.7654545453125 0.47540983593749997 0.8109090906249999 0.47814207656249996 0.8254545453125001 0.4672131140625 0.8233643531249999 0.4124326890625 0.8059127015625001 0.3442153609375 0.8024223375 0.3144795734375 0.8047493671874999 0.2672521578125 0.8109090906249999 0.22131147499999998
1 0.5825316468749999 0.2392655734375 0.5854545453125 0.31967213125 0.5672727265625 0.407103825 0.5672727265625 0.461748634375 0.6 0.47814207656249996 0.6036363640625 0.3360655734375 0.61818181875 0.30874316875 0.6127272734375 0.2076502734375 0.5930026546875 0.204282278125 0.5854545453125 0.22131147499999998 0.5825316468749999 0.2392655734375
1 0.3998710109375 0.2410147109375 0.41818181875000004 0.461748634375 0.4236363640625 0.4808743171875 0.4472727265625 0.47814207656249996 0.45454545468749996 0.41803278749999995 0.43636363593749994 0.363387978125 0.43636363593749994 0.22131147499999998 0.41964959999999996 0.2077806828125 0.40545454531249997 0.21857923437500001 0.3998710109375 0.2410147109375
1 0.4945454546875 0.3852459015625 0.5236363640625 0.3852459015625 0.5290132765625 0.28299465 0.5115616296875001 0.26550302187499997 0.4963636359375 0.26229508125 0.48596582499999996 0.272499634375 0.48131203593749994 0.2969879453125 0.4945454546875 0.3852459015625
0 0.269090909375 0.6967213109375 0.26181818125 0.6530054640625 0.24181818124999999 0.6174863390625001 0.20909090937500002 0.584699453125 0.190909090625 0.584699453125 0.16545454531249998 0.6120218578125 0.1436363640625 0.6174863390625001 0.1272727265625 0.642076503125 0.1272727265625 0.6530054640625 0.11636363593750002 0.6748633875000001 0.11636363593750002 0.69125683125 0.10181818125 0.729508196875 0.10545454531250001 0.778688525 0.12 0.822404371875 0.1327272734375 0.8415300546875001 0.150909090625 0.8524590156249999 0.1854545453125 0.8497267765625001 0.2127272734375 0.8306010921875 0.23454545468750002 0.7978142078125 0.24545454531250002 0.7923497265624999 0.25818181875 0.77322404375 0.269090909375 0.729508196875 0.269090909375 0.6967213109375