1 0.2578125 0.559375 0.2578125 0.52582408125 0.248997215625 0.4980120375 0.2427839203125 0.3794553359375 0.22087304218749998 0.36582717656249997 0.20085316718750001 0.3882814921875 0.2109274625 0.5069730234375001 0.22826248124999998 0.5435948125000001 0.22859735468750003 0.559375 0.2578125 0.559375
1 0.2557390390625 0.2614827046875 0.238073059375 0.279362178125 0.238073059375 0.5210499343749999 0.2519585484375 0.540625 0.2532235234375 0.540625 0.2765625 0.44859872031250003 0.2765625 0.4371413125 0.26575808125 0.3871646328125 0.2753233296875 0.28909165937500003 0.2557390390625 0.2614827046875
1 0.2694333125 0.2586721265625 0.30461486875 0.45625 0.3046875 0.45625 0.3046875 0.3086295953125 0.2979008265625 0.28912820156249996 0.29744037031250004 0.196277303125 0.27874540625 0.16823006093749998 0.2694333125 0.2586721265625
1 0.38207286093750004 0.559375 0.394577178125 0.48216385468749995 0.4305864265625 0.4536659078125 0.4328125 0.3611965625 0.4328125 0.3379545390625 0.4034790328125 0.3587225015625 0.3992783265625 0.46181528437499997 0.37211895156249997 0.5024752343750001 0.37211895156249997 0.559375 0.38207286093750004 0.559375
1 0.4203125 0.2418633890625 0.402655228125 0.27201365 0.402655228125 0.3515625 0.4029163171875 0.3515625 0.4055326359375 0.34686285625 0.4203125 0.3195192265625 0.4203125 0.2418633890625
1 0.40466138437500004 0.3635033046875 0.388166940625 0.3971299484375 0.3765858328125 0.46759798437500005 0.3804462328125 0.46759798437500005 0.3817330015625 0.47619164999999997 0.40489511718750004 0.45041064999999997 0.40466138437500004 0.3635033046875
1 0.4390625 0.2228750390625 0.4416364328125 0.2328125 0.446875 0.2328125 0.446875 0.13535476875000002 0.44455183906249995 0.10173041249999999 0.44072037656249996 0.0978902421875 0.4390625 0.096823259375 0.4390625 0.2228750390625
1 0.46517224218750003 0.2234375 0.4761564421875 0.2234375 0.478513084375 0.220952878125 0.48170272656249996 0.20985994843750003 0.484375 0.19493730468749998 0.484375 0.16948436875 0.4766622328125 0.136217021875 0.48002964375 0.094568534375 0.475785290625 0.085515759375 0.469535290625 0.08547939843749999 0.46597522343750003 0.0930978328125 0.46586209843750004 0.11254227812499999 0.4680684828125 0.136167025 0.4608837078125 0.16251500624999998 0.459375 0.18117486875 0.459375 0.1868103296875 0.45990045 0.1972326828125 0.46517224218750003 0.2234375
1 0.5056005 0.2140625 0.515625 0.2140625 0.515625 0.1414924703125 0.5108877453125 0.128018046875 0.511120625 0.0878221140625 0.5003917796875 0.0839815875 0.49783937500000003 0.0873583234375 0.49749485781249997 0.095664375 0.502784090625 0.12218967343750001 0.4972814 0.1511108046875 0.496301209375 0.16216735 0.4973930375 0.18300068281249998 0.5052443875 0.21377449375 0.5056005 0.2140625
1 0.67578125 0.138715278125 0.66875 0.170659721875 0.66875 0.195659721875 0.6734375 0.2234375 0.68671875 0.22760416718749998 0.68984375 0.22482638906250002 0.69296875 0.20538194375000002 0.69375 0.163715278125 0.68671875 0.1373263890625 0.6890625 0.09288194375 0.686328125 0.08663194375 0.680078125 0.08524305625 0.67421875 0.0970486109375 0.67578125 0.138715278125
1 0.6484375 0.21788194375 0.65390625 0.1984375 0.65625 0.163715278125 0.6484375 0.13038194375 0.65078125 0.0859375 0.643359375 0.0810763890625 0.63671875 0.0859375 0.63984375 0.12899305625 0.6328125 0.1526041671875 0.63125 0.17621527812499999 0.6359375 0.21510416718749997 0.6484375 0.21788194375
1 0.3366186203125 0.559375 0.32964988906250003 0.5664963484375 0.321660290625 0.6136367500000001 0.30656755156250004 0.6430391 0.30625 0.64404451875 0.30625 0.66875 0.3308104578125 0.66875 0.333250975 0.619401403125 0.337085334375 0.6018542671875 0.34475976875000003 0.581592990625 0.3453125 0.573688575 0.3453125 0.5698954765625001 0.34178949531249997 0.56068238125 0.3387077671875 0.559375 0.3366186203125 0.559375
2 0.4390625 0.6924228734375 0.313780453125 0.6896145625 0.18905865625 0.6806380234375 0.186460965625 0.6856305812500001 0.1877582109375 0.7004635875 0.1864157109375 0.72444671875 0.187483278125 0.7448170890625 0.192884090625 0.7578125 0.20703542968750002 0.7578125 0.24033654843750002 0.7563671953125001 0.28172466093750004 0.7578125 0.4390625 0.7578125 0.4390625 0.6924228734375
0 0.4296875 0.66810980625 0.428657034375 0.6478333640625 0.4226774 0.63002334375 0.41238704843749996 0.6192941796875 0.3988993125 0.6188411390625 0.3892007375 0.6247240765625 0.379250253125 0.6393942171875 0.375181171875 0.6524718968750001 0.375181171875 0.68125 0.38831148125000003 0.68125 0.4257278515625 0.6802771468750001 0.4296875 0.6767992421875 0.4296875 0.66810980625
1 0.53391626875 0.559375 0.53391626875 0.974858990625 0.545820609375 0.9828125 0.59447580625 0.9828125 0.6107930375 0.9777756453125 0.627767371875 0.94756599375 0.6637919875 0.8574591921875001 0.6900809718750001 0.7499739734374999 0.69375 0.6496510984375 0.69375 0.6029656859375 0.683533271875 0.559375 0.53391626875 0.559375