1 0.49776785781250005 0.36607142812500004 0.475446428125 0.3616071421875 0.4375 0.390625 0.446428571875 0.5111607140625 0.40178571406249997 0.609375 0.41071428593750003 0.7120535718750001 0.4375 0.765625 0.47321428593750003 0.7790178578125 0.5089285718750001 0.7611607140625 0.5401785718750001 0.6941964281249999 0.5401785718750001 0.609375 0.5044642859375 0.5245535718750001 0.5178571421875 0.39955357187499996 0.49776785781250005 0.36607142812500004
1 0.5647321421875 0.30357142812500004 0.5424107140625 0.30357142812500004 0.5133928578125 0.3415178578125 0.5223214281249999 0.444196428125 0.5044642859375 0.515625 0.5446428578125 0.5959821421875 0.5401785718750001 0.6986607140625 0.5625 0.6986607140625 0.5848214281249999 0.6808035718750001 0.6160714281249999 0.5915178578125 0.6071428578125 0.5111607140625 0.5758928578125 0.44866071406249997 0.5803571421875 0.328125 0.5647321421875 0.30357142812500004
1 0.4375 0.32366071406249997 0.421875 0.30803571406249997 0.390625 0.30803571406249997 0.37053571406249997 0.328125 0.37946428593750003 0.444196428125 0.36383928593750003 0.48660714218749995 0.35229359374999997 0.5169747859375 0.345153821875 0.5813002984375 0.35267857187499996 0.640625 0.375 0.6852678578125 0.40625 0.6986607140625 0.40178571406249997 0.5959821421875 0.43303571406249997 0.5245535718750001 0.44332720156249994 0.4937461296875 0.4326172671875 0.44014151406249996 0.44689708437500003 0.3561609328125 0.4375 0.32366071406249997
1 0.609375 0.25 0.5825548171875 0.2668199015625 0.57541490625 0.2918353484375 0.589694728125 0.3740291390625 0.5861248390625 0.4079786875 0.5803571421875 0.45758928593750003 0.6116071421875 0.5200892859375 0.6116071421875 0.6227678578125 0.6294642859375 0.6227678578125 0.6651785718750001 0.5558035718750001 0.6651785718750001 0.47991071406249997 0.6383928578125 0.39508928593750003 0.64324384375 0.27396714218749996 0.634318990625 0.250738490625 0.609375 0.25
1 0.33258928593750003 0.25 0.3183792640625 0.265033040625 0.307669334375 0.2811144546875 0.31696428593750003 0.390625 0.29017857187499996 0.43526785781250005 0.28571428593750003 0.5290178578125 0.31696428593750003 0.6049107140625 0.34375 0.6227678578125 0.3505086515625 0.5062538171875001 0.3790681515625 0.449075615625 0.36121844687500004 0.400831446875 0.375 0.2834821421875 0.359375 0.25446428593750003 0.33258928593750003 0.25
1 0.265625 0.2053571421875 0.246980446875 0.2150020796875 0.23627051406250002 0.24180438906249999 0.257690240625 0.338292728125 0.2321428578125 0.41741071406249997 0.22734566093750003 0.44728875468749996 0.2321428578125 0.47991071406249997 0.2398405359375 0.5134011296875001 0.27232142812500004 0.5602678578125 0.2969595359375 0.574153053125 0.28571428593750003 0.430803571875 0.3125 0.38616071406249997 0.3058843890625 0.29898266093750003 0.3125 0.24330357187499999 0.30133928593750003 0.2142857140625 0.265625 0.2053571421875
1 0.7021479234375 0.2167889734375 0.6808035718750001 0.2053571421875 0.652168696875 0.2078548703125 0.634318990625 0.2257230453125 0.6517857140625 0.2834821421875 0.6383928578125 0.38616071406249997 0.6682334546875001 0.5652189515625 0.6985779015625 0.5330561296874999 0.71875 0.453125 0.7075027546875 0.3811763796875 0.6860831609375 0.338292728125 0.7098214281249999 0.2388392859375 0.7021479234375 0.2167889734375
1 0.45535714218749995 0.36830357187499996 0.5044642859375 0.35491071406249997 0.49776785781250005 0.25892857187499996 0.45758928593750003 0.25446428593750003 0.4375 0.2790178578125 0.44196428593750003 0.359375 0.45535714218749995 0.36830357187499996
1 0.43303571406249997 0.3102678578125 0.44196428593750003 0.22544642812500001 0.41741071406249997 0.2008928578125 0.38616071406249997 0.2053571421875 0.3701432984375 0.24180438906249999 0.37946428593750003 0.296875 0.43303571406249997 0.3102678578125
1 0.5040160890625 0.297195865625 0.5178571421875 0.32366071406249997 0.5625 0.29241071406249997 0.5625 0.22544642812500001 0.5334821421875 0.2053571421875 0.49687631718749997 0.2078548703125 0.486166384375 0.23108349062500003 0.5040160890625 0.297195865625
0 0.2299107140625 0.5223214281249999 0.194196428125 0.5044642859375 0.149553571875 0.5 0.100446428125 0.5133928578125 0.0491071421875 0.5602678578125 0.03125 0.6049107140625 0.03125 0.6495535718750001 0.0491071421875 0.6941964281249999 0.0825892859375 0.7276785718750001 0.12276785781249999 0.7455357140625 0.1696428578125 0.7477678578125 0.2209821421875 0.7321428578125 0.25892857187499996 0.6986607140625 0.28125 0.6495535718750001 0.28125 0.6004464281249999 0.2678571421875 0.5647321421875 0.2299107140625 0.5223214281249999