1 0.36875 0.0425467984375 0.33275488124999997 0.0706091859375 0.3202963125 0.1729348421875 0.3009665015625 0.2175861484375 0.25068078125 0.258155021875 0.22638379843749998 0.30028499062499997 0.22638379843749998 0.43307104374999994 0.24155200781250002 0.4559586578125 0.2578561296875 0.4640625 0.2655657109375 0.4640625 0.28798586875 0.46208230937500006 0.313439134375 0.432908984375 0.35651497656250003 0.4079732390625 0.36875 0.38675821093749996 0.36875 0.0425467984375
1 0.1316367140625 0 0.121565028125 0.0115675640625 0.0990401125 0.0848554546875 0.1018875671875 0.13374434375 0.11780949375000001 0.177100396875 0.142396346875 0.1984375 0.1511468046875 0.1984375 0.17688156875 0.1946062609375 0.19806835312499999 0.17501450000000002 0.2224052859375 0.13283771875 0.228125 0.11147980937499999 0.228125 0.01844859375 0.218501996875 0 0.1316367140625 0
1 0.0827689328125 1 0.0739265421875 0.9405908625 0.0859375 0.8221926343749999 0.0859375 0.7958543453125 0.07691565156249999 0.7854195875000001 0.0584549125 0.784059603125 0.0442783828125 0.8028149609374999 0.0389638546875 0.8246347437499999 0.038391053125000005 0.9286038265624998 0.024963446875 0.9633578578125 0.024963446875 1 0.0827689328125 1
1 0.1875 1 0.1875 0.9391290968749999 0.18235951875 0.9083214109375 0.1752377921875 0.8640792671874999 0.17010109843750001 0.8152434 0.1795735671875 0.7439664953125 0.1633847828125 0.71343571875 0.14508525781249998 0.71479631875 0.1367987203125 0.7390476640625 0.1366053703125 0.772281721875 0.1426058921875 0.8467335593750001 0.11670626718749999 0.9224956390625 0.1137618734375 0.977609153125 0.1137618734375 0.9999564375000001 0.1138084328125 1 0.1875 1
1 0.20643205 0.9120217343749999 0.22353828281250002 0.934375 0.2640625 0.934375 0.2640625 0.8226568828125 0.2570448484375 0.8007791015624999 0.251822571875 0.7713282296875 0.2513989171875 0.7239108609375 0.2548829015625 0.6774673640625 0.23183831562499999 0.65663620625 0.227915075 0.65663620625 0.2142463609375 0.669803571875 0.2059063265625 0.6854449265625 0.22392985156249998 0.773331875 0.20709226875 0.8663684765624999 0.20643205 0.9120217343749999
1 0.05625 0.7010506234375 0.054477984374999996 0.6682395515625 0.034753365625 0.66521585 0.027205254687500003 0.6823768 0.02428235625 0.7003819171875 0.027205254687500003 0.78073745625 0.0090234375 0.8684865140625 0.0090234375 0.9231313234375002 0.0387442109375 0.9375 0.041787895312500004 0.9375 0.045387075 0.7968135328124999 0.05625 0.7762188359375 0.05625 0.7010506234375
1 0.36875 0.509375 0.36875 0.9484375 0.4015625 0.9484375 0.4015625 0.666102584375 0.3849011296875 0.6063505499999999 0.3833585796875 0.53981143125 0.38538367500000004 0.509375 0.36875 0.509375
1 0.39588388124999996 0.509375 0.39682416875 0.533193871875 0.3928249078125 0.5859716500000001 0.3902318953125 0.5939700734375 0.3902318953125 0.9078125 0.39959177343749996 0.9078125 0.40696080468750007 0.8953961187499999 0.43638496406250005 0.765408865625 0.43852215 0.69587349375 0.4257871953125 0.5952824609375 0.43077819375 0.5397496359375 0.43715117187499997 0.509375 0.39588388124999996 0.509375
1 0.5219117015625 0.509375 0.522416065625 0.5153820375 0.526257675 0.5266068078125 0.5257647734375 0.6113290296875 0.4953904484375 0.7285207671875 0.49115143593749994 0.7603149265625 0.49115143593749994 0.8655763828125 0.4914331734375 0.8714853953125001 0.5088039796875 0.9747860093749999 0.5157676578125 0.9875 0.5605264515625 0.9875 0.5666084 0.9778570703125 0.5746229093749999 0.94336216875 0.5899837984375 0.8549051890625 0.5921875 0.82107525 0.5921875 0.7741426171875 0.5913468328125 0.754927921875 0.5663736125 0.615288875 0.5692183421875 0.5292459578125001 0.5715282296875 0.509375 0.5219117015625 0.509375
1 0.46345189531250003 0.509375 0.4669935265625 0.5385572437499999 0.4699056953125 0.5885572437500001 0.46225714531249995 0.6324418453125 0.470152703125 0.673662103125 0.4775352125 0.6925963656249999 0.48470489062500005 0.7617857156250001 0.47802922812500004 0.862806084375 0.48285191093749996 0.871483109375 0.4854953078125 0.871875 0.5005149390625 0.871875 0.5078125 0.8710579828125 0.5078125 0.6081624531250001 0.5009130140625 0.5818396609375001 0.500476271875 0.509375 0.46345189531250003 0.509375
1 0.5722580890625 0.509375 0.571875 0.5131274484375 0.57421875 0.589475428125 0.5703125 0.6270436125 0.59140625 0.73778653125 0.59453125 0.7710653187500001 0.59375 0.8405234 0.57890625 0.9227269421875001 0.57890625 0.93800471875 0.586656253125 0.940625 0.609084459375 0.940625 0.6203125 0.9039486374999999 0.63515625 0.8064673171875001 0.6359375 0.7453425703125001 0.63203125 0.7065218625 0.6140625 0.6346132890625 0.609375 0.6027506625 0.61281696875 0.509375 0.5722580890625 0.509375
1 0.6514790140625 0.509375 0.6503183515625001 0.533802684375 0.6503183515625001 0.621665990625 0.665128590625 0.69624984375 0.6673807671875001 0.7337316625 0.6644282171875 0.7934629734375 0.6503183515625001 0.867820165625 0.6503183515625001 0.8685569328125 0.651552903125 0.86875 0.6694308890625 0.86875 0.6769390359375 0.860047828125 0.690796759375 0.8016417718750001 0.6972029843750001 0.761332178125 0.6984375 0.7292455984374999 0.6984375 0.7020343921875 0.6960499140625 0.676628134375 0.680085425 0.5906215640625 0.6862590515625 0.509375 0.6514790140625 0.509375
1 0.6159363671875 0.509375 0.6140625 0.6243055562500001 0.63046875 0.69375 0.6375 0.7451388890625 0.63671875 0.809027778125 0.62265625 0.90069444375 0.625390625 0.9055555562500001 0.6375 0.90625 0.648828125 0.9041666671874999 0.6578125 0.8770833328125001 0.67265625 0.78680555625 0.6734375 0.7270833328125 0.6703125 0.696527778125 0.65234375 0.6229166671875 0.64921875 0.5979166671875 0.652303996875 0.509375 0.6159363671875 0.509375