1 0.8772406859374999 0.07629313125000001 0.86955614375 0.074998246875 0.8650392765625 0.074998246875 0.8546598031249999 0.0868778734375 0.85 0.1040463140625 0.85 0.15963295 0.8505592765625 0.2015625 0.8744209843749999 0.2015625 0.8799232406249999 0.166855625 0.8828125 0.10205774375000001 0.8828125 0.08512754375 0.8772406859374999 0.07629313125000001
1 0.959375 0.49375 0.959375 0.3675767359375 0.9431550484375 0.3109961125 0.9410747359375 0.229047121875 0.917173859375 0.22710241718750002 0.9187855625000001 0.32919711406249996 0.9225358437500001 0.36946125625000004 0.919890621875 0.40559509218749995 0.9280754312500001 0.4833410546875 0.9302953125 0.49096858125000004 0.942649809375 0.48672919062500003 0.9491342234375001 0.49375 0.959375 0.49375
2 0.659375 0.31970888125 0.695422328125 0.3203125 0.83562210625 0.3203125 0.8675811203125001 0.31427433125 0.8704911296875 0.3044839125 0.868794528125 0.29344099687499997 0.8730243515625 0.28777178281250004 0.8775245390624999 0.26406974375000003 0.878125 0.2493113421875 0.878125 0.2162821171875 0.8756417093750001 0.209356390625 0.8450111734375 0.21302071718749999 0.757215284375 0.20725610625000002 0.7583201093749999 0.20167781875 0.7651629671875 0.1980123734375 0.7648670796875 0.1897017734375 0.76023386875 0.1822106421875 0.7480574421874999 0.1770188 0.659375 0.1781735109375 0.659375 0.31970888125
1 0.2393113046875 1 0.24134874687500002 0.9836814562499999 0.24167779218750002 0.9296240499999999 0.22994334218749998 0.8639407296874999 0.2318348828125 0.8097740640625 0.24375 0.7232862984375 0.24375 0.7159903921875 0.2396697203125 0.6970009109374999 0.2300684859375 0.6886109203124999 0.22025520312500002 0.6886109203124999 0.212983353125 0.6912467703124999 0.2032472109375 0.7134027953125 0.196786103125 0.8537898343749999 0.176824978125 0.920396565625 0.176824978125 1 0.2393113046875 1
1 0.38125 1 0.38125 0.865773034375 0.37515769374999997 0.8416911812500001 0.3755129015625 0.7847331000000001 0.38125 0.73627078125 0.38125 0.706568090625 0.3724356984375 0.6854252734374999 0.3663865359375 0.6828125 0.3656672921875 0.6828125 0.3521717015625 0.6869323375 0.3453075875 0.7029477375 0.3469409265625 0.8168502625 0.3259232453125 0.9086578281250001 0.32356903125 0.953125 0.3265380625 0.9933936875 0.32787483281249996 1 0.38125 1
1 0.3167306203125 0.78487748125 0.318429384375 0.755710815625 0.3296875 0.6842688812500001 0.3296875 0.6588976 0.32319926875 0.6498698765625 0.31086544374999997 0.6498698765625 0.3019742546875 0.66329175625 0.2936443796875 0.76613773125 0.2777933 0.8123291734375 0.2777933 0.9671875 0.2943931609375 0.9671875 0.2944148109375 0.9671629078125001 0.3040091359375 0.8961704484374999 0.321145590625 0.8429834953124999 0.3222781 0.8235390515625 0.3167306203125 0.78487748125
1 0.45770472343749996 1 0.472650578125 0.9533207375 0.4802746046875 0.9057709671874999 0.48050366718750004 0.8710896890625 0.47216598281250005 0.8091219546874999 0.4766650078125 0.7617359593749999 0.485568646875 0.7238265234375 0.4875 0.7026721265625 0.4875 0.697548821875 0.4811035046875 0.6762169328125001 0.474094609375 0.6729762859375 0.467999309375 0.6729762859375 0.4623535046875 0.677199578125 0.45270232187500004 0.700587096875 0.44835135781249996 0.796502315625 0.4234375 0.868155059375 0.4234375 1 0.45770472343749996 1
1 0.212299496875 0.6599109796875 0.2047602515625 0.65 0.1927770609375 0.65 0.18232903281249999 0.667546409375 0.17746204375000002 0.7869908531250001 0.161133146875 0.8345053296875001 0.161133146875 0.996875 0.1620153015625 0.996875 0.170795134375 0.9314534828125 0.1913105640625 0.86853525625 0.19528445781249998 0.8476291859374999 0.20149862343749997 0.71427766875 0.2140625 0.6831900421875 0.2140625 0.6775047484375 0.212299496875 0.6599109796875
1 0.1600108640625 0.857048715625 0.18014272343749999 0.7777729640625 0.18126337812499999 0.7583239734375 0.17747834375 0.7514022546875 0.1814573234375 0.7472128625 0.181985203125 0.6722174078125 0.18374164843750002 0.66109720625 0.190625 0.6480420125 0.190625 0.6346627796875 0.1904765109375 0.6332830671874999 0.183212215625 0.62429846875 0.17146922343749998 0.6257555359375 0.163744309375 0.6431598265625 0.1620230453125 0.7417709374999999 0.1454040765625 0.798806284375 0.14375 0.8109880859375 0.14375 0.8825439562499999 0.1438767578125 0.886306284375 0.1501768578125 0.9203125 0.1552013671875 0.9203125 0.1600108640625 0.857048715625
1 0 1 0.0560775390625 1 0.0562453 0.9550712515625002 0.05232295 0.9295672234375001 0.0493502328125 0.904914896875 0.048091728125 0.8659988984375 0.054418173437499995 0.815007471875 0.060088101562499996 0.7715200609374999 0.0671875 0.728330328125 0.0671875 0.7194121734375 0.064836215625 0.7059999671874999 0.060235792187500005 0.7041225609375 0.052644092187500005 0.7004740015625 0.037883534375 0.7004740015625 0.029398845312499998 0.704607959375 0.0173640515625 0.734690921875 0.015669312499999997 0.797051915625 0.0117126328125 0.8339500046874999 0.0047970125 0.8864848953125 0 0.9007959124999999 0 1
1 0.9182851875000001 0.8654727031250001 0.905040696875 0.9172302984374999 0.905040696875 0.98125 0.9322907046875001 0.98125 0.9501162640625 0.9805523 0.9546709390625001 0.9691498281250001 0.9546875 0.9686755859375001 0.9546875 0.9373559046875 0.952379646875 0.9157374859375 0.9426350187500001 0.8674646562499999 0.9507499265625 0.7689887265625 0.9481099374999999 0.755318359375 0.9429160265625001 0.7478304015624999 0.9362292968749999 0.7457683968750001 0.931686375 0.7457683968750001 0.92677019375 0.7489594281249999 0.9192054328125 0.7647288781249999 0.9176175750000001 0.7953208546875 0.919413390625 0.8182869015625001 0.9182851875000001 0.8654727031250001