1 0.5242178671875 0.5224516312499999 0.4911111109375 0.51555555625 0.462222221875 0.54444444375 0.4711111109375 0.6688888890625 0.43555555625000003 0.7311111109375 0.43555555625000003 0.8111111109375001 0.46666666718750005 0.8866666671875001 0.52 0.9 0.542222221875 0.8866666671875001 0.5688888890625 0.82444444375 0.5733333328125 0.7533333328125 0.5288888890625 0.6688888890625 0.5377777781249999 0.54 0.5242178671875 0.5224516312499999
1 0.18444444375 0.19555555625 0.1580564671875 0.214802928125 0.1580564671875 0.24681267187499997 0.177777778125 0.3311111109375 0.15111111093750001 0.38444444375 0.15111111093750001 0.43777777812499996 0.1866666671875 0.5266666671875 0.2311111109375 0.5311111109375 0.262222221875 0.4688888890625 0.262222221875 0.38444444375 0.222222221875 0.322222221875 0.222222221875 0.21555555625 0.2007160796875 0.20413306250000002 0.18444444375 0.19555555625
1 0.3333333328125 0.1 0.342222221875 0.2066666671875 0.31555555625 0.26444444375 0.31555555625 0.3266666671875 0.3266666671875 0.3466666671875 0.36666666718749996 0.337777778125 0.40444444375 0.3533333328125 0.41777777812499994 0.26888888906249997 0.3866666671875 0.202222221875 0.39555555625 0.11333333281249999 0.38444444375 0.0888888890625 0.3533333328125 0.08444444375 0.3333333328125 0.1
1 0.47555555624999996 0.21555555625 0.4797808 0.2379210890625 0.48444444375 0.317777778125 0.46200597343750005 0.365959778125 0.45134110625 0.396191159375 0.4460087375 0.43887076875000003 0.462222221875 0.48666666718749996 0.477777778125 0.52 0.5288888890625 0.522222221875 0.5599999999999999 0.40222222187499995 0.5288888890625 0.322222221875 0.5377777781249999 0.21111111093749999 0.5313278265625 0.20413306250000002 0.49555555625 0.19555555625 0.47555555624999996 0.21555555625
1 0.9134865953125001 0.08854252812499999 0.8939344484375 0.10454743124999999 0.8903792671874999 0.19168483593750002 0.8577777781249999 0.2511111109375 0.847719790625 0.316166946875 0.8577777781249999 0.357777778125 0.8733333328124999 0.3911111109375 0.9199999999999999 0.3933333328125 0.9511111109374999 0.34888888906250004 0.96 0.26 0.937777778125 0.197777778125 0.959701253125 0.11343901406250001 0.9401488359375 0.08854252812499999 0.9134865953125001 0.08854252812499999
1 0.782222221875 0.21555555625 0.7730655734375 0.25036924374999997 0.7866666671875 0.3266666671875 0.7466666671875 0.38444444375 0.735738328125 0.41753096406249995 0.739293240625 0.46732379531249996 0.7511111109375 0.5177777781249999 0.7711111109375001 0.5377777781249999 0.8044444437499999 0.5355555562500001 0.8533333328125 0.44666666718750003 0.8533333328125 0.3888888890625 0.8266666671875 0.3311111109375 0.8444444437499999 0.22000000000000003 0.82444444375 0.2 0.782222221875 0.21555555625
1 0.6237570046875 0.0760943015625 0.6133333328125 0.09555555624999999 0.617777778125 0.197777778125 0.5866666671874999 0.27777777812500004 0.5810973953125 0.32505852812499997 0.6044444437500001 0.3888888890625 0.63555555625 0.3933333328125 0.68444444375 0.3133333328125 0.68444444375 0.2511111109375 0.662222221875 0.197777778125 0.67555555625 0.09111111093749999 0.6511111109375001 0.0711111109375 0.6237570046875 0.0760943015625
1 0.0733333328125 0.0888888890625 0.058517467187500005 0.10632568906249999 0.07629229374999999 0.1863499015625 0.058517467187500005 0.23436444375 0.05318496406249999 0.27526569843750004 0.057777778125 0.3266666671875 0.09111111093749999 0.39555555625 0.1288888890625 0.3933333328125 0.15555555625 0.33555555625 0.15555555625 0.26888888906249997 0.11555555625 0.18444444375 0.1171744484375 0.11343901406250001 0.1029545328125 0.090320853125 0.0733333328125 0.0888888890625
1 0.32 0.357777778125 0.3288888890625 0.477777778125 0.2888888890625 0.54 0.28781275625 0.582914328125 0.2888888890625 0.62 0.2895902140625 0.6558253203125 0.2984776265625 0.691391640625 0.3464696046875 0.70206164375 0.3642444265625 0.7002832171875 0.3997940796875 0.6647169015625 0.41333333281250006 0.602222221875 0.41333333281250006 0.54444444375 0.377777778125 0.477777778125 0.3911111109375 0.357777778125 0.34888888906250004 0.3333333328125 0.32 0.357777778125
1 0.6575290671875 0.349954978125 0.64444444375 0.3711111109375 0.6488888890625 0.477777778125 0.6088888890625 0.54 0.6088888890625 0.6333333328124999 0.63555555625 0.6466666671875 0.7288888890624999 0.597777778125 0.7288888890624999 0.5355555562500001 0.7022222218749999 0.482222221875 0.71555555625 0.36222222187500003 0.6911111109375 0.3466666671875 0.6575290671875 0.349954978125
0 0.8066666671875 0.617777778125 0.762222221875 0.6044444437500001 0.722222221875 0.6044444437500001 0.6866666671874999 0.617777778125 0.64444444375 0.6555555562500001 0.6266666671875 0.69555555625 0.6266666671875 0.7533333328125 0.6488888890625 0.802222221875 0.6688888890625 0.8222222218749999 0.7088888890625 0.8444444437499999 0.75555555625 0.8466666671875 0.7933333328125001 0.8400000000000001 0.8400000000000001 0.8066666671875 0.8666666671875 0.7533333328125 0.8666666671875 0.6911111109375 0.8533333328125 0.6599999999999999 0.8066666671875 0.617777778125