1 0.1888834421875 0 0.1894061375 0.0394897 0.20482079375 0.090625 0.2055063609375 0.090625 0.225 0.0873300578125 0.225 0 0.1888834421875 0
1 0.251673696875 0 0.25053295468750003 0.034430175 0.265263184375 0.08894804375000001 0.274905240625 0.090625 0.290625 0.090625 0.290625 0 0.251673696875 0
1 0.3063509484375 0 0.3063509484375 0.10188024531249999 0.3195026359375 0.1046875 0.3312538484375 0.1046875 0.3546875 0.0046796296875 0.3546875 0.0026758546875 0.3540562921875 0 0.3063509484375 0
1 0.5821747296875 0.16925173437500002 0.5871696078124999 0.22469810781250002 0.58330704375 0.240684509375 0.586658175 0.24375 0.5926215421875 0.24375 0.596875 0.24340259375 0.596875 0.162798196875 0.5928082640625 0.1546875 0.5913428015625 0.1546875 0.5849050515625001 0.1565743125 0.5821747296875 0.16925173437500002
1 0.63125 0.2330834296875 0.6309983796875 0.232810740625 0.63125 0.2200553046875 0.63125 0.1651841578125 0.6294644484375 0.15869424375000002 0.6240956765625001 0.15273330000000002 0.6169335031250001 0.154669996875 0.6140336890625 0.1616538359375 0.6133129015625001 0.173709053125 0.6171386906249999 0.21351174374999998 0.61628555 0.23112858125 0.6131576937500001 0.238578409375 0.615010128125 0.24643363125 0.619378496875 0.246875 0.63125 0.246875 0.63125 0.2330834296875
1 0.678125 0.1651365421875 0.6757912640624999 0.1567139390625 0.6686074546875 0.154692371875 0.6638837625 0.159681925 0.6612611390625001 0.1688926921875 0.6623183781249999 0.21342199687500002 0.6597600296875 0.224079240625 0.6597600296875 0.24375 0.6758407828124999 0.24375 0.6775289609375 0.2388099171875 0.6750880234375 0.20908330625 0.678125 0.177671275 0.678125 0.1651365421875
1 0.721875 0.239938309375 0.7182942703125 0.21948897656250002 0.7208984375 0.1694435234375 0.7193359375 0.1611374640625 0.7143880203125 0.154279384375 0.7065755203125 0.15626760312500002 0.7026692703125 0.166983934375 0.7047526046874999 0.2215772015625 0.6990234375 0.2466772015625 0.7000332390625 0.246875 0.7207122859374999 0.246875 0.721875 0.2465594125 0.721875 0.239938309375
1 0.7568980937500001 0.158265646875 0.7498005296875 0.15468922031250001 0.7444886687500001 0.16172003125 0.7425379624999999 0.1691547109375 0.740946290625 0.22931262343749997 0.7391295125 0.2347843921875 0.7391295125 0.2453125 0.7572278921875 0.2453125 0.754973215625 0.21981699375 0.759375 0.17417954687499998 0.759375 0.17170971562499998 0.7568980937500001 0.158265646875
1 0.840625 0.17359430625 0.840625 0.1688071984375 0.836321228125 0.1565320578125 0.8310482265625 0.154831753125 0.8264577296875 0.157745921875 0.8234441515625001 0.1684925765625 0.8273381921875 0.220283809375 0.8224820453125 0.24545051093749998 0.826321396875 0.2484375 0.8289432781249999 0.2484375 0.840625 0.24776729375 0.840625 0.2193031734375 0.840262025 0.217127165625 0.840625 0.17359430625
2 0.628009084375 0.24076078750000002 0.6160735625 0.2425687984375 0.6092857359374999 0.24076078750000002 0.5877012125000001 0.24076078750000002 0.5810590578125 0.24193553437499998 0.568938915625 0.24076078750000002 0.5150866390625 0.24076078750000002 0.47208621875 0.24388495468750002 0.4510748765625 0.2418346921875 0.4481278859375 0.244721596875 0.4282768828125 0.2444868125 0.42546177656250006 0.29423300937499997 0.4278088359375 0.31456700312499997 0.43503131249999993 0.321875 0.4363184453125 0.321875 0.44812793125 0.3180334375 0.47364876406250006 0.3171422296875 0.48372260625 0.3195744375 0.567115275 0.3175902984375 0.616429625 0.3214361921875 0.6618014609375 0.3207797703125 0.670998453125 0.3176746109375 0.6926493 0.32155853749999996 0.719554625 0.3178349875 0.7228576328124999 0.3205036390625 0.748780628125 0.317742390625 0.7739586359375 0.31964715 0.8085577890625 0.3137989296875 0.8218159671875 0.31704793750000004 0.85647445625 0.31212564375 0.8957149640625002 0.3135393296875 0.940387959375 0.3101233171875 0.9473368000000001 0.312664653125 0.975804625 0.308886540625 0.9858059390625 0.3020413015625 0.9879618000000001 0.311245996875 0.994561221875 0.3124075375 0.996875 0.3115368796875 0.996875 0.26509866875 0.9908955765624998 0.26335165 0.9924514828125 0.259121325 0.996875 0.2592806890625 0.996875 0.24373475625 0.9954369421875 0.24076078750000002 0.9601664390625 0.24076078750000002 0.9599554250000001 0.24076815625 0.9599293375 0.24076078750000002 0.71530378125 0.24076078750000002 0.7089005687500001 0.241183203125 0.7074942921874999 0.24076078750000002 0.68363460625 0.24076078750000002 0.6833203984375 0.24114848437499997 0.6682162328125 0.2416759328125 0.666018846875 0.24076078750000002 0.628009084375 0.24076078750000002
1 0.3044575171875 0.6937583828125 0.30625 0.6715867703124999 0.30625 0.576550903125 0.3035377359375 0.5464270734375 0.30625 0.5262313625 0.30625 0.4474514734375 0.296207275 0.4360058609375 0.28097075781249997 0.4417432296875 0.27613114843750003 0.45639474374999994 0.2815570453125 0.5675331265625 0.2656192578125 0.6191492796875 0.26208863125000004 0.65811089375 0.2650993703125 0.70116645 0.2752341921875 0.7566492796875 0.28113784375 0.768395746875 0.2897217984375 0.771875 0.2929894046875 0.771875 0.3044575171875 0.6937583828125
0 0.0963429515625 0.64441375 0.11112427031250001 0.6217569828125 0.1203125 0.589147153125 0.1203125 0.58139689375 0.11474075624999999 0.542178078125 0.1020239640625 0.52280038125 0.07788610625 0.52084779375 0.057303240624999995 0.5384487531250001 0.0416494734375 0.5721583156250001 0.040938709375 0.5768243953125001 0.040938709375 0.6192253093750001 0.0411619484375 0.620823978125 0.0542803296875 0.6440770453125 0.061203792187499995 0.646875 0.086336796875 0.646875 0.0963429515625 0.64441375
1 0.825 0.7104731281250001 0.8061144890625 0.6691066593749999 0.8053689937499999 0.570220059375 0.7766987140625 0.562179628125 0.7706118625 0.562179628125 0.7571664515625001 0.5817394890625 0.76652649375 0.675678 0.7495728734375 0.7754921734375 0.7714345265625 0.828125 0.7959793390625001 0.828125 0.8187647046875 0.825825440625 0.825 0.79331508125 0.825 0.7104731281250001
1 1 0.6368180671875 0.9929557328125 0.6337537296875 0.989855146875 0.8110639796874999 1 0.8147046796874999 1 0.6368180671875
1 0.5500117875 0.825 0.559375 0.6642398375 0.559375 0.641934853125 0.5367069625 0.63503074375 0.5109375 0.7490012109374999 0.5109375 0.79974311875 0.5200573796875 0.825 0.5500117875 0.825
1 0.6232251640625 0.8234375 0.6328125 0.79735998125 0.6328125 0.7457817203125 0.6229310703125 0.6224437125 0.5941700109375001 0.61621928125 0.5742585046875 0.79369688125 0.588064190625 0.8234375 0.6232251640625 0.8234375
1 0.6927806171875 0.685361184375 0.7014356218750001 0.6045664593750001 0.6732620921875 0.5938577234375 0.6433585562499999 0.741322253125 0.6433585562499999 0.8086427484375001 0.6517962531249999 0.83125 0.6570366890624999 0.83125 0.6852602203125 0.8288589421874999 0.7139240046875 0.7880367859375 0.7140625 0.7853941390625 0.7140625 0.7377495046875 0.6927806171875 0.685361184375
1 0.859924428125 0.593235896875 0.8417736625 0.77107405625 0.8569271453125001 0.8244994718750001 0.8817285953125001 0.8265625 0.8972063218749999 0.8265625 0.909375 0.77527788125 0.909375 0.7313196875 0.8922088890625 0.6932958953125 0.8936583546874999 0.607965353125 0.859924428125 0.593235896875
1 0.9330032234375001 0.8163411828125 0.9708333515625001 0.8234375 0.971875 0.8234375 0.971875 0.682717759375 0.9604694390624999 0.6221254203125 0.9357021046875001 0.61624880625 0.9212799953124999 0.7718071671875 0.9330032234375001 0.8163411828125