1 0 0 0 0.09109168437500001 0.0021714578125000003 0.1021631671875 0 0.1435970578125 0 0.3853523203125 0.0129898921875 0.4120705765625 0.019702884375 0.421875 0.0317599578125 0.421875 0.0322159125 0.340265090625 0.0625 0.2445811328125 0.0625 0.22592518749999999 0.049663075 0.1548778140625 0.057779878124999996 0 0 0
1 0.3328131828125 0.5296875 0.3169371078125 0.48051674218749996 0.340625 0.26540148124999996 0.340625 0.2468158109375 0.32511025 0.20855798593750002 0.2952075625 0.183506428125 0.2529465546875 0.185939396875 0.22535425468749998 0.21758886875 0.22204299062500002 0.3253414453125 0.23887689218750002 0.454949696875 0.214205646875 0.5296875 0.3328131828125 0.5296875
1 0.505496578125 0.5296875 0.5341669796875 0.48521541875 0.5453125 0.4321235203125 0.5453125 0.37863988125 0.5211442515625 0.24783235937499998 0.5273155968750001 0.18557220000000002 0.5453125 0.1126137953125 0.5453125 0.045486415625 0.5305146374999999 0.0312041328125 0.4798325125 0.0312041328125 0.46243819999999997 0.06374846875 0.467343421875 0.208348025 0.4309327703125 0.3233680375 0.4345405515625 0.36460515 0.46627505156250004 0.46173432031250006 0.46374798593750005 0.5296875 0.505496578125 0.5296875
1 0.2109375 0.5296875 0.2109375 0.4040925171875 0.1876498015625 0.3430522734375 0.18761665624999999 0.12241617187500001 0.16049405781249998 0.08156071718749999 0.1293358828125 0.073703725 0.1105711484375 0.0823240328125 0.0916318453125 0.12428059843749999 0.09460342031249999 0.1809816296875 0.1198515890625 0.2960726609375 0.1189621625 0.3524358984375 0.089345846875 0.447333896875 0.0892668484375 0.5191610515625 0.09122871875 0.5296875 0.2109375 0.5296875
1 0.4177544 0.5296875 0.421950390625 0.5132884421874999 0.42231025625 0.4514327734375 0.3996840328125 0.3585144921875 0.400103875 0.2863495453125 0.43153170625000004 0.193745740625 0.4390625 0.1361496921875 0.4390625 0.129671896875 0.4320715046875 0.1009622359375 0.399417909375 0.0724207875 0.364608896875 0.08252790156249999 0.3431784484375 0.11590951093749999 0.33823784687499997 0.301454059375 0.3109375 0.408151159375 0.3109375 0.49969838125 0.321224790625 0.5296875 0.4177544 0.5296875
1 0.0893143046875 0 0.07940917812500001 0.002315878125 0.0627994421875 0.0450169015625 0.0683699640625 0.14320246875 0.0891145734375 0.22691381718749998 0.060385934375000005 0.3486457625 0.0653266328125 0.41074885781250003 0.0760483234375 0.434375 0.0784165546875 0.434375 0.11048900937499999 0.346707640625 0.10904941718750001 0.2642334140625 0.088124853125 0.1702127875 0.09108611250000001 0.1189138203125 0.10401479218750001 0.08627465 0.1403794171875 0.0705839453125 0.1453125 0.0496809828125 0.1453125 0.0315969421875 0.14343065 0.024439617187500002 0.11960093593750001 0 0.0893143046875 0
1 0.165065065625 0 0.16733431875 0.038961575 0.19916492187499998 0.1204919984375 0.1930278359375 0.280825128125 0.20495297343750002 0.35272041718749997 0.2265625 0.3995777109375 0.2265625 0 0.165065065625 0
1 0.2803494421875 0 0.2559969640625 0.0067952921875 0.2404540765625 0.02936176875 0.239552134375 0.039671046875 0.23907779375 0.040218301562499996 0.23907779375 0.175 0.28974017343749997 0.175 0.2905048546875 0.166259653125 0.2948168296875 0.1612848421875 0.296620721875 0.140666284375 0.3009326953125 0.1356914765625 0.302285615625 0.120227559375 0.3065975921875 0.1152527484375 0.30795050625 0.0997888296875 0.31226248437500004 0.0948140203125 0.3171875 0.0385208453125 0.3171875 0.037986503125 0.314264125 0.02762388125 0.29891898281249996 0.003618775 0.2911969734375 0.0032591171874999996 0.2891136015625 0 0.2803494421875 0
1 0.3127820421875 0 0.310928034375 0.0244671265625 0.316697065625 0.0505099796875 0.3139629 0.086592453125 0.3042879140625 0.1120959921875 0.303422078125 0.11752563125 0.303422078125 0.19990398125 0.3174617375 0.21875 0.319433478125 0.21875 0.323157390625 0.1696059984375 0.3196869828125 0.1643165296875 0.32393858125 0.1592967203125 0.32628215312500003 0.128368884375 0.34020873281249997 0.0978455375 0.364937140625 0.07803595468749999 0.3800355078125 0.0320486921875 0.3823790796875 0.00112085625 0.38332840468749996 0 0.3127820421875 0
1 0.505095609375 0.28705246406249996 0.5091065968749999 0.29240944999999996 0.509556553125 0.3078733703125 0.5178784984375 0.32889661718749996 0.518628421875 0.35466981249999996 0.5221513812499999 0.359375 0.5268013609375 0.359375 0.53125 0.346748871875 0.53125 0.25757748125 0.531222728125 0.25754105781250003 0.5307727734375 0.24207714062500002 0.5267617859375 0.23672015468750002 0.52155091875 0.1901260546875 0.5155344359375 0.182090575 0.5142788656249999 0.205185278125 0.5105678453125 0.2101375703125 0.5110178000000001 0.2256014859375 0.50730678125 0.2305537828125 0.5077567375 0.24601769999999998 0.504045715625 0.2509699921875 0.505095609375 0.28705246406249996
1 0.49159134531250004 0 0.490175628125 0.013315037499999998 0.48673539374999997 0.018334848437500002 0.487576934375 0.0286441265625 0.5321888625 0.0327719828125 0.542472525 0.0408410140625 0.5428932953125 0.045995653125 0.5514568421875 0.056574590625 0.552068075 0.0640625 0.55703669375 0.0640625 0.5578125 0.061448329687500004 0.5578125 0 0.49159134531250004 0
1 0.9381950109374999 0.30242861875 0.9390625 0.28587593125 0.9390625 0.2567668421875 0.9289026171874999 0.1812316078125 0.9297227156249999 0.1506578703125 0.9390625 0.0782046609375 0.9390625 0.065767171875 0.9323383015625 0.04851089375 0.9208379171875001 0.044071468749999995 0.9135155125000001 0.0494633703125 0.90674628125 0.0666881046875 0.9047032906249999 0.16537195 0.8911413187499999 0.215970603125 0.8911413187499999 0.3793367078125 0.8946051109375001 0.3828125 0.9121887234375 0.3828125 0.918712215625 0.37567605312499996 0.9329785656249999 0.3273377 0.9381950109374999 0.30242861875
1 0.0875 0.6720481640625 0.0872732140625 0.6714873703124999 0.08160760624999999 0.578066734375 0.0720439140625 0.564100471875 0.053995634375000004 0.564100471875 0.0446908640625 0.58604293125 0.0597732140625 0.6724476921875 0.0492723078125 0.75305880625 0.07318814375 0.8257810250000001 0.085461778125 0.83125 0.0875 0.83125 0.0875 0.6720481640625
1 0.1390625 0.783889453125 0.1192678578125 0.7210536296875001 0.124830246875 0.624416053125 0.10370629843750001 0.6026257562499999 0.082310853125 0.627502128125 0.089190284375 0.73421243125 0.0730831171875 0.7853126015624999 0.0730831171875 0.851385353125 0.09064307656250001 0.9142269734375 0.11190219374999999 0.9171875 0.11572910624999999 0.9171875 0.1390625 0.8024818953124999 0.1390625 0.783889453125
1 0.237760103125 0.6769986859375 0.243805515625 0.5941459734375 0.21723550625 0.5741304640625 0.2062473328125 0.58840953125 0.21270191875000002 0.672063278125 0.1946801609375 0.78411495625 0.208285646875 0.8482493234374999 0.2253813546875 0.853125 0.2392454375 0.853125 0.2546875 0.785135778125 0.2546875 0.7462011140625 0.237760103125 0.6769986859375
1 0.3221801328125 0.934375 0.3328125 0.9047048515625 0.3328125 0.7841861109374999 0.321120778125 0.74788168125 0.322019865625 0.6342864421875001 0.3122020703125 0.616258665625 0.294633596875 0.614286453125 0.2892662921875 0.614286453125 0.277408153125 0.64252454375 0.28765005625 0.732349940625 0.269032946875 0.799802325 0.27022169375 0.863222959375 0.2916045859375 0.9292785125 0.3191668421875 0.934375 0.3221801328125 0.934375
1 0.39411393281249996 1 0.4123053375 0.9445296703124999 0.41551325468750006 0.9078630046875 0.4019290890625 0.8335981562500001 0.425 0.7068582421875 0.425 0.6988428453125 0.4120314609375 0.6750901640625 0.3920314625 0.6741586484375001 0.37359424375 0.6984017921875 0.3658872328125 0.8151849 0.3426564609375 0.86883196875 0.3426564609375 1 0.39411393281249996 1
1 0.12837547968750002 1 0.1469532671875 0.9551182046874999 0.1914997953125 0.8965150359375 0.175567003125 0.8090626499999999 0.19375 0.6951149421875 0.19375 0.6861822046875 0.1818199546875 0.643844396875 0.1785622 0.6537570953125 0.1643199546875 0.6432332828125 0.142665228125 0.6809118515625 0.1383195875 0.804419790625 0.12382752500000001 0.8425815171875 0.12382752500000001 1 0.12837547968750002 1
1 0.17184769687499998 0.539411734375 0.1562281328125 0.5602267734375 0.1615408453125 0.6570244609375 0.19181662187499998 0.671875 0.1921875 0.671875 0.1921875 0.6550552484375001 0.188652884375 0.645132340625 0.1885341515625 0.5552633609375001 0.17184769687499998 0.539411734375
1 0.9322180640625 0.5296875 0.9357668562499999 0.6675773781250001 0.9150688390624999 0.7284548984375 0.9150688390624999 0.9433371203124998 0.943217746875 0.95 0.9663258734374999 0.95 0.995448940625 0.8583864562500001 0.9984375 0.8013613484375 0.9984375 0.7590978484375001 0.9760598984375001 0.668515209375 0.9903209046875 0.5296875 0.9322180640625 0.5296875
1 0.8287820874999999 0.5296875 0.822178240625 0.5396058218750001 0.83501058125 0.6752104296875 0.8131138640625 0.7654591703125 0.8157569046875001 0.830324034375 0.8416994875 0.929029746875 0.8596795937499999 0.9328125 0.8798530250000001 0.9328125 0.89375 0.8904788374999999 0.89375 0.7212355078125 0.8828498828125 0.6836674015625 0.8816673125 0.56498321875 0.8652148468749999 0.5296875 0.8287820874999999 0.5296875
1 0.7456403921875 0.5296875 0.7292887218749999 0.5486594515625 0.747491696875 0.672727946875 0.7330802625 0.7599819218749999 0.738755203125 0.8248467890625001 0.7636909859375 0.8998828890624999 0.7887915109375 0.90625 0.7921875 0.90625 0.7921875 0.703264959375 0.78045873125 0.6715767140625 0.7727718546875 0.5417190671875 0.758371459375 0.5296875 0.7456403921875 0.5296875
1 0.709375 0.72894283125 0.69315466875 0.671768659375 0.6948149703125 0.5643014953125001 0.6663509453125 0.5429790421875 0.65452193125 0.560776309375 0.6677969296875 0.6749307671875 0.6495016171875 0.7432782109375 0.652901040625 0.8081430734375001 0.67518205 0.8854211062499999 0.677395934375 0.8859375 0.709375 0.8859375 0.709375 0.72894283125