1 0.66875 0.1336578140625 0.6618115953125 0.13369818125 0.65164659375 0.1552362578125 0.6516359890625 0.21660471874999998 0.660016721875 0.253377 0.6635534437499999 0.3208616625 0.6477353265625 0.388458928125 0.646875 0.3993514234375 0.646875 0.49518456562499996 0.647714115625 0.5111958484375 0.6618928171875 0.59702911875 0.66875 0.6118564640625 0.66875 0.1336578140625
1 0.5770530968750001 0.36773675156249996 0.5607405078125 0.3105322390625 0.5593483875 0.2307776375 0.5645149640625 0.15674456718750002 0.560967896875 0.1385463796875 0.54607696875 0.118004221875 0.5331737421875 0.11883109843749999 0.5254840265625 0.1408202890625 0.5231149109375 0.1901067625 0.528268271875 0.300329490625 0.5161146484375 0.344101153125 0.5125 0.3760766640625 0.5125 0.504413396875 0.51986266875 0.5588250796875001 0.524969096875 0.5738524234375 0.5325495984375 0.578125 0.5586089656250001 0.578125 0.560560053125 0.5777134828125 0.571475571875 0.5555175734375 0.5770530968750001 0.5131059328124999 0.5770530968750001 0.36773675156249996
1 0.46069154218749997 0.317712084375 0.44405771875 0.2661825203125 0.44278453124999995 0.137310628125 0.4294589484375 0.07915979375 0.413329915625 0.07934747187499999 0.40622947031249995 0.107048675 0.4150254609375 0.2665203421875 0.403193425 0.2973453296875 0.396875 0.37056223906249997 0.396875 0.3936469734375 0.3982292375 0.43242726249999996 0.41026327343749996 0.49979931874999994 0.425957709375 0.5333727390624999 0.42871194218750003 0.534375 0.44654810781250004 0.534375 0.45498996875 0.5330349187500001 0.46069154218749997 0.5213489859375 0.46069154218749997 0.317712084375
1 0.6236737953125 0.1038726640625 0.614984325 0.11935085625 0.6122105906249999 0.2665338140625 0.5984375 0.3254750609375 0.5984375 0.5374518015625 0.5999909484375 0.540625 0.610712765625 0.540625 0.615638490625 0.4197391265625 0.6422188281250001 0.3211854703125 0.64574250625 0.15559760312499998 0.6504681953125 0.11873148281250001 0.6368269984375 0.09751246875 0.6236737953125 0.1038726640625
1 0.6513976953125 0.1134475734375 0.6303053203125 0.0776605359375 0.6234826421874999 0.0776605359375 0.6169292796875 0.09196263906249999 0.626945140625 0.21466202656250002 0.6252217140624999 0.23287905625 0.628948315625 0.23920190625 0.62486079375 0.2481225390625 0.6197716875 0.24477322968749998 0.615824040625 0.275072309375 0.6103740156249999 0.28696648593749996 0.6078125 0.3239790125 0.6078125 0.3342464015625 0.6109335046875 0.3724802921875 0.6199185625 0.4078125 0.623568153125 0.4078125 0.6223343531250001 0.3548269140625 0.6319530734375001 0.27601171875 0.6360405921875001 0.2670910890625 0.6513976953125 0.26625990625 0.6513976953125 0.1134475734375
1 0.61105794375 0.168144065625 0.6078678296875 0.16210295624999999 0.608046290625 0.1314281109375 0.611307790625 0.1251992796875 0.6114862515625 0.0945244328125 0.618044940625 0.0759318015625 0.614961903125 0.051485785937499993 0.6182234015625 0.0452569546875 0.61343823125 0.03619529375 0.59727350625 0.04279956875 0.58256106875 0.0769642765625 0.5850730328125 0.199569803125 0.56875 0.2657204828125 0.56875 0.3555775734375 0.5770313015624999 0.4 0.579712665625 0.4 0.5839308796875 0.3958888203125 0.5807407671875 0.3898477125 0.5840022640625 0.3836188828125 0.5876920734375 0.3037704203125 0.607475215625 0.22958761875000003 0.61105794375 0.168144065625
1 0.3295457578125 0.2457387078125 0.3336514734375 0.10463441250000001 0.3266184328125 0.0838027078125 0.30601809687500003 0.0838027078125 0.29798909375 0.1082881078125 0.3021200828125 0.18849385000000002 0.3001564796875 0.2559785125 0.2890625 0.29750498593749997 0.2890625 0.48049557187499997 0.293194615625 0.4952423171875 0.31071268750000003 0.4984375 0.32225091875 0.4984375 0.32885699687500003 0.49158862187499996 0.34014099999999997 0.43705060937500007 0.344973390625 0.38206145625 0.3410209078125 0.29572074375 0.3295457578125 0.2457387078125
1 0.2887538828125 0.440625 0.290664721875 0.436797090625 0.290664721875 0.2474225765625 0.282836103125 0.2111992015625 0.28413435625 0.10065710624999999 0.2754808671875 0.06719639375 0.256126028125 0.06787227968750001 0.2515625 0.0833533484375 0.2515625 0.08348507656250001 0.260148371875 0.205852765625 0.2515625 0.26059084375 0.2515625 0.3681361046875 0.257016434375 0.3962621109375 0.2574447796875 0.4208019875 0.2674434578125 0.43886895312499996 0.2832507546875 0.440625 0.2887538828125 0.440625
1 0.2387273921875 0.087306328125 0.23582310468749998 0.0813969296875 0.236787665625 0.0629920203125 0.22952694999999998 0.0482185265625 0.216623725 0.049120806249999996 0.21130273281249998 0.058661615624999996 0.20777661875 0.18727040156250002 0.203125 0.202294090625 0.203125 0.3875 0.221321371875 0.3875 0.22652023593749998 0.3815592875 0.228117228125 0.28976031562500004 0.23166455625000001 0.2833997765625 0.235844315625 0.20364517656249997 0.2306787859375 0.1795564375 0.234215503125 0.11207177500000001 0.23776283281250002 0.1057112375 0.2387273921875 0.087306328125
1 0.17408761718750002 0 0.17249638750000001 0.0017215624999999998 0.174485265625 0.1552459578125 0.1703125 0.1736024890625 0.1703125 0.33875559375000003 0.1754030875 0.3455801703125 0.179670478125 0.3484375 0.180333871875 0.3484375 0.183556859375 0.3427003890625 0.1863720796875 0.3484375 0.18686984375 0.3484375 0.1951149453125 0.33376072031250004 0.1920676484375 0.32755066875 0.19438826874999998 0.24779606875 0.2017324296875 0.217271384375 0.202803484375 0.1804615671875 0.19401861250000002 0.1495614796875 0.19616072499999998 0.075941846875 0.1999220609375 0.0576120203125 0.19185122500000001 0.00217205 0.190785390625 0 0.17408761718750002 0
1 0.0793220578125 0 0.075277096875 0.0101126078125 0.074848621875 0.022382546875 0.077860190625 0.0282919453125 0.0765747625 0.0651017609375 0.07958633125 0.0710111609375 0.07894361718750001 0.08941606875 0.0734375 0.10547632031250001 0.0734375 0.1953125 0.08811735000000001 0.1953125 0.0901329421875 0.1375935421875 0.09744150625 0.11260252343749999 0.0980842171875 0.094197615625 0.09507265000000001 0.08828821718749999 0.09815574375 0 0.0793220578125 0
1 0.1619950078125 0 0.16225216250000002 0.0148748734375 0.1576458921875 0.0182524359375 0.15395520625 0.012324184375 0.1515625 0.0225077234375 0.1515625 0.0403596265625 0.162337228125 0.144329384375 0.1554490890625 0.18175935781250002 0.1665778578125 0.28584711875 0.1764185578125 0.30625 0.1775747984375 0.30625 0.1775747984375 0.0459766828125 0.1770149078125 0.038587873437499996 0.1691686546875 0.020596403125000003 0.1676079515625 0 0.1619950078125 0
1 0.14820185624999999 0.1800720328125 0.14820185624999999 0.10280092656249999 0.1478576140625 0.09435261406249999 0.14820185624999999 0.09362554375 0.14820185624999999 0.0378999015625 0.14535780625 0.033002921875 0.1446078625 0.014598014062500001 0.139394184375 0.005620925000000001 0.1264909578125 0.006221903125 0.12202721875 0.0156497234375 0.12477700781250001 0.0831343859375 0.1282527953125 0.0891191109375 0.12925271875 0.1136589875 0.121875 0.15404470625 0.121875 0.1705484078125 0.12407495625000001 0.22453916875000002 0.131526490625 0.2487785578125 0.13252641406250001 0.27331843437500003 0.134410490625 0.2765625 0.14820185624999999 0.2765625 0.14820185624999999 0.1821181375 0.148131540625 0.180392428125 0.14820185624999999 0.1800720328125
1 0.0788257046875 0 0.0765625 0.003977726562500001 0.0765625 0.0695031609375 0.076797240625 0.0906689796875 0.0765625 0.09140006875 0.0765625 0.203700025 0.0822306796875 0.206331115625 0.0838045015625 0.2203125 0.10060281874999999 0.2203125 0.1051238390625 0.14976297031250002 0.11716013750000001 0.11227644218749999 0.11794643125 0.10000650312499999 0.115113771875 0.0940971046875 0.12101097187500001 0.002072565625 0.12001749218749999 0 0.10360541406249998 0 0.10165613281250001 0.0034259859375 0.0965452265625 0.0831805875 0.09898473906250001 0.0952249546875 0.0931631625 0.11090073281249999 0.0984303265625 0.0036515578125 0.096679959375 0 0.0788257046875 0
1 0.459604 0.272461103125 0.456771340625 0.266062815625 0.457477 0.20444980156249998 0.449372165625 0.1791199625 0.45299111875 0.17324831406250002 0.4600677609375 0.062818865625 0.45440244218750003 0.0500222875 0.456761321875 0.013212471875000001 0.4531999328125 0.005168159375 0.452487140625 0.005168159375 0.4519629296875 0.037489028125000004 0.4418923640625 0.0428340359375 0.443858096875 0.012159190625 0.44747705 0.006287540625 0.445976290625 0.005168159375 0.44139076875 0.005168159375 0.4375 0.011480820312499999 0.4375 0.0201611703125 0.43788026406249997 0.054840654687500004 0.4375 0.055457621874999995 0.4375 0.345471890625 0.4379709125 0.35703407343750004 0.441109403125 0.359375 0.4431217390625 0.359375 0.45205357968750004 0.33968244687500004 0.459604 0.272461103125
1 0.359466053125 0.06079849375 0.34963237812500003 0.088687475 0.34578154375 0.1990042765625 0.34375 0.20588237187499997 0.34375 0.4109375 0.358922371875 0.4109375 0.365065765625 0.4003317875 0.3689972328125 0.33898209375 0.3726161875 0.3327344765625 0.3769408015625 0.265249815625 0.370327921875 0.1675408953125 0.37905778125 0.081538678125 0.3723692796875 0.060347903125000005 0.359466053125 0.06079849375
1 0.5319871468749999 0.1012661484375 0.5239226312499999 0.0853647984375 0.5110194046875 0.0905974859375 0.5029548890625 0.10537098281249999 0.5029548890625 0.252610246875 0.4875 0.28092226875000004 0.4875 0.43828063437500003 0.4900516640625 0.4602969203125 0.499494559375 0.496875 0.50613611875 0.496875 0.5029548890625 0.3998495109375 0.525535534375 0.29099905625 0.522309728125 0.1558041609375 0.5319871468749999 0.11967105625 0.5319871468749999 0.1012661484375
1 0.48529455 0.050693117187500004 0.486224309375 0.038423179687499996 0.4820829203125 0.029192571875 0.46917969531250003 0.029117503125 0.46875 0.02982959375 0.46875 0.2605061234375 0.47687 0.24704967031249997 0.481025565625 0.2347985 0.48195532500000005 0.2225285609375 0.4856460125 0.21641235937499997 0.48843529218750004 0.179602540625 0.48108227656249997 0.1488713953125 0.488055478125 0.056846853125 0.48529455 0.050693117187500004
1 0.41177838125 0.0451181421875 0.40409275781250004 0.0359375 0.3942874796875 0.0359375 0.38919773750000003 0.044986771875 0.38855502343750004 0.06339167968750001 0.3875 0.0652674515625 0.3875 0.1484375 0.401717465625 0.1484375 0.403612865625 0.09416036250000001 0.4109214296875 0.0696580203125 0.41177838125 0.0451181421875
1 0.395243053125 0.2859375 0.40261738593749996 0.2722772109375 0.40577180625000003 0.2602328421875 0.403534290625 0.15275809375 0.39325919531250003 0.15203958906249998 0.3905612796875 0.15203958906249998 0.3828125 0.1724455546875 0.3828125 0.1935674140625 0.382977009375 0.22184403437500003 0.3862385078125 0.2282045734375 0.386345584375 0.2466094828125 0.389607084375 0.252970021875 0.3897141609375 0.2713749296875 0.3930113515625 0.2838704390625 0.39407128125 0.2859375 0.395243053125 0.2859375
1 0.8921875 0 0.8921875 0.08125 0.8950244093749999 0.08125 0.8958727953124999 0.080337459375 0.9009115546875 0.060597017187500005 0.902044065625 0.041152571875 0.9005092515625 0.027441281249999998 0.89980561875 0.0233165234375 0.8993036453125001 0.0194904453125 0.9005215312499999 0 0.8921875 0
1 0.8676862609375 0 0.8682551609375 0.02333180625 0.8657093484375 0.030112359374999998 0.8640625 0.038159468749999995 0.8640625 0.07778364843749999 0.8649953343749999 0.08155587812500001 0.866442153125 0.084375 0.876297540625 0.084375 0.878316996875 0.0810957046875 0.8819269468750001 0.064647559375 0.8824523093749999 0.0465920046875 0.877670571875 0.02259848125 0.8795457796875 0 0.8676862609375 0
1 0.8477728609374999 0 0.8473983015625001 0.0055102703125 0.8482435484374999 0.022633378125 0.8459043171875 0.034689534375 0.8453125 0.0375622125 0.8453125 0.07979408906249999 0.84718038125 0.0883416546875 0.8480375921875 0.0890625 0.857820396875 0.0890625 0.8604131453124999 0.0851000859375 0.863596596875 0.0685254484375 0.863596596875 0.052710095312500004 0.8628593375 0.04610206875 0.8602973984375 0.033683915625 0.8578566765625 0.0282102046875 0.8602689 0 0.8477728609374999 0
1 0.825 0 0.825 0.084375 0.831312696875 0.084375 0.835615021875 0.0730569390625 0.8372743937499999 0.0588509328125 0.835360596875 0.0429980640625 0.8340019562500001 0.028190217187499998 0.8354947421875 0.00261550625 0.8353120296875 0 0.825 0
1 0.47644471875 0.6296875 0.47109375 0.6511207140625 0.471875 0.6858702171875 0.4763734390625 0.7046875 0.485872534375 0.7046875 0.49453125 0.6908280578125 0.49765625 0.6673260734375 0.496875 0.650632125 0.49156723125 0.6296875 0.47644471875 0.6296875
1 0.444160184375 0.6296875 0.44375 0.6336530812500001 0.44375 0.6787577312499999 0.4508492640625 0.7 0.463031340625 0.7 0.463031340625 0.6330223562499999 0.46207365625 0.6296875 0.444160184375 0.6296875
1 0.4046875 0.6296875 0.4046875 0.6707200078125 0.40592166562500004 0.6771256359375 0.409077415625 0.6875 0.4230316828125 0.6875 0.4268109 0.66732205625 0.4268109 0.6352227203125 0.42629666874999994 0.6296875 0.4046875 0.6296875
1 0.37240724531249997 0.6296875 0.371875 0.63560473125 0.371875 0.63918711875 0.37689500468750003 0.675235803125 0.38051168125 0.68125 0.391184271875 0.68125 0.391932759375 0.6806186375000001 0.393666096875 0.670375653125 0.393666096875 0.6296875 0.37240724531249997 0.6296875
1 0.5063792312500001 0.6296875 0.5046875 0.63916896875 0.5046875 0.6707052453125 0.5065857593749999 0.6786781515625 0.5118742078125 0.696875 0.52496513125 0.696875 0.525772490625 0.6877754875 0.525988909375 0.6871661890625 0.525988909375 0.6340441875 0.5247913109375 0.6296875 0.5063792312500001 0.6296875
1 0.5296875 0.6296875 0.5296875 0.6890625 0.5413770312499999 0.6890625 0.543073903125 0.6870455718749999 0.5474894890625001 0.6744773875 0.5506821328125 0.6536031453125 0.5507497765625 0.632783446875 0.550043353125 0.6296875 0.5296875 0.6296875
1 0.559375 0.6296875 0.559375 0.6446764296875 0.5603257484374999 0.6597221078125 0.5649110140625 0.6788476875 0.568372065625 0.684375 0.5765374671875 0.684375 0.5790705171874999 0.680477553125 0.58090691875 0.670638859375 0.58090691875 0.6296875 0.559375 0.6296875
1 0.4734375 0.6296875 0.4734375 0.6523597109375 0.476779971875 0.673090553125 0.4784558453125 0.674570446875 0.48128951875 0.684375 0.4824240203125 0.684375 0.48304233906249994 0.68313129375 0.479993609375 0.6553080125 0.48348917187499996 0.6296875 0.4734375 0.6296875
1 0.1953125 0.6296875 0.1953125 0.6921875 0.197799015625 0.6921875 0.2079064375 0.689925609375 0.213563959375 0.6625579328125 0.214436978125 0.637557934375 0.21300700625000002 0.6296875 0.1953125 0.6296875
1 0.23125 0.6296875 0.23125 0.6828125 0.24235286875 0.6828125 0.2492737828125 0.6437468187500001 0.24916168593750002 0.6296875 0.23125 0.6296875
0 0.647904996875 0.8089334656249999 0.6373924546875 0.7996990578125 0.6320207046874999 0.797303690625 0.6197750265625 0.7983215593749999 0.61063595 0.8071120437499999 0.6015625 0.83128186875 0.6015625 0.867839709375 0.602521275 0.8721051046875001 0.612764440625 0.8921875 0.6333306140625 0.8921875 0.6365351328125 0.8912018328125001 0.6466614578125001 0.876549509375 0.6537390328125 0.856054134375 0.6539763078124999 0.826942096875 0.647904996875 0.8089334656249999
1 0.7453125 0.6296875 0.7453125 0.635658471875 0.746809896875 0.6459786234375 0.7551432296875 0.688862221875 0.7577473968749999 0.6982124203125 0.762434896875 0.7039316640625 0.7753277 0.7046875 0.7822599625000001 0.7046875 0.7863932296875 0.6992127531250001 0.798372396875 0.641297740625 0.79946443125 0.6296875 0.7453125 0.6296875
1 0.719646596875 0.6296875 0.7199981656250001 0.63978250625 0.7174684250000001 0.661100015625 0.706945028125 0.6889474875 0.7061589406250001 0.7037713890624999 0.71099849375 0.7116160046875 0.7218795421875 0.7125 0.7288764109375 0.7125 0.7371336562499999 0.710725815625 0.7371336562499999 0.6296875 0.719646596875 0.6296875