1 0.1049410234375 0.51875 0.09635969531250001 0.5020596296875001 0.09826786093749999 0.3814719703125 0.058631335937499994 0.352674878125 0.036569921875 0.3572690265625 0.018430750000000003 0.3908680484375 0.0391040265625 0.51579013125 0.0380327828125 0.51875 0.1049410234375 0.51875
1 0.1664400625 0.51875 0.16607009374999998 0.5082791140625 0.156825525 0.478247415625 0.144414215625 0.4362913421875 0.16213815468749998 0.31996011874999997 0.14357114375 0.300455371875 0.1123211453125 0.301364653125 0.09551215156250001 0.31744429531249996 0.0890625 0.33526740625 0.0890625 0.4073290171875 0.091568496875 0.43378302187499995 0.0890625 0.4429297390625 0.0890625 0.51875 0.1664400625 0.51875
1 0.2311335265625 0.51875 0.2326610890625 0.4256065984375 0.20873621875 0.37877724218750003 0.225048925 0.2700254375 0.21536953906249998 0.2530697796875 0.20423383125 0.2394572578125 0.1748603125 0.2394572578125 0.15756653125 0.26689697031250004 0.1638279984375 0.385371253125 0.15625 0.40230201406250005 0.15625 0.46410188124999996 0.167782021875 0.49166785625 0.167618253125 0.51875 0.2311335265625 0.51875
1 0.28198753125 0.51875 0.2928250859375 0.50411995 0.30071760468750003 0.471257890625 0.305704590625 0.43902752187500005 0.3010812203125 0.408757890625 0.27599413125 0.3275544890625 0.2979752109375 0.232814628125 0.28742120937500004 0.20513807343749998 0.2716606953125 0.19567005312500002 0.2587281078125 0.19567005312500002 0.2330665375 0.199984434375 0.2234375 0.22387258281250003 0.2234375 0.243285990625 0.2280286828125 0.28431036875000004 0.2234375 0.340155134375 0.2234375 0.37541774375000003 0.2474318734375 0.41777775000000006 0.238868690625 0.51875 0.28198753125 0.51875
1 0.034375 0.281407559375 0.034375 0.3429453390625 0.0704897203125 0.3546875 0.0839159484375 0.3546875 0.0926618328125 0.3493152625 0.09712611875 0.2691920828125 0.07707478125 0.243634046875 0.0762128546875 0.243634046875 0.0368582609375 0.24594429375 0.034375 0.281407559375
1 0.1135072859375 0.1910185109375 0.0953125 0.209445146875 0.0953125 0.2179154875 0.109671721875 0.2953125 0.11483700937500001 0.2953125 0.16232025 0.2865839140625 0.1650580375 0.255709671875 0.1650580375 0.22803537031249999 0.1481532859375 0.19459779531250002 0.131135909375 0.1910185109375 0.1135072859375 0.1910185109375
1 0 0.302404640625 0.008663371875 0.309375 0.013190571875000001 0.309375 0.026654565624999998 0.2865114734375 0.0471981421875 0.22185615625000002 0.037434703125 0.19775329218749998 0.0193293828125 0.195032421875 0 0.195032421875 0 0.302404640625
1 0.741117934375 0.0412194625 0.7170721906249999 0.0594067078125 0.722476215625 0.1521902125 0.7078125 0.21032991406249998 0.7078125 0.2664126875 0.7188961953125 0.3196585125 0.7551415171875 0.321875 0.7594605234375 0.321875 0.7627922015624999 0.3044459953125 0.7627922015624999 0.198237590625 0.7539646921875001 0.1623197875 0.7556822296875 0.0591820796875 0.741117934375 0.0412194625
1 0.5765625 0.1438846734375 0.5765625 0.2703125 0.5872735 0.2703125 0.6063413328125 0.22877554843749998 0.61097966875 0.174438959375 0.60907761875 0.12824274687499998 0.61915229375 0.0575649890625 0.6032655109375 0.0462154625 0.58734806875 0.059931046875000005 0.5826622515625 0.1269413546875 0.5765625 0.1438846734375
1 0.644969040625 0.10195184531249998 0.6346228625 0.1427425125 0.625 0.16434561875 0.625 0.2953125 0.6418629015625 0.2953125 0.665811590625 0.23955721875 0.67075708125 0.185233690625 0.660478103125 0.1574200234375 0.6610306203125 0.1272086578125 0.6756214187499999 0.059257192187499995 0.66308439375 0.046763796875 0.6477040359374999 0.06585841249999999 0.644969040625 0.10195184531249998
1 1 0.0938543046875 0.9902145296875 0.0805369875 0.9765625 0.09396959375 0.9765625 0.11428449062499998 0.980868909375 0.15653568906249998 0.9765625 0.17790500625 0.9765625 0.240835209375 0.980190978125 0.2984375 0.98923129375 0.2984375 1 0.2939365484375 1 0.0938543046875
1 0.9265625 0.211274615625 0.9265625 0.31875 0.9279988781250001 0.31875 0.9434551546875 0.315932903125 0.9583414078124999 0.265332025 0.9566799140625001 0.16224459375 0.9634389203125 0.09714282656249999 0.9518927421875001 0.07546762343749999 0.9348234015625 0.087237753125 0.9360913312499999 0.1605639625 0.9265625 0.211274615625
1 0.9029302484375 0.0541634984375 0.9015485515625 0.0541634984375 0.8847116953124999 0.0701753328125 0.8876185578125 0.150162390625 0.871875 0.2224924125 0.871875 0.2885892 0.8754302687500001 0.337586228125 0.8932298953125001 0.340625 0.905163840625 0.340625 0.9220022265625001 0.300131165625 0.925822215625 0.22206290156250003 0.9159478468750001 0.149035778125 0.91949071875 0.0678572328125 0.9029302484375 0.0541634984375
1 0.8671748203125 0.194146228125 0.8627302890624999 0.1767634890625 0.8643919062500001 0.06349620781250001 0.8483980437499999 0.0349884484375 0.8171875 0.052631082812499994 0.8171875 0.0529603 0.8277968921875001 0.1650189671875 0.8192058140625 0.228447265625 0.822458634375 0.2895815015625 0.8373962015625 0.3721455828125 0.84588429375 0.3796875 0.8539575875000001 0.3796875 0.8671748203125 0.37543575625000003 0.8671748203125 0.194146228125
1 0.7703125 0.222676971875 0.7703125 0.23275321875000002 0.7882934046875001 0.31051294375 0.79486888125 0.3140625 0.7969396765625 0.3140625 0.8135553921875001 0.157872996875 0.8133899296875 0.061828196875 0.7921544078125 0.07360188906250001 0.7921544078125 0.1509214765625 0.7703125 0.222676971875
1 0.8609375 0.07640653281250001 0.8609375 0.18362451875000002 0.880213215625 0.25625 0.8813181296874999 0.25625 0.8816602328125 0.25371143125 0.8816602328125 0.16169620468749998 0.8761239609375 0.14316951093750002 0.8786436562500001 0.0897179453125 0.861249678125 0.07640653281250001 0.8609375 0.07640653281250001
1 0.3972031078125 0.51875 0.3965518796875 0.5613882453125 0.3953125 0.5661662578125 0.3953125 0.7390625 0.4095481890625 0.7390625 0.4140993078125 0.7337896828125 0.4287231046875 0.669486959375 0.43045841874999996 0.6112491265625 0.4194994921875 0.55629840625 0.42271801093750005 0.51875 0.3972031078125 0.51875
0 1 1 1 0.9504699562500001 0.9851000750000001 0.9480149171875001 0.9728619203125 0.9522067328125001 0.9558772328125 0.9722878484375 0.9484375 0.989076834375 0.9484375 1 1 1