1 0 0.4946613328125 0.01646796875 0.44426087187499996 0.0067911125 0.36043546875 0.0217220703125 0.2580182734375 0.0105216171875 0.2404445671875 0.006725773437500001 0.2404445671875 0 0.24448787031250002 0 0.4946613328125
1 0.2421875 0.3637111125 0.2421875 0.4953125 0.2462274359375 0.4953125 0.2614225734375 0.49000566562500003 0.274325315625 0.433641665625 0.26619139999999997 0.373907775 0.27056511875 0.2966395328125 0.259384146875 0.279115228125 0.24281562031249998 0.293455315625 0.2447560953125 0.354365096875 0.2421875 0.3637111125
1 0.219884275 0.27541788125 0.20380647343749997 0.2876622796875 0.2105899 0.3608150375 0.1953125 0.49841711093749996 0.1953125 0.50414366875 0.2093359984375 0.51875 0.2153527859375 0.51875 0.2296115984375 0.515680484375 0.23881826093749997 0.4729806640625 0.23881826093749997 0.44533724374999994 0.2311784828125 0.3618940390625 0.23299214375 0.2967170671875 0.219884275 0.27541788125
1 0.1540889953125 0.2781613078125 0.159778990625 0.3575783359375 0.14375 0.4487311625 0.14375 0.45104641875 0.1538261875 0.54375 0.1843251875 0.54375 0.19524584843749998 0.512998840625 0.19524584843749998 0.39340478125 0.1879882609375 0.3516641140625 0.18868804687500002 0.269966521875 0.17093856875 0.2585999984375 0.1540889953125 0.2781613078125
1 0.1186319125 0.559375 0.1347957875 0.4910731015625 0.1278752671875 0.4278733609375 0.1193517734375 0.376951721875 0.130934784375 0.2640891484375 0.1174212703125 0.23510923125 0.0846027390625 0.25162191875 0.0854113359375 0.36402133281250004 0.0734375 0.417258484375 0.0734375 0.5339144 0.075811009375 0.559375 0.1186319125 0.559375
1 0.0546875 0.41696652656250005 0.0546875 0.43890445468749995 0.077898646875 0.512226384375 0.0819114171875 0.5140625 0.0845030640625 0.5140625 0.0845030640625 0.2849112453125 0.08258785156250001 0.261934359375 0.062404253124999996 0.27506805624999997 0.06871579531250001 0.35238764218749996 0.0546875 0.41696652656250005
1 0.11875 0.339922321875 0.11875 0.41488800000000003 0.12424966562499999 0.45625 0.125301315625 0.45625 0.1432066359375 0.390223696875 0.135344321875 0.34303782968749996 0.1450933921875 0.2896267515625 0.1294698234375 0.2763384140625 0.12825744375 0.2763384140625 0.11875 0.339922321875
1 0.78789804375 0.559375 0.7801422406249999 0.5158751796875001 0.7919152578124999 0.40371693124999997 0.787367009375 0.3844543046875 0.778166034375 0.3754962328125 0.7729821609374999 0.3754962328125 0.767345875 0.3785105234375 0.7570503687500001 0.396474490625 0.7551422406249999 0.5136879624999999 0.7484375 0.5377451125 0.7484375 0.559375 0.78789804375 0.559375
1 0.331192821875 0.559375 0.3287209328125 0.5916143859374999 0.321875 0.616558396875 0.321875 0.795254571875 0.32299587343749997 0.7953125 0.3495771515625 0.7953125 0.3527094171875 0.792405696875 0.3695886109375 0.7247592390625 0.37250882500000004 0.698970903125 0.369551846875 0.65062904375 0.3555549765625 0.588445825 0.3557291828125 0.559375 0.331192821875 0.559375
1 0.24016588749999998 0.559375 0.240625 0.5883014890625 0.225 0.6530683296875 0.22265625 0.6789750640625 0.225 0.7191305046875 0.2328125 0.7605812828125 0.23828125 0.7838973453125 0.24609375 0.7890786921874999 0.269140625 0.7884310234375 0.275 0.7826020078125 0.28671875 0.7048818 0.2859375 0.6595450125 0.27734375 0.620684909375 0.26640625 0.5895968265625 0.26484375 0.5727574484375 0.26516235312499997 0.559375 0.24016588749999998 0.559375
1 0.6765625 0.559375 0.6765625 0.7924030656250001 0.6772016703125 0.7931540078125 0.6953498453125 0.7953125 0.7019726078125 0.7953125 0.7069862921875 0.7943624390625 0.715233690625 0.7832062140625 0.7254742078125 0.7491674953125 0.7395067078124999 0.672141575 0.74280880625 0.624919353125 0.7394724234375 0.58270588125 0.735127128125 0.559375 0.6765625 0.559375
1 0.7578125 0.559375 0.7578125 0.742445390625 0.7587341921874999 0.7475395812500001 0.764588040625 0.7577719859375 0.7794988203125 0.759375 0.794350090625 0.759375 0.8018954921875 0.7559400875 0.811983428125 0.7295901421875 0.8189801859374999 0.6925365515624999 0.8240859359375001 0.6441805328125 0.8242433234375 0.563369884375 0.82348710625 0.559375 0.7578125 0.559375
1 0.8328125 0.559375 0.8328125 0.68131019375 0.8401796765625 0.720453478125 0.84822824375 0.7328125 0.8761449515624999 0.7328125 0.877839990625 0.7325454171875 0.8893984265625001 0.7190213609375 0.9065992296874998 0.628288940625 0.9064653609375 0.559375 0.8328125 0.559375
1 0.6058659640625 0.559375 0.5953125 0.5866557640625001 0.5953125 0.774577846875 0.6078871234375001 0.8252012703125 0.61823565 0.8265625 0.63179059375 0.8265625 0.6474606953125 0.8209567015625 0.6564913875 0.794239246875 0.6636353953125 0.76829706875 0.669620246875 0.7319441453125 0.6686990203125001 0.691239471875 0.6688429640625 0.64342783125 0.6627768515625 0.5977687546875 0.6559041624999999 0.559375 0.6058659640625 0.559375
1 0.5536767203124999 0.559375 0.55 0.57789033125 0.55 0.5839385953125 0.5541824421875 0.6874103625 0.5674096953125 0.750565459375 0.5743483828125 0.765625 0.5976188796875 0.765625 0.6011004124999999 0.7606593671875 0.598988434375 0.7133552578125 0.5939453859375 0.682554040625 0.5944735703124999 0.5937470390625 0.59968374375 0.571811421875 0.60606970625 0.559375 0.5536767203124999 0.559375
1 0.479128153125 0.559375 0.4737731328125 0.5826297874999999 0.47234546093749996 0.641236521875 0.471875 0.6427403453125 0.471875 0.6886980203124999 0.4856000640625 0.7737496500000001 0.49959859531250006 0.7984375 0.5384091546875001 0.7984375 0.545877553125 0.7726533265625 0.5468803624999999 0.7630723515625 0.5468803624999999 0.6019718218750001 0.545351834375 0.5930765578125 0.535503025 0.559375 0.479128153125 0.559375