1 0.26904472031250004 0 0.2685668734375 0.0279050265625 0.25298160468750003 0.0823802578125 0.25298160468750003 0.17095823125 0.2555549515625 0.1796875 0.292657896875 0.1796875 0.303044171875 0.178826228125 0.328125 0.0974240828125 0.328125 0.0800436234375 0.3086772484375 0.0220300734375 0.31107332187500003 0 0.26904472031250004 0
1 0.0491750828125 0 0.0265625 0.09479808749999999 0.0265625 0.1567516203125 0.032894265625 0.175 0.0635752375 0.175 0.075 0.0116182921875 0.075 0 0.0491750828125 0
1 0.10399193124999999 0 0.0890497765625 0.085048421875 0.0890497765625 0.17234636718750002 0.0907529609375 0.1765625 0.1132589296875 0.1765625 0.12502203437499998 0.1752939265625 0.1375 0.146116425 0.1375 0 0.10399193124999999 0
1 0.18311506875 0 0.16665260937499998 0.1362131140625 0.1867474890625 0.1796875 0.20929135468750001 0.1796875 0.22105475624999998 0.17827345 0.2390625 0.14864411718749998 0.2390625 0.07946766250000001 0.2168793984375 0.0347756921875 0.217771303125 0 0.18311506875 0
1 0.3672741671875 0 0.350410834375 0.11279343125 0.350410834375 0.12921039375 0.36156215625 0.17692606718749998 0.3703739890625 0.178125 0.40254426875 0.178125 0.4234375 0.1054683109375 0.4234375 0.09971221875 0.4028983734375 0.047808114062500004 0.4059411640625 0 0.3672741671875 0
1 0.4434102953125 0 0.42635451093750004 0.0769700828125 0.42635451093750004 0.168520396875 0.447330775 0.1734375 0.46213510781249995 0.1734375 0.478125 0.095518609375 0.478125 0.038077526562500005 0.47587022812499996 0 0.4434102953125 0
1 0.5354604421875 0.4125 0.5441260484375 0.4060216125 0.5494794359374999 0.387357590625 0.559375 0.3063834328125 0.559375 0.2751703109375 0.5523342296875 0.2292788890625 0.559375 0.1706532 0.559375 0.1332811890625 0.5570679453125 0.1270277296875 0.5496062875 0.122421253125 0.5476187796875001 0.122421253125 0.5398804453125 0.12762793125 0.5341908281250001 0.139374790625 0.531830578125 0.1680966828125 0.5325689453125 0.2133397375 0.53080205625 0.23280236875 0.5214456671875001 0.264151615625 0.5214456671875001 0.41199359218750004 0.5219435578125 0.4125 0.5354604421875 0.4125
1 0.6234375 0.2716595046875 0.6177846140625001 0.2525426046875 0.6157774546875 0.2238389 0.61670676875 0.177494121875 0.61352845 0.1469506859375 0.6073151078125 0.136366171875 0.596640340625 0.13125 0.5957121015625 0.13125 0.5856005484375 0.142642259375 0.583576246875 0.15841936406249998 0.59324355625 0.244488053125 0.5916724828125 0.2667466375 0.5861937375 0.29275740781250004 0.5844874578125 0.327991078125 0.5878485875 0.39096616093750003 0.60280040625 0.4482463 0.6114236734375 0.45602273281250005 0.6212340968750001 0.45625 0.6234375 0.45625 0.6234375 0.2716595046875
1 0.6379852640625 0.24284999218749997 0.6357191171875 0.2752573984375 0.62908920625 0.302844175 0.6250067953125 0.3149370046875 0.6250067953125 0.47947338593750005 0.6294729375 0.45421577187500006 0.64059325 0.42216914375 0.6566995656250001 0.404718425 0.6706297140624999 0.39971465 0.6741741421875 0.39010915 0.675 0.3782988453125 0.675 0.3778751421875 0.671941315625 0.3398757046875 0.6618283875 0.2828212203125 0.6659103078124999 0.23191651562499999 0.6683821234375 0.22644584843749999 0.672343121875 0.1996788875 0.67415318125 0.16632433124999998 0.6683844984375 0.14798227343749998 0.6624582343750001 0.1430979765625 0.64859283125 0.14717582499999998 0.6403637625 0.164018953125 0.6374444312499999 0.1908283625 0.6379852640625 0.24284999218749997
1 0.721420525 0.41470046250000003 0.7473237953125 0.4625 0.7500342796874999 0.4625 0.7514969718750001 0.4601121015625 0.753125 0.44837088437499995 0.753125 0.3887052296875 0.748497309375 0.34479580625 0.7400980687500001 0.31373877499999997 0.73982776875 0.3017441796875 0.7424846984375 0.268389628125 0.7529343671875 0.21070632968749997 0.753125 0.20773154531250002 0.753125 0.167197678125 0.749090784375 0.15314368125 0.7309209546875 0.1529605390625 0.7296961296875001 0.15122943125 0.7283503484375 0.15122943125 0.7201416765624999 0.163096596875 0.71386529375 0.179975484375 0.7115511890625 0.21608659531250002 0.7131993609375 0.2714299265625 0.7094875734375 0.3131390375 0.7011473374999999 0.3395487734375 0.7011473374999999 0.40471569062499996 0.721420525 0.41470046250000003
1 0.8499057046875 0.4890625 0.85 0.48860685937500004 0.85 0.3234321015625 0.8412964687500001 0.291982021875 0.837857109375 0.26341479687499997 0.8417273 0.1992256546875 0.84143988125 0.17142058124999998 0.8378838140625 0.15676954062499998 0.831584403125 0.1464352953125 0.8222962578124999 0.14266539218750002 0.81767941875 0.14266539218750002 0.8148369109375 0.144530978125 0.8058076828124999 0.1658692828125 0.8056281484374999 0.19555350625 0.8112855515625 0.2286411765625 0.8125787531249999 0.27308561875000004 0.7958404359375 0.3611326 0.7951850125 0.41031585625 0.802889865625 0.4599883078125 0.8100803421875 0.4890625 0.8499057046875 0.4890625
1 0.8761485515625 0.2462889234375 0.858141659375 0.3262306875 0.858141659375 0.40507276406250003 0.8581495703125 0.40517238281249995 0.8679628859375 0.45726668593750003 0.8730801265625001 0.4625 0.8953677515624999 0.4625 0.9008615796874999 0.45062299843750003 0.9102329015624999 0.40638463593749996 0.9125 0.3787650375 0.9125 0.35324209687499997 0.9107571609375 0.3165577 0.8988389609375 0.26626675781250003 0.8975027203125 0.246785946875 0.904039946875 0.17747485000000002 0.903691496875 0.1626479125 0.897901234375 0.145378875 0.8906849843749999 0.1387276765625 0.8854766546875 0.1386064515625 0.87547308125 0.1476353828125 0.8713890578125 0.162822240625 0.8741406390625001 0.23975895 0.8761485515625 0.2462889234375
1 0.95 0.2847129734375 0.942719896875 0.23825344531249998 0.95 0.17384378125 0.95 0.146344534375 0.9450867890625 0.132209171875 0.9358304609375001 0.1303027765625 0.9303847828125 0.133976178125 0.9234161546875 0.149219109375 0.9212009125 0.232570625 0.9137284203124999 0.260206309375 0.9137284203124999 0.41875 0.930413934375 0.41875 0.9334700453125 0.41511741874999997 0.9470908609375 0.36517801875 0.95 0.33873865468750003 0.95 0.2847129734375
1 0.6890625 0.23622685156249998 0.6927083328125001 0.1473379625 0.68671875 0.1302083328125 0.6783854171875 0.125578703125 0.6700520828125 0.1302083328125 0.6661458328125 0.1390046296875 0.675 0.159375 0.6770833328125 0.181597221875 0.6713541671875001 0.24826388906250002 0.6713541671875001 0.2732638890625 0.6854166671874999 0.3362268515625 0.690625 0.3723379625 0.6947916671875 0.3797453703125 0.7005208328125001 0.368634259375 0.703125 0.356597221875 0.7041666671875 0.3084490734375 0.7015625 0.2890046296875 0.6890625 0.23622685156249998
0 0.7731866249999999 0.4890625 0.7625 0.455671296875 0.7377604171875 0.4172453703125 0.72578125 0.40891203750000005 0.7028645828125001 0.400578703125 0.6888020828125001 0.400578703125 0.66796875 0.4107638890625 0.6588541671875 0.42696759218749997 0.6520833328125 0.45289351875 0.6489583328124999 0.47789351875 0.6487838171875 0.4890625 0.7731866249999999 0.4890625
1 0.15868935 0.8757744140625 0.1620517171875 0.83546935625 0.1511142859375 0.7263746140625 0.1640625 0.6077675625 0.1640625 0.6044518609375 0.15888731875 0.5868322046875 0.1414619296875 0.57811569375 0.1402387609375 0.57811569375 0.134243334375 0.58214966875 0.1255309 0.602547734375 0.12391890000000001 0.6885224359375 0.1195082703125 0.7330214453125 0.10792559531249998 0.7668914703125 0.10792559531249998 0.897644484375 0.13849734375 0.90625 0.150369228125 0.90625 0.15868935 0.8757744140625
1 0.290625 0.8390625 0.290625 0.6643119203125 0.2893856203125 0.6595814625 0.2878616890625 0.5595178265625 0.28078830625 0.542224896875 0.267899825 0.536814790625 0.2579799484375 0.55708549375 0.26643800781250004 0.6556784234374999 0.25547908124999996 0.711406703125 0.2572143953125 0.7697673078125 0.2718381921875 0.83353801875 0.2768138609375 0.8390625 0.290625 0.8390625
1 0.789745425 1 0.7841587406249999 0.9661077578124999 0.8203125 0.723452628125 0.8203125 0.7000832015625 0.8051508093749999 0.6731307484375 0.7851347671875001 0.659602875 0.7506534 0.659602875 0.7245722062500001 0.6863585375 0.7067513390625 0.7208463203125 0.7045379296875 0.962984259375 0.6899787171874999 1 0.789745425 1
1 0.6984375 1 0.6984375 0.9263573656249999 0.680857571875 0.8870671375000001 0.6687512890625 0.6503290328125 0.6464755640625001 0.618017375 0.6312383625 0.6106318296875 0.605648028125 0.606648496875 0.5846973 0.6234597921875 0.5754179578125 0.6514150640625 0.61253583125 0.864174234375 0.5867968640625 1 0.6984375 1
1 0.5377919359375001 1 0.5665831375 0.8818688187499999 0.5671875 0.8520625374999999 0.5671875 0.8439794781250001 0.55049411875 0.766843359375 0.5616658578125 0.6070800453125 0.555218209375 0.5912103359375 0.5394971375 0.5735396328125 0.512830471875 0.5724530484375 0.4907022546875 0.5885815125 0.48287672343750004 0.6061004109375 0.48287672343750004 0.6255595578125 0.4971607859375 0.7646701921875 0.48287672343750004 0.832359165625 0.48287672343750004 1 0.5377919359375001 1
1 0.8877393078125 1 0.8719713125 0.873500421875 0.9125 0.6543870203125 0.9125 0.653241925 0.883751078125 0.6126772890625001 0.8792465406249999 0.6126772890625001 0.8286027125000001 0.6510026140624999 0.815331103125 0.85810320625 0.8078844859375 0.88075495625 0.8078844859375 1 0.8877393078125 1
1 0.9984375 0.569467803125 0.9813902031249999 0.55319886875 0.9705841390625001 0.55319886875 0.953849678125 0.5573321859375 0.9464377468750002 0.5735355703125 0.9391304234375 0.781334934375 0.9792907312499999 0.9390625 0.9793875015625 0.9390625 0.9984375 0.8769754296875 0.9984375 0.8615537640625 0.9813366343750001 0.7020826203125 0.9984375 0.6237846578124999 0.9984375 0.569467803125
1 0.94434071875 1 0.953125 0.9720493453125 0.953125 0.9548276296874999 0.9300823031250001 0.811747540625 0.9502010625 0.610977890625 0.9327910093749999 0.5908412234375 0.9078358890625001 0.5849976546875 0.8836032484375 0.603509046875 0.9141635390625 0.6515704437500001 0.8891183703125 0.8936567656250001 0.9143590609375 1 0.94434071875 1
1 0.776059096875 0.6581015078125001 0.799069653125 0.66875 0.8017279078125 0.66875 0.8328125 0.6307851 0.8328125 0.61504866875 0.8239967828125 0.5546875 0.8220834609375001 0.5546875 0.7924569 0.5600841671875 0.776059096875 0.59025079375 0.776059096875 0.6581015078125001
1 0.755 0.6398483734375 0.7505555562499999 0.5984282546874999 0.7261111109374999 0.5777181953125 0.7038888890624999 0.5777181953125 0.6853851109375 0.5957977515625 0.67944444375 0.616179734375 0.6972222218749999 0.7108542906249999 0.755 0.6398483734375
1 0.6883333328125 0.574759615625 0.6761685734375 0.5501999343749999 0.655 0.548132396875 0.6419354937499999 0.5572149828125 0.63055555625 0.56884245625 0.63055555625 0.6043454140625 0.67055555625 0.6516826921875 0.6883333328125 0.574759615625
1 0.4796875 0.632798628125 0.4883333328125 0.5925110953124999 0.5238888890625 0.5629252953125 0.517222221875 0.548132396875 0.50368684375 0.5396773484375 0.48166666718749995 0.5422152359375 0.4796875 0.544850221875 0.4796875 0.632798628125