1 0.5174332625 0.1890625 0.511998034375 0.17330170625000002 0.51067525 0.10403091406250001 0.510076784375 0.09469198749999999 0.506970925 0.0948547578125 0.50378871875 0.086522053125 0.4982373578125 0.085005128125 0.48930155937500003 0.0817253375 0.48841831406249997 0.0873937875 0.4858882234375 0.106266959375 0.49184402031249996 0.1603025015625 0.484375 0.18486375625 0.484375 0.1890625 0.5174332625 0.1890625
1 0.468251309375 0.1890625 0.468251309375 0.17134240625 0.467972690625 0.1709838359375 0.4608014890625 0.08901662187500001 0.45462982187499995 0.0810739515625 0.44372073125 0.08158204999999999 0.440625 0.09169578125 0.440625 0.10879746875 0.44089562656250003 0.11189074375000001 0.44501006875 0.11718585937499999 0.44883471249999995 0.16090170625 0.442996225 0.17763388125 0.442478265625 0.1890625 0.468251309375 0.1890625
1 0.21207188124999998 0.1890625 0.2074474 0.17177241875 0.2081484703125 0.1497538609375 0.2127969921875 0.0952696859375 0.2079144484375 0.0911465234375 0.2046613671875 0.0820849171875 0.1978116703125 0.0851626875 0.191360925 0.09094864531249999 0.1913737578125 0.115275134375 0.1922911078125 0.13755831875 0.1852471046875 0.1783803390625 0.184375 0.181101009375 0.184375 0.1890625 0.21207188124999998 0.1890625
1 0.25404396875 0.1890625 0.252076628125 0.18229387187499999 0.25212652812499997 0.14657589375 0.25640333593750003 0.089397696875 0.25133055937500004 0.081455025 0.24042146875 0.081963125 0.234585153125 0.09041389375 0.23535490937499998 0.14735704375 0.23102198125 0.1669166265625 0.2265625 0.1788558734375 0.2265625 0.1890625 0.25404396875 0.1890625
1 0.2950546078125 0.1890625 0.29903767812500004 0.18285624843749998 0.293958109375 0.1612972203125 0.3005254921875 0.08846084374999999 0.2982754328125 0.0703125 0.2906042578125 0.0703125 0.281215084375 0.0780960265625 0.2745241578125 0.1600632390625 0.271875 0.1664319140625 0.271875 0.1890625 0.2950546078125 0.1890625
1 0.34625 0.065023765625 0.3375 0.0732186703125 0.3375 0.1578125 0.3624761265625 0.1578125 0.358977271875 0.1000984484375 0.3625 0.089388 0.3625 0.0888757 0.358977271875 0.08370500625 0.358977271875 0.0727760421875 0.353522728125 0.064769796875 0.34625 0.065023765625
1 0.4268461484375 0.1890625 0.416506853125 0.1606529984375 0.41412185 0.0786857859375 0.401156078125 0.07071121875 0.3939011796875 0.0742244921875 0.3890625 0.0898104015625 0.3890625 0.09092919375 0.3942115234375 0.14896841875 0.3918473078125 0.1884197140625 0.392299003125 0.1890625 0.4268461484375 0.1890625
1 1 0.1890625 1 0 0.9595227859375001 0 0.940625 0.08096282031249999 0.940625 0.10549121718750001 0.9452804374999999 0.1781383140625 0.9489094937499999 0.1890625 1 0.1890625
1 0.6629816171874999 0 0.6578125 0.013624003125 0.6578125 0.1890625 0.6827969656249999 0.1890625 0.7074127109375 0.0980479171875 0.6996112421875 0 0.6629816171874999 0
1 0.748557990625 0 0.73125 0.06628122187499999 0.73125 0.10251186406249999 0.7443525765625 0.1890625 0.7953103046875001 0.1890625 0.8083640937500001 0.1308171703125 0.8083640937500001 0.06595230468749999 0.7886063734375 0 0.748557990625 0
1 0.8440840328125001 0 0.8234375 0.08097890625000001 0.8234375 0.1187168546875 0.824339290625 0.149709384375 0.8359084015625001 0.1890625 0.906059121875 0.1890625 0.9073901062499999 0.1827003109375 0.9073901062499999 0.09940275781249999 0.8881834281250001 0 0.8440840328125001 0
1 0.890247540625 0 0.9131266421875001 0.0876004703125 0.90518414375 0.1890625 0.9090519328125 0.1890625 0.9223398312500001 0.1685963046875 0.9236922296875001 0.138174746875 0.9236922296875001 0.049127925 0.908627678125 0 0.890247540625 0
1 0.2470736890625 0.366741253125 0.22706158125 0.372493284375 0.21503195000000003 0.39272057656250003 0.21813596249999997 0.44115807656250006 0.232277609375 0.490584865625 0.23165585000000002 0.5298111406249999 0.23966860625000003 0.53252670625 0.229131628125 0.5393499140625 0.2109375 0.64241674375 0.2109375 0.6602043156249999 0.22153558125 0.7388519484375 0.2484474 0.796875 0.2962924390625 0.796875 0.2962924390625 0.583441815625 0.2716800734375 0.5183070734375 0.27158233906249996 0.3944601375 0.26433104375 0.3791626859375 0.2470736890625 0.366741253125
1 0.3670480546875 0.8 0.3670480546875 0.593025246875 0.347075890625 0.532900834375 0.345866121875 0.42941196093750006 0.32890350625 0.405884571875 0.310016803125 0.40519536718750004 0.2961983125 0.41760547343750004 0.2921875 0.4381083015625 0.2921875 0.44189978124999996 0.31020060625 0.5597202015625 0.30396973125 0.596094346875 0.3166255546875 0.6331577015625001 0.32338269531249997 0.692459925 0.31812785 0.7758546234375 0.328840465625 0.7996731125000001 0.33085171875 0.8 0.3670480546875 0.8
1 0.12985524843750001 0.42934997500000005 0.11509898125 0.4511397656250001 0.1132636953125 0.5664372156249999 0.096875 0.615958146875 0.096875 0.796875 0.1361895828125 0.796875 0.1428426609375 0.789062490625 0.16647653906249998 0.69597423125 0.16525252968749998 0.6244267796875 0.14931045468749998 0.5629913109375 0.163317959375 0.4517262640625 0.1568165890625 0.4333857 0.144136271875 0.42548799062500003 0.12985524843750001 0.42934997500000005
1 0 0.7833109078125 0.02443738125 0.690816315625 0.0222969921875 0.6363471390625 0.0036968500000000002 0.5670534843749999 0.016021374999999997 0.4698146109375 0.012061621875000001 0.454407934375 0.00081590625 0.44479749375 0 0.4449822765625 0 0.7833109078125
1 0.1796875 0.6203125 0.1804265546875 0.6203125 0.21666961875 0.5060036375 0.2186784 0.46223545625 0.21324147187500003 0.442622390625 0.1930087203125 0.4509888734375 0.185100625 0.47122864843749995 0.183570334375 0.566613875 0.1796875 0.5777905453125 0.1796875 0.6203125
1 0.36015625 0.426545771875 0.35 0.4339316859375 0.3421875 0.46701700468750007 0.35 0.5495566875 0.346875 0.5856033140625 0.3671875 0.6552064843750001 0.3596581109375 0.759375 0.39939429843749996 0.759375 0.4015625 0.7571310828125 0.4125 0.7051866375 0.4109375 0.6474287015625 0.384375 0.5499187859375001 0.3921875 0.454333465625 0.3875 0.43730965624999996 0.37421875 0.4260546984375 0.36015625 0.426545771875
1 0.46143192343750006 0.6298401859375 0.4385747484375 0.5685251140625001 0.44173318906250003 0.4621660203125 0.43266206562500004 0.44590977499999995 0.41690067343750004 0.44149500937499997 0.40083540468749995 0.4535001328125 0.3984375 0.4595476859375 0.3984375 0.48063590781250004 0.404671109375 0.5315978578125 0.4018021734375 0.5941796796875 0.42130834375 0.6735671703125 0.41719515625000003 0.7471137640625 0.42642095312499995 0.75 0.452680796875 0.75 0.46143192343750006 0.7335158921875 0.46143192343750006 0.6298401859375
1 1 0.44514002968750005 0.99870474375 0.443620246875 0.9925762562500001 0.44530023593750007 0.9875 0.4593919984375 0.9875 0.46201508437500005 0.9942248921874999 0.5044917546875001 0.9875 0.5700136203125 0.9875 0.5890159718750001 0.9889112578125001 0.605146728125 0.996758071875 0.6410395140625 0.9996873718749999 0.6484375 1 0.6484375 1 0.44514002968750005
1 0.9272473453125001 0.44655200937499995 0.92560915 0.503373621875 0.9203125 0.524480984375 0.9203125 0.634375 0.9269749062500001 0.634375 0.932104815625 0.6331103078125 0.9448790359375 0.584007871875 0.9465258000000001 0.5493265921875 0.9400644171875001 0.50815125 0.9476569640625 0.4440985859375 0.9444812609375 0.43942172187500006 0.9319812609374999 0.44007681875000004 0.9272473453125001 0.44655200937499995
1 0.871078784375 0.49413044531249994 0.8625 0.524998603125 0.8625 0.615625 0.8810111453125 0.615625 0.88185713125 0.6141996437499999 0.8925209140625 0.569354940625 0.8933568781249999 0.5346691046875 0.8854647265625001 0.48653102812500004 0.8912469453125 0.44607131562499996 0.8896496062499999 0.43852339375 0.8719097609375 0.44281433124999997 0.871078784375 0.49413044531249994
1 0.8140625 0.49394092343749996 0.8140625 0.6015625 0.8193114156250001 0.6015625 0.8231919421875 0.6011307203125 0.8346262265625001 0.5616428375 0.838128453125 0.5283185953125 0.8321670421875 0.47681153125 0.836343328125 0.440019609375 0.8209388921875 0.44192567656250004 0.81865904375 0.4794347640625 0.8140625 0.49394092343749996
1 0.9671875 0.49350106250000003 0.9546875 0.5481042374999999 0.95625 0.5827718953125001 0.9609375 0.606219315625 0.9657239140625 0.615625 0.974553021875 0.615625 0.975 0.615450465625 0.975 0.56961713125 0.9859375 0.5220129609375 0.9828125 0.4971220890625 0.98515625 0.44287357968749996 0.979296875 0.4382170828125 0.96484375 0.44219401718750007 0.9671875 0.49350106250000003
1 0.9286391953124999 0.47902819531249996 0.9291509703124999 0.442889809375 0.9254939015625 0.43809006406250006 0.912704309375 0.4417872921875 0.9145766953125 0.47927365625 0.90625 0.5200026265625001 0.90625 0.568457534375 0.9133646734375 0.5987999203125 0.91621341875 0.6015625 0.9228616265625 0.6015625 0.9251238374999999 0.5999842578125001 0.9232110359375 0.5611090046875 0.9317590546875 0.512950534375 0.9317590546875 0.501885125 0.9286391953124999 0.47902819531249996
2 0.5390625 0.637463253125 0.671484375 0.62881944375 0.67578125 0.625347221875 0.67734375 0.5795138890625 0.670703125 0.571875 0.5390625 0.5710270734374999 0.5390625 0.637463253125