1 0.5108972796875 0.6796875 0.51405365625 0.6718368921875 0.51405365625 0.5829064578125001 0.47934398749999996 0.5229809249999999 0.48678483437500003 0.3986399109375 0.4575597921875 0.36941487031250003 0.42453328125 0.37592571406249997 0.4111775625 0.3933162984375 0.421566209375 0.52230861875 0.378125 0.6061960578125001 0.378125 0.6065144390625 0.3833762625 0.67739873125 0.384378796875 0.6796875 0.5108972796875 0.6796875
1 0.46727336875000003 0.0956573515625 0.4718890046875 0.0729469140625 0.45223810625 0.0545795 0.4163161140625 0.066077071875 0.40974436093750005 0.073581625 0.4166937984375 0.18396714218750002 0.390625 0.25015822499999996 0.390625 0.29257100625 0.41060162499999997 0.3734375 0.4662811890625 0.3734375 0.4804900765625 0.342969634375 0.49753784218749997 0.293850240625 0.4929504484375 0.251605909375 0.482813271875 0.22224509375 0.46121582187500004 0.1758947296875 0.46727336875000003 0.0956573515625
1 0 0 0 0.0072268640625 0.016403603125 0.05878846875 0 0.11396185 0 0.13922916093749999 0.0109896671875 0.2108319375 0.0395045171875 0.246875 0.091277246875 0.246875 0.1015625 0.22123671250000002 0.1015625 0.117822878125 0.099198684375 0.10652765625 0.063482796875 0.0493811 0.0588669390625 0 0 0
1 0.1772797109375 0.10702574843749998 0.1671100875 0.0727988453125 0.124435246875 0.059949012499999996 0.10501718593750001 0.0812306703125 0.12602796562500002 0.1912025296875 0.103125 0.2457309828125 0.103125 0.3091356453125 0.15110136093749998 0.3890625 0.19238401249999998 0.3890625 0.20701496718749998 0.37302737656249996 0.2129467703125 0.3436765578125 0.2129467703125 0.254026559375 0.20757980625 0.23940922968749997 0.165898646875 0.1841947703125 0.1772797109375 0.10702574843749998
1 0.282091634375 0 0.2902951609375 0.053119953124999994 0.271875 0.10099297812500001 0.271875 0.1697429375 0.319765771875 0.24375 0.35035723750000003 0.24375 0.3536337046875 0.24322254999999998 0.36912490625 0.19691578125 0.36912490625 0.13823105 0.36817847812500004 0.1318011265625 0.3347396046875 0.052344173437499995 0.3354918078125 0 0.282091634375 0
1 0.2573324875 0.2026632234375 0.23297854375 0.21864545781250003 0.247010015625 0.3384127234375 0.2234375 0.3865290796875 0.2234375 0.455656346875 0.3081835234375 0.4984375 0.32090741875 0.4984375 0.3392087015625 0.4889397796875 0.3392087015625 0.392319428125 0.3003174921875 0.33303734218750003 0.30414136875 0.22629309687500002 0.29093366249999997 0.2053653578125 0.2573324875 0.2026632234375
0 0.26941810624999996 0.6796875 0.272230440625 0.678074553125 0.29292885625 0.6574926125 0.316858315625 0.607957121875 0.318875959375 0.5501793453125 0.3024950140625 0.5106966265625 0.2615920203125 0.4741473890625 0.22650207500000002 0.461848615625 0.186502075 0.46301249687499996 0.141592021875 0.47763903281250003 0.0934509234375 0.521219115625 0.0859375 0.5376317203125 0.0859375 0.6341781984375 0.1016625421875 0.6674978234375 0.1190090421875 0.6796875 0.26941810624999996 0.6796875
1 1 0.6796875 1 0 0.835631353125 0 0.8595477562500001 0.2292067296875 0.7515625 0.48010484687500005 0.7515625 0.545014015625 0.7520543359375 0.587282271875 0.7921880578125 0.6796875 1 0.6796875
1 0.5260533140625 1 0.530442725 0.8824940234374999 0.5133548343750001 0.857202059375 0.49014394687499996 0.8607924593749999 0.4765625 0.8928587609375 0.4765625 0.8968775640625001 0.48403121875000005 1 0.5260533140625 1
1 0.33037458750000004 1 0.33441737968749996 0.8797476328125 0.31372405312499996 0.8480188203125 0.2870984359375 0.8480188203125 0.26875 0.8812817171875 0.26875 0.9042437296875001 0.27569124375 1 0.33037458750000004 1
1 0.10413082968750001 1 0.11320761718750001 0.8834681109375 0.0917205578125 0.8478766484375001 0.08092704843750001 0.8478766484375001 0.06111243125 0.8543576406250001 0.04847330625 0.8824340578125 0.0515066546875 1 0.10413082968750001 1
1 0.1961315609375 1 0.1983737734375 0.8868161562499999 0.175455028125 0.8554051312500001 0.14983992343750002 0.8647830265625001 0.139054590625 0.89448570625 0.146854746875 1 0.1961315609375 1
1 0.2736165296875 1 0.2736165296875 0.9578870453124999 0.2700714453125 0.8706642734375001 0.25805033593750004 0.857353725 0.23490686562500002 0.8616206609375 0.22164990156250003 0.8946872640624999 0.23000755781249999 1 0.2736165296875 1
1 0.40623974531249996 1 0.4134613625 0.8917046187500001 0.38727317031249997 0.8533788281250001 0.36909545 0.8587163296875 0.3487720140625 0.9008388328125001 0.35251566562500003 1 0.40623974531249996 1
1 0.46668462968749996 1 0.47473085 0.8851250343749999 0.45401785937500005 0.852560890625 0.4488279640625 0.852560890625 0.432769184375 0.8551751484375 0.4203125 0.87602529375 0.4203125 0.952023371875 0.4218695109375 1 0.46668462968749996 1
1 0.5390625 1 1 1 1 0.6796875 0.67843456875 0.6796875 0.6785517390625 0.8123114140625001 0.6593568421875 0.8409903968749999 0.6051966 0.8856665515625 0.5818500078125 0.893206328125 0.5741465953125 0.9024904234375001 0.5390625 0.9197245015625001 0.5390625 1