1 0.056228898437499994 0.36930132968749996 0.0547740484375 0.31930132968749997 0.058183825 0.3138081109375 0.0606237046875 0.27498156093750004 0.0625 0.2697556125 0.0625 0.18362014375 0.061447079687499996 0.1805994578125 0.0625 0.1749350609375 0.0625 0.082707825 0.0563475375 0.06667939843750001 0.038490393750000004 0.0663677015625 0.030127598437500003 0.08565629687500001 0.0367703796875 0.1912741921875 0.0301124734375 0.2078161796875 0.0210146890625 0.263184715625 0.026040968749999997 0.31324705625 0.03837175625 0.36898962968750004 0.0448648890625 0.375 0.05241526875 0.375 0.052819121875 0.37479454375 0.056228898437499994 0.36930132968749996
1 0.115625 0.4639187953125 0.115625 0.2510089890625 0.10802535937499999 0.2297639015625 0.10564480000000001 0.11305567812499999 0.09110406875 0.0881284 0.07324692499999999 0.0882322890625 0.063241153125 0.11886056874999999 0.0799074265625 0.23548568125 0.0674922359375 0.3022562359375 0.074748171875 0.39114512343749996 0.0904509140625 0.45219390156249994 0.10216280312499999 0.4640625 0.1148319921875 0.4640625 0.115625 0.4639187953125
1 0.1351793296875 0.301737409375 0.1391717328125 0.3072306234375 0.149478759375 0.3960571765625 0.15915799375 0.409375 0.1765625 0.409375 0.1765625 0.2210872375 0.175293278125 0.2175936609375 0.16771573125 0.11759366093750001 0.1700242359375 0.10086465625 0.159201278125 0.076020503125 0.14721239218749999 0.07169489531249999 0.1439446859375 0.07169489531249999 0.1303175484375 0.0959948359375 0.1414665234375 0.1959324953125 0.145458925 0.2014257109375 0.13265348125 0.26840407499999996 0.1351793296875 0.301737409375
1 0.21239452343749998 0.3671875 0.222997328125 0.350719903125 0.22685965000000002 0.300678346875 0.228125 0.2987130859375 0.228125 0.24614373125000003 0.2272798265625 0.2284561234375 0.21682411093749998 0.1841363515625 0.22100964374999998 0.0785392390625 0.212161875 0.0647542421875 0.1943047328125 0.0649620296875 0.18889910625 0.0733576984375 0.19185643125000001 0.17887169687499999 0.17778788437499998 0.2220231734375 0.17778788437499998 0.2449703734375 0.1801401859375 0.3512185921875 0.19038967812500002 0.3671875 0.21239452343749998 0.3671875
1 0.2732671625 0.3375 0.275 0.3371390953125 0.275 0.17673876718749998 0.2725624640625 0.169962109375 0.26855634687499996 0.0700244484375 0.262146765625 0.056042049999999996 0.2510115046875 0.050299475 0.23641348906249998 0.0694633921875 0.24714148906250002 0.1639701765625 0.238953053125 0.1971164921875 0.2414789015625 0.230449825 0.24547130468749997 0.23606772031249998 0.25220690156250003 0.3249566078125 0.26425713281249996 0.3375 0.2732671625 0.3375
1 0.10945411093749999 0.24149700625 0.1204684546875 0.271875 0.12909430156249999 0.271875 0.1296875 0.26212979375 0.1296875 0.185937778125 0.123947453125 0.17010649375 0.12286130625 0.0702728359375 0.11328584687500001 0.0559680921875 0.0990001328125 0.0553027234375 0.094031121875 0.06338654218749999 0.0912359546875 0.07988686874999999 0.10272650312500001 0.0970525625 0.10324401093749999 0.108163671875 0.1070741953125 0.11388556875 0.10888547500000001 0.15277445781250001 0.1055727984375 0.158163671875 0.10945411093749999 0.24149700625
1 0.0115108390625 0.46875 0.0077647984375000005 0.47457462499999997 0.010539675 0.5162685640625 0.0050575125 0.542548359375 0.0049228640625 0.56475694375 0.0104590265625 0.59400543125 0.013751754687500001 0.5984375 0.021395751562500002 0.5984375 0.0222990140625 0.59837665 0.025 0.5877175421875 0.025 0.53821160625 0.0207363375 0.51783473125 0.021086460937500003 0.4761953390625 0.014213596875000001 0.46875 0.0115108390625 0.46875
1 0.327994121875 0.46875 0.3288700765625 0.5009468874999999 0.320793484375 0.5371998687499999 0.320793484375 0.5466418453124999 0.3279010765625 0.5828125 0.337958853125 0.5828125 0.3453125 0.55737606875 0.3453125 0.5295039671875 0.33977525468750003 0.5032152437499999 0.3414657875 0.46875 0.327994121875 0.46875
1 0.301182553125 0.46875 0.3016919796875 0.4955644484375 0.294353665625 0.5213793812499999 0.29431582968750003 0.5222593734375 0.29431582968750003 0.5511387328125 0.2990977875 0.5734375 0.31077014375 0.5734375 0.315625 0.552864746875 0.315625 0.5230030734375 0.3095044796875 0.496202178125 0.31221875625 0.46875 0.301182553125 0.46875
1 0.3560553046875 0.46875 0.355401240625 0.4732236546875 0.3567778921875 0.50514991875 0.34952847343750004 0.5427317359375 0.34860177812500004 0.5677408265625 0.3555021765625 0.5875 0.37084254843750003 0.5875 0.3740647453125 0.5691502578125001 0.3765625 0.5389947671875001 0.3765625 0.537262275 0.369302134375 0.5008378015625 0.3691159765625 0.46875 0.3560553046875 0.46875
1 0.385082365625 0.46875 0.38488659531249997 0.4710483703125 0.38939591875 0.5099645328125 0.3850403046875 0.5348554390625 0.3860036546875 0.5681614984375 0.39453174375 0.596875 0.4015625 0.596875 0.4015625 0.5048766859375 0.401001671875 0.46875 0.385082365625 0.46875
1 0.8296875 0.65161975 0.827240959375 0.6422959921875 0.827429434375 0.5951010453125 0.8206473656250001 0.5901240203125 0.8142290078125001 0.597646996875 0.8177447234375 0.637965684375 0.8101612843750001 0.6725379031250001 0.8108078875 0.694760125 0.8179469625 0.7254247734374999 0.8212217578125 0.7265625 0.8296875 0.7265625 0.8296875 0.65161975
1 0.841443965625 0.7207689421875 0.845813734375 0.734375 0.8578047156250002 0.734375 0.8625 0.7128604421875 0.8625 0.659980728125 0.8591702 0.63962305 0.857769103125 0.6128893140625 0.8576410765624999 0.594118628125 0.8551843874999999 0.591922496875 0.8494741015624999 0.591922496875 0.8453575437499999 0.5928438546875 0.8425715374999999 0.608979946875 0.8455239828125001 0.6380847578125 0.8394571203125001 0.6682252890625 0.8385219187499999 0.68400035 0.8385219187499999 0.7060155187499999 0.841443965625 0.7207689421875
1 0.7796875 0.6926959640625 0.78409236875 0.7168575046875001 0.784314096875 0.7171875 0.7976744046875 0.7171875 0.7989846015625 0.7139025218749999 0.803125 0.6908364140625001 0.803125 0.6881428421875 0.802707565625 0.6627687250000001 0.7960157000000001 0.633028103125 0.7988119640625 0.5943305328124999 0.79766433125 0.592151540625 0.78672683125 0.5912587203124999 0.7849899828125 0.5929760156249999 0.78435536875 0.6027889640625 0.7853691015625 0.6071352828125 0.7850534921875 0.6173348015625 0.7855567984375 0.6337143828125 0.7796875 0.661503846875 0.7796875 0.6926959640625
1 0.872950346875 0.7117838015625 0.8747714609374999 0.7229494765625001 0.8790691359375 0.743984565625 0.8828668421875001 0.7453125 0.89375 0.7453125 0.89375 0.660607784375 0.890055659375 0.6431248546875 0.8899721656249999 0.62465810625 0.8897141046874999 0.6135707953125 0.888083903125 0.6030510265625 0.883809771875 0.5979780765625 0.8798236140625001 0.5978388765625 0.8766740875 0.6038835062500001 0.8748667640625001 0.6155141515625 0.8786238734375 0.6536960046875 0.8730850625000001 0.68403330625 0.872950346875 0.7117838015625
1 0.9625 0.725 0.9625 0.641706196875 0.9623892671875 0.6415348484375001 0.960991675 0.5956878796875 0.95439536875 0.5866941906250001 0.9482587421875 0.588119440625 0.944812171875 0.5985611046875 0.9512250187500001 0.638820703125 0.9455789921874999 0.6749818109375 0.9471662296875 0.6944262562500001 0.9538944609375001 0.7193989843749999 0.956538821875 0.725 0.9625 0.725
1 0.990625 0.7203125 0.990625 0.62225155625 0.9892074031250001 0.6067781562500001 0.9887238328125001 0.593525896875 0.9862806578125 0.5864756140624999 0.9766290984375001 0.58600595625 0.9729759156250001 0.5941091671875001 0.9783859984374998 0.628862609375 0.9743906625000001 0.6631634453124999 0.9764776328125 0.6884148625 0.9851922671875 0.7144986328125 0.9896837484375001 0.7203125 0.990625 0.7203125
1 0.9296875 0.6693159468750001 0.9242997890625 0.6366560031249999 0.92676474375 0.6157953984375 0.9253315296875 0.5935913578124999 0.9234066859375 0.5887529734375 0.9158728937500001 0.5875 0.915479434375 0.5875 0.9116879359375 0.5888893328125 0.910495859375 0.592375190625 0.9117917078125 0.6381903421875 0.904582690625 0.6688277140625 0.9042731296875001 0.67869366875 0.9042731296875001 0.7026866390625 0.9104529156249999 0.7340327671875 0.9177149765625 0.7359375 0.9216417671875 0.7359375 0.924515415625 0.7338691359375 0.9296875 0.7146914640625 0.9296875 0.6693159468750001