1 0.1404095625 0 0.140252353125 0.15824385000000002 0.19066682031249998 0.305956190625 0.2038819546875 0.3125 0.2046875 0.3125 0.2046875 0 0.1404095625 0
1 0.1996737171875 0 0.20212796718749998 0.061835965625 0.189045528125 0.1125102890625 0.189045528125 0.27393873750000003 0.22033562343750002 0.39375 0.2693950234375 0.39375 0.2807581703125 0.3830836703125 0.27659256875 0.24035727499999998 0.2953125 0.1265181234375 0.2953125 0.0964565203125 0.268972690625 0 0.1996737171875 0
1 0.7076673640625 0 0.7342759234375 0.1402260296875 0.6912740078125 0.309787225 0.6961616890625001 0.41650560781249996 0.7496588234375 0.559375 0.8671875 0.559375 0.8671875 0.23991082343749998 0.8231648125 0.1391917140625 0.8191775921875 0 0.7076673640625 0
1 0.35 0 0.35 0.4479962125 0.36971215 0.446864703125 0.397309828125 0.4063992359375 0.4 0.290818484375 0.4 0.17809864375 0.377263678125 0.122420259375 0.3870986765625 0 0.35 0
1 0.43450672656249995 0 0.45233310156249995 0.13182559375 0.4285427734375 0.19419351093749998 0.42531990468750003 0.278699115625 0.4359769765625 0.38533992499999997 0.47847773125000004 0.475 0.5359375 0.475 0.5359375 0.379616578125 0.5307914171875 0.3626495640625 0.5319865734375 0.278078546875 0.5359375 0.2655782625 0.5359375 0.1550553828125 0.5226676343750001 0.118078546875 0.521845896875 0 0.43450672656249995 0
1 0.5518281171874999 0 0.563097090625 0.11578386562500001 0.5221662390625 0.2781136 0.5156782625 0.3147119 0.5156782625 0.3520981890625 0.5214422421875 0.40255804531250006 0.5519069249999999 0.511857140625 0.5679283421875001 0.5234375 0.6021303390625 0.5234375 0.6362738 0.52027214375 0.6586511625 0.49231117968750004 0.64190766875 0.315568840625 0.6734375 0.22079703906249998 0.6734375 0.22003300625 0.6430195203125 0.12445772968749999 0.6354203703125 0.064386584375 0.64356006875 0 0.5518281171874999 0
1 0.8581221515624999 0 0.881562034375 0.12813617187499998 0.8611167843749999 0.1995575765625 0.9075598171875001 0.3235882953125 0.9113353765625 0.5192989984375 0.9850635046875 0.5265625 0.9926423015625 0.5265625 0.996875 0.5210081703125 0.996875 0.2245715125 0.96551214375 0.15292419375 0.9551733953125 0.10503478125000001 0.9485626843750001 0 0.8581221515624999 0
1 0.35 0.559375 0.32642448281249997 0.559375 0.326718165625 0.564214546875 0.333801121875 0.597499396875 0.337157234375 0.6299007453125001 0.32840647968750003 0.696737103125 0.329169865625 0.741217909375 0.33987530625 0.7920711109375 0.3492383953125 0.8216219562500001 0.35 0.8223412171875001 0.35 0.559375
1 0.12704826875 0.559375 0.1280723859375 0.599954184375 0.112976240625 0.6666403984375 0.112976240625 0.7568921453125 0.11338498281250001 0.7612562109375001 0.11896689687499999 0.78985081875 0.12272834218749999 0.79375 0.14073330312500001 0.79375 0.1460502296875 0.7893780781249999 0.151168753125 0.7707777390625 0.1609375 0.7179247484375 0.1609375 0.6737320140625 0.15902788125 0.6567979375 0.1496672203125 0.611609390625 0.15035685781250002 0.5819797609374999 0.1532617375 0.559375 0.12704826875 0.559375
1 0.1954099078125 0.559375 0.2004261046875 0.612426321875 0.18997685 0.674545171875 0.1890090125 0.7116003890625 0.193932128125 0.7514000546874999 0.2037584609375 0.7948761515625 0.20875179843749997 0.8045726171875 0.22118013281249999 0.8077421499999999 0.2240354875 0.8030943390624999 0.22381832968749998 0.7725296937499999 0.22669069843749998 0.750283228125 0.2296875 0.7430725875 0.2296875 0.6394900781249999 0.2223011046875 0.6122990546875 0.22248996562499998 0.559375 0.1954099078125 0.559375
1 0.2550243875 0.559375 0.257781215625 0.6184710515624999 0.24601044062500002 0.6728421265625 0.2421922296875 0.7026841015625 0.243996290625 0.705818671875 0.2559862296875 0.7032691109375 0.2726259625 0.70692801875 0.2819578671875 0.7137893953125001 0.291226296875 0.728125 0.2953125 0.728125 0.2953125 0.68931858125 0.29342243749999997 0.6673038578125 0.281755709375 0.6142978593749999 0.2819227015625 0.58559415625 0.284462575 0.559375 0.2550243875 0.559375
0 0.272775225 0.86727849375 0.28796936875 0.8472907875000001 0.2964236265625 0.8231773234374999 0.3015625 0.7857691125 0.3015625 0.764873853125 0.29938770625 0.74356284375 0.2838498265625 0.7163495375 0.26678606875 0.704640671875 0.2475602796875 0.704640671875 0.230139246875 0.7175875656249999 0.2141005328125 0.7422079328125 0.20833684843750003 0.76154615625 0.20833684843750003 0.8426215406249999 0.22277808124999998 0.8749737640624999 0.23721200781250001 0.8796875 0.2515940859375 0.8796875 0.272775225 0.86727849375
1 1 0.6454618812499999 0.9969323375 0.634064709375 0.96296351875 0.6044224234375 0.9626091875 0.6044224234375 0.9292309750000001 0.6090297390625 0.9102412281250001 0.6364335359375 0.9035709796875 0.6545981875 0.8957227640625 0.6908473109375001 0.8957227640625 0.7050990953125 0.896679853125 0.7158047546875 0.9059956078125001 0.7517385875 0.9220651312499999 0.7826953984375 0.9389293640624998 0.796284278125 0.9430116015625 0.796875 0.9650559578125 0.796875 0.9860306515625 0.78574385 0.9988350515625001 0.7556713687500001 1 0.7473127796875 1 0.6454618812499999