1 0.4911111109375 0.2666666671875 0.457777778125 0.2866666671875 0.44888888906249996 0.3133333328125 0.4533333328125 0.442222221875 0.4282339109375 0.5064467593749999 0.42222222187499997 0.58 0.453118559375 0.7127313734375 0.52444444375 0.70444444375 0.5615451109375 0.6967265734375 0.565100021875 0.6558253203125 0.5688888890625 0.522222221875 0.5377777781249999 0.4511111109375 0.5333333328125 0.29111111093750003 0.4911111109375 0.2666666671875
1 0.30444444375 0.21777777812500002 0.27999999999999997 0.242222221875 0.28444444375 0.3711111109375 0.2533333328125 0.4733333328125 0.2533333328125 0.54444444375 0.282222221875 0.6266666671875 0.35111111093749997 0.6288888890625 0.37333333281250003 0.6066666671875 0.3866666671875 0.5311111109375 0.36 0.37555555625000003 0.36444444374999996 0.24666666718750002 0.33999999999999997 0.21777777812500002 0.30444444375 0.21777777812500002
1 0.1711111109375 0.177777778125 0.14666666718750002 0.2066666671875 0.15450155625 0.3108320140625 0.1313942265625 0.4139743203125 0.14666666718750002 0.54444444375 0.17555555625000002 0.5688888890625 0.2266666671875 0.5666666671875 0.2488888890625 0.5533333328125 0.2533333328125 0.3888888890625 0.22560086250000003 0.319723590625 0.22560086250000003 0.2254728671875 0.2133333328125 0.18444444375 0.1711111109375 0.177777778125
1 0.82 0.177777778125 0.7711111109375001 0.1688888890625 0.7511111109375 0.2066666671875 0.7446257421875 0.323280240625 0.7179635015625 0.41219603125 0.7333333328125 0.5311111109375 0.757777778125 0.5599999999999999 0.8177777781250001 0.557777778125 0.8400000000000001 0.54 0.8533333328125 0.477777778125 0.8533333328125 0.397777778125 0.8311111109375 0.3266666671875 0.8355555562499999 0.202222221875 0.82 0.177777778125
1 0.617777778125 0.24666666718750002 0.620201959375 0.3890779375 0.589984809375 0.499333471875 0.6044444437500001 0.5933333328125 0.62 0.6266666671875 0.6711111109375001 0.6333333328124999 0.7111111109375 0.62 0.71555555625 0.42444444375 0.7037435859375 0.3570682 0.7022222218749999 0.23777777812499998 0.6555555562500001 0.2133333328125 0.617777778125 0.24666666718750002
1 0.8511111109374999 0.13333333281249998 0.826390053125 0.1454486171875 0.8266666671875 0.1711111109375 0.8400000000000001 0.202222221875 0.8311111109375 0.3133333328125 0.8577777781249999 0.41555555625 0.8488888890625 0.49555555625 0.862222221875 0.5 0.8933333328125 0.48666666718749996 0.9111111109375001 0.34444444375 0.8888888890625 0.2733333328125 0.902222221875 0.1533333328125 0.87438203125 0.13122216874999998 0.8511111109374999 0.13333333281249998
1 0.0933333328125 0.29111111093750003 0.0727373828125 0.35351162187499996 0.0711111109375 0.41555555625 0.0933333328125 0.49555555625 0.142222221875 0.50444444375 0.14666666718750002 0.197777778125 0.16444444375 0.157777778125 0.1385041859375 0.14189200468750002 0.10444444374999999 0.142222221875 0.0888888890625 0.1711111109375 0.0933333328125 0.29111111093750003
1 0.5866666671874999 0.1488888890625 0.5688888890625 0.322222221875 0.55088010625 0.3712947828125 0.5688888890625 0.4733333328125 0.5733333328125 0.49555555625 0.59555555625 0.5 0.617777778125 0.38 0.617777778125 0.242222221875 0.6488888890625 0.2066666671875 0.6488888890625 0.1533333328125 0.6066666671875 0.13333333281249998 0.5866666671874999 0.1488888890625
1 0.3288888890625 0.1488888890625 0.3288888890625 0.21111111093749999 0.36444444374999996 0.242222221875 0.36444444374999996 0.38 0.3911111109375 0.5 0.40444444375 0.5 0.42222222187499997 0.482222221875 0.42222222187499997 0.34888888906250004 0.39555555625 0.282222221875 0.3911111109375 0.1488888890625 0.34888888906250004 0.137777778125 0.3288888890625 0.1488888890625
1 0.5295503687500001 0.2823789859375 0.5288888890625 0.18 0.4911111109375 0.16444444375 0.462222221875 0.1933333328125 0.465561021875 0.2557042484375 0.5295503687500001 0.2823789859375
0 0.3711111109375 0.7022222218749999 0.322222221875 0.68444444375 0.282222221875 0.68444444375 0.22444444375 0.7066666671874999 0.1911111109375 0.73555555625 0.1688888890625 0.78 0.1688888890625 0.8422222218750001 0.1911111109375 0.89555555625 0.21555555625 0.92444444375 0.282222221875 0.9511111109374999 0.32444444375 0.9488888890625 0.38444444375 0.9199999999999999 0.40444444375 0.9 0.4311111109375 0.8511111109374999 0.4311111109375 0.7888888890625 0.41777777812499994 0.7488888890625 0.3711111109375 0.7022222218749999