1 0.4092249203125 0.359375 0.40685425156250005 0.28701591249999997 0.392331803125 0.23180118906249997 0.4009128921875 0.047752110937499995 0.3900688421875 0.0324146875 0.37393980937500004 0.0324146875 0.3620247046875 0.053887078125 0.3570138046875 0.115236771875 0.3623943609375 0.152046590625 0.3604307578125 0.21953125 0.340625 0.28222743125 0.340625 0.359375 0.4092249203125 0.359375
1 0.2848032625 0.359375 0.2828704609375 0.268250825 0.26745529375 0.2065257265625 0.268383325 0.12677112343750002 0.2756915796875 0.053301656249999996 0.27267993125 0.0348216671875 0.2589052953125 0.013763025000000002 0.245099515625 0.013763025000000002 0.23719606093749998 0.0339957703125 0.23339916249999998 0.0830004421875 0.235340003125 0.193504971875 0.22193706875000002 0.23614943125 0.221875 0.2365818859375 0.221875 0.359375 0.2848032625 0.359375
1 0.119931984375 0 0.1187294703125 0.0046755171875000005 0.1275254609375 0.16418471875 0.11569342499999999 0.194859565625 0.109375 0.2679732453125 0.109375 0.2910486015625 0.11072923750000001 0.329828890625 0.115997975 0.359375 0.1731915421875 0.359375 0.1731915421875 0.215886828125 0.15655771875 0.16418471875 0.15528453125 0.0353503640625 0.1472020609375 0 0.119931984375 0
1 0.33876326875 0 0.3355928203125 0.001486615625 0.326276321875 0.016917878125 0.3174830921875 0.16411960625 0.309375 0.1936327484375 0.309375 0.359375 0.311212759375 0.359375 0.31464068125 0.31738123125 0.3452340171875 0.2189589734375 0.3555296265625 0.053352335937499995 0.3617601921875 0.0165049859375 0.3518717171875 0 0.33876326875 0
1 0.3274573890625 0 0.32085284999999997 0.11339553124999999 0.31655507968749996 0.13163138125 0.3194235671875 0.13793540625 0.3140488734375 0.146884275 0.309388825 0.14356320625000002 0.303125 0.166629353125 0.303125 0.228510584375 0.3172796375 0.174745221875 0.3226543328125 0.1657963546875 0.3502523484375 0.164165859375 0.3620538625 0.017095653125 0.3542749265625 0 0.3274573890625 0
1 0.2919432140625 0 0.28762216406249996 0.098841725 0.2828125 0.1144884875 0.2828125 0.20965674375 0.2835549921875 0.20291063125000003 0.3080578140625 0.1279375765625 0.315573609375 0.06636231406250001 0.312776803125 0.060452914062499995 0.314921796875 0.029778068749999997 0.318576603125 0.0234175296875 0.320214115625 0 0.2919432140625 0
1 0.4015625 0 0.4015625 0.253125 0.40187088906249996 0.253125 0.40331042031250003 0.2505141234375 0.40803611249999994 0.21353525156250003 0.41871345625 0.1884882 0.41946339843749997 0.1700832921875 0.422939184375 0.163779265625 0.42346309218749995 0.0719237828125 0.4269388796875 0.0656197578125 0.4296126796875 0 0.4015625 0
1 0.379074434375 0 0.38020305625 0.02153540625 0.40003683749999996 0.034375 0.40347324218749997 0.034375 0.406009509375 0.0224365875 0.4048336578125 0 0.379074434375 0
1 0.0141101078125 0 0.012025435937499999 0.0071451953125 0.018941045312499998 0.0873132359375 0.019333659375 0.1547978984375 0.0067516640625 0.20918574687499997 0.00625 0.22363509218750002 0.00625 0.313054453125 0.0105545859375 0.359375 0.061456606250000004 0.359375 0.0655300234375 0.3356060765625 0.0675581515625 0.29719659374999996 0.0675581515625 0.2697166390625 0.0614832984375 0.19429506093749999 0.048294534374999996 0.1443884328125 0.0474736109375 0.0032841375 0.046250498437499996 0 0.0141101078125 0
1 0.1529378203125 0 0.1543147640625 0.0145712453125 0.15771908125 0.020875271875 0.160039703125 0.10062987500000001 0.1571709140625 0.1127307546875 0.16057523125 0.11903478125 0.15752793437499998 0.1250006953125 0.1582419703125 0.1495405703125 0.1797389234375 0.2241745453125 0.183857275 0.25501845312500004 0.18568470625 0.25625 0.189523753125 0.25625 0.19114930624999998 0.25165070625 0.19114930624999998 0.1276549328125 0.1890719625 0.1021513921875 0.17868050468750002 0.0771043390625 0.1817278 0.071138428125 0.17965788437500002 0 0.1529378203125 0
1 0.066562125 0 0.073661771875 0.09388603437500001 0.065625 0.13607620625 0.065625 0.15860450937499998 0.0796623265625 0.22272038906249997 0.0833769578125 0.302474990625 0.086888503125 0.308854396875 0.1034167515625 0.3125 0.10348080625 0.3125 0.10348080625 0.11409123125000001 0.09481371250000001 0.064922246875 0.09422656406249999 0 0.066562125 0
1 0.21627619375 0 0.2137636109375 0.0043805828125000005 0.20776407031250002 0.1516198453125 0.196875 0.1706044796875 0.196875 0.359375 0.2012877875 0.359375 0.2017645296875 0.2988591109375 0.2288448296875 0.18895523281249998 0.23111860312500002 0.0539108265625 0.24229590625 0.0173262546875 0.24300189687499998 0 0.21627619375 0
1 0.1796875 0 0.1796875 0.1640625 0.1809791 0.1640625 0.1913752171875 0.1458989328125 0.1953873171875 0.1334411109375 0.19617361093750002 0.121171171875 0.1997925640625 0.114848321875 0.20215144375 0.0780385046875 0.1944397578125 0.0479273046875 0.19751107968749998 0 0.1796875 0
1 0.1015625 0 0.1015625 0.046875 0.1106564859375 0.046875 0.11393430625 0 0.1015625 0
1 0.112540075 0.184375 0.118236221875 0.17238021406249998 0.118236221875 0.095221884375 0.11576899375000001 0.051009565624999996 0.10286576875 0.051535331250000004 0.096875 0.06970115625 0.096875 0.10275737031250001 0.09767603124999999 0.122416084375 0.10115181875000001 0.1284196109375 0.1019017609375 0.14682452031249998 0.10537755 0.152828046875 0.10612749218749999 0.1712329546875 0.1098532609375 0.183371453125 0.11043427187499999 0.184375 0.112540075 0.184375
1 0.289035659375 0.7712123562500001 0.2836985125 0.7356328140625 0.27825599687499997 0.7218580343750001 0.270695771875 0.7214177015625 0.24921266250000002 0.7214177015625 0.2390625 0.7527771375000001 0.2390625 0.8564142453125001 0.242320728125 0.8798663250000001 0.24534772343750003 0.8888597984375 0.2457135859375 0.8890625 0.27006984375 0.8890625 0.2717818578125 0.8871509812500001 0.28677194375 0.8267679109374999 0.28991904687500003 0.7879700265625 0.289035659375 0.7712123562500001
1 0.35281068125 0.731011284375 0.34814565468750003 0.7212890625 0.3262437125 0.7222149890624999 0.3178026109375 0.72591869375 0.3073185328125 0.755085359375 0.30625 0.7680108734375 0.30625 0.8260515203125 0.314232778125 0.8754557296875 0.31778907031250003 0.88125 0.3296986890625 0.88125 0.3414283484375 0.8805483234375 0.354148471875 0.8282335078124999 0.3574800640625 0.8032335078124999 0.35839608125 0.7717520234374999 0.35281068125 0.731011284375
1 0.42171622343750004 0.7301306359374999 0.41741304375 0.7193794484375 0.3824956609375 0.720419090625 0.3785193765625 0.7263466890625001 0.37521121874999996 0.7420146953125 0.375 0.746524965625 0.375 0.8075104718749999 0.375434053125 0.812409309375 0.38475885625 0.8617137125 0.3890024265625 0.865625 0.4107002390625 0.865625 0.42115964375 0.8227353515625001 0.42515025 0.79319058125 0.4255488921875 0.758931321875 0.42171622343750004 0.7301306359374999
1 0.2161029390625 0.8796582203125001 0.225278403125 0.82862663125 0.225278403125 0.7655414578124999 0.2233110890625 0.7506961046875 0.21499915625 0.728805025 0.20428367343749998 0.725 0.1817074953125 0.725 0.17832890625 0.7295529843749999 0.175 0.7474597484375 0.175 0.8145975312499999 0.18698651718749998 0.8731351421875001 0.1925181890625 0.8824853125000001 0.19982755937500002 0.8828125 0.21026023125 0.8828125 0.2161029390625 0.8796582203125001
1 0.1504401203125 0.7376947265625 0.14427806875 0.7271283921875 0.11198640156249999 0.727504140625 0.1082608625 0.7317102015625 0.10625 0.738753621875 0.10625 0.8680374093750001 0.10920370625 0.871875 0.1262051703125 0.871875 0.12936217187500001 0.8716092015625 0.13339004062499998 0.8636994390625 0.1437050140625 0.8265775546875 0.1499206578125 0.7950536500000001 0.15212080156250002 0.761726378125 0.1504401203125 0.7376947265625
1 0.0901528609375 0.7639553421875 0.0869694875 0.7369163203125 0.08238077031249999 0.7302555765625 0.0453585 0.7307734578125 0.040625 0.73986823125 0.040625 0.7911120703125001 0.043337978124999996 0.8120422999999999 0.05489685625 0.8604488437499999 0.0561948609375 0.8609375 0.077682346875 0.8609375 0.0808954203125 0.8569281656250001 0.0882589515625 0.8147274750000001 0.0901528609375 0.7662505609375 0.0901528609375 0.7639553421875
2 0.4296875 0.63853179375 0.4083285015625 0.6335638203125 0.3503542140625 0.633311771875 0.344092915625 0.6295966078124999 0.25465373125 0.6295966078124999 0.255167309375 0.6306451187500001 0.2517904015625 0.639291290625 0.24990160625 0.6295966078124999 0.19082563749999998 0.6295966078124999 0.1741862328125 0.635224228125 0.12204897343750001 0.63342058125 0.114398259375 0.6302333671875 0.09282837499999999 0.632817946875 0.05480754375 0.630825359375 0.0514128984375 0.6352912156249999 0.0474080171875 0.632295071875 0.0433846828125 0.6385854828124999 0.028747417187500002 0.6387471296875 0.0211506328125 0.6346339890625 0.0206750703125 0.6295966078124999 0.006572592187499999 0.6295966078124999 0.004501703125 0.637940840625 0.002829903125 0.66664454375 0.0015625 0.66805323125 0.0015625 0.703565303125 0.0037438125 0.7047712828125 0.032623096875 0.7067491546875 0.0355508390625 0.701330078125 0.0430582234375 0.698008515625 0.0983559546875 0.7083365640625 0.10383393593750001 0.70397989375 0.1222248875 0.7021574656249999 0.1260864390625 0.6986448328125 0.144871909375 0.70798810625 0.1688302421875 0.709243709375 0.195195484375 0.7050529375 0.2095631 0.7095209234375 0.2387297671875 0.711049484375 0.25015262968749996 0.703289359375 0.277325365625 0.712143440625 0.284128928125 0.7125 0.31132211249999997 0.7125 0.319315603125 0.70877154375 0.33400679843750003 0.7076839703125 0.36010545625 0.7125 0.37387240624999996 0.7125 0.3851563203125 0.7085071000000001 0.4228001234375 0.7125 0.4296875 0.7125 0.4296875 0.63853179375
1 0.8095112171875 0.7149145515625 0.793092578125 0.6373880953125 0.791223671875 0.5871605828125 0.7962949296875 0.5011404765625 0.78830093125 0.476311640625 0.7781987890625001 0.47031329374999997 0.7720067390625001 0.47031329374999997 0.7633009312500001 0.47485555625 0.7541640234375 0.4972944453125 0.753417265625 0.5348399484375 0.759192421875 0.585294975 0.7582082421875 0.6478859796875 0.753125 0.6671229671875001 0.753125 0.8689839218750001 0.7564565421875 0.883063228125 0.7646541421874999 0.89328598125 0.7845249578125 0.89375 0.78460623125 0.89375 0.7947943875 0.88390396875 0.8092861875 0.8165309531249999 0.8130447609375 0.7819452390625 0.8095112171875 0.7149145515625
1 0.6666269437500001 0.8313802062499999 0.6756114078125 0.7911024296875 0.680231671875 0.7397135406249999 0.6763794234375 0.684157984375 0.6573467125000001 0.6133246515625 0.6555687390625 0.5938802078125001 0.6571180046875 0.48693576250000004 0.6486387859375 0.46957465000000004 0.6362196109375 0.4667968734375 0.6254100546875 0.47582465 0.6234375 0.48312585156250004 0.6234375 0.530907103125 0.6284674640625 0.5855468734375 0.628157575 0.6230468734375 0.6234375 0.6448388406250001 0.6234375 0.8020753796874999 0.63072985625 0.8299913171875 0.6368440859375 0.8390625 0.6587580531249999 0.8390625 0.6666269437500001 0.8313802062499999
1 0.5692816203125 0.7803238171875 0.5760972609375 0.7318581765625 0.575962459375 0.6762844390625 0.5678373828125001 0.6358066375 0.551183203125 0.5895732609375 0.548586009375 0.47698234218749996 0.5420989140625 0.46363333593749995 0.5349569 0.46052219531249994 0.52970626875 0.46052219531249994 0.5201915921875 0.4659019671875 0.515625 0.484249834375 0.515625 0.49405308437500006 0.526199365625 0.5876024921875 0.515625 0.6543491765624999 0.515625 0.7149204734375 0.516770746875 0.72630954375 0.53244974375 0.7891914015625 0.5424813390625001 0.7984375 0.5595182828125 0.7984375 0.5692816203125 0.7803238171875
1 0.725 0.61036203125 0.707129784375 0.55868055625 0.7019297046874999 0.4545138890625 0.6930718140625001 0.4357638890625 0.6820373125 0.4329861109375 0.675932815625 0.43715277812500003 0.6703125 0.45332266250000003 0.6703125 0.45782835312500003 0.682911034375 0.55868055625 0.6768393406250001 0.6309027781250001 0.6908913734375 0.675347221875 0.70049318125 0.7489583328125 0.705374684375 0.7545138890625 0.7190223093749999 0.75381944375 0.725 0.7474375921874999 0.725 0.61036203125
1 0.8453125 0.6398913703125 0.8264921109374999 0.5800731156250001 0.8231022687499999 0.4606423046875 0.8158068796875 0.44177639218750003 0.8007691250000001 0.4359617390625 0.79210000625 0.44483269375 0.7890625 0.45999947968750005 0.7890625 0.46253865781250003 0.7996058015624999 0.5032614843750001 0.802122625 0.5976922921875 0.8075809078124999 0.6422049203125 0.83353523125 0.7370448312500001 0.837406478125 0.78125 0.8422032359374999 0.78125 0.8453125 0.76796428125 0.8453125 0.6398913703125
1 0.827127825 0.6885368390625001 0.8335159359375 0.6676489625 0.8410748921875001 0.6037328015625001 0.8398772484375 0.5801580515625 0.8290015890625 0.5317196640625 0.8368367640625 0.42617319687500005 0.829937440625 0.41029642656250004 0.8174374406249999 0.41044187968749996 0.8125 0.4200013 0.8125 0.4436322515625 0.8169406546874999 0.44999339374999997 0.8185917937500001 0.46801258749999997 0.8125 0.530661771875 0.8125 0.590147359375 0.8213807953125001 0.64420148125 0.8223079828125 0.6890625 0.825379471875 0.6890625 0.827127825 0.6885368390625001
1 1 0.7123759421875 0.9846818296875 0.6324363296875 0.984213153125 0.5114527984375 0.972596790625 0.48298704062500003 0.9687282765624999 0.45124285468750003 0.9642859312500001 0.445268209375 0.9525348546875 0.44463029375000007 0.9425079109375 0.4508366921875 0.93623904375 0.4672344640625 0.9383053125 0.47197041406249995 0.9453042359375001 0.4701309421875 0.9497007953125 0.4573305515625 0.9530520812500001 0.46685251718750004 0.9575779484375001 0.4596076828125 0.9629631765625 0.47247670781249995 0.9595606953125 0.47756311093750003 0.95171586875 0.47667486875 0.9511932328124999 0.48783604531249997 0.94606661875 0.4860781328125 0.9470283687500001 0.4769752578125 0.9423731953125 0.4786645359375 0.9351883640625 0.5229402140625 0.9348920140625001 0.5438236109375 0.94415921875 0.605822965625 0.9460018437500001 0.6849896328125 0.9426128203124999 0.707462178125 0.9338197031250001 0.7330629562500001 0.9296875 0.76728050625 0.9296875 0.827118640625 0.9382215484374999 0.888568446875 0.95461698125 0.9542838812500001 0.95912398125 0.9630363015625001 0.9610924437499999 0.9640625 0.9898139859375 0.9640625 0.9958750578124999 0.9620721484375 1 0.9518347343750001 1 0.7123759421875