1 0.3890625 0.158221228125 0.3837031984375 0.1554031890625 0.3481476421875 0.157059215625 0.3376197890625 0.1642433890625 0.3234375 0.2177126140625 0.3234375 0.25717526562500004 0.324729690625 0.2719450734375 0.32956297343749996 0.2761825140625 0.3307294890625 0.289515846875 0.35684009687499996 0.332925275 0.3776884203125 0.3546875 0.3890625 0.3546875 0.3890625 0.158221228125
1 0.3171100734375 0.45 0.319586021875 0.41459230625 0.2978919296875 0.3451900734375 0.2689563171875 0.316072653125 0.27352466249999996 0.1874685765625 0.2587460703125 0.1773543109375 0.227634959375 0.1793480015625 0.1921875 0.1957435078125 0.1921875 0.22326570625 0.19455046250000002 0.2411992859375 0.21335404218749998 0.28866410781249996 0.21055696875000002 0.3286641078125 0.1921875 0.36539371875 0.1921875 0.45 0.3171100734375 0.45
1 0.8015513078125001 0.45 0.8020378125000001 0.37632569843749997 0.7868141625 0.291150178125 0.794738378125 0.152306003125 0.78877931875 0.1395149046875 0.776255825 0.13069535000000002 0.7728987578125001 0.13069535000000002 0.7505889874999999 0.1338256765625 0.7399417749999999 0.1544463921875 0.7433187359375 0.278174990625 0.7296875 0.3372853171875 0.7296875 0.45 0.8015513078125001 0.45
1 0.6922869593750001 0.45 0.6945880343749999 0.406092859375 0.6817405546874999 0.32418111875 0.69191449375 0.21924795625 0.686810915625 0.1977005046875 0.6769412703125 0.192764021875 0.6533399937500001 0.1971173296875 0.6437226546874999 0.2170989578125 0.6401329078125 0.34506018437499997 0.6265625 0.38716754999999997 0.6265625 0.45 0.6922869593750001 0.45
1 0.5573934046875 0.45 0.5583210140625 0.41812012187500003 0.5416168984375 0.3488996828125 0.5468165265625 0.22380867968749998 0.5354387578125 0.21277246875000003 0.5151262578125 0.21395553750000001 0.5046290265625 0.226265821875 0.5026453265625 0.3480498171875 0.4875 0.40654591875 0.4875 0.45 0.5573934046875 0.45
1 0.86756919375 0.45 0.868961715625 0.40703125 0.8558685734375 0.32890625 0.8647190296874999 0.18984375 0.860768515625 0.17578125 0.8493363703125001 0.1703125 0.82729759375 0.1734375 0.81875 0.1855689453125 0.81875 0.45 0.86756919375 0.45
1 0.36726920937499996 1 0.36726920937499996 0.8881550171875 0.3646005359375 0.8770645734375 0.35663769375 0.8667439109374999 0.3243460265625 0.8682479187500001 0.321875 0.87178515625 0.321875 0.9379686875000001 0.3263357359375 0.9597305921875 0.3384155625 1 0.36726920937499996 1
1 0.27810192968749997 1 0.2816689625 0.995990665625 0.29291591562499997 0.9537899750000001 0.2995372578125 0.9035897140625 0.29887549999999996 0.8759788203125 0.2949340203125 0.8693180765624999 0.2580843453125 0.8698359578125 0.251935753125 0.8799086328125 0.2515625 0.8833914703125 0.2515625 0.9722396906250002 0.25549780625 0.9995113437499998 0.2567425921875 1 0.27810192968749997 1
2 0.3890625 0.781685196875 0.3866862328125 0.7825430109375 0.3345489734375 0.781953465625 0.326898259375 0.7789483671874999 0.305328375 0.782030728125 0.26730754375 0.7809244359375 0.2639128984375 0.7854631359375001 0.2599080171875 0.7825641203125 0.2558846828125 0.78893951875 0.2412474171875 0.7894411140625 0.2336506328125 0.7855100890625 0.232681353125 0.7752794406250001 0.224707065625 0.7778298984375001 0.2214387359375 0.7712423328125 0.217001703125 0.7891993828125 0.215329903125 0.817903084375 0.2140625 0.819339321875 0.2140625 0.854803325 0.2162438125 0.8559569765624999 0.245123096875 0.8572610265625 0.24805083906249997 0.85178124375 0.2555582234375 0.8482897062500001 0.3108559546875 0.8573186671874999 0.31633393593750003 0.8528405859374999 0.3347248875 0.8505932218750001 0.3385864390625 0.8469956015625 0.35737190937499996 0.8558896578125001 0.3813302421875 0.8565867749999999 0.3890625 0.8551796953124999 0.3890625 0.781685196875
1 0.961417115625 1 0.9661188859374998 0.995674696875 0.976007509375 0.9516426390625 0.9798221437500001 0.9221585609375001 0.9783170875 0.8748150453125 0.967045503125 0.8214550703124999 0.9669772468750001 0.80198636875 0.9716790843750001 0.7567858078125 0.9718263390625002 0.7280578453125 0.9671478109375 0.71625331875 0.9602417609374999 0.71124999375 0.957301271875 0.71124999375 0.9499603109375 0.715452796875 0.9447430046874998 0.72679641875 0.9433134187500001 0.74341456875 0.9457559921875 0.8176827093749999 0.9390625 0.8453348453124999 0.9390625 0.9948322828125 0.9454486093749999 1 0.961417115625 1
1 0.9197113859375001 1 0.924554209375 0.9798660546875 0.9268122890625001 0.916957684375 0.9244896 0.8819908625 0.918556653125 0.856447078125 0.9165962703125 0.8343886312500001 0.9247549953124998 0.748086446875 0.9224549343749999 0.7325094828125 0.9118635890625001 0.7215222671875 0.900634934375 0.7276510296875001 0.8946081390625 0.738585784375 0.8919651250000001 0.7691959328125 0.8937055046874999 0.8152738625 0.8922012046875001 0.8439775656249999 0.8859375 0.8668232359375001 0.8859375 1 0.9197113859375001 1
1 0.8746010328124999 1 0.8746064359375 0.99996235625 0.8754955125 0.9694068015624999 0.8733404124999999 0.9362554781250001 0.8626813890625 0.8915828125 0.8588021390625 0.86407805 0.8597450984375001 0.8316706453125 0.8654205015624999 0.7795761140625 0.8651601421875 0.7527849296875 0.8586273140625 0.736064825 0.8452203578125002 0.7322239078124999 0.8388356484374999 0.73721755625 0.8312790359375001 0.7556826375 0.8297882999999999 0.78904630625 0.8310903249999999 0.8157768171875001 0.8330120078124998 0.8212110328125 0.8320510484374999 0.8721066234375 0.81875 0.9206332906250001 0.81875 0.99179265 0.8251228000000002 0.9940630609374999 0.8300676750000001 1 0.8746010328124999 1
1 0.7670308734375 1 0.7927619609375001 0.9870493640625 0.7929690109374999 0.9731604749999999 0.7789001078125001 0.9037160312499999 0.7800421 0.8620493640625 0.7881619750000001 0.8064938093749999 0.790054478125 0.7703826984375001 0.7857196078124999 0.75371603125 0.7783017890625 0.74121603125 0.7760728796875 0.7439938093749999 0.7577951875 0.744919734375 0.749102746875 0.76667899375 0.7472102453125 0.8027901046875 0.750972484375 0.8601975124999999 0.7497463921875 0.8935308453124999 0.748073890625 0.9055678828125 0.7360073484375 0.9370493640625 0.7359375 0.9373651953125 0.7359375 1 0.7670308734375 1
1 0.7206036296875 1 0.7206036296875 0.9090967437499999 0.707608425 0.8639888515624999 0.7047602968750001 0.8195444078125 0.7073116984375 0.7860200734375 0.70437128125 0.756432890625 0.6934008031250001 0.7359921671875 0.6885352953125 0.73340539375 0.6769121421875 0.7394490609375 0.671875 0.7497869796875 0.671875 0.793978175 0.6815535687500001 0.8566954124999999 0.68078881875 0.8855052296875 0.6719544625 0.9350674187500001 0.671875 0.9360532859374999 0.671875 0.9939381031250001 0.6723292375 1 0.7206036296875 1
1 0.6500361437500001 1 0.6500361437500001 0.86688129375 0.6402685640625 0.8346437203124999 0.641784840625 0.8280652046875 0.6387070078124999 0.7510435453125 0.6334641249999999 0.735947703125 0.6227582125 0.7271493515625 0.6175498796875 0.7273919328125 0.61082526875 0.7342130296875 0.609375 0.7398348328125 0.609375 0.7797360984375 0.6189143968749999 0.8356383062500001 0.619053065625 0.855155525 0.6109274984375 0.9057377234375 0.6124199562499999 0.9586610484375001 0.61826444375 0.9955767953125001 0.6195444859375 1 0.6500361437500001 1
1 0.5649244265625 1 0.57436176875 0.962899209375 0.5815010859375 0.9052915437500001 0.5816896140625 0.8877657031249999 0.5727449874999999 0.8228927531250001 0.5816972218750001 0.739359159375 0.576775965625 0.7244652125 0.5718266187500001 0.7210952718750001 0.562322125 0.7235479015624999 0.552271565625 0.744931946875 0.5504815046875 0.8298501203124999 0.546875 0.8424230484375 0.546875 1 0.5649244265625 1
1 0.8296758640625 0.714829196875 0.8210728875000001 0.7192163515625 0.8140856171875 0.7361717015625 0.8125542609374999 0.8251666734375 0.80625 0.8463836312499999 0.80625 0.9455639609375 0.8103757593750001 0.9252727562499998 0.8281054343750001 0.8627189703125001 0.8295615171874999 0.8377189703125 0.8277152421875 0.7708856015625 0.8310928718749999 0.7487239984375 0.841133478125 0.7286112593749999 0.8377395546875 0.7197013015625 0.8296758640625 0.714829196875