1 0.409375 0 0.3546835046875 0 0.31373400937499996 0.173180775 0.3122727625 0.2558573484375 0.3650541484375 0.47507867187499997 0.409375 0.477891684375 0.409375 0
1 0.13709965468750002 0 0.10826792656249999 0.1527230296875 0.1183663953125 0.27643436875 0.169316409375 0.4078125 0.1859586984375 0.4078125 0.196875 0.40650093125 0.196875 0 0.13709965468750002 0
1 0.22655675312499998 0 0.1962150171875 0.13832824375 0.19844504062499999 0.28758790156249997 0.24809520625 0.44375 0.315625 0.44375 0.315625 0.199180721875 0.313515378125 0.1811570546875 0.315625 0.16913299843750002 0.315625 0.0092262359375 0.3132634671875 0 0.22655675312499998 0
1 0.051290409375 0 0.022887096875 0.1997129859375 0.07647389843749999 0.3765625 0.0953125 0.3765625 0.0953125 0 0.051290409375 0
1 0.5796875 0.462482953125 0.5751376046875001 0.4461625859375 0.5750297203125 0.388673290625 0.571280590625 0.37635071249999996 0.56344115 0.3758342234375 0.5583361124999999 0.388620828125 0.5610751046875 0.44689957031249994 0.5549778140624999 0.4704025625 0.554052971875 0.5103265593749999 0.55552661875 0.5140625 0.5796875 0.5140625 0.5796875 0.462482953125
1 0.6921875 0.3862466375 0.689993878125 0.384375 0.6817476890625 0.384375 0.6792685109375001 0.3888571109375 0.673529721875 0.440590825 0.660096621875 0.468718134375 0.6551397718749999 0.49149305625000006 0.6613940781250001 0.515625 0.6782399296875 0.515625 0.68173525625 0.5154207640624999 0.686565671875 0.5103659828125 0.6883301859375 0.493444225 0.6858950484375 0.4507666 0.6921875 0.41768663124999994 0.6921875 0.3862466375
2 0.409375 0.559375 0.7984375 0.559375 0.7984375 0.5562721484375001 0.7961074171875 0.5531421265625001 0.5590527921875 0.537487809375 0.46980164999999996 0.52767088125 0.409375 0.5244812578125 0.409375 0.559375
1 0.318801025 0.884375 0.339158696875 0.8505028484375 0.340625 0.843219859375 0.340625 0.7635332531250001 0.33401386875 0.7419806343750001 0.340625 0.6752869234375 0.340625 0.6490437109375 0.3402000703125 0.6472635062500001 0.33047751718749996 0.63785056875 0.317307125 0.63785056875 0.3155923890625 0.6381539203125 0.30575673281250004 0.6586678859374999 0.30694927031249997 0.73379975 0.2910602890625 0.7682299359375 0.28499898125 0.7989453171875001 0.28597507968749997 0.8324916437500001 0.2970577359375 0.8719078265625001 0.30740060625 0.884375 0.318801025 0.884375
1 0.1825978875 0.559375 0.1886084875 0.5944036890625 0.1776906046875 0.6564022671874999 0.18016817031250001 0.6867537031250001 0.200474725 0.7397711015625 0.2103007984375 0.74375 0.21875 0.74375 0.21875 0.611073915625 0.21280920625 0.5972524671875 0.2117239453125 0.559375 0.1825978875 0.559375
1 0.21875 1 0.21875 0.9298026687500001 0.20289195000000002 0.8940911640625 0.20393111562500002 0.8224373046875 0.193757965625 0.8035177765625001 0.1796738046875 0.797916509375 0.170013534375 0.803728471875 0.1632565125 0.8200682765625 0.162980446875 0.8375823812500001 0.1743173796875 0.8972078421875 0.1592748453125 0.940954 0.158657628125 0.9743847625000001 0.1661714765625 1 0.21875 1
1 0.0820361390625 0.559375 0.08307862499999999 0.5712906765625 0.1046954859375 0.625211234375 0.11206776874999999 0.634375 0.1171875 0.634375 0.1171875 0.559375 0.0820361390625 0.559375
1 0.035925809375 0.75680478125 0.035925809375 0.84948133125 0.046118596875 0.87598556875 0.060950807812499994 0.88125 0.062988434375 0.88125 0.07217304531249999 0.8718899468749999 0.0834487859375 0.8428241609375 0.0875 0.8137971953124999 0.0875 0.7745361281250001 0.08513877656249999 0.7615277296875 0.068427065625 0.7238819421875 0.07252053281250001 0.6616162671875 0.06998665937500001 0.64418295625 0.06253210625 0.632496596875 0.052401854687500006 0.6314798859375 0.05060543125 0.6314798859375 0.0393630890625 0.6436594640625 0.035925809375 0.65363465 0.035925809375 0.6822744249999999 0.043234284375 0.729540365625 0.035925809375 0.75680478125
1 0.9495723843749999 0.78125 0.9921875 0.78125 0.9921875 0.7183428140625 0.98203999375 0.677763784375 0.9824977656249999 0.5859333421875 0.9800540734375 0.5828082125 0.9566704921875001 0.5828082125 0.954332353125 0.586018421875 0.9539956421875001 0.60133714375 0.9608788296874999 0.64966165 0.9609058328125 0.677480371875 0.949200671875 0.732343078125 0.947409284375 0.7783401890625 0.9495723843749999 0.78125
2 1 0.783001171875 0.54044266875 0.783001171875 0.460946196875 0.7923906078125 0.409375 0.8010258171875 0.409375 0.896875 0.44705718125000005 0.896875 0.4580644359375 0.8967875390625 0.516538628125 0.8857226859375 0.5448903734374999 0.8862046390625 0.6014681296875001 0.8759936640625 0.9617253859375001 0.8381972609374999 1 0.8410403875 1 0.783001171875