1 0 0 0 0.5073662953125 0.001148553125 0.5078125 0.0194025109375 0.5078125 0.044133109375 0.487970946875 0.0712748828125 0.4162986734375 0.0765625 0.3435303265625 0.0765625 0.2903700265625 0.0347735109375 0.1280626359375 0.034347209375 0.06354241875 0.04081710625 0 0 0
1 0.15454406406250001 0 0.1587268140625 0.0384802328125 0.15522624375 0.082096040625 0.11747956875000001 0.19438045312500002 0.11747956875000001 0.35819317968750003 0.12065319687500001 0.368021353125 0.14310551093749999 0.390625 0.16543182812499999 0.390625 0.17323942187500002 0.39009840156250003 0.2048348859375 0.3647674296875 0.22604109218750001 0.3131282796875 0.23125 0.22240534374999998 0.23125 0.20610720312500003 0.2117976109375 0.0796959828125 0.21328362343750001 0.0432266375 0.2182196921875 0 0.15454406406250001 0
1 0.26334344375 0 0.2683003421875 0.054294409375 0.249070996875 0.112252421875 0.253076178125 0.174752421875 0.27220315781250004 0.2942109171875 0.3075527125 0.296875 0.3226158234375 0.296875 0.328125 0.2837114453125 0.328125 0.08307072343750001 0.317584896875 0.047642331249999996 0.31582631875 0 0.26334344375 0
1 0.0381520109375 0.0578088859375 0.0450245515625 0.14320181875 0.071875 0.202968884375 0.071875 0.13016485 0.0383477640625 0.0578088859375 0.0381520109375 0.0578088859375
1 0.7887180703125 0.3887792671875 0.7928830671875 0.3890625 0.834375 0.3890625 0.834375 0.3630977125 0.8255234984375001 0.323796740625 0.8230540062499999 0.30052730156249996 0.8271523359374999 0.2229193328125 0.8227979765625001 0.2102131359375 0.8139815171875 0.2033192671875 0.8061420828125 0.2075850234375 0.8000528421875 0.224435684375 0.8037131421874999 0.3116667859375 0.7909007031249999 0.36478829375 0.7887180703125 0.3838392578125 0.7887180703125 0.3887792671875
1 0.8706551515625 0.3834142546875 0.8743024265624999 0.3564167234375 0.8695085109375 0.331853765625 0.8674805484375 0.3043309296875 0.875 0.23181672656250002 0.875 0.2219601328125 0.871185359375 0.20955099375000003 0.8638406609375 0.20672717812500002 0.8597827515625 0.20672717812500002 0.8528483328125 0.21267755312499997 0.8476392796875001 0.22641304999999998 0.8471680484374999 0.30575131718750004 0.842586965625 0.3309698390625 0.8393900484374999 0.34117694374999996 0.8393900484374999 0.3875 0.8632838484375001 0.3875 0.8683561000000001 0.38726364062499996 0.8706551515625 0.3834142546875
1 0.91812728125 0.2209274953125 0.909198409375 0.2109375 0.907440703125 0.2109375 0.8970687625 0.2144618890625 0.89253884375 0.228015103125 0.9020062 0.32610263906250003 0.895156334375 0.3624319546875 0.8932586687499999 0.38751681250000003 0.89473868125 0.390625 0.9160632625 0.390625 0.928125 0.3890715421875 0.928125 0.3338638390625 0.923298475 0.3172601578125 0.9207933374999999 0.2292123375 0.91812728125 0.2209274953125
0 1 0.39959845 0.9353292734374999 0.39877387343750004 0.87364456875 0.4028989703125 0.836295484375 0.39832244375000003 0.8143072984374999 0.4005910765625 0.7951496515625001 0.3973647640625 0.627365859375 0.3953131609375 0.6195308125000001 0.40208182968750006 0.6144291921875 0.47610741250000005 0.6119533921875 0.4792936015625 0.578136953125 0.47757971250000003 0.5778385 0.4781382890625 0.5778385 0.5327882578125 0.5870879062500001 0.55 0.599531028125 0.55 0.65236028125 0.53676913125 0.6554700999999999 0.5308172875 0.6570776953124999 0.51695264375 0.6682641140625 0.50470115625 0.7285298671875 0.509811071875 0.7553187390625 0.504873765625 1 0.510568784375 1 0.39959845
1 0.0860327140625 0.6390625 0.08268420625 0.6512904359375 0.0799143921875 0.6808836984375 0.08060176718749999 0.7151914500000001 0.08319856875000001 0.7282271453125 0.0810480375 0.7810049234375 0.0611881109375 0.8474752390625 0.0611881109375 1 0.11178823906249999 1 0.1231020375 0.9515888875 0.1265625 0.9104423203125 0.1265625 0.8900596140625 0.125531403125 0.86637945625 0.111626290625 0.7854238578125 0.1131731640625 0.7474608953125 0.12198870625 0.6846434015625 0.1228261015625 0.6512979453125001 0.118020584375 0.6390625 0.0860327140625 0.6390625
1 0.1704556921875 0.6390625 0.16766908593750002 0.6506450109374999 0.16950850312500002 0.6793487140625001 0.177413340625 0.7375608109375 0.1778550734375 0.7607392671875 0.16459694375 0.830698971875 0.162968534375 0.8622865359375 0.16480794999999998 0.8909902390625 0.1687307015625 0.9196333250000001 0.1859643921875 0.9849951984375 0.191892815625 0.990625 0.2140625 0.990625 0.2140625 0.7938023125 0.20709426718750001 0.7691650171875001 0.20276935625 0.7423889390625 0.205446003125 0.6783030390625 0.20400874687499998 0.6477323296875 0.2002709203125 0.6390625 0.1704556921875 0.6390625
1 0.23329067343749998 0.6390625 0.23160870312499998 0.645542415625 0.2323282359375 0.666847803125 0.23937160156249998 0.7251174984375 0.2395703015625 0.7464319765624999 0.228114853125 0.8003902328124999 0.2261223640625 0.819889225 0.22684189531249999 0.8411946125 0.23189132968749998 0.8920841734374999 0.24240028125 0.938244103125 0.249584809375 0.9497045359375 0.2675229796875 0.9515625 0.2688511640625 0.9515625 0.2703125 0.9500540015624999 0.2703125 0.7723357453124999 0.26410339843749997 0.7469306171875 0.2622868234375 0.6978383609375001 0.2645305046875 0.6737006484375 0.2626429875 0.641293240625 0.2615969828125 0.6390625 0.23329067343749998 0.6390625
1 0 0.6390625 0 1 0.0367863109375 1 0.0395833328125 0.9707175921874999 0.0385416671875 0.9216435187500001 0.0328125 0.8947916671874999 0.0307291671875 0.862384259375 0.0229166671875 0.8299768515625001 0.017708332812499998 0.82256944375 0.014583332812499999 0.8105324078124999 0.0161458328125 0.7410879625 0.0239583328125 0.6892361109375 0.0229166671875 0.65868055625 0.0187309171875 0.6390625 0 0.6390625
1 0.017066865625 0.6390625 0.0171875 0.6392361109375 0.0192708328125 0.6475694437499999 0.021875 0.7049768515625 0.015625 0.7457175921875 0.0151041671875 0.8105324078124999 0.0307291671875 0.8568287031249999 0.0333333328125 0.8947916671874999 0.040625 0.931828703125 0.0463541671875 0.8975694437499999 0.0473958328125 0.8512731484374999 0.0432291671875 0.8179398140625 0.0296875 0.7614583328125 0.0286458328125 0.7262731484375 0.034375 0.6475694437499999 0.03212890625 0.6390625 0.017066865625 0.6390625
1 0.4796875 0.975 0.4854185734375 0.975 0.48757991875 0.972303365625 0.48502962031249996 0.962922815625 0.48284024218750005 0.8915052296875 0.487700121875 0.8620939234375001 0.4953125 0.8443867453125 0.4953125 0.8341114796875001 0.4885872640625 0.7991552171875 0.4911177078125 0.7224003984375 0.48908285781250005 0.7139700328125 0.48209739531249995 0.7057721781249999 0.4796875 0.706301753125 0.4796875 0.975
1 0.5296875 0.7134553109375 0.5294818343750001 0.7124322656250001 0.5238967203125 0.705906653125 0.5139469578125 0.7075245625 0.5066545703124999 0.7214057390625 0.504566909375 0.801779196875 0.49943440624999996 0.820958040625 0.49943440624999996 0.834375 0.518431903125 0.834375 0.5283620140624999 0.8296242359375 0.5237838140625 0.8013575734374999 0.5296875 0.74091731875 0.5296875 0.7134553109375
1 0.5762615984374999 0.9251677265625 0.5727366875 0.9493630281250001 0.573057565625 0.9614121859375 0.5768095640625 0.9703125 0.5890625 0.9703125 0.5890625 0.8252324140624999 0.5837932171875 0.8090633109375001 0.5808796 0.7673966437499999 0.5806348953125 0.726595290625 0.5747481484375 0.7132845296875 0.5671327453125 0.708824615625 0.5586670625 0.714586253125 0.5555701484375 0.726251246875 0.564069153125 0.8030303625 0.5587817890625 0.8393233125 0.5731594531249999 0.8658842234374999 0.5762615984374999 0.9251677265625
0 0.49458167656249996 0.9707037296875001 0.5001218187500001 0.9734375 0.5442072265625 0.9734375 0.54809914375 0.9687055484375 0.55731496875 0.9216530421875 0.5578125 0.9056251765625 0.5578125 0.8644589640625 0.55316995625 0.8506560531249999 0.545289365625 0.8393509828125 0.536178465625 0.8326512953125 0.51664353125 0.8386842437500001 0.50425671875 0.8356155234375 0.49945603125 0.8382842 0.490798321875 0.8524481515625 0.4833787359375 0.8810063859374999 0.4833138828125 0.8817345734375 0.4833138828125 0.954076878125 0.48348544843749997 0.9551531953125 0.49458167656249996 0.9707037296875001