1 0.20322580625 0.3895705515625 0.19193548437500002 0.374233128125 0.17580645156250002 0.374233128125 0.15806451562499998 0.42024539843750003 0.1677419359375 0.50613496875 0.1677419359375 0.5797546015624999 0.145161290625 0.6840490796875 0.145161290625 0.7699386500000001 0.1677419359375 0.8926380375 0.17580645156250002 0.9018404906249999 0.20322580625 0.8987730062500001 0.22258064531250002 0.8680981593749999 0.2322580640625 0.794478528125 0.2322580640625 0.6901840484374999 0.2290322578125 0.659509203125 0.20322580625 0.5797546015624999 0.20322580625 0.3895705515625
1 0.3225806453125 0.5490797546875 0.3225806453125 0.4815950921875 0.3290322578125 0.4447852765625 0.3258064515625 0.3834355828125 0.3145161296875 0.361963190625 0.298387096875 0.361963190625 0.2870967734375 0.37730061406250004 0.29032258125 0.56134969375 0.2741935484375 0.6165644171875 0.2677419359375 0.7208588953125 0.2870967734375 0.8435582828125 0.29516129062499996 0.85889570625 0.3193548390625 0.8558282203124999 0.3274193546875 0.8527607359375 0.33870967812499997 0.825153375 0.34838709687499997 0.739263803125 0.34838709687499997 0.665644171875 0.341935484375 0.6165644171875 0.3225806453125 0.5490797546875
1 0.451612903125 0.5245398765625 0.454838709375 0.41411042968749995 0.451612903125 0.36503067499999997 0.44354838750000003 0.3435582828125 0.43064516093750005 0.3435582828125 0.4161290328125 0.36503067499999997 0.4129032265625 0.3834355828125 0.4193548390625 0.4570552140625 0.4193548390625 0.5368098156250001 0.40322580625000004 0.5981595093750001 0.4 0.69631901875 0.4129032265625 0.7822085890625 0.4241935484375 0.80368098125 0.44516129062500004 0.806748465625 0.45967741875 0.7975460125 0.4645161296875 0.7822085890625 0.4709677421875 0.726993865625 0.4709677421875 0.6165644171875 0.4645161296875 0.5674846625 0.451612903125 0.5245398765625
1 0.5677419359375 0.49386503125000003 0.5709677421875 0.334355828125 0.5629032265625 0.306748465625 0.5467741937499999 0.306748465625 0.5354838703125 0.36503067499999997 0.538709678125 0.49386503125000003 0.5193548390625 0.56134969375 0.5161290328125 0.6533742328125001 0.5290322578125 0.7453987734374999 0.5370967734375001 0.760736196875 0.558064515625 0.76380368125 0.5661290328125 0.760736196875 0.5806451609375001 0.726993865625 0.5903225812499999 0.659509203125 0.5903225812499999 0.604294478125 0.5806451609375001 0.5245398765625 0.5677419359375 0.49386503125000003
1 0.2290322578125 0.35889570625 0.22096774218749998 0.3435582828125 0.21129032187500002 0.3435582828125 0.20161290312500002 0.34969325156250003 0.19677419375 0.36503067499999997 0.2064516125 0.401840490625 0.2064516125 0.5858895703125 0.2322580640625 0.6779141109375 0.2322580640625 0.806748465625 0.24193548437499998 0.806748465625 0.258064515625 0.7576687109375 0.261290321875 0.7085889578125 0.258064515625 0.6104294484375 0.2322580640625 0.5184049078124999 0.2354838703125 0.3895705515625 0.2290322578125 0.35889570625
1 0.35322580625 0.33128834375 0.34032258125000003 0.325153375 0.3258064515625 0.3466257671875 0.3290322578125 0.3834355828125 0.3258064515625 0.5490797546875 0.34838709687499997 0.6472392640625 0.34838709687499997 0.7699386500000001 0.358064515625 0.7699386500000001 0.3709677421875 0.7453987734374999 0.3806451609375 0.6779141109375 0.3806451609375 0.6104294484375 0.358064515625 0.49386503125000003 0.361290321875 0.3466257671875 0.35322580625 0.33128834375
1 0.24677419375 0.3190184046875 0.2274193546875 0.3190184046875 0.22258064531250002 0.328220859375 0.22258064531250002 0.3466257671875 0.2354838703125 0.37730061406250004 0.2354838703125 0.4570552140625 0.2322580640625 0.463190184375 0.2354838703125 0.47546012343750005 0.2322580640625 0.49386503125000003 0.2354838703125 0.5245398765625 0.258064515625 0.6104294484375 0.261290321875 0.7024539875 0.2645161296875 0.7024539875 0.2677419359375 0.6472392640625 0.2741935484375 0.6165644171875 0.2741935484375 0.56134969375 0.258064515625 0.49386503125000003 0.258064515625 0.3466257671875 0.24677419375 0.3190184046875
1 0.36612903281250003 0.47852760781250003 0.361290321875 0.46932515312499995 0.3645161296875 0.463190184375 0.361290321875 0.4447852765625 0.361290321875 0.3220858890625 0.35322580625 0.306748465625 0.34677419375 0.306748465625 0.3258064515625 0.3466257671875 0.3290322578125 0.49386503125000003 0.3564516125 0.496932515625 0.361290321875 0.50613496875 0.3774193546875 0.5858895703125 0.3806451609375 0.64110429375 0.38387096718749997 0.64110429375 0.39032258125 0.604294478125 0.39032258125 0.56134969375 0.38387096718749997 0.5184049078124999 0.3774193546875 0.50613496875 0.3709677421875 0.47546012343750005 0.36612903281250003 0.47852760781250003
1 0.36290322656249996 0.26380368125000003 0.358064515625 0.273006134375 0.361290321875 0.2791411046875 0.358064515625 0.30368098125 0.3645161296875 0.3220858890625 0.3645161296875 0.3527607359375 0.3677419359375 0.35889570625 0.3677419359375 0.3895705515625 0.3645161296875 0.39570552187499997 0.3677419359375 0.4570552140625 0.38709677343750004 0.530674846875 0.39032258125 0.6104294484375 0.3935483875 0.6165644171875 0.39032258125 0.6226993859375 0.39677419375 0.62883435625 0.40967741875 0.56134969375 0.40967741875 0.50613496875 0.39032258125 0.42638036875 0.3935483875 0.30368098125 0.3790322578125 0.26993865 0.36290322656249996 0.26380368125000003
1 0.2661290328125 0.294478528125 0.258064515625 0.30981595156249997 0.258064515625 0.39570552187499997 0.261290321875 0.401840490625 0.258064515625 0.49386503125000003 0.261290321875 0.5 0.261290321875 0.5184049078124999 0.27096774218749997 0.5429447859375001 0.2741935484375 0.5797546015624999 0.2790322578125 0.5889570546875 0.28064516093749997 0.5858895703125 0.29032258125 0.5429447859375001 0.29032258125 0.46932515312499995 0.2838709671875 0.4447852765625 0.2870967734375 0.30981595156249997 0.2822580640625 0.294478528125 0.2661290328125 0.294478528125
1 0.2838709671875 0.30368098125 0.2870967734375 0.30981595156249997 0.2870967734375 0.3527607359375 0.29032258125 0.36503067499999997 0.2935483875 0.36503067499999997 0.31290322656249997 0.3527607359375 0.31290322656249997 0.29141104218749997 0.304838709375 0.2760736203125 0.288709678125 0.2760736203125 0.2838709671875 0.2852760734375 0.2838709671875 0.30368098125
1 0.6774193546875 0.340490796875 0.6693548390624999 0.3128834359375 0.65 0.3128834359375 0.641935484375 0.334355828125 0.641935484375 0.47546012343750005 0.6290322578125 0.5245398765625 0.6225806453125 0.6104294484375 0.6258064515624999 0.665644171875 0.6354838703125 0.7208588953125 0.6435483875 0.7300613499999999 0.6709677421875 0.726993865625 0.6806451609375 0.69631901875 0.6870967734375 0.6226993859375 0.6838709671875 0.5429447859375001 0.6709677421875 0.48773006093750004 0.6709677421875 0.42024539843750003 0.6774193546875 0.340490796875
1 0.7258064515625 0.30981595156249997 0.7209677421875 0.294478528125 0.701612903125 0.294478528125 0.6935483875 0.328220859375 0.6967741937499999 0.43865030625 0.6870967734375 0.48773006093750004 0.6870967734375 0.5674846625 0.69032258125 0.5736196312499999 0.6870967734375 0.6533742328125001 0.695161290625 0.66871165625 0.7161290328125001 0.665644171875 0.7258064515625 0.6472392640625 0.7258064515625 0.6226993859375 0.7322580640624999 0.5858895703125 0.7322580640624999 0.50613496875 0.7193548390625 0.43251533750000004 0.7258064515625 0.30981595156249997
1 0.761290321875 0.41411042968749995 0.7645161296875 0.2852760734375 0.75967741875 0.2760736203125 0.74677419375 0.2760736203125 0.738709678125 0.29141104218749997 0.738709678125 0.30981595156249997 0.7354838703125 0.3159509203125 0.7354838703125 0.334355828125 0.738709678125 0.340490796875 0.738709678125 0.40797545937499996 0.7322580640624999 0.43251533750000004 0.7322580640624999 0.5122699390625 0.7354838703125 0.5184049078124999 0.7322580640624999 0.6104294484375 0.74032258125 0.6196319015625 0.754838709375 0.6165644171875 0.7645161296875 0.604294478125 0.7709677421875 0.5736196312499999 0.7741935484375 0.49386503125000003 0.7709677421875 0.48773006093750004 0.7677419359375001 0.43865030625 0.761290321875 0.41411042968749995
1 0.7951612906250001 0.2208588953125 0.788709678125 0.2208588953125 0.7838709671874999 0.23006135 0.7741935484375 0.2852760734375 0.7774193546875 0.30368098125 0.7774193546875 0.37730061406250004 0.7677419359375001 0.40797545937499996 0.7677419359375001 0.4447852765625 0.7741935484375 0.47546012343750005 0.7741935484375 0.5552147234375 0.7709677421875 0.56134969375 0.7790322578125 0.5766871171875 0.7822580640625 0.570552146875 0.7854838703125 0.5766871171875 0.79032258125 0.5736196312499999 0.8 0.56134969375 0.8064516125000001 0.5122699390625 0.8064516125000001 0.43251533750000004 0.7967741937499999 0.3834355828125 0.8032258062500001 0.23006135 0.7951612906250001 0.2208588953125
1 0.89677419375 0.2546012265625 0.9 0.2484662578125 0.9 0.23619631874999997 0.891935484375 0.2147239265625 0.8822580640625001 0.2147239265625 0.8774193546875001 0.2239263796875 0.8774193546875001 0.3159509203125 0.8741935484375001 0.3220858890625 0.8741935484375001 0.340490796875 0.8806451609374999 0.36503067499999997 0.8806451609374999 0.42638036875 0.8935483874999999 0.42638036875 0.90322580625 0.41411042968749995 0.90322580625 0.3466257671875 0.8935483874999999 0.3159509203125 0.8935483874999999 0.2975460125 0.89677419375 0.29141104218749997 0.89677419375 0.2546012265625
1 0.8209677421875 0.2453987734375 0.8161290328125 0.2423312890625 0.8145161296874999 0.2147239265625 0.80967741875 0.2239263796875 0.80967741875 0.2484662578125 0.8032258062500001 0.266871165625 0.8032258062500001 0.328220859375 0.8064516125000001 0.334355828125 0.8064516125000001 0.35889570625 0.8 0.3834355828125 0.8032258062500001 0.42024539843750003 0.8064516125000001 0.42638036875 0.8064516125000001 0.5184049078124999 0.8032258062500001 0.530674846875 0.808064515625 0.5398773 0.8225806453125 0.5368098156250001 0.8322580640625 0.5122699390625 0.8354838703125 0.40797545937499996 0.8258064515625 0.37116564375 0.8290322578125 0.2546012265625 0.8241935484375 0.239263803125 0.8209677421875 0.2453987734375
1 0.8516129031249999 0.3159509203125 0.854838709375 0.30981595156249997 0.854838709375 0.2423312890625 0.85 0.23312883437499998 0.8370967734375 0.23312883437499998 0.8322580640625 0.2423312890625 0.8322580640625 0.260736196875 0.8290322578125 0.266871165625 0.8290322578125 0.3159509203125 0.8322580640625 0.3220858890625 0.8322580640625 0.340490796875 0.8290322578125 0.3466257671875 0.8290322578125 0.3834355828125 0.8354838703125 0.40797545937499996 0.8354838703125 0.4815950921875 0.8322580640625 0.48773006093750004 0.8322580640625 0.50613496875 0.8516129031249999 0.50613496875 0.854838709375 0.5 0.854838709375 0.47546012343750005 0.8612903218750001 0.45092024531249997 0.8612903218750001 0.3834355828125 0.8516129031249999 0.340490796875 0.8516129031249999 0.3159509203125
1 0.9 0.23006135 0.891935484375 0.2147239265625 0.8854838703125001 0.2147239265625 0.8774193546875001 0.23006135 0.8758064515624999 0.3374233125 0.8709677421875 0.3220858890625 0.8741935484375001 0.30981595156249997 0.8741935484375001 0.23006135 0.8693548390625001 0.2208588953125 0.8596774187499999 0.2208588953125 0.854838709375 0.23006135 0.854838709375 0.3220858890625 0.8516129031249999 0.328220859375 0.8516129031249999 0.340490796875 0.8612903218750001 0.37730061406250004 0.8612903218750001 0.45092024531249997 0.8774193546875001 0.45092024531249997 0.8806451609374999 0.43251533750000004 0.8983870968750001 0.4233128828125 0.90322580625 0.401840490625 0.90322580625 0.3527607359375 0.8935483874999999 0.3159509203125 0.9 0.23006135
1 0.5354838703125 0.43251533750000004 0.5354838703125 0.3527607359375 0.538709678125 0.3466257671875 0.5419354843749999 0.2975460125 0.5354838703125 0.2852760734375 0.538709678125 0.2423312890625 0.5338709671874999 0.23312883437499998 0.5290322578125 0.23619631874999997 0.5322580640625 0.2423312890625 0.5322580640625 0.273006134375 0.5225806453125 0.266871165625 0.5241935484375 0.23312883437499998 0.5193548390625 0.2423312890625 0.5193548390625 0.2791411046875 0.5129032265625 0.29141104218749997 0.5129032265625 0.401840490625 0.5161290328125 0.40797545937499996 0.5064516125 0.43251533750000004 0.50322580625 0.49386503125000003 0.5 0.5 0.50322580625 0.5674846625 0.511290321875 0.5889570546875 0.5161290328125 0.5858895703125 0.5193548390625 0.5552147234375 0.538709678125 0.4815950921875 0.538709678125 0.4570552140625 0.5354838703125 0.45092024531249997 0.538709678125 0.4447852765625 0.5354838703125 0.43251533750000004
1 0.6177419359375 0.2883435578125 0.604838709375 0.2883435578125 0.59677419375 0.30981595156249997 0.6 0.39570552187499997 0.5870967734375 0.49386503125000003 0.5870967734375 0.56134969375 0.5903225812499999 0.5674846625 0.5903225812499999 0.62883435625 0.598387096875 0.6441717796875001 0.6193548390625 0.64110429375 0.6225806453125 0.6349693249999999 0.6225806453125 0.5552147234375 0.6354838703125 0.4815950921875 0.6225806453125 0.42638036875 0.6258064515624999 0.3159509203125 0.6177419359375 0.2883435578125
1 0.47419354843750006 0.334355828125 0.4661290328125 0.3190184046875 0.45322580625000003 0.3128834359375 0.44516129062500004 0.328220859375 0.44516129062500004 0.3466257671875 0.454838709375 0.3834355828125 0.451612903125 0.5184049078124999 0.47419354843750006 0.62883435625 0.4709677421875 0.726993865625 0.47741935468749996 0.726993865625 0.4870967734375 0.6901840484374999 0.4935483875 0.6349693249999999 0.4935483875 0.5429447859375001 0.49032258124999994 0.5122699390625 0.47419354843750006 0.4815950921875 0.47419354843750006 0.334355828125
1 0.50967741875 0.30981595156249997 0.5129032265625 0.30368098125 0.5129032265625 0.266871165625 0.508064515625 0.2576687109375 0.49516129062500003 0.2576687109375 0.49032258124999994 0.266871165625 0.49032258124999994 0.2791411046875 0.4870967734375 0.2852760734375 0.4870967734375 0.37730061406250004 0.47741935468749996 0.40797545937499996 0.47741935468749996 0.4447852765625 0.48064516093750004 0.45092024531249997 0.48064516093750004 0.463190184375 0.4838709671875 0.47546012343750005 0.49516129062500003 0.496932515625 0.49677419375 0.49386503125000003 0.50322580625 0.47546012343750005 0.50322580625 0.45092024531249997 0.5129032265625 0.41411042968749995 0.5129032265625 0.3895705515625 0.50967741875 0.3834355828125 0.50967741875 0.30981595156249997
1 0.5645161296875 0.273006134375 0.5645161296875 0.2975460125 0.5709677421875 0.3220858890625 0.5709677421875 0.37730061406250004 0.5870967734375 0.37730061406250004 0.5903225812499999 0.2975460125 0.5870967734375 0.29141104218749997 0.5870967734375 0.273006134375 0.5822580640624999 0.26380368125000003 0.5725806453125 0.26380368125000003 0.5645161296875 0.273006134375
1 0.5935483875 0.401840490625 0.5854838703125 0.3803680984375 0.5725806453125 0.3803680984375 0.5709677421875 0.48773006093750004 0.5741935484375 0.5 0.5822580640624999 0.5153374234375 0.5838709671875 0.5122699390625 0.5870967734375 0.5 0.5870967734375 0.4815950921875 0.5903225812499999 0.47546012343750005 0.5903225812499999 0.4570552140625 0.5935483875 0.45092024531249997 0.5935483875 0.401840490625