1 0 0.409375 0.044611321875 0.409375 0.0572948671875 0.3636501296875 0.0578125 0.3191648640625 0.0578125 0.291761825 0.026411556250000003 0.2053705859375 0.030175092187500002 0.19442046875000002 0.0311288671875 0.1124532546875 0.0186241390625 0.0934016171875 0.000505909375 0.0880429140625 0 0.08836923125 0 0.409375
1 0.26821758125 0.409375 0.271875 0.401683553125 0.271875 0.2670835234375 0.2612901140625 0.2403128953125 0.2601771140625 0.2020615296875 0.269655203125 0.1531351125 0.268701203125 0.1203482265625 0.2478267 0.089828078125 0.226326521875 0.100249215625 0.2179511109375 0.12462778593749999 0.22792684218749998 0.21769323593749998 0.2009029359375 0.28805438906249997 0.198379571875 0.32622111875000004 0.2031289375 0.364557121875 0.21677173437500002 0.409375 0.26821758125 0.409375
1 0.46875 0.1026791015625 0.4595184875 0.10970258906250001 0.450813853125 0.136728653125 0.44173624531250005 0.2404056203125 0.4106406671875 0.2774716234375 0.4077989796875 0.2857910625 0.4077989796875 0.409375 0.46454413125 0.409375 0.46875 0.40215168749999997 0.46875 0.1026791015625
1 0.318420359375 0 0.32354174375 0.0598270859375 0.3206689171875 0.07609354375 0.304014175 0.10824550625 0.29488666874999997 0.1461159171875 0.29717727968749996 0.1952962453125 0.3150313953125 0.2668424359375 0.32236890625000003 0.2734375 0.343256009375 0.2734375 0.3443768171875 0.27332279375 0.3578125 0.242505990625 0.3578125 0.1023012875 0.3541597265625 0.0936298484375 0.35525096718750004 0.0391120234375 0.3578125 0.026601728125 0.3578125 0 0.318420359375 0
1 0.11648410625000001 0 0.12452013437500001 0.086394296875 0.1175975859375 0.091858778125 0.10948993437500001 0.135574625 0.1122913734375 0.179290471875 0.1357258921875 0.26125768437499997 0.1400519140625 0.2671875 0.15815418750000002 0.2671875 0.16153061562499998 0.266722165625 0.16875 0.262985965625 0.16875 0.1016359625 0.160533590625 0.080929815625 0.15878269375 0.0536074109375 0.154796146875 0.04814293125 0.1592674375 0.004427084374999999 0.1589837375 0 0.11648410625000001 0
1 0.1872039953125 0 0.1872039953125 0.12337055156250001 0.1874094953125 0.12439210468749999 0.1914862859375 0.13125 0.195400203125 0.13125 0.19796840468750002 0.1300470046875 0.203005490625 0.108252553125 0.21297185000000002 0.094750034375 0.2334971171875 0.08690241562499999 0.240635278125 0.032321078125 0.2421875 0.030218112499999998 0.2421875 0 0.1872039953125 0
1 0.015677978125 0 0.015677978125 0.12476121093749999 0.0185062203125 0.1296875 0.0422197890625 0.1296875 0.048948703125 0.120855615625 0.0635844546875 0.0721198015625 0.0671875 0.0245708328125 0.0671875 0.0222208546875 0.06336505 0 0.015677978125 0
1 0.815906409375 0 0.8101335625000001 0.01399675625 0.8084847203125 0.13356403125 0.7870460578125 0.20971045312499997 0.7825444046875 0.24190055781250003 0.7829161 0.305789446875 0.7910114109374999 0.3539911234375 0.7982458359375 0.3703125 0.8239443281250001 0.3703125 0.8270377937500001 0.36738549531250003 0.835494178125 0.3433240046875 0.8421875 0.3083541421875 0.8421875 0.173553759375 0.83668244375 0.144590065625 0.8379459718750001 0.09311928593749999 0.8421875 0.06550565781249999 0.8421875 0.0020684375 0.841339109375 0 0.815906409375 0
1 0.9240703859374999 0 0.9221220578124999 0.0027138781250000002 0.9152957687499998 0.1194123609375 0.8959478046874999 0.1709103328125 0.8894893515625 0.20439393749999998 0.8894893515625 0.28121123593749997 0.8942670421875001 0.315354778125 0.903114046875 0.32710806406250004 0.9117041890625 0.328125 0.9215165921875 0.328125 0.92578645625 0.325587365625 0.9350374921875 0.30261842968749997 0.9507216218749999 0.2303098484375 0.9511902984375 0.1900320703125 0.9410931796875002 0.11787348125 0.9421814921875 0.091480046875 0.953125 0.034008185937500005 0.953125 0.0030666296875 0.9517606578125001 0 0.9240703859374999 0
1 0.7682054703125 0 0.7683202390625 0.086938746875 0.754109678125 0.1351861828125 0.7496108296875 0.16839223125 0.7542445046875 0.19348315 0.77252314375 0.23138319218749998 0.783521778125 0.246875 0.7859164046875 0.246875 0.79000694375 0.215134753125 0.7953125 0.1936434453125 0.7953125 0.10446751875 0.7927006390625 0.0930580015625 0.7953125 0.0368186265625 0.7953125 0 0.7682054703125 0
1 0.49769268593750005 0 0.49771257343749997 0.029980909374999996 0.485008721875 0.0781781859375 0.4941992953125 0.11195718750000001 0.4944516 0.1370208546875 0.48953602500000004 0.1486513265625 0.48165881875 0.1519819828125 0.48165881875 0.2697124453125 0.4841296046875 0.2734375 0.5055555671875 0.2734375 0.5095572640625 0.26707885937500003 0.51464755625 0.22970619375 0.5299668843750001 0.1913584734375 0.53125 0.17544390781250002 0.53125 0.1486303765625 0.5296272765625 0.12314375 0.5243749375 0.0952877734375 0.521106271875 0.062462459375 0.5229115140625 0.0421425265625 0.5233085609375 0.0204402734375 0.5272139765625 0 0.49769268593750005 0
1 0.6307764734375001 0 0.63165765 0.014700840625 0.629497990625 0.05206443125 0.6127483484375 0.11110460625 0.6120218109375 0.145744984375 0.6207747890624999 0.15783699843750001 0.6408882359375 0.1710190453125 0.6539203062500001 0.190625 0.65625 0.190625 0.65625 0.07004068125 0.6538461171875001 0.0556879484375 0.656044690625 0 0.6307764734375001 0
0 0.629870453125 0.3875 0.6426757859375 0.3702130078125 0.6578125 0.3407847703125 0.6578125 0.23302944062500003 0.6507489171875 0.20763240624999998 0.6340180109375 0.1814059640625 0.6005306765625 0.15528740937500002 0.5835049640625 0.1574649859375 0.5572128296875001 0.17456567812499998 0.5468958749999999 0.1915312015625 0.5351792875 0.23131790625 0.5359903874999999 0.2854027265625 0.5521838046875 0.33586651875 0.577859721875 0.381810221875 0.5884509687499999 0.3875 0.629870453125 0.3875
1 0.46875 0.409375 0.433925209375 0.409375 0.42914390156250004 0.4427972640625 0.4294186328125 0.49001948593750005 0.43846488125 0.567346884375 0.44647938906249995 0.60165966875 0.45396994687500003 0.6130762625 0.45829703281249995 0.6140625 0.46875 0.6140625 0.46875 0.409375
1 0.35210180156250004 0.409375 0.35164955625 0.41834497343750005 0.35164955625 0.502728609375 0.352035234375 0.5100512640625 0.3570676328125 0.5475194484375 0.3657368640625 0.5745505109375 0.37516845781249997 0.5796875 0.3872140734375 0.5796875 0.402789675 0.5791957265625001 0.40915280468750004 0.56943714375 0.419012640625 0.527715934375 0.42611383593749996 0.409375 0.35210180156250004 0.409375
1 0.27739148125 0.409375 0.277740046875 0.44529166875000004 0.2959918640625 0.5359331218750001 0.30770390625 0.5493912296875 0.3117213484375 0.55 0.3369812828125 0.55 0.34521061406250003 0.5370787015625 0.35 0.5099106828125001 0.35 0.409375 0.27739148125 0.409375
1 0.541009175 0.753125 0.53798526875 0.753125 0.5344799921875 0.7540889 0.5302518015625 0.76611964375 0.5329026031249999 0.8187745921874999 0.5245512609375 0.8608916375 0.5262290187499999 0.8890625 0.5269294921875 0.8890625 0.5359723109375001 0.876270178125 0.55 0.8660741125000001 0.55 0.8439677203125001 0.545402603125 0.8181194937499999 0.5482609515625 0.7721223875 0.541009175 0.753125
1 0.5556446453125 0.79515013125 0.5585540375 0.7465253859375001 0.5441251546875 0.7445261390625 0.54284823125 0.7535607328125 0.548058403125 0.7757511421875 0.5451490109375 0.8243758890624999 0.551711584375 0.864612759375 0.5612314656249999 0.871875 0.562613103125 0.871875 0.5640625 0.84793063125 0.5640625 0.8387345140625001 0.5556446453125 0.79515013125
0 0.578125 0.9449518921875001 0.578125 0.9003044671874999 0.576532390625 0.8942267921875 0.5646182843750001 0.8738242374999998 0.547309546875 0.8692575281250001 0.5365741078124999 0.8759474 0.5272732265625 0.891692321875 0.5242560546874999 0.9221569609374999 0.5280276546875 0.9444519171875001 0.537476775 0.960633253125 0.5477009390625 0.965625 0.56265061875 0.965625 0.5759667921875 0.95528335 0.578125 0.9449518921875001
1 0.934375 0.7614048999999999 0.934375 0.7420303046875001 0.921111559375 0.7414898593749999 0.9165599249999999 0.7461758875 0.9179913625000001 0.7935572765625001 0.9093285218750001 0.821027034375 0.9093285218750001 0.8985196734375 0.9104176484375 0.9 0.9249268687499999 0.9 0.9302292375000001 0.8887020578125 0.934375 0.86147896875 0.934375 0.820859734375 0.9304913625000001 0.7940666125 0.934375 0.7614048999999999
1 0.9637299359375 0.909375 0.9796875 0.909375 0.9796875 0.8213101078125 0.97466074375 0.8038485390625001 0.9753275796875001 0.751179890625 0.9706102281250001 0.7420020609375 0.964295540625 0.740394915625 0.9589561671875 0.7429817234375 0.95520914375 0.754637228125 0.9606629312500001 0.8047463546875001 0.9523179609374999 0.843280578125 0.95361173125 0.8710583578125 0.962324884375 0.9074150062499999 0.9637299359375 0.909375