1 0.1717293875 0.0951178515625 0.1697982 0.0176998453125 0.157216140625 0.0008494875000000001 0.1421875 0.0158029453125 0.1421875 0.0190596546875 0.1487528765625 0.0768481890625 0.1421875 0.11141380625 0.1421875 0.1177572828125 0.14972813125 0.21875 0.1587715125 0.21875 0.176416790625 0.21134130624999997 0.176416790625 0.116487978125 0.1717293875 0.0951178515625
1 0.11693261875000001 0 0.1030466890625 0.012611115624999999 0.1115262140625 0.0850029921875 0.1015625 0.2005447453125 0.1015625 0.23225384999999998 0.10742906875 0.2375 0.1341627078125 0.2375 0.1377512890625 0.2182698453125 0.1377512890625 0.1320617859375 0.132114796875 0.0834428828125 0.1324076890625 0.017936015625000003 0.1200046484375 0 0.11693261875000001 0
1 0.052982549999999996 0 0.057997770312499995 0.0762906515625 0.04375 0.1543871578125 0.04375 0.1918839140625 0.05083763125 0.2609375 0.0821680359375 0.2609375 0.09403372343750001 0.22834142812499997 0.09403372343750001 0.11767049062499998 0.0862270515625 0.0710390296875 0.08724865312499999 0 0.052982549999999996 0
1 0 0 0 0.29827009531250004 0.010202623437499999 0.2945014875 0.0304673171875 0.211128115625 0.024278440625 0.14857303125000001 0.0163428546875 0.0984453703125 0.027490656250000002 0 0 0
1 0.0264299421875 0 0.025 0.05456585781249999 0.025 0.1011683984375 0.04504105625 0.1796875 0.04513935625 0.1796875 0.0479628390625 0.160311115625 0.0479628390625 0.085818921875 0.0416409984375 0.0639551015625 0.044791873437500004 0.010301540625 0.030943153125 0 0.0264299421875 0
1 0.5089865640625 0 0.506383709375 0.0055180015625 0.5016475421875 0.1556271296875 0.4890625 0.20063725781250003 0.4890625 0.41875 0.53048299375 0.41875 0.5397102125 0.3851509453125 0.5477459875 0.32142574687500003 0.5501140734375001 0.246371184375 0.53504235 0.14566185625 0.54998813125 0.0098235640625 0.544611503125 0 0.5089865640625 0
1 0.611055009375 0.41875 0.6265625 0.3249172953125 0.6234375 0.25817789375 0.6046875 0.16885259218749998 0.6109375 0.0328869515625 0.59609375 0.006152570312499999 0.58046875 0.0085666734375 0.5703125 0.031941396875 0.575 0.1459393859375 0.5609375 0.2261676359375 0.5671875 0.2957575484375 0.559375 0.40390904531249994 0.562569696875 0.41875 0.611055009375 0.41875
1 0.6728749203125 0.41875 0.6728749203125 0.23469299375000002 0.6572548984375001 0.16219426718750002 0.6596248124999999 0.050609559375 0.6423940453125 0.028241640624999998 0.6270600515625 0.0377589640625 0.6234375 0.049277295312500004 0.6234375 0.0710980703125 0.6309834046875 0.1725403859375 0.6236454499999999 0.23158411562499998 0.6349604921875 0.28642927500000004 0.6368035328125 0.339207053125 0.630969446875 0.41875 0.6728749203125 0.41875
1 0.713684003125 0.41875 0.7217355 0.35792427187500003 0.7217355 0.27572239062500004 0.7044374687499999 0.1764086828125 0.7082306359375 0.0704526078125 0.6943998312499999 0.0476925984375 0.6789041390625 0.05424945 0.672357790625 0.075533365625 0.6793728156250001 0.1752329765625 0.671875 0.239701665625 0.671875 0.24526516250000002 0.6813016046875 0.3253331078125 0.6759965109375 0.41875 0.713684003125 0.41875
1 0.5043517937499999 0.175 0.511862284375 0.144137653125 0.5059784796875 0.0458540296875 0.5015625 0.057064534374999996 0.5015625 0.129408540625 0.5035390171875 0.175 0.5043517937499999 0.175
1 0.0010347421875 0.41875 0.0029861109375 0.44800934843749995 0 0.45953596250000006 0 0.598372028125 0.020249435937499997 0.6296875 0.0379066953125 0.6296875 0.0379861109375 0.629675046875 0.04743055625 0.6134538640625 0.0607638890625 0.57314524375 0.061875 0.5325521484375 0.0518749984375 0.48783197031250003 0.032986109375 0.444839134375 0.032272909375 0.41875 0.0010347421875 0.41875
1 0.22749640937499999 0.41875 0.2288246296875 0.4346833296875 0.2109375 0.5187830140624999 0.2109375 0.53826025625 0.2129970890625 0.5647800625 0.23611298593750002 0.6125 0.23804998125000001 0.6125 0.2721632890625 0.604983665625 0.280775121875 0.573774228125 0.280775121875 0.5118054109375001 0.28044534374999996 0.5081046015624999 0.256692446875 0.440656678125 0.256505025 0.41875 0.22749640937499999 0.41875
1 0.1465055875 0.611808646875 0.12483620468750001 0.5551464859374999 0.12155371562499999 0.4796789515625 0.11459768125 0.465349996875 0.0975930453125 0.4600322390625 0.0837759375 0.4807781734375 0.0942883765625 0.56572290625 0.0796875 0.63973765 0.0796875 0.6865476859375 0.088083303125 0.7267171125 0.111060971875 0.7677050796875 0.11861313281250001 0.7734375 0.13032904375 0.7734375 0.1352315015625 0.7718455750000001 0.13495983125 0.7098530328124999 0.1465055875 0.67081684375 0.1465055875 0.611808646875
1 0.44785113593750003 0.41875 0.4484425328125 0.44582407812499997 0.4296875 0.5086671515625 0.4296875 0.555277559375 0.433238228125 0.5846703421875 0.4477873703125 0.6184762515625 0.45373888906250004 0.625 0.4773873671875 0.625 0.477535765625 0.6249491453125 0.4890625 0.600028503125 0.4890625 0.4779794640625 0.4771963296875 0.4397665375 0.4777307921875 0.41875 0.44785113593750003 0.41875
1 0.3537294046875 0.7287521328125 0.363386740625 0.7390625 0.386426253125 0.7390625 0.39004310468750003 0.7351420890625 0.40745352968750004 0.6943154015624999 0.4082443359375 0.6904294890625 0.4082443359375 0.6056617484375 0.3850080734375 0.5427212125 0.38418333125 0.4594778625 0.37315506875 0.439844815625 0.356533421875 0.4428471 0.3485377375 0.4578878921875 0.35269581250000004 0.540917634375 0.3375 0.60139889375 0.3375 0.6197793109375 0.34147121875 0.6084676140624999 0.3451647125 0.6237278906249999 0.36289746875 0.6206544015625 0.37374565312499997 0.63255050625 0.3767782328125 0.6672243453125001 0.373136953125 0.6781118578124999 0.3396307328125 0.696724559375 0.3537294046875 0.7287521328125
0 0.306708021875 0.8422982000000001 0.2988321828125 0.8078441468750001 0.2792615375 0.7748325921875 0.26509849375 0.7657499781249999 0.242932553125 0.7647212296875 0.22026008749999998 0.781100603125 0.20222179687500003 0.8098487765625 0.1953125 0.8319472093750001 0.1953125 0.9067062828125 0.198901246875 0.9239686984375 0.21414000937500002 0.953292878125 0.22691053593750002 0.9625 0.2623819515625 0.9625 0.27636223125 0.9507575171875 0.296735303125 0.9180503218750001 0.304246178125 0.8887651390624999 0.306708021875 0.8422982000000001
2 1 0.793072378125 0.7490088578125 0.7808343609375 0.4890625 0.7808343609375 0.4890625 0.958826284375 0.6457259375 0.9624726656250001 0.8894707374999999 0.9734375 0.9730194437499999 0.9734375 0.9894759375 0.9579735359375 0.9941634374999999 0.962249303125 1 0.9571970953125 1 0.950171540625 0.9988509375 0.9470806296875001 1 0.9471073750000001 1 0.793072378125