1 0.09239122968749999 0.356944846875 0.093427621875 0.297569846875 0.1046875 0.2334079359375 0.1046875 0.2117767109375 0.083409515625 0.15625643125 0.08383798125 0.0423031921875 0.074000659375 0.0266589078125 0.053583203125 0.0266589078125 0.0399516140625 0.053174990624999995 0.048925421875 0.164910165625 0.034151629687500004 0.215210184375 0.034151629687500004 0.3016419203125 0.053219631249999996 0.3659263625 0.074851915625 0.36875 0.07687105625 0.36875 0.09239122968749999 0.356944846875
1 0.1410415546875 0.44781731718750006 0.1528399234375 0.41834802499999996 0.166041296875 0.3716912296875 0.171875 0.318035496875 0.171875 0.30957039218750004 0.16795422499999998 0.27154575937500003 0.1470037375 0.2021775109375 0.15771758125 0.07092751093750001 0.1445957 0.049488268749999995 0.1275357453125 0.047525725000000005 0.11511549375 0.05584671875 0.105899990625 0.0728523796875 0.1075586015625 0.20595581875 0.1001919953125 0.229409959375 0.1001919953125 0.45625 0.1265726375 0.45625 0.1410415546875 0.44781731718750006
1 0.2652518578125 0.56875 0.27484503125000004 0.5611549890624999 0.2972668515625 0.4706481625 0.3015625 0.4072318015625 0.3015625 0.3968470328125 0.29537965625 0.3503083921875 0.2644946390625 0.26730499375 0.2712563984375 0.111073175 0.2609007796875 0.0860095421875 0.23848091875000002 0.07572148281249999 0.21707804375 0.08888001250000001 0.20882913281249998 0.10758456093749999 0.21583893281250002 0.27639819375 0.19082466874999998 0.357218678125 0.19082466874999998 0.4947040921875 0.20925639999999998 0.55921069375 0.2162533046875 0.56875 0.2652518578125 0.56875
1 0.4296875 0.56875 0.4296875 0.129252628125 0.4143004515625 0.1242355109375 0.385910140625 0.1412493953125 0.3718630515625 0.1673753859375 0.37665842656250004 0.3538585234375 0.3660247640625 0.40202320468749997 0.34945670156249997 0.446672790625 0.34945670156249997 0.56875 0.4296875 0.56875
1 0.39974896875 0.35178304531250004 0.37746719687499997 0.1625250546875 0.3875316765625 0.13656815 0.40625 0.11547561875000001 0.40625 0.051630357812500006 0.40462492031249997 0.0426035359375 0.392546078125 0.0307668546875 0.37572765937499997 0.0307668546875 0.369004878125 0.032398059374999996 0.3564602375 0.0546537671875 0.3701457703125 0.1772710625 0.3472936015625 0.2858449796875 0.35659916875 0.3727981734375 0.374024775 0.42299366406249994 0.3791735140625 0.4265625 0.3825158921875 0.4265625 0.39974896875 0.35178304531250004
1 0.30323179218749996 0.3421875 0.3171875 0.27991853906249997 0.3171875 0.22991853906249998 0.2890625 0.1350969625 0.2921875 0.038167415625 0.28359375 0.0187861703125 0.26640625 0.014398679687499999 0.25 0.0310913015625 0.2484375 0.065493575 0.2515625 0.076376528125 0.2671875 0.0901662921875 0.2734375 0.1166196984375 0.2703125 0.2666742453125 0.3029192453125 0.3421875 0.30323179218749996 0.3421875
1 0.7447461828125 0 0.7354745515625 0.012714598437499999 0.7299712109375001 0.0435518796875 0.7299712109375001 0.07148844062500001 0.7386347328125 0.0998868171875 0.7373619687499999 0.1728034828125 0.7487346609375 0.2365127328125 0.7609574921875 0.26875 0.796721640625 0.26875 0.809235784375 0.25725156718750003 0.8275142265625 0.1935497 0.8328125 0.1284403328125 0.8328125 0.11784510937499999 0.8158881625 0.05494971093749999 0.8183591890624999 0.0474941546875 0.829223959375 0.0508959953125 0.8286427156249999 0.039492293750000004 0.804260915625 0.005823796875 0.8049157828125001 0 0.7447461828125 0
1 0.61560161875 0 0.61560161875 0.1398353453125 0.6186750421875 0.1421875 0.6486040765625 0.1421875 0.655706903125 0.137853459375 0.6697055015625001 0.1006080296875 0.6796875 0.0369891921875 0.6796875 0 0.61560161875 0
1 0.872687778125 0 0.84786176875 0.0686778296875 0.84786176875 0.14614066718750002 0.8643032640625 0.218763559375 0.8846933890625 0.2234375 0.9008227906249999 0.2234375 0.907199278125 0.22213854375 0.9177676953125001 0.20448929843750002 0.93125 0.099664225 0.93125 0.07443221718750001 0.9248688843749999 0.033674146875 0.9125476984375 0 0.872687778125 0
1 1 0 0.9572789328125001 0 0.9572789328125001 0.1242435875 0.9631313531250001 0.12224863906250001 0.975663303125 0.139850728125 0.9913044984375 0.14375 1 0.14375 1 0
1 0.84926924375 0 0.849738065625 0.038203689062500004 0.868979659375 0.0609375 0.8727244234375 0.0609375 0.8896604281249999 0 0.84926924375 0
0 0.45717679218749996 0 0.4296875 0.035480221875 0.4296875 0.13403779531249999 0.4579162171875 0.1780946359375 0.5096501734375 0.1796875 0.522960971875 0.1796875 0.5479972390625 0.1473733765625 0.5630956203124999 0.13982261093749998 0.5703125 0.10457810000000001 0.5703125 0.038117190625000005 0.5498921 0.0036779234375 0.5443587734374999 0 0.45717679218749996 0
2 0 0.56875 0 0.58963909375 0.029374934375 0.590625 0.0881482984375 0.590625 0.30654296875 0.5812220031249999 0.31875 0.5704364578125001 0.31875 0.56875 0 0.56875
1 0.667573109375 0.8296875 0.6808616734375 0.8296875 0.6817579890625 0.829174103125 0.685646253125 0.8150302734375 0.690281621875 0.7878870593749999 0.690625 0.780338725 0.690625 0.7661391890625 0.6822319140625 0.7126166984375 0.6846833296874999 0.6615815109375001 0.6814352890625 0.653947871875 0.6765484625 0.6525433375 0.67609644375 0.6525433375 0.6720602890625 0.6546034359374999 0.6679520140624999 0.6664506609374999 0.670268909375 0.7125284375 0.6611520843750001 0.7553249828124999 0.6611520843750001 0.8013879234375001 0.6651559703125 0.8266358468749999 0.667573109375 0.8296875
1 0.719630540625 0.756655253125 0.7147657656249999 0.720362303125 0.7203125 0.6736003296875 0.7203125 0.6603127421874999 0.7183470078124999 0.6541161718749999 0.715373171875 0.6521915843749999 0.7068130921875 0.6547754015625 0.703230475 0.6635050234375 0.7015759 0.6773817906249999 0.70234959375 0.712651834375 0.6958041328125001 0.7381822312499999 0.6958041328125001 0.8328125 0.697095321875 0.8328125 0.715322328125 0.8094330296875001 0.7198160625 0.7863454953125 0.719630540625 0.756655253125
1 0.7671162499999999 0.8078125 0.76875 0.8078125 0.76875 0.7483431671874999 0.763197959375 0.720422584375 0.766010428125 0.66672796875 0.7618527343749999 0.655128140625 0.7541048859374999 0.652304909375 0.7493527343749999 0.6550554171874999 0.74519864375 0.6656808390625 0.7468581640625 0.7286619828124999 0.7371818453125 0.76496411875 0.7371818453125 0.8057336671875 0.7562996640625 0.80419009375 0.7671162499999999 0.8078125
1 0.7976250281249999 0.8625 0.8032397843750001 0.847520675 0.809375 0.8206517796874999 0.809375 0.7733110703125 0.8025274609374999 0.734303084375 0.8087094015625 0.6640054656250001 0.804902503125 0.6532027171875 0.79673095625 0.6501339328125 0.792402503125 0.6527662109375 0.787929996875 0.6623520203125001 0.7869748484375 0.7235540734375 0.7792762984375 0.750747734375 0.7792762984375 0.8240216218749999 0.7840775296875 0.8315426625000001 0.7964586328125 0.8625 0.7976250281249999 0.8625
1 0.8527490828125 0.75372040625 0.8473552281250001 0.72472850625 0.8546875 0.6652059687499999 0.8546875 0.661281909375 0.8516167187499999 0.6503402734375 0.8480729515625001 0.6497166156249999 0.8436313953125001 0.6497166156249999 0.838965553125 0.6532124890625 0.8353829328125 0.662242621875 0.8335950593749999 0.722172715625 0.8282689718749999 0.7427411734375 0.8282689718749999 0.85 0.8398095296874999 0.85 0.8468536343749999 0.82594263125 0.8543459390624999 0.7848617671875 0.8527490828125 0.75372040625
1 0.8904975187499999 0.8390625 0.8984375 0.8390625 0.8984375 0.7276583859375 0.8973983859375 0.7235821796875 0.8942314953124999 0.6634515859375 0.891922975 0.6564116062500001 0.8833306546875 0.652271171875 0.8788373953124999 0.6548032890625001 0.8760670749999999 0.6634221625000001 0.883144503125 0.71268730625 0.876745009375 0.7621686875 0.8775810078124999 0.7889659484375 0.8892811875 0.8375508281249999 0.8904975187499999 0.8390625
1 0.9265625 0.7450151765624999 0.9221489265624999 0.7202313671875 0.9255297656250001 0.6628421421875 0.922985875 0.6549217703125 0.9173282828125 0.653125 0.916567790625 0.653125 0.911452084375 0.6565736156249999 0.9092707453125 0.66533809375 0.9099507546875 0.7126057703125 0.9029903843749999 0.7414164140625 0.9029903843749999 0.8233908546875 0.9036721812499999 0.8283192375 0.9129004406250001 0.83125 0.9168536078125001 0.83125 0.9198557421875 0.8276751375 0.9260450203125 0.8036919765625001 0.9265625 0.7989470015625 0.9265625 0.7450151765624999
0 0.7855577984375 1 0.8021435374999999 0.966884540625 0.8080632187500001 0.9464232593749999 0.8108255703125 0.92694245 0.8109375 0.9218184734375001 0.8109375 0.8838995484375 0.8026364625 0.8484296609375 0.7941523921875 0.8305332015625 0.7832114062500001 0.8159183921875 0.7628303781250001 0.804520334375 0.749081459375 0.804520334375 0.7382869125 0.8055982140625 0.716839234375 0.823554453125 0.697690290625 0.8576643953125 0.689387184375 0.8873382046875001 0.689387184375 0.9477754656249999 0.6896723828125 0.9531165859375001 0.69791569375 0.985360353125 0.7074734234375001 1 0.7855577984375 1