1 0.4390625 0.3342193234375 0.43763542656250004 0.33214620625 0.42367305625 0.33025639687499997 0.40924031562499996 0.34791602187500004 0.4075195265625 0.44802512656250004 0.39789180625 0.47616468437500004 0.39789180625 0.5796875 0.4390625 0.5796875 0.4390625 0.44798134687499996 0.4388696546875 0.44718997656250004 0.4390625 0.44476412656250003 0.4390625 0.3342193234375
1 0.23009533124999998 0.5796875 0.2277480953125 0.5146365546875 0.2453125 0.433532125 0.2453125 0.3355174125 0.2313869515625 0.32673051875 0.230268315625 0.32673051875 0.21730258593750001 0.33880209687499996 0.2194094296875 0.4261200859375 0.20337644375 0.48829209375 0.20337644375 0.506567909375 0.2161015203125 0.576211090625 0.22868985625 0.5796875 0.23009533124999998 0.5796875
1 0.27307860625 0.5796875 0.2712978234375 0.5540327421875 0.278125 0.5059570703125 0.278125 0.37720565 0.2771710265625 0.3435651359375 0.2669228890625 0.3316085796875 0.2550167578125 0.3316085796875 0.247119653125 0.3378285875 0.2430871265625 0.3522188703125 0.252141103125 0.44564108750000003 0.2404801640625 0.4981869328125 0.2395384015625 0.5452804546875 0.24814267812500002 0.5796875 0.27307860625 0.5796875
1 0.40625 0.5796875 0.40625 0.5596287359375001 0.4061676703125 0.55927734375 0.3783663234375 0.49052734375 0.3814037984375 0.37333984375 0.3710101265625 0.34833984375 0.354317375 0.34130859375 0.33376479375 0.35458984375 0.32846980000000003 0.37802734375 0.3423014890625 0.48740234375 0.3268621734375 0.56865234375 0.326720653125 0.5796875 0.40625 0.5796875
1 0.3008767390625 0.5796875 0.3014861484375 0.57277579375 0.3171875 0.516607471875 0.3171875 0.5024447999999999 0.3074014921875 0.47121329375 0.3169878640625 0.360366721875 0.30493518750000004 0.33888652656249996 0.29252619062499996 0.33696031406250004 0.27507338125 0.35445169062500004 0.2732995078125 0.4655255828125 0.260494940625 0.5088485015625 0.260494940625 0.5796875 0.3008767390625 0.5796875
1 0.4078125 0.46214780937500005 0.3966647390625 0.42162225 0.3988443109375 0.3401354515625 0.39007783749999997 0.325942896875 0.37755965625 0.325327590625 0.3660136296875 0.341059334375 0.3804579359375 0.37280624218749997 0.3740090359375 0.4905857375 0.39339538281249997 0.543852446875 0.39791751249999996 0.546875 0.39985125 0.546875 0.4078125 0.48419611875 0.4078125 0.46214780937500005
1 0.4735419328125 0 0.47431802031250003 0.0222242171875 0.4548143390625 0.111182415625 0.45421139374999997 0.1832226296875 0.4726442234375 0.2868649546875 0.4789614203125 0.2921875 0.5140625 0.2921875 0.5140625 0.058975429687500004 0.5056165218750001 0.025433209374999998 0.5047283734375 0 0.4735419328125 0
1 0.533216415625 0 0.5390823921875001 0.050592040625 0.5283526140625 0.127344603125 0.5282735375 0.1871577453125 0.535334503125 0.26071430625 0.54757741875 0.317458728125 0.5564480734374999 0.32768446562500003 0.5718159546875 0.3294132140625 0.5765625 0.3286469234375 0.5765625 0.0691785296875 0.5720729 0.052606096874999994 0.5684435203125 0.0081798375 0.5688385296874999 0 0.533216415625 0
1 0.58083335625 0 0.57774655 0.085285296875 0.5723161921875001 0.10256479062499999 0.5723161921875001 0.360577584375 0.5783326015625 0.3609375 0.585204175 0.3609375 0.5943733640625 0.35011763125 0.614104565625 0.2805095546875 0.6159309171875 0.24857420000000002 0.610587909375 0.2375358140625 0.6108270250000001 0.2250449046875 0.622619984375 0.16662975625 0.6113403 0.08489439843749999 0.615195015625 0.037672175 0.622029434375 0 0.58083335625 0
1 0.6512958921875001 0 0.6528690984375001 0.1041202578125 0.640436334375 0.1549359375 0.6355910234375 0.1847389828125 0.6355910234375 0.2379981984375 0.6356678312499999 0.238146440625 0.6372033312500001 0.26604705 0.6355910234375 0.28325444843750003 0.6355910234375 0.352937403125 0.6359789484375 0.3580321515625 0.6484907765625 0.3890471984375 0.64855518125 0.3890625 0.6750667781249999 0.3890625 0.6886455140625 0.37112302656249996 0.7007538796875 0.3138898109375 0.7046875 0.2633200890625 0.7046875 0.20090025625000002 0.704229359375 0.1944453640625 0.6902820421875 0.1400588296875 0.6885674906249999 0.07411060625 0.6980067125 0.004942321875 0.697971228125 0 0.6512958921875001 0
1 0.7200488734375 0 0.7202413296875 0.0522644171875 0.71423123125 0.07435843125 0.71423123125 0.3390625 0.7288999546875 0.3390625 0.738467025 0.3294897609375 0.7452915125 0.3061584125 0.7467146875 0.274043309375 0.7452807640625 0.247581684375 0.7497111796875 0.1906554234375 0.7621123171875 0.14365140625 0.752608809375 0.059972581250000004 0.755634946875 0.012750357812499998 0.7573513453125 0 0.7200488734375 0
1 0.7836302187499999 0 0.7892832703125 0.04613288125 0.7896120046874999 0.084976265625 0.76828135 0.173659334375 0.766919753125 0.18944430625 0.766919753125 0.29364906875 0.7778183421875 0.3604767953125 0.7841743421875 0.3671875 0.8044760625 0.3671875 0.8187935609375 0.361560128125 0.8271663796875 0.3464990171875 0.839547740625 0.28887203437500003 0.840625 0.27710702343750004 0.840625 0.18790263437500002 0.8231895953125001 0.0844085421875 0.8280744390624999 0 0.7836302187499999 0
1 0.8601639421874999 0 0.8639355312500001 0.0344265828125 0.8567599421875001 0.08230436875 0.8464694156250001 0.10950311406249999 0.8468248375 0.1327626046875 0.8541971890625 0.1619080765625 0.8618703359375001 0.192026590625 0.871926984375 0.3069765859375 0.880576321875 0.3140625 0.898994375 0.3140625 0.90625 0.30680523593750003 0.90625 0.07127330781249999 0.8955139609374999 0.022464515625 0.8958701343750001 0 0.8601639421874999 0
1 0.9285263125000001 0 0.9334788921874999 0.03070746875 0.9348371234374999 0.064040796875 0.9168104375 0.1584852421875 0.914987075 0.1904296875 0.918428190625 0.255707465625 0.9264891625 0.3001519125 0.93920709375 0.34375 0.9807119406249999 0.34375 0.984375 0.33797461093750003 0.984375 0.12720515 0.9668683734375 0.064040796875 0.9682174765625 0 0.9285263125000001 0
1 0.259375 1 0.259375 0.859144440625 0.251133896875 0.8300721781250001 0.245405528125 0.7895199140625 0.25588435 0.6844323703125 0.25530455625 0.626547134375 0.23684565000000002 0.5948977453125 0.22408124687500003 0.5924926375 0.2087843140625 0.5924926375 0.19778315 0.595806934375 0.1853530015625 0.609397309375 0.1802044265625 0.6267302796875 0.19101841718749998 0.7954802781250001 0.1502303375 0.9403940421874999 0.14986777812500002 1 0.259375 1
1 0.341082465625 0.5796875 0.325821415625 0.602504015625 0.3093680125 0.804066515625 0.2574539234375 0.9172789437500001 0.2574539234375 1 0.3870350546875 1 0.38985325312499997 0.965475634375 0.372442096875 0.8345528984375001 0.37936151875 0.7689097171875 0.4140625 0.63084814375 0.4140625 0.6111207078125 0.40729455625 0.5797017671875 0.40727804843750004 0.5796875 0.341082465625 0.5796875
1 0.08028268281249999 1 0.08869230624999999 0.9706015750000001 0.0903290140625 0.9143515750000001 0.0700740015625 0.8037482671875 0.090625 0.6651671953125 0.090625 0.6568843140625 0.0813705171875 0.6306383171875 0.0667768203125 0.6212666390625 0.04798135625 0.6218464921875 0.035921625 0.6329510890625001 0.02688159375 0.674729153125 0.028006173437499997 0.743642928125 0.022245570312499997 0.780145778125 0.022245570312499997 0.860585475 0.0344139828125 0.953673025 0.0315667734375 1 0.08028268281249999 1
1 0.6578125 1 0.6578125 0.9467741421875001 0.6487480031249999 0.9084702609375 0.6484726953125 0.8336067671875 0.62608581875 0.828837721875 0.629998003125 0.907378196875 0.6205640359375 0.949796715625 0.6192873109375 0.9802157640625001 0.6212077140625001 1 0.6578125 1
1 0.70625 1 0.70625 0.9406104765624999 0.7004692921875 0.9198133984375 0.6985210640625 0.8405739984375 0.6925974 0.827497746875 0.680789646875 0.826381615625 0.674213309375 0.8397488046875001 0.6819665203125 0.9118982953125 0.672334434375 0.9691518609375 0.6737123046875 1 0.70625 1
1 0.7465914265625 1 0.7448971375 0.9687586515625 0.7383564874999999 0.9341455156249999 0.746875 0.8650220609374999 0.746875 0.8559643859375001 0.7432748578125 0.8404273328125 0.73580248125 0.8363515734375 0.7268624234375001 0.845474803125 0.723611684375 0.8566131859375 0.7208412359375 0.9287990468749999 0.7143747921875001 0.9499430531249999 0.7143747921875001 1 0.7465914265625 1
1 0.8043095062500001 1 0.794915509375 0.9449837265625 0.7993203 0.8742732249999999 0.78623440625 0.8534178234375001 0.7760444484375 0.8674893625 0.7769063453125 0.9454309140625 0.765541384375 0.9876356703125001 0.765541384375 1 0.8043095062500001 1
1 0.859375 1 0.859375 0.9831736781250001 0.8515895593749999 0.929395596875 0.85345864375 0.9002289296875 0.859375 0.87987015625 0.859375 0.8421946015625 0.859194440625 0.8412466109375 0.8478317046875 0.8354183 0.8353910296875 0.8525157453125001 0.8344020593749999 0.9289955531249999 0.8278653281249999 0.9517234046875 0.8278653281249999 1 0.859375 1
1 0.9304337374999999 1 0.93125 0.981320003125 0.93125 0.9720203312500001 0.9189862765625 0.9160077718749999 0.9230001437500001 0.839436871875 0.9188567984375 0.8264926921875 0.9063891203125 0.8244429562500001 0.89798398125 0.84228184375 0.9018311000000001 0.9142310515625001 0.887887240625 0.9719490421874999 0.8876451812500001 0.9792336687500001 0.8876451812500001 1 0.9304337374999999 1
1 0.9921875 1 0.9921875 0.933381340625 0.9838423828125 0.9046102578124999 0.9825635734375 0.826668590625 0.9802004249999999 0.8229413046874999 0.97566720625 0.8229413046874999 0.9590613843749999 0.8269186109375 0.9656148765625 0.9003112 0.955179925 0.9623510265625 0.9576196937500001 1 0.9921875 1
1 0.8203125 1 0.8203125 0.9499179 0.8121366015625 0.9236777875 0.8112545593749999 0.844511121875 0.8046877703125 0.8271500093749999 0.7914065203125 0.8271500093749999 0.7867528421875 0.8375666781250001 0.7865375234374999 0.8514555671874999 0.8037360734375 0.8709000109374999 0.802772653125 0.9431222328125 0.8161426281249999 1 0.8203125 1
1 0.75837796875 1 0.7609375 0.9808439374999999 0.7609375 0.9431156999999999 0.7526603859375001 0.8940451781250001 0.7593279531249999 0.854590553125 0.7600612124999999 0.8302151625 0.7372658859375 0.8287386640625 0.7365101734375 0.8364405406250001 0.7365101734375 0.8379955484374999 0.7435845203125 0.8416094984375 0.74851361875 0.8577522109375 0.7411012593749999 0.9312723937499999 0.749450165625 0.9760350875 0.75085795625 1 0.75837796875 1
1 0.88125 1 0.88125 0.9609127546874999 0.880598628125 0.9544719781250001 0.8682172703125 0.898415528125 0.8705018875 0.8259565078125 0.8489932718750002 0.8255011624999999 0.8471613546875 0.8360658296875 0.856951221875 0.8374091671875 0.8613531453124998 0.846111346875 0.8591816546875 0.928292590625 0.8740198921874999 0.9938936640625 0.8744046921875 1 0.88125 1