1 0.389588721875 0.5875 0.44104973437500006 0.5875 0.4565295390625 0.527174925 0.4565295390625 0.5269899078125 0.4401232890625 0.5241429046875 0.3828125 0.5338601656249999 0.3828125 0.567373575 0.389588721875 0.5875
1 0.3948939953125 0.2996000546875 0.40290988125 0.39469423125 0.3859375 0.4648500015625 0.3859375 0.484540896875 0.38622124062499996 0.4859375 0.45665738593749994 0.4859375 0.45665738593749994 0.45803780625 0.437394009375 0.3962181890625 0.44193268750000003 0.302104315625 0.4246261359375 0.2770872 0.4059852640625 0.28108549531250004 0.3948939953125 0.2996000546875
1 0.1727591453125 0.35644740937499997 0.165625 0.37741716875 0.165625 0.4953125 0.1907445109375 0.4953125 0.2076767609375 0.44480079687499996 0.21007986875 0.407300796875 0.19659716249999998 0.34978830625 0.20559023281250002 0.2825189859375 0.19336034375 0.26634456093750003 0.18554784375 0.26648093125 0.1743402328125 0.28306445625 0.1727591453125 0.35644740937499997
1 0.0521965265625 0.2663818 0.0443112515625 0.268035203125 0.0350989171875 0.2814164546875 0.0345124125 0.361067590625 0.0234375 0.3961311265625 0.0234375 0.4859404484375 0.0308352359375 0.50625 0.049778185937500004 0.50625 0.0592854734375 0.49976646249999995 0.0724062109375 0.4527641953125 0.0731724984375 0.40278237499999997 0.0596579640625 0.357651690625 0.0663489171875 0.2810528234375 0.0521965265625 0.2663818
1 0.725705321875 0 0.7260191593750001 0.0017637875000000001 0.726884765625 0.0313600390625 0.7370964703125 0.14745930625 0.7366366078125 0.19752605781250002 0.735907390625 0.22444466406250002 0.7095708953125 0.3799507015625 0.70482585 0.42009928125 0.7015625 0.47764155468749997 0.7015625 0.5316082671875 0.70219988125 0.5527737 0.7166358015625 0.6287577609375 0.7200338703125 0.6390625 0.8882705625 0.6390625 0.89173256875 0.6195515640625 0.89173256875 0.42609405 0.8836908390625 0.3826918328125 0.8479044296874999 0.2635983859375 0.8379907234375 0.217902865625 0.8347903046875 0.2116216453125 0.8276568265625001 0.1360962375 0.8266834796874999 0.097240725 0.8291582171874999 0 0.725705321875 0
1 0.8265625 0 0.8265625 0.29611380625 0.8376466390624999 0.340625 0.8402024125 0.340625 0.8447655453125 0.3295792046875 0.8557360453125 0.272044521875 0.8598763765624999 0.21555394843750003 0.857812853125 0.16657078593750002 0.8421417531250001 0.086378878125 0.84084298125 0.0660539640625 0.8439745984375 0.02530413125 0.8496708109375 0.0094815703125 0.8512329390625 0 0.8265625 0
1 1 0 0.998205371875 0 0.9983614421875 0.0037737281249999996 0.9962914078124999 0.048218171875 0.9930868078125 0.0723164875 0.975 0.1259292359375 0.975 0.33125 0.99698284375 0.33125 1 0.3285235171875 1 0
1 0.1838308125 1 0.1800087828125 0.9837402187500001 0.1829453609375 0.9001565609375 0.173758971875 0.8833711953125001 0.1612912921875 0.886950009375 0.1556177703125 0.9032977171875001 0.1605098546875 0.987769615625 0.15796530312499998 1 0.1838308125 1
1 0.7911736781250001 0.963010853125 0.7994986984375 0.935151259375 0.8091821796875 0.878125 0.808331253125 0.862865403125 0.7953684562500001 0.839417925 0.7895016 0.8144997406249999 0.7980853765625 0.7810845921875 0.8058779265625 0.7143633796875 0.8063257578125 0.6879835812499999 0.7980239046875 0.675 0.797523659375 0.675 0.7861077984375 0.6778078187500001 0.777812628125 0.6966441796875 0.7758222453125 0.7896724625 0.765625 0.829165725 0.765625 0.9648773203125 0.7674357484375001 0.96875 0.7855868687500001 0.96875 0.7911736781250001 0.963010853125
1 0.91641455625 0.696510715625 0.9082672515624999 0.6812192875 0.8925694609375 0.6837921687499999 0.8836748437499999 0.697608209375 0.868913490625 0.80109638125 0.85625 0.8302306749999999 0.85625 0.8645119031250001 0.8706603109375 0.8791246078124999 0.8847999671875 0.9109375 0.8886483249999999 0.9109375 0.8925789609375 0.8989059953125 0.8926032953125 0.82420199375 0.8962766640625001 0.78380581875 0.9154683046875001 0.7145662703125 0.91641455625 0.696510715625
0 0.717170515625 1 0.71796875 0.9836805562500001 0.72578125 0.9545138890625001 0.72421875 0.930902778125 0.711328125 0.899652778125 0.695703125 0.8802083328125001 0.666015625 0.8663194437499999 0.644921875 0.8732638890625001 0.62421875 0.8989583328125 0.61015625 0.9670138890625001 0.6109375 0.9989583328125 0.61123046875 1 0.717170515625 1