1 0.4875 0.3890625 0.4875 0.38567771875 0.46889106406250003 0.3153698546875 0.4730785953125 0.22945962656250002 0.46673769062500003 0.213798265625 0.45342462499999997 0.20825224687500002 0.4401933734375 0.216768728125 0.4355695046875 0.22767895781249997 0.44224675312499995 0.3011528203125 0.4238876375 0.3682312359375 0.4224651609375 0.3890625 0.4875 0.3890625
1 0.40189284843750006 0.3890625 0.38417229218750004 0.3378709921875 0.38369608906249997 0.2347823546875 0.37862664218750003 0.223790309375 0.3634827921875 0.2150238359375 0.34743120625 0.22498918437499998 0.343180215625 0.2374346390625 0.3527586015625 0.332819865625 0.3372583765625 0.3890625 0.40189284843750006 0.3890625
1 0.2804344640625 0.3890625 0.2695015796875 0.35947265625 0.2665669296875 0.24384765625 0.253906478125 0.22587890625 0.241242703125 0.22275390625 0.2228169296875 0.24384765625 0.2351265796875 0.35947265625 0.22751855625 0.3890625 0.2804344640625 0.3890625
1 0.309375 0.3890625 0.309375 0.3745694578125 0.2924770296875 0.30691414687499996 0.298384778125 0.2274086578125 0.2932161296875 0.21849638906250002 0.2793173203125 0.212989840625 0.265572278125 0.225497546875 0.2674770296875 0.30545806249999996 0.2629110703125 0.32532713125 0.2629110703125 0.36585061093750004 0.26826587968750004 0.3890625 0.309375 0.3890625
1 0.1931386796875 0.3890625 0.18075093281250001 0.336801225 0.18941537343749998 0.2352932890625 0.1801878390625 0.22165737812500003 0.1662346 0.2196038015625 0.151696853125 0.237108759375 0.149391671875 0.33727245156249996 0.14045335 0.3628725109375 0.14045335 0.3890625 0.1931386796875 0.3890625
1 0 0.3890625 0.021875 0.3890625 0.021875 0.2728762765625 0.019919651562499998 0.238968678125 0.0087570078125 0.224977234375 0 0.2229312234375 0 0.3890625
1 0.12814743281250002 0.3890625 0.122692409375 0.376461009375 0.1236795140625 0.25872720625 0.1128484296875 0.234382771875 0.10095829687499999 0.2302222890625 0.09365925625 0.2302222890625 0.0757124515625 0.24325502499999999 0.0708275296875 0.26712956875 0.0865728984375 0.3758490046875 0.08432943125 0.3890625 0.12814743281250002 0.3890625
1 0.06638482968750001 0.3890625 0.0555845234375 0.3589215515625 0.060645945312500005 0.2479658703125 0.0477328875 0.22694939062500002 0.0352601609375 0.2254596109375 0.018540265625 0.24352381093750003 0.02129134375 0.3544340390625 0.01255099375 0.3890625 0.06638482968750001 0.3890625
1 0.1314682203125 0.3890625 0.1382419234375 0.35817505625 0.12969584218750002 0.31068475 0.1390625 0.23246098593750003 0.1390625 0.2284467609375 0.13207115625000002 0.215005396875 0.1196987015625 0.21439009062499997 0.1079799515625 0.2286476453125 0.1079799515625 0.233500884375 0.11815230624999999 0.2618687421875 0.1079799515625 0.3308102171875 0.1079799515625 0.3890625 0.1314682203125 0.3890625
1 0.6572832046875 0 0.6449170640624999 0.014686998437500001 0.64166230625 0.11243076406250001 0.617221253125 0.1624913609375 0.617221253125 0.2390625 0.6200950265625 0.2390625 0.6473132640625 0.22361273750000002 0.6903369015624999 0.222728390625 0.7171875 0.234375071875 0.7171875 0.2336798140625 0.7118340265625 0.184097440625 0.6863051609374999 0.113989728125 0.698322003125 0.0189387078125 0.6870618828125 0 0.6572832046875 0
1 0.7909505265625001 0 0.7787104984375001 0.01236658125 0.7920060203125 0.11728436406250001 0.7652757 0.187777671875 0.7583501874999999 0.2374659171875 0.7817633546875 0.26427990156250003 0.8010823031250001 0.30760467812500003 0.8072548078124999 0.3890625 0.8599505765625001 0.3890625 0.8703125 0.36812185 0.8703125 0.1868735140625 0.8386150125 0.1210162484375 0.8360337718749999 0.0164102203125 0.8252593296875 0 0.7909505265625001 0
1 0.8799416609375001 0 0.8702948609375 0.014676734375 0.8807829671875 0.1023973625 0.859388509375 0.166050296875 0.8849773203125 0.2359804359375 0.88639818125 0.3219444609375 0.897664740625 0.3390625 0.9251536625 0.3390625 0.9385999203125 0.32546610781249996 0.95 0.2954505125 0.95 0.1566664203125 0.9199300078124999 0.0972692859375 0.9202948609374999 0.01118039375 0.91270965 0 0.8799416609375001 0
0 0.6 0.3890625 0.7510159671875 0.3890625 0.7636269203125 0.35942032031250004 0.7671875 0.329931115625 0.7671875 0.30191216718749997 0.76208385625 0.2696206953125 0.7378065046875 0.2300513875 0.71912251875 0.2183758046875 0.665545609375 0.2183758046875 0.641961 0.23021545 0.607504134375 0.27186914687499997 0.6 0.2897158390625 0.6 0.3890625
1 0.07789063125 0.3890625 0.074474065625 0.396227640625 0.081047875 0.472661984375 0.069803671875 0.5308407734375 0.0696042578125 0.56875 0.1046875 0.56875 0.1046875 0.4989521953125 0.09828387656250001 0.4742508671875 0.0995225671875 0.3979074296875 0.096147440625 0.3890625 0.07789063125 0.3890625
2 0 0.6584493609375001 0.15879691093749998 0.659006075 0.17045258593749998 0.6652560750000001 0.1722528765625 0.68470051875 0.1787309546875 0.6965060750000001 0.21191549687500003 0.7046875 0.2265625 0.7046875 0.2265625 0.5848166499999999 0.2263143109375 0.5833116328125 0.22005459843750003 0.5756727421875001 0 0.5734511437500001 0 0.6584493609375001
1 0.6501836875 0.3890625 0.643076 0.532169309375 0.6044998406250001 0.6428427546875 0.6044998406250001 0.9786561578124999 0.621809028125 0.9828125 0.6485156562500001 0.9828125 0.6913435812500001 0.9157374796875001 0.7140945015625 0.8051495265625 0.72112418125 0.7046204265625 0.7026765984375001 0.5925937890625 0.730067965625 0.3890625 0.6501836875 0.3890625
1 0.777228315625 0.3890625 0.7832180875 0.49925176562499995 0.7545853296875 0.6145641078125 0.7842739515625 0.7104560687499999 0.7925564859375 0.8690772515624999 0.8091014062500002 0.890625 0.839531153125 0.890625 0.8453125 0.8781184140625001 0.8453125 0.3890625 0.777228315625 0.3890625
1 0.8675109703124999 0.3890625 0.870873525 0.45678869375 0.8506702234375 0.534320484375 0.881160703125 0.6417119796874999 0.886098846875 0.8052093453125 0.8916939890625001 0.80625 0.9327635531249999 0.80625 0.9328125 0.8059758421875 0.9328125 0.47611135625 0.9238458749999999 0.4183891234375 0.9286222093750001 0.3890625 0.8675109703124999 0.3890625
1 0.6245240921875 0.3890625 0.6250578859375 0.4658113984375 0.6 0.547561028125 0.6 0.67835576875 0.6022357203125 0.6984375 0.602359621875 0.6984375 0.6497974375 0.55031495625 0.6454769359375 0.3890625 0.6245240921875 0.3890625