1 0.5186398062500001 0.459375 0.5212482984375 0.455802353125 0.5265625 0.4061360234375 0.5265625 0.36857867187500004 0.5240151546875 0.3496433578125 0.51433640625 0.3385161421875 0.5105168453125 0.337776178125 0.4993849015625 0.337776178125 0.4819549875 0.3489755 0.4732511515625 0.3713055265625 0.47913532812500004 0.459375 0.5186398062500001 0.459375
1 0.411373784375 0.459375 0.40856637031250004 0.45057241093749995 0.40871478593750005 0.33816333906249996 0.3989904453125 0.32361510625 0.3865813734375 0.32085381874999996 0.373095534375 0.3282715140625 0.3654876234375 0.349466484375 0.3654876234375 0.3593510359375 0.3696235421875 0.393941978125 0.3859017609375 0.4246918734375 0.3899072984375 0.4479929796875 0.3896971359375 0.459375 0.411373784375 0.459375
1 0.1939653796875 0.459375 0.197938946875 0.3701222359375 0.1890813578125 0.354686953125 0.179979759375 0.351015921875 0.1689055578125 0.351941384375 0.157323509375 0.367005153125 0.157323509375 0.398158159375 0.1609392375 0.459375 0.1939653796875 0.459375
1 0.6849397203125 0.3025811734375 0.68745161875 0.25118319375 0.6773250843749999 0.177399359375 0.6791249515625 0.13711249375 0.69375 0.046886492187500003 0.69375 0.035304559375 0.6913777953125 0.01911148125 0.6776812046875 0.007137746875000001 0.6657844468749999 0.009779165624999999 0.653590996875 0.0353508859375 0.6438203375 0.175619571875 0.6285069562500001 0.22366907343750003 0.6285069562500001 0.4234375 0.648624828125 0.4234375 0.654372003125 0.419674109375 0.662036175 0.403779159375 0.6772260828125 0.3497488515625 0.6849397203125 0.3025811734375
1 0.798256790625 0 0.7894858375 0.0190852890625 0.7838811171875 0.12602973281250002 0.7643063203125 0.18528994062499998 0.7643063203125 0.3609375 0.788914296875 0.3609375 0.7912566734375 0.35854247968749997 0.8003793671875 0.3337698 0.8153736031250001 0.27161078125000004 0.8180134171875 0.206310271875 0.8097885187500001 0.1393026234375 0.8265625 0.021397571875 0.8265625 0.0157229828125 0.821224309375 0 0.798256790625 0
1 0.9031656546875 0 0.9055990828125001 0.10494791562500001 0.8904690875 0.1591145828125 0.8848402421875001 0.2007812484375 0.8898965953125 0.267447915625 0.8962582343750001 0.299392359375 0.9036631374999999 0.31397569375 0.9169941312500001 0.3171875 0.9255244640625 0.3171875 0.9316425593750001 0.311197915625 0.934375 0.3029201078125 0.934375 0.13174525625 0.93225379375 0.1216145828125 0.9299439843750001 0.092447915625 0.934375 0.03949658125 0.934375 0 0.9031656546875 0
1 0.7497299890625 0 0.7442308640624999 0.082543815625 0.7317648046875 0.11202873124999999 0.7286617890625 0.123426678125 0.7286617890625 0.27299794374999997 0.729144309375 0.27366379687500003 0.739896190625 0.275 0.7429183390625 0.275 0.74697719375 0.268291215625 0.7558670078125 0.2028543109375 0.7720598015625 0.1469123140625 0.773006053125 0.1288567546875 0.7672316328125 0.0901951875 0.7691241359375 0.05408407656250001 0.77856245 0 0.7497299890625 0
1 0.6347989937499999 0 0.639951821875 0.0983218359375 0.6276023093750001 0.1612764765625 0.6241716390625001 0.2003244890625 0.6248461609375 0.228125 0.6306449140625 0.26412245 0.6403499171875 0.30000624062500003 0.6441462375 0.303125 0.6453303296875 0.303125 0.6505012578125 0.239897575 0.6640625 0.1686516203125 0.6640625 0.1552744875 0.6577700859375 0.0352080703125 0.6606572953125001 0.015649965625 0.6640625 0.008865040624999999 0.6640625 0 0.6347989937499999 0
1 0.6107605453125 0 0.6085553046875 0.05412046875 0.5963338296875 0.0917755203125 0.5963338296875 0.22473292968749997 0.59664370625 0.225 0.596937221875 0.225 0.6047525296875 0.1665749671875 0.6248828609375 0.0933516875 0.62868665 0 0.6107605453125 0
1 0.22495804531250002 1 0.222819671875 0.9864093859375 0.2321749546875 0.8892235265625 0.2261820828125 0.8729380078125001 0.2160027625 0.8691130937499999 0.2089352484375 0.8736639374999999 0.20242811718749998 0.8898040078125 0.202006146875 0.93705653125 0.19880200312500002 0.98705653125 0.19496426875 1 0.22495804531250002 1
1 0.287685790625 1 0.286301075 0.9942048734375 0.2838423546875 0.9693717562499999 0.288880003125 0.9088861828125001 0.2884722921875 0.8894751140625001 0.2830924265625 0.8745477906249999 0.27376354062499997 0.8703948593749999 0.2713339328125 0.8703948593749999 0.2648632609375 0.87571596875 0.2593056265625 0.8913442 0.258687828125 0.9080442421875 0.263003634375 0.9716327421875001 0.25899243906249997 1 0.287685790625 1
1 0.338508234375 1 0.3371772046875 0.9930072437499999 0.3456756109375 0.9005207343750001 0.340257021875 0.8794979671875 0.33164548437499997 0.8746107078125 0.323020996875 0.8799237874999999 0.31675157187499997 0.895042440625 0.315253678125 0.993296671875 0.3133308390625 1 0.338508234375 1
1 0.36210282656250004 1 0.3590531890625 0.9855021749999999 0.35860678125 0.9642513421875 0.3640625 0.9183236781249999 0.3640625 0.8755030250000001 0.363126146875 0.8730552156249999 0.3566194921875 0.8671875 0.3501949015625 0.8671875 0.3433344796875 0.87363109375 0.3420995296875 0.8776693296874999 0.3420995296875 0.8808121359375001 0.3449131328125 0.89808478125 0.3420995296875 0.9269310171875 0.3420995296875 1 0.36210282656250004 1
1 0.4078125 1 0.4078125 0.9884524484374999 0.40645710468749996 0.978267334375 0.40694876718749995 0.917976065625 0.4051177390625 0.8929912203124999 0.40254915 0.8837925796875 0.3972372890625 0.8769921046875 0.38771671093750004 0.8744871125 0.3807162 0.8802548343750001 0.3759996 0.894765809375 0.37730979531250003 0.9197658093750001 0.38299370625 0.9585486156249999 0.384934734375 0.9955856531249999 0.38421288124999997 1 0.4078125 1
1 0.4231727 1 0.4207301890625 0.9854191921875 0.42069982812499995 0.9734124890625001 0.42276753281249996 0.9354191921874999 0.425 0.9211873015624998 0.425 0.8823219921875001 0.4218910671875 0.8740422953125 0.4137841046875 0.8689721015625 0.4047035671875 0.8750433531249999 0.401072915625 0.8812590499999999 0.4020317578125 0.895982859375 0.40100010781249995 0.9144828468749999 0.40100010781249995 1 0.4231727 1
1 0.49692731874999996 1 0.494154875 0.9917476765625001 0.49124851875 0.9602934906249999 0.4895323078125 0.8962408281249999 0.48469371250000004 0.8806911562499999 0.47779121562500004 0.8731340687500001 0.47473473593750004 0.8731340687500001 0.46581823437500003 0.8765675609375 0.460155153125 0.894991609375 0.4713677625 0.980857059375 0.46939124374999996 1 0.49692731874999996 1
1 0.5064256312500001 1 0.5022670890625001 0.98168433125 0.50671235 0.8825647937500001 0.5026489796875 0.87019360625 0.49291479374999997 0.8649259921875 0.4825026 0.8740178046875 0.48802517500000003 0.898835946875 0.4821162390625 0.976719809375 0.48431126718749995 1 0.5064256312500001 1
1 0.5550869375 1 0.5530880765624999 0.9887450109374999 0.5640625 0.8971815453125 0.5640625 0.8895002546875 0.56006596875 0.8760781671875 0.550575175 0.8708721703125001 0.5411539515625 0.8768379546875 0.5344295765625 0.8908712890625001 0.530333425 0.9855584140625 0.5259700734375 1 0.5550869375 1
1 0.9664013109375 1 0.971875 0.9566302531249999 0.971875 0.9232230546875 0.9578382671875 0.8691217437500001 0.9647234328125001 0.76751378125 0.9552632234375 0.7545280468750001 0.950376040625 0.7541248828125 0.940701334375 0.7541248828125 0.927059659375 0.7717299203125 0.92650638125 0.8715935281250001 0.9155013609375 0.9053869265625 0.9155013609375 1 0.9664013109375 1
1 0.7625 1 0.7625 0.9971791750000001 0.7568084875000001 0.9403581578125 0.7625 0.903450165625 0.7625 0.761400096875 0.7477223359374999 0.7520541749999999 0.7350552390625 0.7641593703125 0.7427659203125 0.8515684421875 0.7291814546875 0.9208185468749999 0.7486674171875001 1 0.7625 1
1 0.7681469515625 1 0.7685351609375 0.9784848421875001 0.790625 0.881890225 0.790625 0.874431684375 0.787627353125 0.8542282953125 0.790625 0.8033053859375 0.790625 0.765472428125 0.7832170109375 0.755695571875 0.7721185015625001 0.755695571875 0.7633223734375 0.762116390625 0.7580618703125 0.7764519046875 0.7589293484375 0.869928890625 0.7464213749999999 0.9104638406250001 0.7464213749999999 1 0.7681469515625 1
1 0.9203125 1 0.9203125 0.9581231796874998 0.8999413468749999 0.9126466343749999 0.898873909375 0.7950496984375001 0.8876045234374998 0.770541021875 0.8734051062500001 0.7653677218749999 0.8692718390625 0.7653677218749999 0.85057811875 0.7787563140625 0.8461041078125 0.8025213625 0.8637670484375001 0.9114050390624999 0.85117380625 0.9936376859374999 0.8513146796875001 1 0.9203125 1
1 0.8254427765625 1 0.8257520375 0.9947490953125001 0.8390625 0.94086743125 0.8390625 0.9227969375 0.8287072046875 0.8931865953125001 0.83506015625 0.78215816875 0.8223926718750001 0.7614508640625 0.8155627765624999 0.7607934640625 0.809441271875 0.7607934640625 0.7930090484375001 0.7786982 0.794468596875 0.8894993078125001 0.7779068859375 0.9525691140625 0.7779068859375 1 0.8254427765625 1
1 0.9040515390625 0.8509221171875 0.9140625 0.7716166796875 0.9140625 0.76938614375 0.9069899015624999 0.7545098484375 0.894626603125 0.7522193046875 0.882907853125 0.764967746875 0.882907853125 0.7702830171875 0.892800971875 0.8000120625000001 0.882907853125 0.8639391734374999 0.882907853125 0.9493842203125 0.8887013593749999 0.9725241 0.8915636640625 0.975 0.8951319953125001 0.975 0.9123138078125 0.9000876578125 0.9040515390625 0.8509221171875