1 0.1156656921875 0.3875 0.11900769375 0.3875 0.16498946875 0.386475953125 0.1734375 0.355988190625 0.1734375 0.331614259375 0.17304501562500002 0.325609509375 0.1134517609375 0.3235114125 0.0971819203125 0.3285649 0.1156656921875 0.3875
1 0.14499450625000002 0.19382320625 0.15746229843749998 0.0984834359375 0.1472103234375 0.08058286406250001 0.128715415625 0.077566946875 0.1102046609375 0.103443646875 0.11036441562499999 0.1971481953125 0.096684165625 0.23581533906250002 0.096684165625 0.2890625 0.1562153578125 0.2890625 0.1578125 0.28262384687500003 0.1578125 0.2583343078125 0.14499450625000002 0.19382320625
1 0.3828125 0.21715371874999997 0.3828125 0.21355989687500002 0.37040852968750004 0.158076796875 0.37738222499999996 0.0847302234375 0.3680857890625 0.06802845468749999 0.3602732890625 0.067801134375 0.34613222499999996 0.0838209390625 0.347298578125 0.15114483125 0.3344920390625 0.1874490078125 0.3344920390625 0.2888516765625 0.335904278125 0.2953125 0.363596365625 0.2953125 0.3773402 0.264690509375 0.3828125 0.21715371874999997
1 0.50030433125 0.3050065671875 0.515967871875 0.2698125171875 0.521875 0.2257695 0.521875 0.210893765625 0.5101973703125 0.15951205625 0.517033875 0.07964254375 0.5094182093749999 0.0674379453125 0.4996539484375 0.0674379453125 0.485783875 0.0814626515625 0.48534291874999996 0.157843140625 0.4724127328125 0.19154207343750002 0.4724127328125 0.30008991875 0.47247043125 0.300394659375 0.4814072796875 0.30625 0.48805567656250004 0.30625 0.50030433125 0.3050065671875
2 0.55 0.5296875 0.55 0.4467805828125 0.330161215625 0.4184988109375 0.12509176875 0.40160551250000004 0 0.38475475000000003 0 0.5259267171875 0.0243054109375 0.5296875 0.55 0.5296875
1 0.8140476124999999 0.5296875 0.8069878218750001 0.514660459375 0.8160155828125 0.388723940625 0.7958130671875 0.35823998125 0.7670358390625001 0.35823998125 0.735346646875 0.3854144859375 0.7484844203125001 0.5053258546875 0.7385765921875 0.5296875 0.8140476124999999 0.5296875
1 0.8881188578125 0.5296875 0.8874883312499999 0.50831436875 0.8613401625 0.44599617656249996 0.8756436921875 0.3254344890625 0.86202298125 0.300971821875 0.8397015546875 0.3011016828125 0.8075861578125 0.3392169328125 0.8081331500000001 0.441843559375 0.8019031734375 0.4606568453125 0.8019031734375 0.5296875 0.8881188578125 0.5296875
1 0.7162968375000001 0.5296875 0.7188922140624999 0.5244572546875 0.7307982515625 0.49394926406249995 0.7228976140625 0.440033021875 0.740625 0.3607339421875 0.740625 0.3524055640625 0.7338848484375 0.3236942953125 0.7190787203125 0.307614653125 0.6878287203125 0.306705371875 0.6666866 0.32621011875 0.6695321265625 0.44254134218749996 0.6516844749999999 0.48449741562500004 0.641033715625 0.5088451109375 0.641033715625 0.5296875 0.7162968375000001 0.5296875
1 0.9484302640625 0.5296875 0.9484375 0.529532140625 0.9484375 0.46128195625 0.928319740625 0.3879285609375 0.93881208125 0.2665238796875 0.931483296875 0.24530380937500001 0.9048965796875 0.24530380937500001 0.8784559421875 0.262911371875 0.8701509187500001 0.288342671875 0.880602503125 0.36970475625 0.8754513890625001 0.4038622296875 0.8701377859375 0.4367149859375 0.8701377859375 0.45972866718749994 0.89571205625 0.5144886515625 0.8950041578124999 0.5296875 0.9484302640625 0.5296875
1 0.6549899640625 0.5296875 0.6555659796875 0.5047792109375 0.671875 0.470183159375 0.671875 0.422835646875 0.66259434375 0.3996684640625 0.671875 0.2875867796875 0.671875 0.2820063578125 0.6556396437500001 0.2532476640625 0.6286980343749999 0.24800399374999998 0.6150129765625 0.2626235640625 0.604864621875 0.2783933515625 0.617983765625 0.3881743515625 0.5927570171875 0.432037825 0.5915665515625 0.525657928125 0.5933451921875 0.5296875 0.6549899640625 0.5296875
1 0.5905915187499999 0.5296875 0.5825892859375 0.427678571875 0.609375 0.3830357140625 0.6027593890625 0.2958576609375 0.609375 0.24017857187499997 0.5982142859375 0.21116071406249998 0.5625 0.20223214218750002 0.55 0.208698465625 0.55 0.31460292343749996 0.554565240625 0.335167728125 0.55 0.349305875 0.55 0.529444303125 0.5501685468749999 0.5296875 0.5905915187499999 0.5296875
1 1 0.216471665625 0.9990229234375001 0.21366397343750002 0.9776785718750001 0.20223214218750002 0.949043696875 0.2047298703125 0.931193990625 0.2225980453125 0.9486607140625001 0.2803571421875 0.9352678578125 0.3830357140625 0.9597078218749999 0.5296875 0.9955143859375 0.5296875 1 0.511913434375 1 0.3692867828125 0.9829581609375001 0.335167728125 1 0.263769528125 1 0.216471665625
1 0.734375 0.2758928578125 0.7388392859375 0.35625 0.7522321421875 0.36517857187499997 0.8013392859374999 0.3517857140625 0.7946428578125 0.25580357187499997 0.7544642859375 0.2513392859375 0.734375 0.2758928578125
1 0.6670182984374999 0.2386793890625 0.6763392859375 0.29375 0.7299107140625 0.3071428578125 0.7388392859375 0.22232142812500003 0.7142857140625 0.1977678578125 0.6830357140625 0.20223214218750002 0.6670182984374999 0.2386793890625
1 0.859375 0.2892857140625 0.859375 0.22232142812500003 0.8303571421875 0.20223214218750002 0.7937513171875 0.2047298703125 0.7830413843749999 0.227958490625 0.8008910890625 0.294070865625 0.8147321421875 0.3205357140625 0.859375 0.2892857140625
1 0.16373734375 0.765040696875 0.1902242609375 0.7658120859374999 0.19617193125000001 0.7694794296875 0.20069848281249997 0.7796875 0.20308010312500002 0.7796875 0.20494639218750002 0.7735930671875 0.20625 0.7492324921875 0.20625 0.731413478125 0.195358384375 0.6487082125 0.20574756718749998 0.5533226906250001 0.201374765625 0.5399285828125 0.181062265625 0.54004675625 0.17741230937500002 0.54330719375 0.1739011515625 0.5544334546874999 0.172297425 0.5868348046875 0.1733652015625 0.6247735249999999 0.170047809375 0.6590358140625 0.162790584375 0.6833711859375 0.162790584375 0.765319971875 0.16373734375 0.765040696875
1 0.29245145781250004 0.8519946515625 0.3031140234375 0.807792684375 0.3078125 0.7616822546875 0.3078125 0.7273850546875 0.307494290625 0.7142590109375 0.29474525625000003 0.6489744 0.2972200671875 0.6017521765625 0.2940530171875 0.59748700625 0.279130003125 0.6035441546875 0.27386666875 0.6094187046874999 0.2711136515625 0.6519961421875 0.2565378515625 0.7015375765625 0.2565378515625 0.84662005 0.26083071874999997 0.8578125 0.288491359375 0.8578125 0.29245145781250004 0.8519946515625
1 0.775888734375 0.5296875 0.7778647140625 0.5507656437499999 0.7805519296875 0.6127662609375 0.766403828125 0.7010051640625 0.7669211734375001 0.7158199796875 0.7712350890625 0.7122696671875 0.77587234375 0.7179786140625 0.77583651875 0.7319039234375 0.7459847984375 0.878788521875 0.733593203125 0.9724737203124999 0.7327985015625 1 0.921875 1 0.921875 0.8635706531249999 0.920661459375 0.8572920703125 0.8937677015624998 0.7450056703125 0.8873306765625 0.7101846875 0.8837599765625 0.667737775 0.8817552671875 0.61033036875 0.8860746890625 0.5296875 0.775888734375 0.5296875
1 0.5936166921875 0.5296875 0.5932547640625 0.5375684281249999 0.5932547640625 0.8421875 0.60488898125 0.8421875 0.614872096875 0.8372109218749999 0.6194963828125 0.8283918984374999 0.6378327374999999 0.744065978125 0.640625 0.7098593578125 0.640625 0.6640081109375 0.638485496875 0.640407725 0.6271604640625 0.594199303125 0.624581034375 0.5747791 0.6267702484375001 0.5296875 0.5936166921875 0.5296875