1 0.07466771875 0.4390625 0.07466771875 0.22393966875000001 0.06934310625 0.20845345937499998 0.071220090625 0.0332534640625 0.0600679765625 0.013050053124999999 0.04263646875 0.00152220625 0.021171571875 0.0064642453125 0.008720090625 0.033980717187499995 0.019948698437500002 0.1980795796875 0 0.2453300765625 0 0.42953410625000005 0.002476271875 0.4390625 0.07466771875 0.4390625
1 0.12170463281249999 0 0.12421180000000001 0.1183291859375 0.098710540625 0.1908951703125 0.090625 0.239402503125 0.090625 0.24011595312499998 0.0933243640625 0.28646224375 0.10643057812500001 0.35030653749999996 0.11726166093749998 0.3750883328125 0.132523771875 0.3828125 0.1516510359375 0.3828125 0.1624831578125 0.372471171875 0.171861803125 0.344394065625 0.171861803125 0.1593873796875 0.163547315625 0.122107496875 0.171861803125 0.014566704687500001 0.171861803125 0 0.12170463281249999 0
1 0.1915337109375 0 0.183528684375 0.0707461421875 0.1640625 0.1102033921875 0.1640625 0.290793184375 0.173805525 0.2921875 0.175343315625 0.2921875 0.1892002578125 0.2816603296875 0.222099875 0.193048115625 0.224831390625 0.153985615625 0.21488794531250002 0.071551625 0.23058857968750002 0 0.1915337109375 0
1 0.5098580171875 0 0.509865534375 0.0007979718749999999 0.4921875 0.05150127812500001 0.4921875 0.27636167968750003 0.494285428125 0.2859375 0.5021743890625 0.2859375 0.546251659375 0.279525215625 0.5721942421875 0.183636334375 0.5752777874999999 0.1079606578125 0.5501585765625 0.0033800671875 0.55056261875 0 0.5098580171875 0
1 0.6354383734375 0 0.6371632890625 0.018165896875 0.621875 0.099090334375 0.621875 0.11286044843750001 0.6335958859374999 0.1914798984375 0.6674236625 0.2703125 0.677177909375 0.2703125 0.701070746875 0.26619160937499997 0.701070746875 0.059818625 0.6844359437499999 0.011652145312499999 0.6843210765625 0 0.6354383734375 0
1 0.7479425890625 0 0.7487953140625001 0.0077705 0.7328125 0.08781437812500001 0.7328125 0.125043665625 0.7355089921875 0.1580770609375 0.767515590625 0.24375 0.775338978125 0.24375 0.792602296875 0.239250003125 0.792602296875 0.0417338703125 0.7817623484375 0.009113804687500001 0.7815549421875 0 0.7479425890625 0
1 0.8243532109375 0 0.8250888406249999 0.005835615625 0.8078125 0.10251916093749999 0.8078125 0.123502096875 0.8301213609375001 0.225 0.8468286359375 0.225 0.8660779562500001 0.2220218390625 0.8660779562500001 0.0515382140625 0.8510446953125002 0.011091846875 0.8511144953125 0 0.8243532109375 0
1 0.35 0 0.35 0.240625 0.3605568609375 0.240625 0.37489602187500004 0.23651439375 0.37489602187500004 0.03670818125 0.36085397812500003 0.000263 0.360846471875 0 0.35 0
1 0.404764121875 0 0.4048718796875 0.004982125 0.3828125 0.0751234671875 0.3828125 0.230746015625 0.390559884375 0.2640625 0.41154139062499995 0.2640625 0.4362931578125 0.256454084375 0.46148011406249995 0.16315377656250002 0.44131315625 0.0080401703125 0.44204531406249997 0 0.404764121875 0
1 0.4578125 0 0.4578125 0.0111036796875 0.486756075 0.108536196875 0.48218651875 0.2140625 0.48379397968750004 0.2140625 0.48911862812500007 0.205330625 0.48911862812500007 0.0499147671875 0.47774097656250003 0.0167295609375 0.4772392906249999 0 0.4578125 0
1 0.3238699890625 0.6163606359375 0.30328811718750004 0.61421513125 0.3003839875 0.61925146875 0.300011678125 0.6968790515625 0.290625 0.7317172 0.290625 0.8295547328125 0.29189106875 0.8401348656250001 0.294724828125 0.8453125 0.312229271875 0.8453125 0.3177693203125 0.83570495 0.3270368515625 0.793537634375 0.3293216359375 0.750432015625 0.3181744328125 0.6901720078125 0.3238699890625 0.6163606359375
1 0.8781990328125 0.8328125 0.8787476281250001 0.8328125 0.884237996875 0.8112928765625 0.8867846765625 0.7487928765625 0.8823456499999999 0.7039479125 0.8750535359375 0.67145275625 0.87346759375 0.6142579875 0.8676813875 0.5832518484375 0.8768742171875001 0.51143014375 0.8785720031250002 0.46976347812499997 0.8664707015625 0.440625 0.8448056062500001 0.440625 0.8340518046875001 0.4474152765625 0.8272703671875 0.4985037765625 0.8301137437499999 0.6017321375 0.82534755 0.6418096562500001 0.8140625 0.6723269078125 0.8140625 0.79470848125 0.8495572609375 0.806981659375 0.8781990328125 0.8328125
1 0.65419081875 0.4390625 0.653125 0.4428714875 0.653125 0.48835640781249995 0.6629608625 0.5402238328125 0.6667880375 0.5999460578125 0.65673071875 0.662773365625 0.6589261750000001 0.73366125 0.66838031875 0.7835157796875001 0.682254953125 0.8290945375 0.690097134375 0.8476899781250001 0.6943087484375 0.85 0.7142006515625 0.85 0.7142006515625 0.6361033234375 0.698621490625 0.583904559375 0.6940526421875 0.549236890625 0.6948239640625 0.4880166765625 0.6905913390625 0.44638637656249996 0.6856490390625 0.4390625 0.65419081875 0.4390625
1 0.692880359375 0.4390625 0.6940499906250001 0.44152162968750003 0.69708635 0.45964085312499997 0.703699146875 0.569267575 0.71245574375 0.6097681875000001 0.72993183125 0.66169824375 0.7343464765625 0.6859375 0.7349143625 0.6859375 0.7349143625 0.5467330359375 0.72562568125 0.5230958578125 0.71828110625 0.45219885625 0.7178070390625 0.4390625 0.692880359375 0.4390625
1 0.718776753125 0.4390625 0.7238592875000001 0.5176934906249999 0.7433777421875 0.5828125 0.7437081046875 0.5828125 0.7437081046875 0.5040951703125 0.7326658687500001 0.46762531249999995 0.7312254874999999 0.4390625 0.718776753125 0.4390625
1 0.514216109375 0.4390625 0.5154331203125 0.45512325625 0.5300703062500001 0.5238573078125001 0.5342193546875 0.5682425515625 0.528422640625 0.6161751703125 0.53165680625 0.6899638796875001 0.5474355171875 0.753023975 0.5572476484375001 0.778820865625 0.5614815921874999 0.784375 0.576518446875 0.784375 0.576518446875 0.5931566796875 0.5623888984375001 0.5563299453124999 0.55684329375 0.5246223 0.5510819437500001 0.4390625 0.514216109375 0.4390625
1 0.5698541328125 0.4390625 0.5760898203125 0.46354985937500004 0.5794921578125 0.5024387484374999 0.5751341703125 0.5330761203125001 0.574803946875 0.5650569265625001 0.59360541875 0.6190599625 0.6051497687499999 0.688440771875 0.6065788453125001 0.690625 0.6128855765625 0.690625 0.6128855765625 0.5240885171875 0.60268663125 0.4993882515625 0.5969732921875 0.4390625 0.5698541328125 0.4390625
1 0.4046875 0.4390625 0.4046875 0.4715546203125 0.4096173125 0.52584375625 0.4046875 0.5526630921875 0.4046875 0.7113043203125 0.4074176609375 0.7227655890625 0.4129164140625 0.7328125 0.43532009218749995 0.7328125 0.4439909078125 0.7245792124999999 0.45247719062499997 0.6824619609375 0.4563677421875 0.6156951640624999 0.4485932765625 0.570462609375 0.43315181562500005 0.521564034375 0.4336229546875 0.4390625 0.4046875 0.4390625
0 0.9270251937499999 1 0.9270251937499999 0.9126916640625 0.9178328 0.8787098171875 0.8896513468750001 0.8313841265624999 0.8571070500000001 0.8098892531249999 0.8262338328125001 0.8036539796875001 0.806002225 0.80551564375 0.7756697406249999 0.8354278484375 0.7462004796875 0.88687691875 0.7375 0.9332474796875001 0.7375 0.990102384375 0.7379405390625 1 0.9270251937499999 1