1 0.1710593265625 0 0.1520833328125 0.049251209375 0.1445833328125 0.116620296875 0.14375 0.1928557484375 0.1520833328125 0.2342512078125 0.1654166671875 0.27323394218749997 0.174583334375 0.2871439484375 0.174583334375 0.319643946875 0.1760535921875 0.321875 0.2570727859375 0.321875 0.25625 0.2860694453125 0.270416665625 0.25631672499999997 0.2862499984375 0.205343096875 0.2875 0.1406773546875 0.2875 0.11630242187499999 0.279583334375 0.06272672812499999 0.25605838125 0 0.1710593265625 0
1 0.060825678125000004 0 0.0437563171875 0.059482765625 0.034990370312500005 0.13160684843749998 0.0416647 0.1951237609375 0.058517265625 0.245383128125 0.0759883421875 0.27552595625 0.0780663609375 0.29921768125 0.08184685625 0.303125 0.0866685109375 0.303125 0.10666173281249999 0.3022364234375 0.1484375 0.2974791265625 0.1484375 0.019577423437499998 0.1392265921875 0 0.060825678125000004 0
1 0 0 0 0.2625 0.03125 0.2625 0.03125 0.00118776875 0.0306901015625 0 0 0
1 0.31845448125 0 0.30125000156250004 0.06696508125 0.3133826515625 0.132646765625 0.31735087968750003 0.225336203125 0.35408724375 0.295436646875 0.3631466890625 0.2984375 0.39200586249999997 0.2984375 0.40406391406250003 0.297304446875 0.4091746515625 0.292518996875 0.4125 0.2829668296875 0.4125 0.027920692187500002 0.3974708046875 0 0.31845448125 0
1 0.67691791875 0.428125 0.6775585656249999 0.428125 0.6794921875 0.421665603125 0.6841796875 0.4245252 0.7039713531249999 0.42301881249999995 0.70625 0.41753459687500005 0.70625 0.356785440625 0.7057942703125001 0.35499507656249996 0.6961588531249999 0.3386231859375 0.6883463531249999 0.3347831140625 0.6815755203125 0.33744270625 0.6807942703125001 0.346225365625 0.6745442703125001 0.3590792375 0.6755859375 0.3665048234375 0.673502603125 0.37294994375 0.6745442703125001 0.38037553125 0.6724609375 0.38682065 0.6724609375 0.4016354625 0.67691791875 0.428125
1 0.71731825625 0.4796875 0.7137364234375 0.46495320937500006 0.7147088421875 0.43973652812499997 0.714148059375 0.40715042500000004 0.713570728125 0.3888390546875 0.709423046875 0.36805856875 0.7060632484375 0.34042605 0.6880348359375 0.32974244218750004 0.6845669593749999 0.32974244218750004 0.6812932 0.33468150625000004 0.6725956703125 0.35839929531250003 0.672607534375 0.39510195000000004 0.6802380390625 0.43127185625 0.6801244890625 0.45099092656249995 0.6808062765624999 0.4796875 0.71731825625 0.4796875
1 0.759375 0.4796875 0.759375 0.44069910312499994 0.7550797375 0.41550231875000004 0.7495020390625 0.361967078125 0.750526446875 0.340358346875 0.72089466875 0.345752821875 0.72173744375 0.3518565984375 0.7222150453125 0.378232415625 0.7263637703125 0.4229461625 0.735119240625 0.4481626140625 0.7314579046875 0.47511811406250004 0.729467446875 0.4796875 0.759375 0.4796875
1 0.8150283328124999 0.4796875 0.811858690625 0.4712804234375 0.8103470375 0.45276190468750005 0.8104455250000001 0.43277091875 0.812770265625 0.4082564125 0.8138627796875 0.38984400468749997 0.8055051656250001 0.3510515359375 0.7898526828125 0.32888066718750003 0.7769578218750001 0.32989331875 0.7757393359375 0.346762515625 0.7724480546875 0.39123263750000004 0.7761859624999999 0.4052276390625 0.782289834375 0.42700942968750005 0.7796284078125 0.479195603125 0.7796055578125 0.4796875 0.8150283328124999 0.4796875
1 0.5636878703125 0.4796875 0.5564836921875 0.4569459671875 0.5567137984375 0.42279801875 0.5613920968749999 0.3898643921875 0.56140638125 0.35263002499999996 0.551035521875 0.3318047 0.5335809203124999 0.3318047 0.5299453203125 0.3395001296875 0.5240609484375 0.405104271875 0.53099586875 0.4294009671875 0.5287059125 0.45905084062499996 0.5271381953125001 0.4796875 0.5636878703125 0.4796875
1 0.6063407406250001 0.4796875 0.605526021875 0.4752087828125 0.6030222171874999 0.4571116953125 0.603208021875 0.431014375 0.6078198421875001 0.3976468109375 0.6096497640624999 0.3738639703125 0.6109375 0.35893954687499996 0.6109375 0.3582100328125 0.609450634375 0.362011453125 0.5927022531249999 0.33650548593749996 0.58194504375 0.34557808125 0.5748755609375 0.36005631562499996 0.5771486515625 0.38211461406249997 0.5764698328125 0.43194809375 0.5673093609375 0.4670557609375 0.564130190625 0.4796875 0.6063407406250001 0.4796875
1 0.6453937234375 0.4796875 0.6445730109375 0.45670124999999995 0.6481279140625 0.43143515781249997 0.6566243671875001 0.4009089453125 0.6609375 0.3713101125 0.6609375 0.3645037515625 0.6606444781249999 0.3549588703125 0.6497510500000001 0.3462939421875 0.636837378125 0.3351095 0.6329159375 0.349198521875 0.63061844375 0.3498479765625 0.6177744890625 0.3737221140625 0.61743811875 0.40317788125 0.616626346875 0.42782307656249996 0.6133486953125 0.44992019843750003 0.6092095328125 0.47674221718750004 0.6083719765625 0.4796875 0.6453937234375 0.4796875
1 0.8515625 0.4796875 0.8515625 0.4779995671875 0.8507677859375 0.47420032812499996 0.8499137593749999 0.45590034843750005 0.846471021875 0.4367338328125 0.8467044843749999 0.428371803125 0.8472245984375 0.41393305625 0.8471743734375 0.3933826796875 0.8499995124999999 0.36762211875 0.8404691703125 0.3444023078125 0.8355961328125 0.3373543015625 0.8277945421874999 0.3332311625 0.8256520578125001 0.3331438640625 0.8152587890625 0.3464192578125 0.8149159796875001 0.368475721875 0.81480663125 0.382170153125 0.8143574375 0.399655984375 0.8138727828124999 0.4156182734375 0.8179774796875 0.4264402171875 0.8177972078125 0.4370875625 0.81620436875 0.4606151875 0.81525575625 0.4750364734375 0.81373255625 0.4796875 0.8515625 0.4796875
1 0.8971955749999999 0.4796875 0.894285778125 0.4734799328125 0.894285778125 0.436153115625 0.89214329375 0.409491103125 0.894285778125 0.39044680781249996 0.90328420625 0.375211371875 0.8959997640624999 0.35616707812500004 0.8904293078125001 0.34474050156249997 0.875431925 0.33864632656250004 0.864719509375 0.35616707812500004 0.864719509375 0.37902023125 0.8664334968750002 0.4132999625 0.8698614687500001 0.42929716874999996 0.8664334968750002 0.45367386718749997 0.8630055234375 0.47881233593749994 0.86283511875 0.4796875 0.8971955749999999 0.4796875
1 0.9978559546875001 0.4796875 0.992840003125 0.46814753124999997 0.9894120296875 0.45672095312499994 0.9855555609375 0.4300589421875 0.9851270640625 0.411014646875 0.9889835328124998 0.3934938953125 0.9894120296875 0.3774966875 0.9885550375000001 0.3592141640625 0.9851270640625 0.33940809843749997 0.9697011843750001 0.32493443437499997 0.9675587015625 0.3287432921875 0.9555607953125002 0.348549359375 0.9581317765625 0.3706407421875 0.9585602718749999 0.38511440625 0.9594172656249998 0.40263515625 0.9585602718749999 0.428535396875 0.9607027562500001 0.44757969218750004 0.9581317765625 0.46129158437499995 0.9551323 0.4780505640625 0.9546961421875 0.4796875 0.9978559546875001 0.4796875
1 0.378116384375 0.4796875 0.3738831453125 0.4948329484375 0.3712129171875 0.5287863390624999 0.38456405312499997 0.601019384375 0.3912052203125 0.603125 0.40857516875 0.603125 0.40459075625 0.5433689515625 0.4140625 0.48520306875 0.4140625 0.4796875 0.378116384375 0.4796875
1 0.4296875 0.4796875 0.41718660625000004 0.4796875 0.406800734375 0.52325 0.4054656203125 0.57725 0.41147363124999997 0.60825 0.4296875 0.6075845281250001 0.4296875 0.4796875
2 0.4296875 0.6122972578125 0.09705440625 0.6132500000000001 0.0997246328125 0.67125 0.1084028703125 0.68625 0.15780206875 0.68225 0.4296875 0.69847646875 0.4296875 0.6122972578125
1 0.7700670468749999 1 0.7786458328125001 0.9495800515624999 0.7791666671874999 0.9116261781249999 0.7744791671875 0.8745073218750001 0.7619791671874999 0.8242891328124999 0.7661458328125 0.7252877874999999 0.7606770828125 0.708988628125 0.74921875 0.7023071406250001 0.7403645828125001 0.7077081453125 0.7348958328125 0.722890465625 0.7380208328125001 0.8247968640625001 0.7229166671874999 0.8911998875 0.7208333328125001 0.9430153734375001 0.7234375 0.966208978125 0.7302951296875 1 0.7700670468749999 1
0 0.8801346234375 1 0.8835038640625001 0.98652275625 0.8896082859375 0.9833079390624999 0.8984375 0.9841106828124999 0.8984375 0.9335416703125 0.89816155 0.9320619406249999 0.890753409375 0.9153875609375 0.8741093687500001 0.897035725 0.8711340843750002 0.896335234375 0.8540910703125 0.896335234375 0.8439010343749999 0.8991480968750001 0.8320868703125001 0.9180959484375 0.8239379625 0.952121265625 0.82278956875 0.98008114375 0.8268640359375 1 0.8801346234375 1