1 0 0 0 0.3625 0.009181790625 0.3625 0.030285229687499998 0.35212303437500003 0.054208179687500004 0.2978365203125 0.0590120921875 0.263517184375 0.0590120921875 0.163776259375 0.056009325 0.1149913859375 0.019571790625 0 0 0
1 0.025 0 0.025 0.1045667015625 0.0316437296875 0.14681045312500002 0.025 0.1982418640625 0.025 0.3046875 0.029012709375 0.3046875 0.056477893749999994 0.299362275 0.0704774265625 0.283360990625 0.1147819421875 0.1659841625 0.11497035156249999 0.059652300000000005 0.09820288125 0 0.025 0
1 0.6634882984375 0 0.6651770578124999 0.0771095015625 0.6613437390625 0.117332646875 0.659375 0.12432901874999999 0.659375 0.3640625 0.6815355265624999 0.3640625 0.6880888031250001 0.355168796875 0.70376226875 0.293433621875 0.7103603125 0.2478188109375 0.7076440546875 0.19038269375 0.6950427328125001 0.1182928625 0.7033443890625 0 0.6634882984375 0
1 0.8441553109375001 0 0.8426376890625 0.00405809375 0.8444838812499998 0.0816448984375 0.8414485062499999 0.1635620609375 0.83125 0.19789181875 0.83125 0.3796875 0.8852351390625 0.3796875 0.892090553125 0.34898864218750003 0.8980021484375001 0.3057966765625 0.8972009484375001 0.23926641875 0.8877462968749998 0.19106453437499998 0.8792719484374999 0.1553080890625 0.8919500234375001 0 0.8441553109375001 0
1 0.5388612296875 0 0.54721548125 0.082699403125 0.5375 0.141766671875 0.5375 0.220785215625 0.5486967968750001 0.27713475781249997 0.5568001984375 0.3022256640625 0.5618405734375 0.3078125 0.5822945765625 0.3078125 0.5926568921875 0.2956993921875 0.5986435562500001 0.25767025 0.5986435562500001 0.18246798749999998 0.59236085625 0.13599535000000001 0.5736325296875 0.0705084859375 0.5728120890625 0 0.5388612296875 0
1 0.428125 0 0.428125 0.0083968484375 0.429808846875 0.0363815265625 0.428125 0.0527918203125 0.428125 0.26053449375 0.428519834375 0.2609375 0.44027290625 0.2609375 0.4509131 0.2585706875 0.458658784375 0.244103265625 0.46576688906249997 0.2122406421875 0.47238108749999996 0.1456012484375 0.4677258984375 0.103798215625 0.453861653125 0.049317904687500004 0.45615646249999997 0 0.428125 0
1 0.5962002953125 0 0.598862771875 0.0351364015625 0.593997096875 0.073752471875 0.5953652640625 0.091808028125 0.6128562625 0.147827375 0.6232714671874999 0.21329612656250002 0.6276635734375 0.2203125 0.628246534375 0.2203125 0.6342520140625 0.21959885468749998 0.6342520140625 0.055901643749999994 0.621668809375 0.027621525 0.6191836671875001 0 0.5962002953125 0
1 0.70859375 0 0.70859375 0.1125 0.7265625 0.1861111109375 0.73515625 0.25 0.73984375 0.24583333281250003 0.74765625 0.20972222187499998 0.7515625 0.17361111093749998 0.75078125 0.1458333328125 0.7453125 0.10694444375 0.7296875 0.04444444375 0.7296875 0 0.70859375 0
1 0.73046875 0 0.73046875 0.040277778125000004 0.74765625 0.1125 0.753125 0.1708333328125 0.75625 0.16805555625 0.7640625 0.125 0.765625 0.0736111109375 0.7625 0.0486111109375 0.7484375 0 0.73046875 0
1 0.3429110984375 1 0.344795365625 0.9943899 0.347401565625 0.9753144125000001 0.347401565625 0.9421939984375001 0.3472739171875 0.9388707078125 0.333410865625 0.8887161656250001 0.3380553953125 0.8179464687500001 0.33478494375 0.8054101062499999 0.3260619046875 0.7941989953124999 0.3236096609375 0.7484375 0.32319898281250004 0.7484375 0.319375553125 0.7566262703125 0.3190144921875 0.7927282921875001 0.3083355734375 0.8148232453125 0.31161667187500003 0.895406071875 0.304014265625 0.9133707203124999 0.3 0.9331302265625 0.3 0.9698361796875 0.3018589359375 0.996667690625 0.30287606562499997 1 0.3429110984375 1
1 0.1867654765625 1 0.1878794375 0.9987771609374999 0.1995252546875 0.9586493875000001 0.203613603125 0.9253433281250001 0.1980719203125 0.8849155468750001 0.1886685328125 0.854155440625 0.1929389796875 0.7874751359375 0.18066562343749998 0.7636185640625 0.17864764375 0.71282184375 0.17357367343750002 0.77462058125 0.1703125 0.779679765625 0.1703125 1 0.1867654765625 1
1 0.10281282968750001 0.9765625 0.1081669203125 0.9751843015624999 0.1081669203125 0.8650327000000001 0.0881649578125 0.8352179343749999 0.075976765625 0.76691684375 0.0693280625 0.7562955609374999 0.061305075 0.7532449640625 0.05078855 0.7584185765625 0.0484375 0.7663923046875001 0.0484375 0.78946745 0.049280634375 0.7950740796875 0.06253349531249999 0.8260115828124999 0.0672371515625 0.8469540406250001 0.06545193125 0.8953741781249999 0.0678118359375 0.916234796875 0.0823721671875 0.9541440234374999 0.10090955312500001 0.9765625 0.10281282968750001 0.9765625
1 0.196484375 0.78125 0.19765625 0.7875 0.1984375 0.7763888890625 0.185546875 0.7395833328125001 0.18359375 0.7486111109375 0.1859375 0.772222221875 0.196484375 0.78125
1 0.1625 0.827777778125 0.17421875 0.8513888890625001 0.1765625 0.8458333328125001 0.16953125 0.797222221875 0.178125 0.775 0.1765625 0.7041666671875 0.17890625 0.7013888890625 0.1796875 0.672222221875 0.177734375 0.6673611109375 0.174609375 0.6979166671874999 0.17421875 0.6666666671874999 0.169140625 0.6604166671874999 0.159765625 0.6645833328125 0.15625 0.6805555562500001 0.16484375 0.727777778125 0.15859375 0.8013888890625 0.1625 0.827777778125
1 0.26640625 0.859722221875 0.27578125 0.877777778125 0.285546875 0.8756944437499999 0.29296875 0.8583333328125 0.2984375 0.8166666671874999 0.29453125 0.777777778125 0.2859375 0.7541666671874999 0.28671875 0.690277778125 0.27734375 0.6736111109375 0.276171875 0.6326388890625 0.2734375 0.6388888890625 0.2734375 0.672222221875 0.2640625 0.69305555625 0.26796875 0.7569444437499999 0.26171875 0.7763888890625 0.25859375 0.8027777781250001 0.26015625 0.8361111109374999 0.26640625 0.859722221875
1 0.24140625 0.7569444437499999 0.2515625 0.7708333328125001 0.265625 0.7583333328125 0.2671875 0.7291666671874999 0.2640625 0.690277778125 0.25546875 0.665277778125 0.25546875 0.60694444375 0.24765625 0.5916666671874999 0.244140625 0.5673611109375 0.24453125 0.5888888890625 0.2375 0.6041666671874999 0.240625 0.66944444375 0.23359375 0.6944444437499999 0.23359375 0.7208333328125001 0.24140625 0.7569444437499999
1 0.3265625 0.765277778125 0.334375 0.784722221875 0.340234375 0.7854166671875 0.34609375 0.777777778125 0.3546875 0.734722221875 0.35390625 0.70694444375 0.34609375 0.6708333328125 0.34921875 0.6236111109375 0.339453125 0.57569444375 0.33828125 0.602777778125 0.3296875 0.61944444375 0.33203125 0.6736111109375 0.325 0.7013888890625 0.3265625 0.765277778125
1 0.2921875 0.6736111109375 0.3 0.7013888890625 0.311328125 0.70069444375 0.31875 0.6708333328125 0.31796875 0.6333333328125 0.31171875 0.6083333328125 0.310546875 0.571527778125 0.2984375 0.5736111109375 0.29921875 0.6041666671874999 0.290625 0.64305555625 0.2921875 0.6736111109375
1 0.8290835968749999 1 0.8536077171875001 0.9569622890625 0.8690545406249999 0.9189474843750001 0.8826392890625 0.8640474921875001 0.8896460734375001 0.7612150859375 0.8932527484375001 0.744712309375 0.901818109375 0.714593796875 0.9275425828125 0.654957703125 0.9381966625 0.6180040046874999 0.9367555624999999 0.5955632640624999 0.925285728125 0.5759118640625001 0.9200044937499999 0.5750674328125001 0.9081435171875001 0.5750674328125001 0.8948837937499998 0.588446559375 0.8851769062500001 0.6129002578125 0.868811278125 0.6941345046875 0.8546112234375001 0.7364252390624999 0.81393775625 0.7964122437500001 0.8078125 0.81360638125 0.8078125 1 0.8290835968749999 1
1 0.8063861187499999 0.552373828125 0.7974937890625 0.5339648515625 0.7752306578125 0.5430620765625 0.7660248609375 0.5648763140625 0.766706659375 0.66746311875 0.760924440625 0.7078773046875 0.753125 0.7319023953125 0.753125 0.921979265625 0.75747765 0.9265625 0.7801865015625 0.9265625 0.78611865625 0.9205385109375002 0.809720296875 0.8157170812500001 0.8106159609375 0.7629938656249999 0.7967822906250001 0.658093075 0.8058735984375 0.5801243250000001 0.8063861187499999 0.552373828125
1 0.8437555875000001 0.5784424046875 0.8537880609374999 0.5007918953124999 0.8520801109375 0.48827371406250003 0.843755775 0.4777615953125 0.8386012890625001 0.47770161718750004 0.82806321875 0.47770161718750004 0.8223926109375 0.48792826875 0.8210831765624999 0.5767898859375 0.81195059375 0.59751413125 0.8078125 0.6284528828125 0.8078125 0.6537516828125 0.8139762546875 0.7044676671875 0.8218318296875001 0.721875 0.8249333703125 0.721875 0.8351508109375001 0.7116575578125 0.8472629421875 0.6784696765625 0.851675703125 0.6549131078125 0.852133728125 0.627144421875 0.8437555875000001 0.5784424046875
1 0.46759273125 0.9207675296875 0.4759091765625 0.909091521875 0.48803666718750005 0.8522834453125 0.49161495468750005 0.8050612203124998 0.48816199375 0.75771626875 0.4688896953125 0.6920157515625001 0.46799096718750005 0.64193393125 0.4723666609375 0.5738647375 0.46558432656250004 0.5549715515625 0.45489038125 0.5495193031250001 0.45372723437499995 0.5495193031250001 0.4420415828125 0.5559513375 0.4390625 0.56283753125 0.4390625 0.6466342109375001 0.4402707890625 0.6567480578125 0.44023847499999996 0.698469271875 0.4390625 0.7043136578125 0.4390625 0.9127302421875001 0.44181148124999997 0.9203175140625 0.443917521875 0.921875 0.46012868749999997 0.921875 0.46759273125 0.9207675296875
1 0.359375 0.6296967812500001 0.364813659375 0.65465988125 0.3664975578125 0.6768821046875 0.3612270625 0.7307213875 0.3632873921875 0.76819410625 0.375520128125 0.8268002593750001 0.388202228125 0.86048825625 0.395013059375 0.8703125 0.40917308124999996 0.8703125 0.40917308124999996 0.70794163125 0.3914368578125 0.66667129375 0.3798923625 0.5554510546875 0.369487196875 0.5363873140625 0.36715203125 0.5356817140625 0.359375 0.5356817140625 0.359375 0.6296967812500001