1 0.1889042734375 0.4296875 0.1916065140625 0.42130237656249997 0.196875 0.363260271875 0.196875 0.3624048484375 0.178768065625 0.2731966953125 0.1875215828125 0.16318808125 0.167738671875 0.14361611875 0.1496831125 0.16835214062499998 0.1509902890625 0.2715788234375 0.1328354953125 0.3290565734375 0.1328354953125 0.4296875 0.1889042734375 0.4296875
1 0.2691899953125 0.4296875 0.27275442031249997 0.41588558750000004 0.275 0.360775096875 0.275 0.3592818765625 0.25843967343749996 0.2848416 0.267935646875 0.1723820078125 0.259597871875 0.1559272078125 0.244991859375 0.15261970625000001 0.2321876734375 0.16538633125 0.2282206125 0.18235285625 0.2289280421875 0.2855795390625 0.2109595390625 0.334460371875 0.2109595390625 0.4296875 0.2691899953125 0.4296875
1 0.3455630765625 0.4296875 0.3515625 0.3767523671875 0.3515625 0.37560800625 0.3381522953125 0.28098465 0.349493959375 0.18038035937500002 0.341685028125 0.16220717812500002 0.33292495781250003 0.1609375 0.326635921875 0.1609375 0.311598128125 0.18615704375 0.3095891875 0.2938860859375 0.29221838437500003 0.3407159328125 0.29221838437500003 0.4296875 0.3455630765625 0.4296875
1 0.3796875 0.4296875 0.3796875 0.31676831562499996 0.36707391562499997 0.2648462671875 0.3724405546875 0.164813109375 0.3649022328125 0.14836756874999998 0.35013931249999997 0.142437271875 0.33809830937499996 0.1599626796875 0.3531179078125 0.1879517984375 0.3494422953125 0.29300117812500004 0.37007685 0.382607584375 0.36494826874999997 0.4296875 0.3796875 0.4296875
0 0.396957059375 0 0.38293655000000004 0.028148845312499997 0.38293655000000004 0.18837238437499998 0.39662330468749996 0.233884690625 0.4132193421875 0.25 0.4436336265625 0.25 0.45906671093749996 0.238913790625 0.482276946875 0.1817938609375 0.49698407031249997 0.1283552359375 0.503125 0.07553215468749999 0.503125 0.07156938125 0.48957742968750007 0.00262719375 0.4883801734375 0 0.396957059375 0
0 0.503692190625 0 0.5078270671875 0.009860890625 0.515522765625 0.0450929953125 0.520416684375 0.10788435781250001 0.529397553125 0.115625 0.5641275968749999 0.115625 0.569391178125 0.112696746875 0.5825611374999999 0.081699228125 0.596875 0.026185253125000002 0.596875 0 0.503692190625 0
1 0.293492696875 0.8015625 0.29519235781250003 0.79654264375 0.29978285625 0.7995934390625 0.3196391890625 0.79889431875 0.32274627968749997 0.79211671875 0.3234375 0.786299875 0.3234375 0.7302034015625 0.3147690875 0.7141800328125 0.30708592343749996 0.710021303125 0.3002180890625 0.7124047250000001 0.299129665625 0.7211555187500001 0.29242698906250003 0.7337544609375 0.2932099828125 0.7412225375 0.2909003109375 0.7475826796874999 0.29168330625 0.75505075625 0.290421278125 0.758526003125 0.290421278125 0.78803456875 0.2922140890625 0.8015625 0.293492696875 0.8015625
1 0.33125 1 0.33125 0.9995085421875001 0.330497528125 0.9892494656250002 0.33125 0.9527808921875 0.33125 0.9506284062500001 0.3290222921875 0.9036322828125 0.32243003125 0.8686285312500001 0.319150390625 0.8460364671875 0.322456971875 0.8211127328125001 0.3249242921875 0.7886731 0.3260502703125 0.7704105546875001 0.3238582375 0.749239475 0.32308494374999996 0.7213628359375 0.3038283671875 0.706664878125 0.2990088359375 0.7124935484374999 0.2881664 0.7349419109374999 0.28477164843749997 0.7714004453125 0.2889955359375 0.8083027140624999 0.28705250625 0.8278753109375 0.284281646875 0.8677642796875 0.27466478906249997 0.8882475671875 0.27500735 0.907953284375 0.2744954375 0.9100070171875 0.2744954375 1 0.33125 1
1 0.359245390625 1 0.3615734609375 0.9923280343750001 0.367027121875 0.8894183578125 0.36536839374999996 0.8678184921875001 0.3646981671875 0.8367287874999999 0.3632082234375 0.78875310625 0.36511291875 0.735288796875 0.36875 0.7157969765625 0.36875 0.7139499484374999 0.36740061874999996 0.7139499484374999 0.3386839640625 0.720351284375 0.3386743171875 0.7264373296875 0.335458078125 0.752884078125 0.33335569062500003 0.797562359375 0.33860674999999996 0.8224596234374999 0.3311568625 0.8496811109374999 0.32827270468749997 0.8547976671875 0.32827270468749997 1 0.359245390625 1
1 0.1832971140625 1 0.184375 0.9833693859375 0.184375 0.8977896359375 0.18349125 0.892737309375 0.17822006875000002 0.8815706390625 0.1675520125 0.8376323578125 0.1699586609375 0.8038638421875 0.1767145640625 0.7719420375 0.17910325625 0.7350871015625 0.16941997343749998 0.71127125 0.15292691875 0.7101179421875 0.148631528125 0.7175304875 0.13859194531250002 0.7816169015625001 0.143943928125 0.8066724593749999 0.139774234375 0.8356899468750001 0.134772396875 0.8708195703125 0.1333235890625 0.9200808874999999 0.12479566093750001 0.9457084515624998 0.1336378234375 0.9740932328125 0.13601608437499998 1 0.1832971140625 1
1 0.2359375 1 0.2359375 0.8209472703125 0.2345058421875 0.8096430343750001 0.2346582921875 0.7764777921875 0.23330295156249997 0.752728671875 0.2325479390625 0.7369019765625 0.2315111921875 0.7408087140624999 0.2112590203125 0.7139202156250001 0.20166973906250002 0.7222172453125 0.1965114140625 0.736223396875 0.20175741875000003 0.75855145625 0.2077676515625 0.8085535374999999 0.2032789 0.8431216812500001 0.1986446765625 0.8816328812500001 0.1979519296875 0.9076679390625 0.1993164859375 0.943264384375 0.20002068281250002 0.970146159375 0.206097928125 0.9917182953125 0.208654453125 1 0.2359375 1
1 0.2875 1 0.2875 0.8708849453124999 0.2857034953125 0.8645969453125 0.2799904578125 0.8319048046875 0.2799987390625 0.8066231015625001 0.284172746875 0.7760292515625 0.284336021875 0.7452252093749999 0.28176460625 0.7300791765625 0.269762859375 0.7215495234375 0.2554083734375 0.71052636875 0.2534819078125 0.7246466109374999 0.25129524375 0.7253220796875001 0.24188707968749998 0.749321084375 0.24565149062499997 0.7787508375 0.24827550937499998 0.8033804234374999 0.2481011515625 0.82549315625 0.24773027343749998 0.8523359859374999 0.24415690156249997 0.8774308484375 0.2415882828125 0.8962578328124999 0.23837750781249997 0.919791565625 0.2394155 0.9395976312500001 0.24329338906250003 0.9627127984375001 0.2441348625 0.987248965625 0.24673830937500002 1 0.2875 1
1 0.3796875 0.9355315296875 0.39168054375 0.9701900640625001 0.393646325 0.971875 0.41886839531250003 0.971875 0.42223418281249997 0.9698813328125 0.4330523015625 0.9350106968749999 0.4359375 0.9200170499999999 0.4359375 0.8647230015625 0.43262651406249997 0.8493665187499999 0.4171368015625 0.8066987937500001 0.4150304734375 0.7815167828125 0.41959859218749995 0.7462821265625 0.4186979609375 0.7107289531250001 0.4102016984375 0.6982265062499999 0.4001727828125 0.694509971875 0.3914092546875 0.6981761093750001 0.3825057921875 0.7148858312499999 0.3816568984375 0.7357191640625 0.3885104171875 0.7789280265625 0.38896935625 0.806102365625 0.3796875 0.8390785234374999 0.3796875 0.9355315296875
1 0.5080449093749999 0.77168406875 0.507934240625 0.77168406875 0.49820291406250006 0.8310147671875001 0.49820291406250006 0.8850150828124999 0.49928080937499997 0.8859375 0.503284390625 0.8859375 0.515038059375 0.8498389390625001 0.515625 0.8451953875000001 0.515625 0.797772340625 0.5149367328125 0.7905548578125 0.5080449093749999 0.77168406875
1 0.5046875 0.6870445593750001 0.4981074875 0.6745893265625 0.48787850312500003 0.67063528125 0.47910021093750005 0.6787560562499999 0.4765625 0.68770200625 0.4765625 0.6935349375 0.4784832671875 0.7192535109375 0.48308320625 0.732625096875 0.49613475156250003 0.740625 0.5037314796875 0.740625 0.5046766843749999 0.7390663515625 0.5046875 0.738609809375 0.5046875 0.6870445593750001
1 0.528125 1 0.528125 0.961273503125 0.52690830625 0.9533831609375 0.5031071921875 0.88924425 0.4998731078125 0.8702757328124999 0.49968524062499997 0.8379840656249999 0.506401359375 0.784309071875 0.503924284375 0.7612285109375 0.496396353125 0.7424803609375 0.47604143125 0.7337683046875 0.46202135312500003 0.740076625 0.45544436250000003 0.75054976875 0.45316727500000004 0.7618442078125 0.4541363890625 0.7941905078125 0.46385682343749995 0.8542210703125 0.46401439062499994 0.8813044015625 0.44411398750000003 0.9507173468750001 0.44124957656249997 0.9952904921875 0.44216651875 1 0.528125 1
1 0.567559625 0.9170159484374999 0.584156053125 0.9613071187500001 0.5919813578124999 0.9671875 0.6095236421875001 0.9671875 0.6109375 0.9660801828124999 0.6109375 0.8234858062499999 0.6013721750000001 0.7979334578125 0.5992714546875 0.708541125 0.589063621875 0.69202920625 0.57562450625 0.6894047046875 0.5663719453125 0.69577761875 0.5631841671875 0.7153782843750001 0.5729152859375001 0.77185111875 0.5741862890625 0.79890261875 0.5627366484375 0.8430894500000001 0.5601014015625 0.8699817812500001 0.56168005625 0.8908151140625 0.567559625 0.9170159484374999
1 0.753125 1 0.753125 0.9186293140625 0.7419425937499999 0.8874829640625 0.7405401875 0.8458572406249999 0.7495293640625 0.7943880609375 0.7507436640625 0.7580935015625 0.7398043234375 0.7351858734375 0.7253050921875 0.72611555625 0.7159300921874999 0.7256242328125 0.7076092984375 0.7303821875000001 0.696509865625 0.7490183937499999 0.695203353125 0.76868723125 0.703749875 0.857433615625 0.7015529296875 0.8749781750000001 0.6780475499999999 0.9319194249999999 0.6724732984375 0.9742183234375 0.6751066421875 1 0.753125 1
1 1 0.743816340625 0.9952524234375 0.7330343546875 0.9779558359374999 0.7224574875 0.9538098109375 0.7270139484375 0.9410949390625 0.7412167140625 0.937443228125 0.7628185640625 0.9352757781250001 0.84489170625 0.9307943328124999 0.862272259375 0.897061740625 0.9150768578124999 0.8879897625 0.9404629625 0.88361740625 0.9672185125 0.886653946875 1 0.9947176296875 1 0.9970077437499999 0.9845149062499999 0.994154915625 0.9406010171875 0.98358655625 0.90447415625 0.977693575 0.8676334125 0.9857661265625 0.8234426765624999 1 0.7824054796875 1 0.743816340625
1 0.7492995828125 0.8492295734375 0.7501587453124999 0.8680205171875001 0.752215871875 0.8825629062499999 0.7712517875 0.9297016453125 0.778308771875 0.9565393156249999 0.78125 0.9584957 0.78125 0.8083987624999999 0.7767741328125 0.7954675515625 0.77527703125 0.7693849421875 0.779990975 0.7335588390625001 0.7796007046875 0.702186009375 0.7708573859375 0.68747080625 0.757901715625 0.6829175703125 0.7466386359375 0.68874005625 0.7398480875000001 0.7053157984375 0.74070725 0.7241067421875 0.75424868125 0.744325921875 0.7584540671875001 0.774452365625 0.7492995828125 0.8492295734375
1 0.5653529125000001 0.7809968484375001 0.5600483953125 0.726648325 0.565625 0.678157209375 0.565625 0.6667717328125 0.5643188828125 0.6611142531249999 0.55779644375 0.6541501984375 0.546023146875 0.656934215625 0.541571721875 0.6656633578125 0.5436239625 0.7272126171875 0.53318706875 0.7610430578124999 0.53318706875 0.8064855984375001 0.5343023265625 0.81344363125 0.5414781703125 0.8390625 0.5491239109375 0.8390625 0.5584665296875 0.817273325 0.5653529125000001 0.7809968484375001
1 0.627734375 0.665625 0.61953125 0.6817708328125001 0.621875 0.7432291671875 0.60859375 0.7848958328125001 0.60390625 0.8130208328125 0.60390625 0.8255208328125001 0.615625 0.8838541671875 0.622265625 0.8885416671874999 0.6359375 0.8890625 0.64296875 0.8880208328125001 0.65703125 0.8255208328125001 0.65625 0.7973958328125 0.64453125 0.7557291671874999 0.64921875 0.6807291671875 0.640234375 0.6635416671875 0.627734375 0.665625