1 0.4 0.5890625 0.4 0.14657483124999998 0.3913790640625 0.14523326406249998 0.37214474375 0.156232146875 0.3566299609375 0.189475 0.37656308437499997 0.367026521875 0.333318803125 0.53316679375 0.3314142890625 0.5890625 0.4 0.5890625
1 0.3515625 0.5890625 0.3515625 0.5871256171875 0.34955313125 0.5641584265625 0.3515625 0.5505094609375 0.3515625 0.33647212187500003 0.3512920765625 0.336013234375 0.344782015625 0.30669771875 0.34142699374999996 0.26834963749999996 0.3496017109375 0.22650267500000001 0.3444401375 0.167505625 0.3214307828125 0.13536343125 0.2822057453125 0.13536343125 0.26047692499999997 0.17734001875 0.2670869765625 0.230345859375 0.2849686921875 0.2769029703125 0.28909795 0.32410060937499996 0.25681524218749996 0.47369783749999994 0.26113572343749997 0.5890625 0.3515625 0.5890625
1 0.242088746875 0.5890625 0.2346947921875 0.5102803796875001 0.25625 0.399473175 0.25625 0.308972940625 0.244605178125 0.2720283921875 0.25130323125 0.1956752609375 0.24717504375 0.142509309375 0.2314185921875 0.1169210125 0.207602559375 0.11019802812499999 0.1881965890625 0.1154116671875 0.17275925 0.1458019625 0.191037721875 0.3055056375 0.1544680484375 0.4191091453125 0.1509366046875 0.525029409375 0.1725110125 0.5890625 0.242088746875 0.5890625
1 0.9109375 0.39592733281250003 0.9109375 0.39297846718749996 0.9022793406249999 0.32459049218749997 0.9104775703125 0.24549655937499998 0.9058889687499999 0.23773947812500001 0.8949514687499999 0.2374849046875 0.8901749640624999 0.238764690625 0.8867730593750001 0.2491177140625 0.8843995953124999 0.3227833765625 0.8766365953124999 0.3484382890625 0.8766365953124999 0.475 0.8949808687499999 0.475 0.9073227875000001 0.429029915625 0.9109375 0.39592733281250003
1 0.9828125 0.4953125 0.9828125 0.35732207968749996 0.9782981359375 0.34153718906249997 0.9792943218750001 0.2583630234375 0.9730226890625 0.2463187171875 0.9635991875000001 0.2445478265625 0.955172575 0.2601539609375 0.9609166328125 0.33528129687499997 0.9503566750000001 0.3903275171875 0.94917695 0.4235653484375 0.9616612515625 0.4906458515625 0.96762998125 0.4953125 0.9828125 0.4953125
2 0.4 0.3420401359375 0.6420269624999999 0.33531835781249997 0.653125 0.3327186125 0.653125 0.27108683437500003 0.6487812296875 0.26457907812500003 0.6253437296875 0.2656706984375 0.6231255625000001 0.259733946875 0.4 0.259733946875 0.4 0.3420401359375
1 0.1125 1 0.1125 0.9112520734375 0.1051973875 0.88289895625 0.10311183906250002 0.8231767328125 0.10874179375 0.7609950671875 0.107087521875 0.7359632328125001 0.100207009375 0.7176530109375 0.0909073765625 0.7082591468749999 0.077674628125 0.7091068671875 0.06626851875 0.7287523375 0.06616105 0.7703553375000001 0.072982596875 0.8316574484375 0.0718513734375 0.8662841718750001 0.055914437500000004 0.946075721875 0.0524306453125 1 0.1125 1
1 0.072711475 1 0.07347370156250001 0.9443497796875 0.075 0.935314359375 0.075 0.7673376203125 0.07226070625 0.7421967578124999 0.07224355 0.7240684265625 0.075 0.7151341 0.075 0.678831909375 0.07219208125 0.6696834359375 0.0613674234375 0.6609375 0.0577151 0.6609375 0.047938664062500004 0.6659321375 0.0428169390625 0.683602540625 0.049656634375 0.7348822687500001 0.054291248437499995 0.8057883765625 0.0441171328125 0.8508877921875 0.042606103125 0.9053455578125 0.0436475328125 0.926215278125 0.0610251703125 0.9993169671875 0.0613276765625 1 0.072711475 1
1 0.0433500484375 0.6791688453125 0.0578125 0.6603343296874999 0.0578125 0.653756890625 0.055046696875 0.6407437484375 0.0473135609375 0.63284568125 0.036376060937499996 0.6324637359375 0.028936940625 0.650927275 0.033792878124999995 0.7509545578125 0.0188235515625 0.8239381859374999 0.0208608953125 0.8739381859375 0.027440959375 0.90625 0.0326312203125 0.90625 0.033915773437500005 0.8688464234375001 0.047548971875 0.8013637859375 0.0433500484375 0.6791688453125
1 0.24375 1 0.24375 0.861969740625 0.2394705734375 0.8443124031250001 0.2384408515625 0.79981789375 0.24375 0.7430019531250001 0.24375 0.709229678125 0.236789278125 0.6920037765625 0.2326221828125 0.6893834734375 0.21991599062499997 0.6893834734375 0.2155823421875 0.6905777484375 0.2074185640625 0.71129238125 0.21199153750000002 0.8042978734374999 0.2101681734375 0.8364425765625001 0.1932967890625 0.9029719734375 0.190137296875 0.9407723640625001 0.192174640625 0.9907723640625001 0.194004565625 1 0.24375 1
1 0.19765625 0.8473958328125001 0.19453125 0.8154513890625001 0.1875 0.7848958328125 0.1875 0.74600694375 0.19375 0.70850694375 0.1953125 0.6723958328124999 0.189453125 0.6564236109375 0.182421875 0.6536458328125 0.171484375 0.6564236109375 0.16484375 0.6737847218749999 0.1640625 0.7821180562500001 0.14921875 0.8279513890625001 0.14375 0.86961805625 0.1453125 0.91961805625 0.15390625 0.9668402781250001 0.160546875 0.9758680562500001 0.175 0.9765625 0.178125 0.97100694375 0.18359375 0.9015625 0.19765625 0.8473958328125001
1 0.3367314875 1 0.34453125 0.97100694375 0.35234375 0.9210069437499999 0.35234375 0.8835069437499999 0.340625 0.8057291671875 0.353125 0.7057291671875 0.35 0.686284721875 0.339453125 0.67586805625 0.329296875 0.6786458328125 0.3203125 0.6960069437499999 0.3171875 0.8029513890625001 0.3 0.8529513890625001 0.290625 0.898784721875 0.2921875 0.9654513890625 0.29801757812499996 1 0.3367314875 1
1 0.8416096875000001 0.5890625 0.8421902625000002 0.609937653125 0.8441272734374999 0.6352812609375 0.8441959890625 0.6726806765625 0.841329503125 0.7259608453124999 0.8391364828124999 0.7473585500000001 0.830319703125 0.7823512828125 0.8156092125000001 0.8265101359375 0.8156092125000001 1 0.921875 1 0.921875 0.9067263421874999 0.918686640625 0.8867020765625 0.9176869468749999 0.8723796421875001 0.903087990625 0.7966942453125 0.8986780984374999 0.75864381875 0.8971153484375 0.7531077671874999 0.8979375843749999 0.7146291515625001 0.8997866968749999 0.694323378125 0.9070727484375001 0.636196365625 0.9117626671875 0.6143068078125 0.9155558781250001 0.5890625 0.8416096875000001 0.5890625
1 0.93092484375 0.5890625 0.9304417031250001 0.5998534734375001 0.933487525 0.64108739375 0.94002201875 0.6807980375 0.945285746875 0.7429473718749999 0.9454894687500002 0.7747597953125 0.9402898593749999 0.808028634375 0.9436068671874999 0.8224020203125001 0.95399806875 0.8562153015625 0.9571534343749999 0.87332488125 0.96488154375 0.9021098593750001 0.966808559375 0.9158863374999999 0.9698570546875 0.9236699359375 0.9742083734375001 0.956723934375 0.9768738031249999 0.9886223234375 0.9771517609375 1 1 1 1 0.8039258984375 0.9933559890625 0.77643133125 0.9910312125 0.746189940625 0.9907827375 0.7132792171875 0.9921206296874999 0.6924879765625 0.9911708156250001 0.6825841921875 0.9929064671875001 0.6782578640625 0.9952192234374999 0.6344692328125 0.995390884375 0.6185725734374999 0.9934166421875 0.5890625 0.93092484375 0.5890625
1 0.73693410625 0.5890625 0.7373885765624999 0.6002160015625 0.746185728125 0.6613175234375 0.7519069968750001 0.72096440625 0.7525458859375 0.75010435 0.752033571875 0.7644523328125 0.74754265 0.79557275625 0.736153875 0.8458550296875 0.730474346875 0.8814562859375 0.7272391609375 0.909743328125 0.725858853125 0.9566313140625 0.7285689390625001 1 0.821875 1 0.821875 0.82186985 0.811435146875 0.7887254265625 0.804756378125 0.759421953125 0.80305813125 0.744665046875 0.801138796875 0.690830934375 0.8019894234375 0.6511344671875 0.8038693531250001 0.6366988453125 0.8052720359375 0.59036000625 0.8052342234375001 0.5890625 0.73693410625 0.5890625
1 0.586402 0.5890625 0.5878555796875 0.594169584375 0.5875820562499999 0.6040542624999999 0.5911378562499999 0.640847234375 0.5933260390624999 0.6880740328125 0.5911378562499999 0.7320059375 0.58429978125 0.7715446531250001 0.5662472640625 0.84238485 0.5520240703125 0.916519940625 0.54874179375 0.9406824890625 0.5465536109375 0.9708856734375001 0.5462083390625 1 0.704649890625 1 0.704649890625 0.977475459375 0.703282275 0.94452653125 0.7010940921875 0.9247571734375001 0.692067834375 0.8813744171875 0.66362144375 0.7671514625 0.6559628015625 0.718826365625 0.6543216624999999 0.6880740328125 0.6562363234374999 0.6732470140625 0.6565098468749999 0.6397489359375 0.659792121875 0.594169584375 0.6605189124999999 0.5890625 0.586402 0.5890625
1 0.6621568890624999 0.5890625 0.6573304156249999 0.6397489359375 0.6567833703125 0.680935096875 0.6551422312499999 0.6968604125 0.6576039390625 0.7270635984375 0.662800875 0.75836508125 0.6893326046875 0.8621542078125 0.6978118156249999 0.9005946250000001 0.70246170625 0.9286012156249999 0.7057439828125001 0.940133340625 0.7106673953125 0.8994963281249999 0.7166849015625 0.8698422906250001 0.716958425 0.861605059375 0.7043763671875001 0.814927409375 0.696170678125 0.7704463546875 0.695350109375 0.75232444375 0.6958971546875 0.7243178546875 0.6978118156249999 0.7039993484375 0.6980853390625 0.6875248828125 0.703008753125 0.6348065968750001 0.703008753125 0.5936204359375 0.7021679234375 0.5890625 0.6621568890624999 0.5890625
1 0.4920935453125 0.5890625 0.49704595156250003 0.6342574484375 0.501969365625 0.7039993484375 0.5008752734375 0.751226146875 0.49376367656250003 0.7896665640625 0.47106126875000004 0.8813744171875 0.46695842499999995 0.9044386671875 0.46230853437499997 0.940133340625 0.46039387343750005 0.9714348234375001 0.46039387343750005 0.9923024781249999 0.46067441093749995 1 0.5449921640625 1 0.544912471875 0.9873601390625 0.5462800875 0.9582552515625 0.5495623625 0.9253063218750001 0.5564004375 0.8852184578125 0.5708971546875 0.8138291125 0.5629649890625 0.7786835875 0.5583150984375 0.750676996875 0.5566739609375 0.7221212593749999 0.5580415750000001 0.6715995671874999 0.5652670578125 0.5890625 0.4920935453125 0.5890625
1 0.421213490625 0.5890625 0.42210065625000004 0.6095457515625 0.4297593 0.7034501984375 0.43057986875000004 0.738046575 0.42948577656250003 0.768249759375 0.42428884062499994 0.7935106046875 0.42292122499999996 0.8055918796875 0.40979212187499997 0.8533678265625 0.40076586406250003 0.8967505828125001 0.4 0.9046583234375 0.4 1 0.46012317031250005 1 0.4595733046875 0.986261840625 0.46148796562500005 0.940133340625 0.46559080937499997 0.904987815625 0.470787746875 0.8775303749999999 0.48829321718749996 0.8072393265625 0.480908096875 0.7677006109375 0.4789934359375 0.73530083125 0.4820021875 0.6688538234375 0.48473741718749996 0.649084465625 0.48829321718749996 0.602955965625 0.48845415000000003 0.5890625 0.421213490625 0.5890625