1 0.35867764062499996 0 0.3565839078125 0.0065695984375 0.35586919375 0.014695603125000001 0.35586919375 0.0766279 0.3627003078125 0.12464482343750001 0.371428371875 0.1265625 0.3933960203125 0.1265625 0.4059112609375 0.085204634375 0.40625 0.078123090625 0.40625 0.019524128125 0.40256351874999996 0 0.35867764062499996 0
1 0.4796875 0 0.45617704843749995 0 0.45127074218749996 0.0227976640625 0.45143441093750003 0.067058265625 0.46655436874999995 0.1234375 0.4796875 0.1234375 0.4796875 0
1 0.40910934374999997 0 0.41019177031250004 0.017702967187499998 0.404687046875 0.083292903125 0.404687046875 0.12184941093749999 0.40469898437499996 0.121875 0.4232742421875 0.121875 0.434375 0.0855986109375 0.434375 0.031943065625 0.4258828515625 0 0.40910934374999997 0
1 0.33953124375 0 0.3345303375 0.0275202140625 0.336327278125 0.0666502671875 0.3517461484375 0.1203125 0.3546875 0.1203125 0.3546875 0 0.33953124375 0
1 0.3005742984375 0 0.2919085546875 0.04551515 0.2919085546875 0.10214555781250001 0.2949684578125 0.12050886875 0.31011110468749997 0.121875 0.3129730578125 0.121875 0.319906215625 0.10711240468750001 0.3164592859375 0.06567405 0.320369759375 0 0.3005742984375 0
1 0.2685145953125 0 0.2691862546875 0.019361965624999998 0.263249221875 0.0713660796875 0.2779551046875 0.07016564843749999 0.28314644375000003 0.0243556765625 0.2877019875 0.0644634 0.28277150624999997 0.062412562500000004 0.2861250375 0.06949874218749999 0.27801214375 0.075067609375 0.27812622343750004 0.0848715296875 0.2807055390625 0.09570087031249999 0.28471921093749997 0.0892399671875 0.2865001375 0.115625 0.296875 0.115625 0.296875 0.0932156359375 0.2925183890625 0.0567103140625 0.296875 0.0312278 0.296875 0.01109835625 0.28541204375 0.00822423125 0.285535390625 0 0.2685145953125 0
0 0.0121408328125 0 0.0121408328125 0.07966952968749999 0.023527115625 0.10596625156249999 0.043168371875 0.1263158765625 0.0747540390625 0.1453125 0.1284284765625 0.1453125 0.206016765625 0.1086519796875 0.2234375 0.054941909375 0.2234375 0 0.0121408328125 0
1 0.545905434375 0.1584701125 0.5474273765625 0.13988450624999998 0.5484375 0.129203509375 0.5484375 0.12739013593749998 0.5432663390625 0.123282784375 0.5378450328125 0.1274641765625 0.5389469140625 0.153934953125 0.533207878125 0.171341625 0.533174034375 0.17182472499999998 0.533174034375 0.1937197546875 0.5363517921875001 0.2140625 0.5444265578125 0.2140625 0.5484375 0.2004664109375 0.5484375 0.17735298593749999 0.5483849671875001 0.176091703125 0.545905434375 0.1584701125
1 0.528125 0.12448997343749998 0.5241960125 0.12448997343749998 0.5177381453125001 0.12524050625 0.5202395046875 0.14700790156250002 0.5171936875 0.1666389125 0.51557410625 0.18644359375 0.517800384375 0.197174084375 0.520797640625 0.20625 0.528125 0.20625 0.528125 0.1562367921875 0.5258214421874999 0.1493072234375 0.528125 0.1290909125 0.528125 0.12448997343749998
1 0.5683532046875001 0.12697361093749998 0.559128903125 0.125926440625 0.5617900875 0.1526726484375 0.5568062390625 0.173219375 0.5572588125 0.1926638203125 0.5627795953125 0.209375 0.569872875 0.209375 0.5703125 0.207562575 0.5703125 0.1609301453125 0.568885990625 0.15581891875 0.5683532046875001 0.12697361093749998
1 0.5837132921875 0.12432285937500001 0.582216325 0.1440781484375 0.5786472390624999 0.1561431375 0.5786472390624999 0.2015625 0.585495946875 0.2015625 0.5910461484375 0.1867184421875 0.5921875 0.1766139265625 0.5921875 0.1589642359375 0.5890504421875 0.14129950625 0.59116986875 0.1234375 0.589537259375 0.1234375 0.5837132921875 0.12432285937500001
1 0.6140625 0.190452775 0.6140625 0.1468987984375 0.6100403640625001 0.13247186875 0.6106761546875 0.12412944687500001 0.604026209375 0.12252282968749999 0.6042922203125001 0.1377626359375 0.6016601640625 0.1507779453125 0.6004901921875 0.1673122703125 0.60154710625 0.1807004828125 0.6048570625 0.19365570468749999 0.608224946875 0.1953125 0.611530228125 0.1953125 0.6134508125 0.1935557078125 0.6140625 0.190452775
1 0.5125 0.174661096875 0.5125 0.1671416875 0.5069885281250001 0.1450567296875 0.5089146765625 0.12416883125 0.5031159093750001 0.12090122031249999 0.50034516875 0.12308004531250001 0.5014955359375 0.1466365921875 0.497430709375 0.16068145312499998 0.4953125 0.17467366875 0.4953125 0.1824481296875 0.4988516703125 0.203125 0.5079816703125 0.203125 0.5116572546875 0.1906990875 0.5125 0.174661096875
1 0.490625 0.139415375 0.48830596875000004 0.13307388125 0.489139396875 0.1248224359375 0.485441503125 0.1225548546875 0.4823039515625 0.1250356796875 0.48331962500000003 0.140258821875 0.481865025 0.152543265625 0.48269784062500004 0.1756381125 0.48752400937499996 0.19524633281249998 0.48769124374999995 0.1953125 0.490625 0.1953125 0.490625 0.139415375
1 0.7056917109375 0.1921875 0.709375 0.17460207187500001 0.709375 0.17268611250000002 0.70837684375 0.152363496875 0.70532663125 0.13636152343750002 0.7068494937500001 0.12027732499999999 0.7039693578125 0.12027732499999999 0.699510884375 0.12115181562499999 0.6979722015625001 0.1367040625 0.695692459375 0.14853125625000002 0.6937866734375 0.160341034375 0.6937826687499999 0.1603964171875 0.6937826687499999 0.18197889218750002 0.694958453125 0.1921875 0.7056917109375 0.1921875
0 0.534765625 0.3611111109375 0.527734375 0.365277778125 0.5203125 0.37986111093749997 0.51953125 0.4048611109375 0.531640625 0.43055555625 0.54296875 0.43125 0.5546875 0.41319444375 0.55703125 0.38819444375 0.551171875 0.36944444375 0.534765625 0.3611111109375
1 0.4796875 0.5296875 0.433675225 0.5296875 0.43042907656249996 0.5691387125 0.41073359375 0.6223227328125 0.39633280000000004 0.6748386390625 0.39633280000000004 0.8742773453125 0.39819368125 0.8927466296875 0.4070838171875 0.9210157296875 0.41586212656250005 0.9332921390625 0.42425675937499996 0.9390625 0.4495057453125 0.9390625 0.45852510156250004 0.9306624515624999 0.4796875 0.8799519046875 0.4796875 0.5296875
1 0.20791961875 0.5296875 0.21590267968750002 0.62211758125 0.2275136296875 0.685149846875 0.2231385828125 0.7653778546875 0.20324092343750003 0.8156612687500001 0.1914143765625 0.8774652265625 0.19002961406250002 0.9855938421874999 0.192003771875 1 0.3109375 1 0.3109375 0.865352175 0.2825135828125 0.76848956875 0.2776375296875 0.7266181828125 0.2767970359375 0.6905070703125 0.2859943015625 0.5827878921874999 0.2847583734375 0.5296875 0.20791961875 0.5296875
1 0.163282859375 0.5296875 0.1601711375 0.5312249203125 0.1398202109375 0.54864753125 0.12497438281249999 0.5996588421875 0.12497438281249999 0.8325751625000001 0.12574201875 0.8369444250000001 0.1336213359375 0.8508469640625 0.14933778281250001 0.853125 0.1561433515625 0.853125 0.1616188203125 0.8452731546875001 0.174256375 0.8015072046875 0.19371469218749998 0.759986234375 0.20077825312500003 0.718023571875 0.2015625 0.7055855671875 0.2015625 0.5296875 0.163282859375 0.5296875
1 0.7052499624999999 0.5296875 0.687223746875 0.61470575625 0.687223746875 0.71879836875 0.7035415234375 0.8115662515625001 0.706301415625 0.815625 0.7297638375 0.815625 0.7370472515625 0.8034366359374999 0.7565681718749999 0.72043226875 0.759375 0.6864677421875001 0.759375 0.6277228953125 0.7554712515625 0.623990396875 0.758464525 0.61179029375 0.7490870921875 0.5915276875 0.7376214671875 0.53161333125 0.737691875 0.5296875 0.7052499624999999 0.5296875
1 0.7522333390625 0.5296875 0.7778537359375 0.6400947828125 0.777007865625 0.721875 0.777759284375 0.721875 0.78534051875 0.721211728125 0.7890625 0.7028198671875 0.7890625 0.543747834375 0.7861408765625 0.5296875 0.7522333390625 0.5296875
1 0.8668198984375 0.5296875 0.8489193343749999 0.6303656859375 0.8502411390625 0.687155809375 0.8690916578125 0.7818564312499999 0.8811979093750001 0.7875 0.89762860625 0.7875 0.9010361 0.78353056875 0.9086223265625 0.7518685359375 0.9109375 0.736827525 0.9109375 0.567964628125 0.9035343921875001 0.5296875 0.8668198984375 0.5296875
1 1 0.5296875 0.9805914453125 0.5296875 0.9729061671875 0.5550697312499999 0.9729061671875 0.759375 0.9803897625000001 0.759375 1 0.7170615078125 1 0.5296875
1 0.7976638875 0.5296875 0.7999168015625 0.5439394546875 0.7945433656249999 0.613220759375 0.7998027000000001 0.61875 0.8028709796874999 0.61875 0.8084322546875 0.612735746875 0.81875 0.5620646328125 0.81875 0.5296875 0.7976638875 0.5296875
1 0.9710377359375 0.5296875 0.9671875 0.544334715625 0.9671875 0.6140625 0.967312240625 0.6140625 0.9896207046875001 0.5296875 0.9710377359375 0.5296875
1 0.898724403125 0.5296875 0.9109375 0.57945699375 0.9109375 0.5296875 0.898724403125 0.5296875