1 0.0108534796875 0 0.01080571875 0.0565130625 0 0.097807078125 0 0.36007135625000003 0.010794678125 0.3609375 0.0287168453125 0.3609375 0.0356819953125 0.353980725 0.056484184375 0.2651827390625 0.0609375 0.1887222703125 0.0609375 0.1756965203125 0.0429710703125 0.067815071875 0.0483343125 0 0.0108534796875 0
1 0.09679852343749999 0 0.10592434843750001 0.0761392203125 0.0943698421875 0.15649477812499998 0.102333728125 0.2703836671875 0.123303803125 0.3421875 0.1421875 0.3421875 0.1421875 0.10800166093750001 0.1344378296875 0.082022040625 0.1306236421875 0 0.09679852343749999 0
1 0.1621391625 0 0.16887725468749998 0.07227523125 0.15166882343750002 0.1600995890625 0.15087187500000002 0.22660248125 0.17545246875 0.3498892375 0.1867242171875 0.353125 0.2134712171875 0.353125 0.2171875 0.3439340453125 0.2171875 0.1464495125 0.20022425625 0.076690753125 0.19927057343750001 0 0.1621391625 0
1 0.05840768281249999 0 0.058018459375 0.0536858375 0.06521429375 0.078125 0.065625 0.078125 0.065625 0 0.05840768281249999 0
1 0.2082594421875 0 0.2101777078125 0.054223146874999996 0.2078744828125 0.0741935671875 0.2078744828125 0.18090586250000001 0.20991810000000002 0.1959170828125 0.2078744828125 0.215329015625 0.2078744828125 0.3375 0.23002740937500002 0.3375 0.2463615421875 0.271144340625 0.25 0.166952528125 0.25 0.1620654734375 0.23557618281249998 0.087711015625 0.24083265781250002 0 0.2082594421875 0
1 0.2787715921875 0 0.2836309578125 0.08048360624999999 0.2658183046875 0.1599470984375 0.2634367203125 0.2236539765625 0.28351193750000003 0.33863492968750003 0.301529434375 0.3453125 0.3133080828125 0.3453125 0.3256024703125 0.33275873749999996 0.335893521875 0.27784021875 0.3359375 0.2770177359375 0.3359375 0.1880890796875 0.31331845625 0.08221270625 0.3142127828125 0 0.2787715921875 0
1 0.7355009359375 0.2532412609375 0.7228708375 0.299527525 0.7228708375 0.48161733125 0.7309392828125001 0.4828125 0.7436501468750001 0.4828125 0.7495511765625 0.4816410828125 0.7551192765625 0.471021721875 0.765196796875 0.43217828437500005 0.7734375 0.38817860625 0.7734375 0.3285980328125 0.7620989078125 0.26173216093749996 0.7623515375000001 0.23950387968750003 0.7708140703125 0.174716334375 0.77144420625 0.1460065703125 0.766290521875 0.131619871875 0.7541140953125 0.12599159375 0.7455111171875 0.130572740625 0.7394221828124999 0.141189075 0.73674563125 0.1513621390625 0.734984428125 0.172655403125 0.7368860765624999 0.21156853281250002 0.7355009359375 0.2532412609375
1 0.65403386875 0.24292906875 0.6574292125 0.30399766875 0.6666460125 0.35080414531250004 0.677339596875 0.3802306109375 0.6963203703125 0.4177022078125 0.70574879375 0.4328125 0.71875 0.4328125 0.71875 0.3086070234375 0.713771503125 0.29385953125 0.6804645046875001 0.2349546765625 0.6671733265625 0.173078290625 0.6592619171875 0.14664218281250002 0.6456411281250001 0.13217463437500002 0.6336619625 0.1311967859375 0.6272537406250001 0.1403450484375 0.6256582859375 0.155873215625 0.629271165625 0.17182653125 0.6440852703125 0.208958009375 0.65403386875 0.24292906875
1 0.0640625 1 0.0640625 0.9780518562499999 0.050929082812500005 0.9194493593749999 0.052104221875 0.813330721875 0.04507664375 0.796193309375 0.0337718125 0.791171025 0.024637532812499998 0.800094028125 0.0224461453125 0.8188764234375 0.026847203125000003 0.9209559859375 0.042407690625 1 0.0640625 1
1 0.0375 1 0.0375 0.9302484812499999 0.029165678125 0.9023960375 0.02473220625 0.783186265625 0.015836278125 0.763179928125 0.00269470625 0.7582140703125 0 0.76012925625 0 0.8584403984375 0.00129678125 0.8677190546875 0.0024298203125 0.9229196875 0.0157716421875 0.9685301390625 0.019955524999999998 0.9962989359375 0.020097804687500002 1 0.0375 1
1 0.61859541875 0.66875 0.6200088734375 0.6842129171875 0.6223560296875 0.734449340625 0.6232312953125 0.742203221875 0.625981828125 0.7577226140625 0.6394525359375001 0.8050909140625 0.64415995625 0.8176355187500001 0.6506366265625 0.823331303125 0.65093694375 0.8234375 0.6890625 0.8234375 0.6890625 0.66875 0.61859541875 0.66875
1 0.46781160312500003 0.66875 0.46809048593749997 0.6920938828125001 0.469944459375 0.7261288218749999 0.47741033593750004 0.773184534375 0.494293678125 0.842194446875 0.5007111421875 0.8639914234375 0.5090667015625 0.8888844828125 0.5106270187499999 0.895454359375 0.5116178921875 0.8976274 0.5151645546875 0.8984375 0.5722128671875 0.8984375 0.5742063859375 0.8962909874999999 0.5772341609375 0.8877156812500001 0.5823428890625 0.8672713921874999 0.5875 0.8405869046875001 0.5875 0.66875 0.46781160312500003 0.66875
1 0.7176277515624999 0.66875 0.71718808125 0.6734843749999999 0.7149288828125 0.706234375 0.7147734124999999 0.7207343749999999 0.71520530625 0.7367343749999999 0.7172276984374999 0.765734375 0.719892565625 0.785734375 0.7257709125 0.817984375 0.731633134375 0.8442343749999999 0.7392202671874999 0.871484375 0.7425632296875 0.880234375 0.751362278125 0.9139843750000001 0.7578102984375 0.935984375 0.7648295562499999 0.953484375 0.765889365625 0.960234375 0.768026390625 0.9640625 0.7894543421875 0.9640625 0.7866467640625 0.9474843749999999 0.784993090625 0.941984375 0.7846581921875 0.9362343750000001 0.777585621875 0.9092343749999999 0.770514615625 0.8879843749999999 0.7662623843749999 0.866484375 0.7655634640625 0.854484375 0.7659680343749999 0.849984375 0.766851546875 0.847984375 0.7648791015625 0.842734375 0.765000521875 0.8362343750000001 0.76376598125 0.826484375 0.762949009375 0.8067343749999999 0.7636255390625 0.789734375 0.7654266187500001 0.777734375 0.7668782390625 0.7597343750000001 0.7691210734375 0.746734375 0.7776262375 0.7124843750000001 0.785801203125 0.689734375 0.7892705125 0.683484375 0.7914064921875 0.677234375 0.7958848625 0.66875 0.7176277515624999 0.66875
0 1 1 1 0.66875 0.772608553125 0.66875 0.7711458328124999 0.6705625000000001 0.7676458328125 0.6780625 0.7633125 0.6848124999999999 0.7589791671875 0.6953125 0.7558125 0.6998125 0.7548125000000001 0.7040625 0.7498125 0.7158125 0.7469791671875 0.7258125 0.7413125 0.7375625 0.7391458328125 0.7488125 0.7359791671875 0.7595625 0.7353125 0.7645625 0.7358125 0.7718125 0.7318125 0.7893125 0.7301458328124999 0.8138125 0.7278125 0.8240624999999999 0.7266458328125001 0.8358125 0.7264791671874999 0.8488125 0.7293125 0.8540625000000001 0.7269791671875 0.8598125 0.7298125000000001 0.8643124999999999 0.7323125 0.8823125 0.7346458328125001 0.8898125 0.7349791671875 0.8958124999999999 0.7389791671875 0.9030625000000001 0.7401458328125 0.9100625000000001 0.7419791671875 0.9130625 0.7443125 0.9243124999999999 0.7446458328125 0.9308125 0.7458125 0.9365625 0.7456458328125001 0.9430624999999999 0.7478125 0.9565625000000001 0.7506458328125 0.9660624999999999 0.7548125000000001 0.9715624999999999 0.7563124999999999 0.9790625000000001 0.7594791671875 0.9835625 0.7609791671874999 0.9878125000000001 0.7671762015625 1 1 1