1 0.28328903437499997 0 0.271875 0.0573197671875 0.271875 0.1292242078125 0.28209093749999997 0.1640625 0.31357009687500004 0.1640625 0.3136125578125 0.164051946875 0.3235184109375 0.0993461859375 0.3235184109375 0.0774053203125 0.3210980421875 0.045737984375 0.307769478125 0.0026873859375 0.3078559515625 0 0.28328903437499997 0
1 0.193231834375 0 0.1925556046875 0.019849715625 0.1875 0.0362311953125 0.1875 0.165625 0.198607146875 0.165625 0.20447369218749997 0.1651231765625 0.22200296718749998 0.10668000156249999 0.223712015625 0.0625148109375 0.2132777890625 0.0057143625 0.21418920468749997 0 0.193231834375 0
1 0.129769328125 0 0.1295807390625 0.015837745312500002 0.1234375 0.035326671875 0.1234375 0.159375 0.1397787296875 0.159375 0.15643324375 0.10145626875 0.1465262609375 0.03180048125 0.15027676406249998 0 0.129769328125 0
1 0.080384709375 0 0.084114325 0.040150121875 0.0734375 0.086221384375 0.0734375 0.09567108125 0.07764841875 0.13573835781250002 0.08831446093749999 0.1625 0.0891834453125 0.1625 0.1078304953125 0.1577971796875 0.112207171875 0.134430159375 0.112207171875 0.07595834375 0.1003686046875 0.0376991421875 0.10247931562499998 0 0.080384709375 0
1 0.1839956171875 0 0.1861813234375 0.0328364640625 0.175 0.08079568125 0.175 0.129062503125 0.184490459375 0.1625 0.19429945312500002 0.1625 0.18454733750000002 0.081818040625 0.19925322031249998 0.018434835937499998 0.1975014046875 0 0.1839956171875 0
1 0.25325116875 0 0.257036375 0.037196921875 0.246875 0.0816342765625 0.246875 0.08868635625 0.25009423124999997 0.1229146921875 0.2631547453125 0.1609375 0.27479858749999997 0.1609375 0.27479858749999997 0.07393440625 0.272769859375 0.0568903234375 0.2742510265625 0 0.25325116875 0
1 0.32518668125 0 0.336615546875 0.159375 0.359375 0.159375 0.359375 0.049763243750000005 0.3486338515625 0.016733114062500002 0.3483575171875 0 0.32518668125 0
1 0.35625 0 0.35625 0.035702489062499995 0.3576206140625 0.108166628125 0.35625 0.1193821375 0.35625 0.1578125 0.37743263437499996 0.1578125 0.3870038609375 0.11049539531250001 0.37441678437500003 0.028305703124999998 0.37628704375 0 0.35625 0
1 0.39489598593749997 0 0.3993677265625 0.0492909078125 0.3859375 0.053705678125 0.3859375 0.057887453125 0.3959730984375 0.0982344625 0.3933662703125 0.159375 0.40643390312500005 0.159375 0.4061848890625 0.1301922734375 0.41066252187499996 0.1363672578125 0.41240670625 0.125366365625 0.41177844218750004 0.1155624453125 0.4032943765625 0.11056541875 0.40609114999999996 0.10325050312499999 0.40134625625 0.10564444375 0.4028396359375 0.0652508015625 0.41146431093749997 0.110660484375 0.41833791875 0.11074046562499999 0.41833791875 0.06977875156249999 0.416335859375 0.0592849609375 0.41389892812499995 0 0.39489598593749997 0
0 0.5890625 0 0.45216020468749996 0 0.4515625 0.014905940625 0.4515625 0.0935307703125 0.466705246875 0.1450278890625 0.543671603125 0.1828125 0.5890625 0.1828125 0.5890625 0
1 0.746003740625 0.4390625 0.7438752828124999 0.42066888125 0.728394034375 0.357087009375 0.7276846609375001 0.3247221171875 0.730578025 0.284652209375 0.729369365625 0.2560335375 0.72277545 0.2422131265625 0.71545685 0.238178709375 0.7050671171875 0.24365864531249998 0.6986509703125 0.2603937890625 0.6982486484375 0.2808066734375 0.7038125171875 0.3414926328125 0.7034209687499999 0.3637573703125 0.6922642999999999 0.41654455781250005 0.6921875 0.41717052656250003 0.6921875 0.4390625 0.746003740625 0.4390625
1 0.28772056562500004 0.4390625 0.2903712828125 0.49529954062500003 0.281206371875 0.532175925 0.27987012031249997 0.5711923609375 0.288848253125 0.609375 0.3044130578125 0.609375 0.3126907015625 0.5699027875 0.313286103125 0.5378945703125 0.3036606140625 0.4956042890625 0.306502803125 0.4467380859375 0.3054183109375 0.4390625 0.28772056562500004 0.4390625
1 0.334773978125 0.4390625 0.332320728125 0.4440265109375 0.33113073593750003 0.501061884375 0.3265625 0.5168972234375 0.3265625 0.621875 0.329819371875 0.621875 0.335361028125 0.6208927734375 0.3487352890625 0.56838778125 0.34860165625 0.539152915625 0.3429547296875 0.500013975 0.351070728125 0.4445720796875 0.3487493015625 0.4390625 0.334773978125 0.4390625
1 0.54286743125 0.4390625 0.5413237734375 0.49287525 0.5390625 0.5011815625 0.5390625 0.6107190796874999 0.548887765625 0.6092456343749999 0.559711003125 0.5667363828124999 0.561653415625 0.5389586046875 0.5553862734375 0.493858596875 0.5614908859375001 0.4390625 0.54286743125 0.4390625
1 0.50882040625 0.4390625 0.5069427359375 0.4426215296875 0.5112750296875 0.4995659734375 0.50625 0.5419754640625 0.50625 0.5901001078125 0.5152238890625 0.621875 0.52742026875 0.621875 0.5309741203125 0.616232640625 0.5332021046875 0.60041568125 0.5332021046875 0.5352168203125001 0.5247987859375 0.506510415625 0.5249599875000001 0.44401041562500004 0.52163290625 0.4390625 0.50882040625 0.4390625
1 0.42384126406249995 0.4390625 0.42021484375 0.4454250625 0.42333984375 0.501053353125 0.4171875 0.5271601546875 0.4171875 0.5354672359375 0.43154296875 0.546383171875 0.4441268640625 0.58125 0.4444791796875 0.58125 0.44599609375 0.5529695734375 0.43583984375 0.50134429375 0.43896484375 0.44308369687500004 0.436393771875 0.4390625 0.42384126406249995 0.4390625
1 0.391329684375 0.604796446875 0.39058237500000004 0.575634325 0.3965217953125 0.5548418984375 0.4030713296875 0.5446478765625 0.4030713296875 0.516893928125 0.4021506375 0.5132206828125 0.40229130625 0.4562944203125 0.39822976875 0.4458573 0.39254265 0.441658815625 0.3832404390625 0.4429931640625 0.3796875 0.45437262812499996 0.3796875 0.45544886562500003 0.389359484375 0.5075924046875 0.381042375 0.557528771875 0.3808628578125 0.58390856875 0.3934939171875 0.6311898796875 0.39379262812500004 0.63125 0.39721655 0.63125 0.3986715140625 0.625666140625 0.391329684375 0.604796446875
1 0.3738765890625 0.4390625 0.3801524453125 0.492587103125 0.371875 0.5442447671874999 0.371875 0.5452239203125 0.37411016875 0.568275084375 0.379398140625 0.5828125 0.3813119203125 0.5828125 0.3835049546875 0.5813257953125 0.382595128125 0.5549869734375 0.39077350312500003 0.5126323234375001 0.389705453125 0.4959656578125 0.3800930859375 0.45523729843750005 0.38285217656250004 0.44365703281249996 0.3915250375 0.4393716671875 0.39141089687499997 0.4390625 0.3738765890625 0.4390625
0 0.4421875 0.581782475 0.436605625 0.5568169578125 0.4292605140625 0.54427184375 0.418363415625 0.5382843078125 0.3995891734375 0.5440913859375 0.3865733046875 0.5667469484375001 0.3828125 0.5844176015625 0.3828125 0.5977992249999999 0.38623393125 0.62508028125 0.39899931093749996 0.6454802749999999 0.40128336875 0.646875 0.42102261875 0.646875 0.426351140625 0.6416991171875 0.4409295109375 0.6189068546875001 0.4421875 0.6102108578125 0.4421875 0.581782475
1 0.5890625 0.9649377828125001 0.591498725 0.9791914953124999 0.5959587375 0.9890625 0.6236103109375 0.9890625 0.625406759375 0.9856872640625 0.6350332468750001 0.9385831781250001 0.63962711875 0.9032245640625 0.63962711875 0.868360640625 0.6376357203125 0.848513271875 0.6253495015625 0.7967133453125 0.6215528359375 0.771085025 0.6228890875 0.7320685890625 0.6263517671875001 0.7002895 0.62621170625 0.6762154265625 0.619601634375 0.6596172390625 0.6138455328125 0.6554552765625 0.6070746984375 0.656007975 0.6013724671875 0.661105271875 0.59497248125 0.68061819375 0.59921625625 0.783098365625 0.5890625 0.8190179359374999 0.5890625 0.9649377828125001
1 0.675980771875 0.8702329265625 0.681296571875 0.8285662593750001 0.68547883125 0.80792120625 0.68547883125 0.7001059046875 0.6839679578125 0.6813440374999999 0.6853722765625 0.66189959375 0.6748118515625 0.6503255187500001 0.6635151890625 0.6549551484375 0.65753828125 0.6702329265625 0.6642523609375 0.7730107046875 0.6513145781249999 0.8350477406250001 0.65 0.854953290625 0.65 0.8861050171875 0.6519796375 0.9137514453125 0.6631976765625 0.966529225 0.6686467734375 0.9808810749999999 0.6709423796875 0.98125 0.68547883125 0.98125 0.68547883125 0.952251465625 0.6784774671875 0.91189959375 0.675980771875 0.8702329265625
1 0.715899225 0.7673663515625 0.7155692218749999 0.73126433125 0.7178078109375 0.7044336890625 0.7164490906250001 0.6785077640624999 0.708992421875 0.6604143328125 0.701930434375 0.6548193859375 0.6901938953125 0.659379321875 0.6849564625 0.673696328125 0.684933834375 0.6931347125 0.69289845625 0.7755633296875001 0.692487625 0.7875943078125001 0.6828125 0.8418379484375 0.6828125 0.9064847468749999 0.6834621234375 0.9134293296875 0.6929503968749999 0.9653205734375 0.7005591171875001 0.9912828609375002 0.705719825 0.9953125 0.7266578859375 0.9953125 0.7266578859375 0.8182860859375 0.720431471875 0.7942363828125 0.715899225 0.7673663515625
1 0.7671948203125 0.9852539468749999 0.7733327437499999 0.9879525921875001 0.7856019328125 0.9890625 0.7908710984375 0.9890625 0.7908710984375 0.8157747328125 0.7801759640625 0.779069090625 0.7781717312499999 0.7558875671875 0.7794770765625 0.7034101765624999 0.7776376609375 0.674706471875 0.771189865625 0.6590782421875 0.762563090625 0.653125 0.7586254578125 0.653125 0.7513388625 0.6568840078125 0.74690849375 0.6727372578124999 0.75621763125 0.7775337703125 0.7485897578125 0.8203847578125 0.746875 0.83918041875 0.746875 0.9036685453125 0.761208521875 0.9687331656249999 0.7671948203125 0.9852539468749999
1 0.7203125 0.9749008109374999 0.7209272125 0.9765625 0.7367843125 0.9765625 0.7382252406250001 0.9727926 0.7287064875 0.9088435562499999 0.7283418734375 0.882037271875 0.7332502359374999 0.8436642062499999 0.7471366640625 0.7832202046875001 0.745130440625 0.6806702609374999 0.7494048453125 0.66178720625 0.7465860484375 0.6541674546875 0.7382958109375 0.64748911875 0.7262843234374999 0.6540927156249999 0.7203125 0.67140595625 0.7203125 0.6745944843749999 0.723844609375 0.7602707203125 0.7203125 0.7831394453125 0.7203125 0.8339130984375 0.7228281828125 0.8455014703125 0.7257969625 0.8720799203125 0.725022946875 0.91564400625 0.7203125 0.954584428125 0.7203125 0.9749008109374999
1 0.8501292796875 0.8084311218749999 0.8410188968749999 0.7776301890624999 0.8374389250000001 0.673036921875 0.8309911296875001 0.6576955109375 0.82386428125 0.6520611671875 0.812122459375 0.6556254812500001 0.8078125 0.6696338546874999 0.8078125 0.6895494515625 0.8164210578125001 0.7754934953125 0.8078125 0.8282542203125001 0.8078125 0.8992924609374999 0.8145883515625 0.9336874390624998 0.8268114828125 0.9782409718749999 0.83217716875 0.9828125 0.8501292796875 0.9828125 0.8501292796875 0.8084311218749999
1 0.9017613453125 0.6959144937499999 0.9003055734375 0.6681367140625 0.8951748687500001 0.65481383125 0.888064353125 0.6484899421874999 0.87575845625 0.6524845875 0.8700972406249999 0.6688398234375 0.877942184375 0.768779209375 0.8663803968749999 0.83672335625 0.865625 0.8539218640625 0.865625 0.8671875 0.8665291203125 0.8671875 0.8837684734375 0.84512566875 0.8908175125 0.8403263265625001 0.9026025750000001 0.83634380625 0.9106872421875 0.8378633687499999 0.9106872421875 0.80482961875 0.9027610312500001 0.77469093125 0.9000435906250001 0.7228390796874999 0.9017613453125 0.6959144937499999
0 0.9310976562500001 1 0.9364583328125 0.9896412031249999 0.9416666671874999 0.96741898125 0.9411458328125001 0.9118634265625001 0.9307291671875 0.8664930562500001 0.9174479171875 0.8484375 0.90078125 0.8364004625 0.8888020828125001 0.8364004625 0.8768229171874999 0.84195601875 0.85703125 0.8688078703125001 0.85 0.882233796875 0.84375 0.9053819437499999 0.8401041671874999 0.9377893515625001 0.8442708328125 0.976678240625 0.851508621875 1 0.9310976562500001 1