1 0.3423227890625 0.3359375 0.353125 0.3348506953125 0.353125 0.1938995171875 0.3389171015625 0.1632129671875 0.33858325625 0.0785592859375 0.3285860640625 0.0668640375 0.3272876109375 0.0667619828125 0.306066465625 0.0667619828125 0.293235728125 0.0869766328125 0.3062373625 0.1656892890625 0.2856163453125 0.2353271125 0.28884918593750003 0.2749310734375 0.31153760625000004 0.33132487187500004 0.3180981609375 0.3359375 0.3423227890625 0.3359375
1 0.23857726562499998 0.3328125 0.246875 0.33178390625 0.246875 0.20725926874999998 0.23551145468749998 0.1841828015625 0.23728876875 0.10950653125000001 0.2291427234375 0.097601490625 0.2196775765625 0.0966254296875 0.208642290625 0.0966254296875 0.196650590625 0.11542462656250001 0.20688769687500003 0.1727615609375 0.1894527734375 0.2335287390625 0.1887227359375 0.2733421203125 0.20876376406250002 0.330050790625 0.212784753125 0.3328125 0.23857726562499998 0.3328125
1 0.1549974 0.132240634375 0.1466978296875 0.12167142812500001 0.13430673125 0.1203125 0.133672678125 0.1203125 0.1188381921875 0.13616843437499998 0.11961600624999999 0.20043930625 0.1056968140625 0.22946751562499998 0.1056968140625 0.32064765156249997 0.11011235625 0.3328125 0.12028027968749999 0.3328125 0.13730000625 0.3319961640625 0.1578118 0.2920784703125 0.1609375 0.27540383749999997 0.1609375 0.24049682031250003 0.14586554375 0.1983327984375 0.1549974 0.132240634375
1 0.052168796875 0.2822038203125 0.048517665625 0.2814701140625 0.048517665625 0.291905578125 0.0578982390625 0.328065909375 0.0822676640625 0.3296875 0.08571929843750001 0.3296875 0.10090036718749999 0.29613646562499996 0.103125 0.25495873593749996 0.103125 0.25092936250000003 0.08780749374999999 0.2044979234375 0.095236359375 0.1530002734375 0.08809944374999999 0.1410093890625 0.0788866890625 0.13915805781249999 0.07424906875000001 0.13915805781249999 0.06264303125000001 0.1497624546875 0.06484526562500001 0.2106472921875 0.0495057015625 0.247721625 0.05022188125 0.253454384375 0.0543788578125 0.2491148875 0.0528273703125 0.2912369140625 0.052168796875 0.2822038203125
1 0.08630311406249999 0.1401451078125 0.07684023906250001 0.1390625 0.0745393515625 0.1390625 0.063033021875 0.14991040625000002 0.069144728125 0.210871421875 0.053092315625 0.2526485328125 0.052764909375 0.280748884375 0.0713759421875 0.3296875 0.07453426875 0.3296875 0.100822271875 0.328922596875 0.1015625 0.32657185312500003 0.1015625 0.228736484375 0.0917131140625 0.20360514531249999 0.0958664765625 0.152259853125 0.08630311406249999 0.1401451078125
1 0.41837761249999994 0.3323260453125 0.42812393281250005 0.3216821578125 0.43936023437499994 0.2861619796875 0.440625 0.27103855 0.440625 0.24464226249999999 0.41749437812499995 0.18051086249999998 0.421964321875 0.10588198906249999 0.41213789375000004 0.0980658328125 0.39583184843749997 0.0980658328125 0.3827870375 0.1154542359375 0.3913121859375 0.17589126093750002 0.3704063703125 0.2352566453125 0.36901239218750004 0.2766345875 0.38402548593749997 0.3283255234375 0.3900328203125 0.3328125 0.41388892187500004 0.3328125 0.41837761249999994 0.3323260453125
1 0.5046875 0.234993303125 0.49086500468749994 0.2017087640625 0.49384637031249995 0.1357877265625 0.482865340625 0.1232261015625 0.4681594578125 0.122969409375 0.4579466703125 0.1368104234375 0.4661151265625 0.19303011718750002 0.4480437609375 0.24549314375 0.44732205468749997 0.2768177578125 0.46412217343749995 0.328125 0.5013432640625 0.328125 0.5046875 0.31775046093750003 0.5046875 0.234993303125
1 0.55 0.23106783125 0.5412015593749999 0.2090221625 0.5471116515625 0.15086624375 0.54155111875 0.14225717031250001 0.5343016046875 0.1410131375 0.5275040171875001 0.1410131375 0.5144319140625 0.1535338671875 0.51832574375 0.2108894984375 0.5063981734375 0.2398759734375 0.5058311640625 0.2525155265625 0.5058311640625 0.305024996875 0.515080815625 0.3296875 0.53475816875 0.3296875 0.5390988875 0.3294842078125 0.55 0.30272978125 0.55 0.23106783125
1 0.3852275921875 0.1442628921875 0.374549065625 0.14166405937499998 0.3642162109375 0.1539167125 0.370500859375 0.21337969218750003 0.3598311125 0.24624990000000002 0.359502996875 0.3023364984375 0.3696569609375 0.3296875 0.3841691015625 0.3296875 0.3699422984375 0.2595653 0.3890625 0.1762338390625 0.3890625 0.1616306875 0.3852275921875 0.1442628921875
1 0.6668943828125 0 0.6683908093750001 0.0183319625 0.6774875265625 0.062362007812499995 0.6932877421875 0.11147401406249999 0.6981830734375001 0.11875 0.6995589125 0.11875 0.7127179859374999 0.1183865578125 0.7234375 0.1086165921875 0.7234375 0 0.6668943828125 0
1 0.0353804234375 0.6381839406250001 0.029925135937500003 0.6328125 0.02280075 0.6328125 0.019689492187499998 0.634075953125 0.015081115624999999 0.647852334375 0.02185199375 0.7208669765625 0.0155954203125 0.7538084078125 0.0131495 0.780927271875 0.0160437734375 0.8179309312499999 0.0254858359375 0.8515625 0.0255434765625 0.8515625 0.0292755703125 0.804066803125 0.0375 0.7778637671874999 0.0375 0.6454102890625 0.0353804234375 0.6381839406250001
1 0.0737319046875 0.6317830375 0.0672973 0.63883203125 0.0641039046875 0.6504862671875 0.0641039046875 0.740625 0.08013874374999999 0.740625 0.08334417968749999 0.7375151843750001 0.08232889374999999 0.7208848828125001 0.0890625 0.64782270625 0.0890625 0.6465176968749999 0.084491396875 0.6343699 0.0737319046875 0.6317830375
1 0.1493167328125 0.815818190625 0.15 0.7766738281250001 0.15 0.7729308015624999 0.1390345859375 0.7192237703125001 0.1424270484375 0.6441145875000001 0.136671815625 0.6310025625 0.12886474375 0.628125 0.127528128125 0.628125 0.12072983125 0.6350758234375 0.11739472343749999 0.6472766328125 0.119323728125 0.715631378125 0.1125257953125 0.7464099656250001 0.1125257953125 0.7641745015625 0.11811783125 0.7698116921875 0.1289036125 0.7928359453125 0.13522190781250001 0.818407028125 0.13717959062500001 0.8553075859374999 0.1389061578125 0.85625 0.1404360484375 0.85625 0.1493167328125 0.815818190625
1 0.18643673593750001 0.86875 0.20753194062500002 0.86875 0.2078125 0.8672703687500001 0.2078125 0.7512228999999999 0.19911702656250002 0.7196673296875 0.1993526046875 0.657539365625 0.1977071796875 0.6446067109375 0.192220190625 0.6331766078125 0.1832366484375 0.630656459375 0.17561655 0.64061358125 0.1740076015625 0.6508593828125 0.180410153125 0.7211388249999999 0.1721066453125 0.7668122890625 0.1723123 0.80482071875 0.1767310703125 0.8325075671875 0.18643673593750001 0.86875
1 0.220627034375 0.7675512343750001 0.219274621875 0.8037807453125 0.2214818546875 0.824919175 0.2311046515625 0.8668013718750001 0.2316955421875 0.8671875 0.2498310375 0.8671875 0.2534681640625 0.8595487625 0.2609375 0.8187362640625 0.2609375 0.767229175 0.2607365890625 0.7654382484375 0.248477303125 0.7181978265625 0.248272603125 0.6830126421875 0.25071516250000003 0.6550375328125 0.24958730624999997 0.6403016499999999 0.2445828265625 0.6309543578125 0.240008121875 0.62942785 0.2367775703125 0.62942785 0.23208821406250002 0.6328274781250001 0.22722379374999999 0.6475542609375 0.2307689703125 0.719539684375 0.220627034375 0.7675512343750001
1 0.2791271703125 0.8257979546875 0.289085946875 0.8639154687499999 0.2892079578125 0.8640625 0.30916846875 0.8640625 0.3098923375 0.8633531890625001 0.3109375 0.8567766578124999 0.3109375 0.752141753125 0.30502495 0.731853525 0.3012264078125 0.7086508296874999 0.3009029890625 0.6438632875 0.2972346859375 0.6340819734375 0.28876664218750003 0.629306884375 0.28415996718750003 0.6320028421874999 0.27910881249999997 0.6462592359375 0.2845328 0.7074339859375 0.28350913437499997 0.72592523125 0.27586734375 0.7674373484375 0.275849459375 0.80260435 0.2791271703125 0.8257979546875
0 0.021806662499999997 0.7911294828125 0.0151849328125 0.8129359609375 0.01099601875 0.842641165625 0.01099601875 0.8801509328125 0.0127533265625 0.8926506203125001 0.020601795312499997 0.9197481546875 0.030931396875 0.9387839984374999 0.0462169921875 0.9569529859374999 0.06462562187500001 0.9625 0.07550991875 0.9625 0.077069196875 0.9622936984375 0.093548175 0.9567878015625 0.11641270937499999 0.9281077937500001 0.130219228125 0.8969310625 0.1375 0.8600333156250001 0.1375 0.8365604859375001 0.1373706609375 0.814981915625 0.1300753484375 0.7859900125 0.11981039843750001 0.7632504640625 0.11189101875 0.7551131546875001 0.10875611562500001 0.7410376515625 0.10589023125000001 0.7394913609375 0.058583509374999995 0.7394913609375 0.057290587500000004 0.73969110625 0.044124296875 0.749087321875 0.038185021875 0.761592025 0.0315695515625 0.7681419843749999 0.021806662499999997 0.7911294828125
1 0.55 0.61875 0.55 0.9506204671875 0.5666214296875001 0.9761427390625 0.58305454375 0.9890625 0.59438470625 0.9890625 0.6060113046875 0.987620578125 0.609375 0.9853123421875001 0.609375 0.7399249421875 0.5698899328125 0.682510384375 0.561704578125 0.61875 0.55 0.61875
1 0.6924657062499999 0.61875 0.692637165625 0.64466675625 0.7072049265625 0.6973405453125 0.7420652515625 0.767270315625 0.7650637953125 0.76875 0.774968415625 0.76875 0.778125 0.7664160296875 0.778125 0.61875 0.6924657062499999 0.61875
1 0.8423377546874999 0.61875 0.8426752046875 0.6815972609375 0.8183392250000001 0.7386840250000001 0.8183392250000001 0.9461559375 0.82571378125 0.9710971890625 0.8411960031250001 0.9796875 0.847640815625 0.9796875 0.86499635 0.9786158734375 0.8833017968749999 0.965989803125 0.9074236984375 0.91224038125 0.9264920437499999 0.8380682609375001 0.9265625 0.83696880625 0.9265625 0.7953586359375 0.896420571875 0.6868124078125 0.900236596875 0.627264153125 0.9018789265624999 0.61875 0.8423377546874999 0.61875
1 0.7402646328125 1 0.709301653125 0.9462451937499999 0.7090918281249999 0.7759808859375 0.6884434828125 0.753676240625 0.6727585140625 0.753676240625 0.6655349921875 0.7649287890625 0.6527961390625 0.7655964046875 0.6402723375 0.7539436921875 0.6232120921875 0.774327121875 0.617825709375 0.8094850765625001 0.641332103125 0.9210861921875001 0.6420284109375001 0.972337440625 0.6303576203125 1 0.7402646328125 1