1 0.3072366296875 0 0.3091760171875 0.1156017 0.292044440625 0.1860961578125 0.292044440625 0.3389307734375 0.2982109859375 0.384864134375 0.31049638281249997 0.3890625 0.3389902 0.3890625 0.3476183859375 0.3543519640625 0.34295806562500003 0.2455636046875 0.3484375 0.19979661875000002 0.3484375 0.15710094531250002 0.33951011875 0.095108578125 0.34620808125 0 0.3072366296875 0
1 0.261011978125 0 0.2731920375 0.1064866765625 0.2605899484375 0.21171495 0.2630721265625 0.2811321203125 0.28435967500000003 0.37862707812499996 0.2973198171875 0.38125 0.2984375 0.38125 0.2984375 0.020481490625 0.2980481015625 0 0.261011978125 0
1 0.2198723078125 0 0.2103160890625 0.0155301390625 0.2122650296875 0.12130395000000001 0.197229815625 0.20003189687499998 0.197229815625 0.3503367515625 0.2002894375 0.376804940625 0.20971218125000002 0.378125 0.22848724062499998 0.378125 0.23667968125 0.3669487953125 0.2328286828125 0.2694537546875 0.24403675625000001 0.1863932390625 0.23737821406249998 0.119399190625 0.2453125 0.0289960046875 0.2453125 0.01674013125 0.2404026796875 0 0.2198723078125 0
1 0.513313865625 0 0.559206003125 0.28813457656249997 0.46749391874999996 0.51875 0.8203125 0.51875 0.8203125 0.5155329703125 0.8051328109375 0.47056337187499997 0.72045666875 0.332420440625 0.732851815625 0 0.513313865625 0
1 0.4723550109375 0.51875 0.5140625 0.41414304687500003 0.5140625 0.3374897453125 0.5032320484375 0.320591403125 0.5140625 0.31130535937500003 0.5140625 0.1139894484375 0.506821759375 0.0432279375 0.45832630625000004 0.0231818296875 0.408790365625 0.0231818296875 0.40675134843750005 0.023533968750000002 0.3690365515625 0.060090467187499996 0.4112685265625 0.302386134375 0.3619858265625 0.45013566718750003 0.3703810015625 0.51875 0.4723550109375 0.51875
1 0.8861780859374999 0.51875 0.8907133625 0.4174290328125 0.8513278734374999 0.30236123125000003 0.903125 0.0906024890625 0.903125 0.0779224390625 0.863808528125 0.031849931250000005 0.7887342390625001 0.0350778015625 0.750674096875 0.07886216874999999 0.751779553125 0.27588476875 0.7434438390625 0.2905606890625 0.7434438390625 0.4555127203125 0.7696264125 0.51875 0.8861780859374999 0.51875
1 0.9591209562499999 0.51875 0.9716534093749999 0.5030875734375 0.9828125 0.4468068859375 0.9828125 0.4268198671875 0.9482138671874999 0.29397308125 0.9769878890625 0.1107160765625 0.9486290000000001 0.0876944578125 0.9167141078124998 0.086579965625 0.876187496875 0.263819725 0.876187496875 0.32299785625 0.9204177703124999 0.45323008593749997 0.9177480390625 0.51875 0.9591209562499999 0.51875
1 0.165625 1 0.165625 0.909524721875 0.1567195640625 0.885489590625 0.15749356875 0.803437740625 0.1406528734375 0.79015740625 0.128402659375 0.8041148390625 0.12761794531249998 0.9900764625 0.1304133625 1 0.165625 1
1 0.22035799531250003 1 0.228125 0.956490621875 0.228125 0.943853021875 0.21304754531249998 0.8877298609375 0.2192279109375 0.8005099625 0.1994664109375 0.7911483718750001 0.17870587031250001 0.9472494484375 0.17870587031250001 1 0.22035799531250003 1
1 0.303125 1 0.303125 0.91029064375 0.2995088703125 0.90043185 0.292855453125 0.7966067140625 0.2726234046875 0.78460871875 0.271759934375 0.78460871875 0.260478359375 0.8041684531250001 0.2618255625 0.9961243703125 0.2628608859375 1 0.303125 1
1 0.35 1 0.35 0.7968284703125 0.3374877140625 0.7867146484375 0.31568058906249996 0.9172074468750001 0.31568058906249996 1 0.35 1
1 0.95625 0.942429671875 0.95625 0.8094379734375 0.9442479671874999 0.760114140625 0.9435361499999999 0.6725595875 0.918024271875 0.6696783390625 0.9157506578125 0.6829364265625 0.9232997203124998 0.764771771875 0.9110265265624999 0.8387283734375 0.9122875546875001 0.8748394828125001 0.9263828562499998 0.94262228125 0.9294052203125001 0.946875 0.9528193234375 0.946875 0.9561188578125 0.9433201875 0.95625 0.942429671875