1 0.5254649828125 0 0.5253182203125 0.0968933078125 0.541292775 0.125 0.5461127234375 0.125 0.5490431375 0.124404425 0.5613006609375001 0.11592564062499999 0.5632042265624999 0.038099379687500004 0.5671875 0.028586184375 0.5671875 0 0.5254649828125 0
1 0.4574187421875 0 0.46288899843750003 0.0938458875 0.43403361875 0.1661880375 0.43403361875 0.2390625 0.53026111875 0.2390625 0.5328125 0.21114729375 0.5328125 0.177292790625 0.5068814734375 0.08398476875000001 0.5150320109375001 0 0.4574187421875 0
1 0.7090637125000001 0 0.710482815625 0.020294121875 0.6780864015625 0.1216896203125 0.693995140625 0.23031395937500002 0.700985228125 0.2390625 0.75625 0.2390625 0.75625 0.0583030765625 0.7518143187499999 0.046676403125 0.753557953125 0 0.7090637125000001 0
1 0.885659721875 0 0.878125 0.0107638890625 0.8635416671874999 0.0607638890625 0.8635416671874999 0.1302083328125 0.871875 0.169097221875 0.89375 0.187152778125 0.915625 0.18576388906250002 0.9552083328125001 0.119097221875 0.9572916671874999 0.09131944374999999 0.948939278125 0 0.885659721875 0
1 0.2171875 0.41869088281250005 0.2171875 0.4028610296875 0.198846315625 0.3677625671875 0.173466434375 0.3677625671875 0.1515102609375 0.399937521875 0.15353266875 0.5965780171875 0.12554922968749999 0.690435134375 0.12554922968749999 0.7546875 0.12603164375 0.7546875 0.139714096875 0.7166300718749999 0.1653291640625 0.6790933078125 0.214200046875 0.64074443125 0.20363936875 0.5601145234375 0.2171875 0.41869088281250005
1 0.35 0.6200306796875 0.34070575000000003 0.5823359078125 0.3484576875 0.40859073281249997 0.3368297796875 0.3796332046875 0.3109899875 0.371911196875 0.2890261625 0.4047297296875 0.2967781 0.5630308875 0.276106265625 0.64411196875 0.3458737078125 0.7174710421875 0.35 0.6977413125 0.35 0.6200306796875
1 0.25155846249999997 0.3796332046875 0.2283026484375 0.3757722 0.2166747421875 0.3892857140625 0.2140907625 0.6132239375 0.22571866875 0.649903475 0.2709383078125 0.6479729734374999 0.276106265625 0.628667953125 0.2580184109375 0.5668918921875 0.26577034843749997 0.41245173749999997 0.25155846249999997 0.3796332046875
1 0.0797238375 0.5861969109375 0.0487160859375 0.70588803125 0.04613210625 0.7946911203125 0.074555878125 0.9298262546875 0.10814760937500001 0.9375482625 0.1314034234375 0.9298262546875 0.12106750625 0.759942084375 0.141739340625 0.6363899609375 0.12623546562500002 0.5823359078125 0.1365713828125 0.41245173749999997 0.1171915375 0.371911196875 0.09910368281250001 0.36805019375 0.0719719 0.40859073281249997 0.0797238375 0.5861969109375
1 0 0.83312861875 0.012540375000000001 0.891216215625 0.0513000640625 0.8989382234375001 0.061635981250000006 0.8796332046875002 0.0435481265625 0.7483590734375001 0.06938792031249999 0.62480695 0.059052003124999995 0.539864865625 0.066803940625 0.40086872656250006 0.0525920546875 0.3757722 0.0319202203125 0.371911196875 0.0099563953125 0.4047297296875 0.017708332812499998 0.5707528953125001 0 0.638105475 0 0.83312861875
0 0.35 0.7392857140625 0.3458737078125 0.72519305 0.3006540703125 0.665347490625 0.2696463171875 0.649903475 0.21279877187500001 0.653764478125 0.1688711234375 0.6885135140624999 0.1365713828125 0.74449806875 0.1236514859375 0.802413128125 0.1236514859375 0.8641891890625001 0.1391553625 0.9298262546875 0.163703165625 0.9742277999999999 0.194749678125 1 0.288444765625 1 0.31615794531249997 0.98194980625 0.35 0.9278953359375001 0.35 0.7392857140625
1 0.6640625 1 0.6640625 0.7665730265625 0.632718609375 0.668978615625 0.6282872765625 0.6312815546875 0.6284964937499999 0.56207330625 0.636954103125 0.4707490468750001 0.633267878125 0.42046044062500004 0.6147417796875001 0.37584951875 0.596246953125 0.3625 0.570675084375 0.3625 0.54772543125 0.38370719218750005 0.5357646015624999 0.43103214999999995 0.5360717421875 0.47978721718749995 0.5496533546875 0.5645635890625 0.5537970781249999 0.6305754671875 0.5448362203125 0.7046041265625 0.518783834375 0.8024245562499999 0.5147706703124999 0.8936970984375 0.5264045609375 0.9879332906249999 0.5298026828125 1 0.6640625 1
1 0.726219784375 1 0.7498524265625 0.9434584015624999 0.76853209375 0.8736939984374998 0.778125 0.7976436812500001 0.778125 0.7248881593750001 0.75970179375 0.6431051359375 0.7536167687499999 0.5852006390625 0.7550807703125 0.5348861734374999 0.773564328125 0.4337140328125 0.7750283296875 0.3833995671875 0.7649694703125001 0.347624053125 0.7473151203125 0.33449736875 0.7235313343750001 0.33449736875 0.71244331875 0.3408192953125 0.7002962765625 0.3577361375 0.691786496875 0.3831649765625 0.6867146625 0.4430298078125 0.691139575 0.5198410265625 0.6871331015625 0.5812393828125 0.67090440625 0.6430645484374999 0.6479337093749999 0.700071096875 0.6479337093749999 0.819321878125 0.6517150671875 0.8447880218750001 0.6479337093749999 0.9211102 0.6479337093749999 0.9618821453125002 0.65306161875 0.9892481046875 0.6611707375 1 0.726219784375 1
1 0.9417639953125001 0.846875 0.9540850921875 0.846875 0.9604773625 0.8450934499999999 0.9680960359374999 0.8351643281250001 0.9734375 0.8183190406249998 0.9734375 0.5412901109374999 0.9699895453125 0.5293753750000001 0.9651402078124999 0.47587745312499996 0.9734375 0.416447403125 0.9734375 0.32789175625 0.9693711390625002 0.31447098125 0.9522155218750001 0.29897126093750004 0.922545365625 0.30264061875000003 0.9074671265625 0.33269958437499997 0.9041105281250001 0.36395212031249996 0.9125881421875001 0.46933683437500007 0.9086701703125 0.508412203125 0.8906259656250001 0.5673846140625 0.9205445343750001 0.6782235234375 0.9237097562500001 0.7551899468750001 0.9152024937500001 0.839591196875 0.9417639953125001 0.846875
1 0.8070405703125001 0.3946113859375 0.8111008171874999 0.46046802499999995 0.8085584328125 0.5155900203125 0.7960068984374999 0.5726918109375 0.7719160921875 0.6349895671875 0.7719160921875 0.648707025 0.791676484375 0.7442112828125 0.79124655 0.8181106546875 0.7807434359375 0.904996109375 0.7967676453125 0.9192767390625001 0.8230752484374999 0.9203125 0.8263962718750001 0.9203125 0.8451512906249998 0.9086595062499999 0.8677394140625001 0.8448609406250001 0.8859928640625 0.7623755453125 0.890625 0.7144444421875 0.890625 0.710400978125 0.8888462656249999 0.6537944296875 0.8725546468750001 0.5900081359375 0.8672552234375001 0.54620935 0.8675205015625 0.500611865625 0.8846994296874999 0.4118824359375 0.8883163374999998 0.363004475 0.879656134375 0.32405849375 0.8658064265625001 0.312552696875 0.8375648203124999 0.312552696875 0.8302620046874999 0.3174254015625 0.8128431093749999 0.351932184375 0.8070405703125001 0.3946113859375
1 0.48870436406250006 1 0.49003472187499997 0.9985357703125001 0.500590278125 0.9631584125 0.4994791671875 0.840516903125 0.51725694375 0.744604953125 0.5061458328125 0.6927181609375 0.4861458328125 0.6424036953125001 0.47170138906250003 0.5826552671874999 0.46947916718750005 0.5229068390625 0.4761458328125 0.45057979531250003 0.4728125 0.384542059375 0.46170138906249997 0.35309551875 0.45225694375 0.341303065625 0.42225694375 0.3350137578125 0.400590278125 0.35152319218750006 0.38836805625 0.398693003125 0.38947916718750003 0.4411458328125001 0.40170138906249997 0.5103282234375 0.4061458328125 0.5700766515625 0.3961458328125 0.6518376578125 0.3828125 0.6911458328125 0.375034721875 0.7335986640625001 0.37392361093750004 0.8232213046875 0.3861458328125 0.9034099843749999 0.41281249999999997 0.9914602984374999 0.4200957859375 1 0.48870436406250006 1
1 0.6239236109374999 0.6644162734375 0.6350347218750001 0.7147307390625001 0.6461458328124999 0.7383156453125 0.645034721875 0.6612716187500001 0.6244791671875 0.586586084375 0.620590278125 0.5983785375 0.6239236109374999 0.6644162734375
1 0.545034721875 0.6471206765625 0.5461458328125 0.5968062109375 0.54225694375 0.586586084375 0.520590278125 0.6644162734375 0.51725694375 0.716303065625 0.51836805625 0.7335986640625001 0.5228125 0.739887971875 0.545034721875 0.6471206765625
1 0.5744791671874999 0.36331564531250005 0.5978125000000001 0.364887971875 0.6211458328124999 0.3853282234375 0.61725694375 0.3420892296875 0.6011458328125 0.3161458328125 0.5889236109375 0.3114288515625 0.565590278125 0.3161458328125 0.54836805625 0.34680621093749997 0.5461458328125 0.3861143875 0.5578125 0.37117727968750003 0.5744791671874999 0.36331564531250005
1 0.6939236109375 0.379825078125 0.710034721875 0.3444477203125 0.7311458328125 0.3350137578125 0.7350347218750001 0.3279382859375 0.72336805625 0.30199489062499996 0.710034721875 0.2941332546875 0.68336805625 0.3004225625 0.6728125 0.3185043234375 0.6661458328125001 0.34680621093749997 0.6728125 0.466303065625 0.6628125 0.5291961484375 0.6361458328125 0.6156741359375 0.6528125 0.721020046875 0.68725694375 0.6156741359375 0.695034721875 0.5779382859375 0.6961458328125 0.51661753125 0.6894791671875 0.4380011796875 0.6939236109375 0.379825078125
1 0.5305902781249999 0.6156741359375 0.5239236109375 0.58422759375 0.5061458328125 0.5370577828125 0.4939236109375 0.466303065625 0.500590278125 0.3861143875 0.4994791671875 0.3373722484375 0.4844791671875 0.30199489062499996 0.47114583281249994 0.2941332546875 0.45670138906249996 0.2941332546875 0.43947916718749996 0.307498034375 0.4328125 0.3326552671875 0.4467013890625 0.33658608437500004 0.46003472187500005 0.3491647015625 0.47392361093749996 0.3861143875 0.47725694374999994 0.44271816093749994 0.470590278125 0.5181898578125 0.47170138906250003 0.5779382859375 0.4839236109375 0.629825078125 0.5161458328124999 0.721020046875 0.5194791671875001 0.672277909375 0.5305902781249999 0.6156741359375
1 0.35 0.9221122203124998 0.35503472187499996 0.9222779093749999 0.37336805625 0.9167747640624999 0.3839236109375 0.9065546390625 0.3728125 0.8247936328125001 0.3717013890625 0.763472878125 0.37836805625 0.7052967765625 0.395034721875 0.6376867140625 0.3661458328125 0.562215015625 0.35836805625 0.5213345125 0.35503472187499996 0.46001375781250003 0.3594791671875 0.3876867140625 0.35281250000000003 0.34837853750000003 0.35 0.34330066718749996 0.35 0.9221122203124998