1 0 0.5796875 0.2616376375 0.5796875 0.249502090625 0.5515244046875 0.180239753125 0.47245319375 0.10256413906249999 0.40257514531250005 0.0778039703125 0.3738318953125 0.0657440625 0.3422545875 0.0648219125 0.307806853125 0.075738428125 0.259551190625 0.114919646875 0.18535127812500002 0.1362124578125 0.12168882031249999 0.13811491874999998 0.0920013203125 0.128879621875 0.06518424843750001 0.09098839843749999 0.0337881234375 0.04980219375 0.0171812 0.0028395390625 0.0078565578125 0 0.0078565578125 0 0.5796875
1 0.5290077 0.5796875 0.5267174484374999 0.5681026703125001 0.5279898890625001 0.5319673140625001 0.5347211953125 0.4839040234375 0.536277125 0.45148449218750003 0.5339234921875 0.43937471875 0.5294799296875 0.43138918593750003 0.51904895625 0.425291153125 0.517180125 0.425291153125 0.5043546640625 0.436831884375 0.49848044218749993 0.45524129999999996 0.498190334375 0.49232682812500006 0.50078788125 0.5331887937500001 0.498177096875 0.573929534375 0.49654750312499996 0.5796875 0.5290077 0.5796875
1 0.23359375 0.7723958328125 0.24375 0.8109375 0.25 0.8057291671875 0.25390625 0.7755208328125 0.245703125 0.69375 0.2375 0.7130208328125 0.23203125 0.7473958328125 0.23359375 0.7723958328125
1 0.25 0.6588541671875 0.253125 0.6640625 0.271484375 0.6541666671875 0.27578125 0.6411458328124999 0.27734375 0.6109375 0.27421875 0.6005208328125 0.265234375 0.5916666671875 0.255078125 0.5947916671875 0.24765625 0.6088541671875001 0.25 0.6588541671875
1 0.2796875 1 0.2796875 0.6545428234374999 0.276953125 0.653125 0.256640625 0.6604166671875 0.24921875 0.6786458328125 0.246875 0.7015625 0.25390625 0.7557291671875 0.25390625 0.7880208328125 0.25078125 0.8067708328125001 0.22734375 0.8692708328125001 0.221875 0.9057291671875 0.2234375 0.9411458328125001 0.23892543906250002 1 0.2796875 1
1 0.1578125 0.8828125 0.1671875 0.8901041671875 0.180078125 0.8895833328125 0.1890625 0.8828125 0.20234375 0.8390625 0.20625 0.8130208328125 0.20625 0.7921875 0.2015625 0.7651041671875001 0.18671875 0.7203125 0.1859375 0.6932291671875 0.19140625 0.6369791671875 0.18671875 0.6171875 0.176953125 0.6104166671875 0.163671875 0.6125 0.1546875 0.6286458328125 0.159375 0.7182291671875001 0.14453125 0.7671875 0.13984375 0.8078125 0.1421875 0.8317708328125001 0.15234375 0.8671875 0.1578125 0.8828125
1 0.0769729875 1 0.09140625 0.9432291671874999 0.09375 0.8963541671874999 0.0859375 0.8536458328125001 0.059375 0.7953125 0.05625 0.7776041671875 0.06015625 0.6890625 0.0578125 0.6692708328125 0.045703125 0.65 0.037109375 0.6447916671875 0.027734375 0.6447916671875 0.013671875 0.653125 0.00390625 0.6755208328125 0.00703125 0.7119791671875 0.01875 0.7640625 0.01953125 0.8057291671875 0.00390625 0.8557291671874999 0 0.8939236109375 0 0.9092708328124999 0.003125 0.9401041671874999 0.0109375 0.9661458328125001 0.02421875 0.9932291671875 0.023880207812500002 1 0.0769729875 1
1 0 0.8751736109374999 0.00390625 0.8526041671875 0.01875 0.8046875 0.01953125 0.7901041671875 0.01875 0.7713541671875 0.003125 0.6973958328125 0.0046875 0.6671875 0.01640625 0.6463541671875 0.015625 0.6276041671875 0.007421875 0.6114583328125 0 0.608159721875 0 0.8751736109374999
1 0.19110576875000002 0.5796875 0.1890625 0.5817708328125 0.18671875 0.5911458328125 0.1921875 0.6473958328125 0.1859375 0.7015625 0.1921875 0.7380208328125 0.20234375 0.7630208328125 0.20859375 0.7609375 0.21640625 0.7348958328124999 0.2203125 0.7130208328125 0.2203125 0.6890625 0.20859375 0.6484375 0.21171875 0.5869791671875 0.20818014687500003 0.5796875 0.19110576875000002 0.5796875
1 0.11015625 0.8098958328125001 0.1171875 0.8109375 0.130859375 0.8104166671874999 0.1375 0.8057291671875 0.14921875 0.7473958328125 0.14921875 0.7348958328124999 0.14453125 0.7067708328125 0.13125 0.6651041671875 0.13359375 0.6036458328125 0.125390625 0.5875 0.112890625 0.5854166671875001 0.10390625 0.6026041671875 0.10859375 0.6776041671875 0.096875 0.7192708328124999 0.09609375 0.7473958328125 0.11015625 0.8098958328125001
1 0.862235321875 1 0.8706704328124999 0.9980727140625 0.86248776875 0.9728449734375 0.8940848796874998 0.9385282 0.9134252249999999 0.8813925874999999 0.9141918015625 0.8388470390625 0.8955491140625 0.79334600625 0.8951942374999999 0.76830045625 0.9128980515624999 0.706119296875 0.8966300562499999 0.6694365859375 0.886552428125 0.6692020265624999 0.8788471906249999 0.6692020265624999 0.8611819281249999 0.6873894875 0.858847740625 0.784980584375 0.8390625 0.8136970250000001 0.8390625 0.9538320500000002 0.8433989203125 0.9648894875 0.8546599828125 0.972662778125 0.8461913656250001 0.9824805859375001 0.8501840749999999 1 0.862235321875 1
1 0.6311949609375 0.9731249999999999 0.64293664375 0.9806250000000001 0.6703339046875 0.965625 0.68598948125 0.915625 0.687946428125 0.8731249999999999 0.6781616921875 0.835625 0.6507644328125 0.790625 0.6527213796875 0.7056250000000001 0.6400012234375 0.684375 0.6184748046874999 0.681875 0.59988380625 0.713125 0.61749633125 0.8006249999999999 0.59988380625 0.850625 0.59988380625 0.903125 0.6311949609375 0.9731249999999999
1 0.50769145 1 0.5020364484375 0.9181250000000001 0.485402396875 0.899375 0.46583292499999995 0.899375 0.44724192812499997 0.923125 0.44724192812499997 0.9506249999999999 0.46656678124999995 1 0.50769145 1
1 0.78092716875 1 0.7799229453125001 0.9981249999999999 0.787750734375 0.913125 0.776987525 0.8943749999999999 0.761331946875 0.8868750000000001 0.7437194234375 0.891875 0.7309992656250001 0.9106249999999999 0.7399686062499999 1 0.78092716875 1
1 0.7278340515624999 0.5796875 0.72904231875 0.630625 0.6996881109374999 0.693125 0.701645059375 0.760625 0.7173006359375 0.813125 0.72904231875 0.828125 0.7515472109375 0.826875 0.7603534734374999 0.815625 0.7818798921875 0.745625 0.7818798921875 0.693125 0.7623104203125 0.6381249999999999 0.767950046875 0.5796875 0.7278340515624999 0.5796875
0 0.7764612234375 0.5796875 0.7623104203125 0.6056250000000001 0.7623104203125 0.6331249999999999 0.7818798921875 0.688125 0.7857937859375 0.725625 0.813191046875 0.740625 0.8552654109375 0.7318749999999999 0.8621147265625 0.685625 0.899296721875 0.660625 0.899296721875 0.628125 0.8855980921875 0.588125 0.8789933953125001 0.5796875 0.7764612234375 0.5796875