1 0 0 0 0.0038512390624999998 0.001889315625 0.009083778125 0 0.0164548578125 0 0.4 0.46942612187500005 0.4 0.48389369687499995 0.37208089375000003 0.48389369687499995 0.24981015625 0.47305875000000003 0.22905399218750003 0.397489959375 0.153005734375 0.3142723125 0.08646884375 0.2872188875 0.058807493749999995 0.27261091875 0.02780295625 0.2695932859375 0 0 0
1 1 0 0.9515218187500001 0 0.955945240625 0.096817015625 0.9265625 0.2296601890625 0.9265625 0.2889964546875 0.9266517499999999 0.2941095859375 0.941483353125 0.31024913593750003 0.9660152484375001 0.3109375 1 0.3109375 1 0.1212449796875 0.9961360062499999 0.10704777812499999 1 0.00526389375 1 0
1 0.837253278125 0 0.8376136359374999 0.014079576562500001 0.8149504796875 0.1145406859375 0.8114601125 0.168764784375 0.8267045453125 0.1889429640625 0.87943181875 0.1916752046875 0.8963915015625 0.163517309375 0.8957954546875 0.074188865625 0.8739772734375 0.0031506140625 0.87419861875 0 0.837253278125 0
1 0.7361347031250001 0 0.7323459421875 0.0218350515625 0.7311826031249999 0.081306625 0.7467045453125 0.0960467890625 0.78125 0.09877902968749999 0.8085227265625001 0.074188865625 0.8049963484375 0 0.7361347031250001 0
1 0.288029878125 0.644693134375 0.29251768437500003 0.5038311796875 0.2894382140625 0.48659571718750005 0.27735251562499996 0.4707524 0.25799426875 0.47603007656249996 0.25080791874999997 0.5020893390625 0.2561285328125 0.6477198625 0.2446629078125 0.7071973109374999 0.23528547500000002 0.7271200984374999 0.23827874843750002 0.7394172921875001 0.234375 0.7430111953124999 0.234375 0.8017202328125 0.237181828125 0.8357620734375001 0.2567027484375 0.919397534375 0.2663903015625 0.9359375 0.2851588140625 0.9359375 0.29020847656250004 0.9286922390625 0.30652625312500004 0.8365507328125 0.30652625312500004 0.73252156875 0.288029878125 0.644693134375
1 0.2095486109375 0.77978395 0.22482638906250002 0.8415123453125 0.23315972187499998 0.8415123453125 0.22899305625 0.7600308640625 0.2526041671875 0.6341049375 0.2484375 0.5106481484375001 0.2526041671875 0.48595679062499997 0.2407986109375 0.4649691359375 0.22552083281250002 0.4699074078125 0.2192708328125 0.48842592656250006 0.2234375 0.60694444375 0.20399305625 0.7254629625 0.2095486109375 0.77978395
1 0.10260416718750001 0.8983024687500001 0.1109375 0.9081790125000001 0.13454861093749998 0.8983024687500001 0.151215278125 0.804475309375 0.151215278125 0.7476851859375 0.1276041671875 0.6291666671874999 0.12899305625 0.493364196875 0.12274305625 0.47484567968749997 0.10052083281249999 0.4625 0.08871527812499999 0.48101851875 0.0984375 0.6192901234375 0.08315972187500001 0.7081790124999999 0.08038194374999999 0.7871913578124999 0.09427083281250001 0.866203703125 0.10260416718750001 0.8983024687500001
1 0.18038194375 0.730401234375 0.18732638906250001 0.7378086421875001 0.1942708328125 0.730401234375 0.1901041671875 0.6612654328125 0.2026041671875 0.5896604937500001 0.201215278125 0.47361111093749997 0.19357638906250002 0.46003086406250004 0.182465278125 0.4625 0.1776041671875 0.47608024687499995 0.18038194375 0.5748456796875 0.1692708328125 0.6242283953125 0.1692708328125 0.6711419750000001 0.18038194375 0.730401234375
1 0.19288194375 0.7254629625 0.20815972187499998 0.77978395 0.20399305625 0.7106481484375 0.2234375 0.6020061734375 0.22135416718749998 0.4625 0.21024305625 0.4625 0.2026041671875 0.47361111093749997 0.20538194375000002 0.5773148140625001 0.1901041671875 0.6637345671875 0.19288194375 0.7254629625
1 0 0.656294675 0.020659721875000002 0.74521605 0.026215278125 0.6884259265624999 0.00399305625 0.5921296296875 0.0026041671875 0.4834876546875 0 0.47680041093750003 0 0.656294675
1 0.0817708328125 0.6415123453125 0.0817708328125 0.7081790124999999 0.0970486109375 0.6415123453125 0.094965278125 0.5736111109375 0.0817708328125 0.6415123453125
1 0.8397324234375001 0.4 0.8408370375 0.428839340625 0.8271381828125 0.4499181390625 0.825036865625 0.4638479359375 0.8331535875 0.5706832859375 0.819425021875 0.634831271875 0.8171875 0.6642065374999999 0.8171875 0.6760352000000001 0.8182934296875001 0.7043166281250001 0.8235870078125 0.7389570296875 0.8345190390624999 0.783224196875 0.8388537328125001 0.790625 0.8607539515625 0.790625 0.8705050249999999 0.78537468125 0.8764315109374999 0.7396991140625 0.8764315109374999 0.6394352734375 0.8589833234375 0.5730110515625 0.8601446296875 0.46045650312499997 0.8551419687500001 0.442482765625 0.8463542734375 0.4315216609375 0.844889353125 0.4 0.8397324234375001 0.4
1 0.73800223125 0.4 0.7375 0.40069444374999996 0.73828125 0.4270833328125 0.725 0.44375 0.721875 0.45625 0.728125 0.57430555625 0.71484375 0.6243055562500001 0.70859375 0.684027778125 0.7109375 0.7451388890625 0.721875 0.8020833328125001 0.7328125 0.8145833328125001 0.750390625 0.815277778125 0.7609375 0.8076388890625001 0.771875 0.7520833328125001 0.7765625 0.7090277781250001 0.77578125 0.6701388890625 0.771875 0.6451388890625 0.75390625 0.57430555625 0.7546875 0.5201388890625 0.759375 0.48819444375 0.75859375 0.45347222187499997 0.752734375 0.4375 0.7421875 0.428472221875 0.7411652265625 0.4 0.73800223125 0.4
1 0.679970703125 0.4 0.68046875 0.43541666718750005 0.66796875 0.45347222187499997 0.665625 0.46458333281249997 0.67109375 0.56875 0.65625 0.640972221875 0.6609375 0.7451388890625 0.66796875 0.778472221875 0.67734375 0.78680555625 0.700390625 0.784722221875 0.709375 0.7423611109375 0.7078125 0.6451388890625 0.71015625 0.63125 0.69609375 0.57430555625 0.6953125 0.5548611109375 0.6984375 0.46180555625 0.6953125 0.44930555625 0.684375 0.43541666718750005 0.68330393125 0.4 0.679970703125 0.4
1 0.607421875 0.834722221875 0.61875 0.83819444375 0.635546875 0.8375 0.64453125 0.8298611109374999 0.6578125 0.7493055562500001 0.6546875 0.65069444375 0.6359375 0.58125 0.64140625 0.45069444374999995 0.633984375 0.43194444374999996 0.621484375 0.42222222187499997 0.610546875 0.43055555625 0.6015625 0.45625 0.6078125 0.534027778125 0.6078125 0.58125 0.590625 0.6645833328125 0.58828125 0.7048611109375 0.590625 0.76180555625 0.60234375 0.82569444375 0.607421875 0.834722221875
1 0.559375 0.803670634375 0.5625 0.8076388890625001 0.582421875 0.8083333328125001 0.59375 0.7979166671875 0.5875 0.7506944437499999 0.5875 0.6895833328125001 0.59609375 0.615972221875 0.584375 0.5701388890625 0.58984375 0.46458333281249997 0.5859375 0.4479166671875 0.574609375 0.4361111109375 0.572265625 0.427777778125 0.559375 0.4448183765625 0.559375 0.561284721875 0.56015625 0.57569444375 0.559375 0.5793494140625001 0.559375 0.803670634375