1 0.4296875 0.5296875 0.4296875 0 0.1702276671875 0 0.1688177421875 0.0177683125 0.1749749 0.05875718437500001 0.21752054375 0.16719042343749999 0.2309172 0.22260566874999999 0.23375835625 0.26813649375000004 0.228052184375 0.29291816875 0.199452340625 0.3416810015625 0.103332075 0.4146946625 0.01464230625 0.4974471953125 0.0096257671875 0.5067464390625 0.0096257671875 0.5296875 0.4296875 0.5296875
1 0.84242824375 0 0.8436595765625 0.15362095 0.8348964999999999 0.1801063765625 0.8348964999999999 0.2407505078125 0.8560044375 0.2877822984375 0.8621768703124999 0.354862971875 0.8574683421875001 0.470418528125 0.8362225296875 0.5296875 0.8978462953124999 0.5296875 0.9239398874999999 0.49590313437500005 0.9640625 0.35938835 0.9640625 0.3422559890625 0.9590760515625 0.289015628125 0.920051321875 0.1980852640625 0.9166772156250002 0.1498072125 0.9405524343749999 0 0.84242824375 0
1 0.4966021359375 0 0.48302083281249997 0.0372916671875 0.5096875 0.25506944374999996 0.4385763890625 0.45062499999999994 0.43239466875000004 0.51209544375 0.43729897968750003 0.5296875 0.670980903125 0.5296875 0.6785763890625001 0.490625 0.651909721875 0.37506944375 0.6119097218749999 0.29506944375 0.5923280249999999 0.25237904375000003 0.595882046875 0.20257044375 0.6100983984375 0.131415275 0.62076059375 0.063817884375 0.5976591890625 0.0015571109375 0.5952661156250001 0 0.4966021359375 0
1 0.4296875 0 0.4296875 0.5296875 0.4460199078125 0.5296875 0.43413194375 0.46840277812500003 0.5007986109375 0.2817361109375 0.48302083281249997 0.0772916671875 0.49590277812499994 0 0.4296875 0
1 0.7369013390625 0 0.7415991843749999 0.1758872578125 0.714943625 0.25237904375000003 0.773585775 0.3573330796875 0.78524305625 0.48618055625 0.7714354 0.5296875 0.8495138078124999 0.5296875 0.8696875000000001 0.48618055625 0.8819851578125 0.4338247328125 0.8696875000000001 0.3217361109375 0.8588836203125 0.2648312140625 0.8252430562499999 0.2017361109375 0.8215658640625 0.142088590625 0.841401828125 0 0.7369013390625 0
1 0.6172675703125 0 0.6163541671875 0.0017361109374999999 0.6296875 0.1972916671875 0.606544375 0.2666101328125 0.6163541671875 0.2995138890625 0.6785763890625001 0.46840277812500003 0.6700250328124999 0.5296875 0.7697065421875 0.5296875 0.7807986109374999 0.41506944375000004 0.7575925484375 0.3288709015625 0.718497646875 0.2648312140625 0.6971732515625 0.1918971953125 0.7036169234375 0 0.6172675703125 0
1 0.713229165625 0 0.7007986109375001 0.0372916671875 0.704281428125 0.1242998 0.72027465625 0.22925363124999998 0.7362680203125 0.21680146250000001 0.72027465625 0.14386744375 0.731909721875 0.0772916671875 0.7309369890624999 0.04602909375 0.7366217703125 0 0.713229165625 0
1 0.345371671875 0.5296875 0.34362247031250004 0.5332207734375001 0.342004715625 0.63055215625 0.33105570625 0.6650979343750001 0.33105570625 0.7983220390625 0.3357111890625 0.8046875 0.3554939171875 0.8046875 0.357700040625 0.8024407234375 0.3649121234375 0.7791207109375 0.371875 0.733184834375 0.371875 0.6731707234375 0.363098465625 0.6315346140625 0.3715776921875 0.5386973828125 0.36843631875 0.5296875 0.345371671875 0.5296875
1 1 0.5860596703125001 0.99375 0.5930555562500001 0.99140625 0.60555555625 0.9953125 0.7041666671875 0.98203125 0.752777778125 0.97890625 0.7833333328125001 0.9828125 0.8111111109374999 0.99921875 0.8444444437499999 1 0.846924603125 1 0.5860596703125001
1 0.7609375 0.6861111109375 0.76328125 0.5930555562500001 0.755859375 0.57430555625 0.744140625 0.571527778125 0.73515625 0.584722221875 0.734375 0.6111111109375 0.7390625 0.6777777781250001 0.74609375 0.7111111109375 0.7390625 0.7361111109375 0.725 0.7597222218749999 0.7234375 0.775 0.73046875 0.83194444375 0.7375 0.859722221875 0.743359375 0.865972221875 0.7609375 0.8652777781250001 0.76875 0.85 0.77578125 0.8111111109374999 0.7765625 0.7597222218749999 0.7609375 0.6861111109375
1 0.6421875 0.7194444437499999 0.63828125 0.79444444375 0.64296875 0.8111111109374999 0.661328125 0.7729166671875 0.6875 0.7458333328125001 0.6671875 0.6944444437499999 0.6578125 0.5916666671875 0.649609375 0.578472221875 0.633984375 0.5770833328125 0.625 0.5930555562500001 0.625 0.6111111109375 0.640625 0.6791666671875001 0.6421875 0.7194444437499999
0 0.897265625 0.7701388890625 0.876171875 0.76319444375 0.846484375 0.7770833328125001 0.830859375 0.796527778125 0.81796875 0.827777778125 0.81640625 0.8513888890625001 0.82421875 0.88055555625 0.82578125 0.9125 0.837890625 0.9381944437499999 0.857421875 0.9673611109374999 0.88359375 0.9694444437499999 0.907421875 0.9618055562500001 0.91640625 0.9486111109375 0.93125 0.8958333328125001 0.93203125 0.8638888890625 0.91796875 0.7958333328125 0.897265625 0.7701388890625