1 0 0 0 0.51875 0.09436306093749999 0.51875 0.104233646875 0.5174633656250001 0.158541715625 0.49807816562499996 0.2379253796875 0.45097706875 0.29993953125 0.4067009640625 0.35055345312499997 0.35675155625 0.3749766 0.3133833875 0.38679333125 0.2447697546875 0.37711449375 0.196114065625 0.35420761562499997 0.1597401890625 0.3048215359375 0.10804527500000001 0.224086746875 0.0440725046875 0.17910849375 0 0 0
1 0.6688869937499999 0.51875 0.6660555796875001 0.463679353125 0.6460709812500001 0.377131865625 0.6487171078125 0.26456368124999996 0.6416060453125001 0.24567049531250001 0.6309654484375 0.240625 0.628319684375 0.240625 0.6160131890625 0.24869952187500002 0.6140625 0.2557149953125 0.6140625 0.321711696875 0.6185931296875 0.3655298296875 0.6179182953125 0.39054346562500003 0.6140625 0.419359759375 0.6140625 0.51875 0.6688869937499999 0.51875
1 0.5701105671875 0.51875 0.56953125 0.45798611093749997 0.5640625 0.431597221875 0.54140625 0.371875 0.5375 0.346875 0.53359375 0.256597221875 0.525390625 0.2392361109375 0.512890625 0.23506944375 0.502734375 0.24201388906250001 0.496875 0.26215277812500004 0.51328125 0.3704861109375 0.51328125 0.38993055625 0.50546875 0.444097221875 0.50546875 0.47881944374999996 0.5113795234375 0.51875 0.5701105671875 0.51875
1 0.784375 0.45659722187499996 0.78671875 0.46631944374999995 0.791796875 0.4670138890625 0.812890625 0.44895833281249997 0.846875 0.43993055625000005 0.840625 0.396875 0.82265625 0.34131944375 0.8203125 0.22048611093749998 0.8171875 0.206597221875 0.808984375 0.19618055625 0.792578125 0.20034722187499998 0.78515625 0.22048611093749998 0.79609375 0.346875 0.7859375 0.409375 0.784375 0.45659722187499996
1 0.6935825890625 0.51875 0.69609375 0.5135416671875 0.70234375 0.46493055625 0.7203125 0.4010416671875 0.7140625 0.3704861109375 0.69765625 0.32465277812500004 0.69453125 0.294097221875 0.69375 0.21770833281250002 0.685546875 0.1989583328125 0.674609375 0.19618055625 0.6640625 0.2079861109375 0.6609375 0.22048611093749998 0.67265625 0.32326388906250003 0.6640625 0.4010416671875 0.68203125 0.4704861109375 0.690604440625 0.51875 0.6935825890625 0.51875
1 0.84765625 0.43854166718750004 0.8515625 0.4427083328125 0.85703125 0.4357638890625 0.8625 0.39548611093749997 0.86015625 0.3552083328125 0.83984375 0.27881944375 0.8390625 0.1760416671875 0.830078125 0.16006944375 0.820703125 0.16006944375 0.81171875 0.1704861109375 0.809375 0.18576388906250002 0.82109375 0.221875 0.82265625 0.334375 0.8453125 0.41631944374999996 0.84765625 0.43854166718750004
0 0.9013509109375001 0.51875 0.90078125 0.5163194437499999 0.877734375 0.47118055625000005 0.851171875 0.44618055625 0.815234375 0.450347221875 0.794921875 0.4670138890625 0.77578125 0.5135416671875 0.7747472421875 0.51875 0.9013509109375001 0.51875
1 0.021875 0.51875 0.021875 0.799996321875 0.0318684953125 0.803125 0.041693562499999996 0.803125 0.0567684640625 0.8018364265625 0.069533778125 0.7840722265625001 0.10648628906249999 0.6330006499999999 0.110051090625 0.51875 0.021875 0.51875
1 0.1323725734375 0.51875 0.1390625 0.63359375 0.15 0.68359375 0.1640625 0.69609375 0.18828125 0.696875 0.203125 0.68046875 0.225 0.56015625 0.224247159375 0.51875 0.1323725734375 0.51875
1 0.23869318125 0.51875 0.234375 0.53359375 0.215625 0.63671875 0.2171875 0.74296875 0.234375 0.85859375 0.2484375 0.92265625 0.26875 0.93515625 0.29453125 0.9359375 0.3125 0.92578125 0.34375 0.78671875 0.34375 0.66484375 0.3359375 0.56796875 0.327912703125 0.51875 0.23869318125 0.51875
1 0.4 0.51875 0.328753221875 0.51875 0.34375 0.62265625 0.3453125 0.77265625 0.34921875 0.7828125 0.359375 0.78515625 0.37890625 0.784375 0.396875 0.75859375 0.4 0.7432528406250001 0.4 0.51875
1 0.496875 0.51875 0.496875 0.6390625 0.5203207187500001 0.6390625 0.5340302359375 0.6171937046875 0.5473690203125 0.5493017906250001 0.55047275625 0.51875 0.496875 0.51875