1 0.509375 0.56875 0.509375 0 0.2322943453125 0 0.253138171875 0.033033840625 0.2867476375 0.1021880328125 0.289171009375 0.1318755328125 0.278679790625 0.1746421859375 0.23217132343750002 0.2234349671875 0.1534083359375 0.286284890625 0.1259369125 0.3208730578125 0.1078125 0.357277203125 0.1078125 0.4188686828125 0.13320675937499998 0.486061015625 0.1595778140625 0.523637425 0.20410893593749999 0.564814084375 0.20948327500000002 0.56875 0.509375 0.56875
1 0.8502247484375001 0.56875 0.8502247484375001 0.5639563828124999 0.8432933328125 0.543705778125 0.8109329828125 0.4680388203125 0.8042164796875 0.4195228359375 0.8071251796875 0.33697978906250003 0.8021945531250001 0.27657710468749996 0.7940948624999999 0.2533221796875 0.7834793046875 0.2372317375 0.7682124421875001 0.22869399218750003 0.7464140390624999 0.22869399218750003 0.7367935359375 0.23930562968750002 0.7303032187499999 0.25686915312499997 0.7278983265625 0.27805490625 0.7304924109375 0.318274903125 0.7412929328125 0.35773413125000003 0.7506362859375 0.4131069046875 0.7537042328125001 0.450690796875 0.753159203125 0.46933736562500006 0.7337636421875 0.5440544375 0.731502321875 0.56875 0.8502247484375001 0.56875
1 0.60081156875 0.56875 0.60201295 0.552128775 0.617258965625 0.476960990625 0.6435929921875 0.4017932046875 0.64567199375 0.385685821875 0.6394349874999999 0.3601824671875 0.6186449671875 0.303806628125 0.616565965625 0.25951132499999996 0.626267975 0.16689387656250002 0.624188971875 0.1225985734375 0.6186449671875 0.1024643453125 0.610675459375 0.0897126671875 0.6002804484375 0.0816589765625 0.5857274343750001 0.08031669531249999 0.5767184249999999 0.084343540625 0.5642444125 0.099108640625 0.55766090625 0.12662541875 0.5562749046875 0.17092072187500001 0.567362915625 0.2420616609375 0.5680559171875 0.291726090625 0.5659769140625001 0.30917575468749997 0.5410288890625 0.384343540625 0.5389498875000001 0.4179005875 0.541721890625 0.4474307890625 0.572906921875 0.5387059562500001 0.57928143125 0.56875 0.60081156875 0.56875
1 0.7018627171875 0.56875 0.7087350578125 0.5427328015625 0.730218078125 0.479645553125 0.729525078125 0.46622273437499995 0.7087350578125 0.41253145937499996 0.7004190484375 0.3736052859375 0.7024980515625 0.3024643453125 0.7101210578125 0.250115353125 0.7087350578125 0.21118917812500002 0.6993795484375 0.17696099062499998 0.692449540625 0.166222734375 0.6806685296875 0.159511325 0.6647295125 0.159511325 0.6522555000000001 0.16890729843750002 0.642899990625 0.185685821875 0.6380489859375 0.2031354859375 0.636662984375 0.250115353125 0.648443996875 0.346759646875 0.6470579953125 0.3937395140625 0.6131009609375 0.5011220640625 0.6033989515625 0.56555159375 0.6032668484375 0.56875 0.7018627171875 0.56875
1 1 0.56875 1 0.45969409062500005 0.9873213359375 0.42461199687500006 0.9852423343750001 0.3762898484375 0.9970233453125001 0.28501468124999996 0.9963303453125001 0.2299811234375 0.9900933390625 0.20850461406249998 0.98212383125 0.19441065468750002 0.9634128125 0.1823301171875 0.9502457984374999 0.18501468125 0.9370787859374999 0.1957529359375 0.9291092781250001 0.20850461406249998 0.9242582734375 0.225954278125 0.92079326875 0.2756187078125 0.9318812796875001 0.3628670296875 0.9318812796875001 0.40582005 0.9298022781250002 0.42461199687500006 0.9090122578125 0.476960990625 0.886143234375 0.557497903125 0.8844834359375 0.56875 1 0.56875
1 0.8832202875 0.56875 0.8903012390624999 0.530652265625 0.9124772609375 0.46890729843749995 0.9145562625 0.45145763437499997 0.9201002687500001 0.44608850625 0.9270302749999999 0.42461199687500006 0.8993102484375001 0.3427328015625 0.8972312453125 0.32662541875 0.8972312453125 0.291726090625 0.9069332546875 0.20582004999999998 0.90762625625 0.1736052859375 0.9000032484375 0.13870595624999998 0.8920337406249998 0.12326971406250001 0.8802527281250001 0.1152160234375 0.853918703125 0.11790058750000001 0.8390191874999999 0.146759646875 0.8341681828125 0.19239723125 0.8459491937500001 0.2957529359375 0.84456319375 0.3427328015625 0.8230801718749999 0.40716233281249997 0.8029831515625 0.48635696250000005 0.8064481546875001 0.5078334734375 0.8267983624999999 0.56875 0.8832202875 0.56875
1 0.7115070593749999 0.41521602343749997 0.7316040796875 0.46353817187499996 0.7343760828125 0.4541421984375 0.7336830828125 0.4179005875 0.730218078125 0.3762898484375 0.726060075 0.352128775 0.722941571875 0.350115353125 0.7184370671875 0.358840184375 0.7087350578125 0.4017932046875 0.7115070593749999 0.41521602343749997
1 0.7912021390625 0.46353817187499996 0.798132146875 0.4836724 0.8022901499999999 0.48098783593750005 0.8293171781249999 0.3816589765625 0.825852175 0.3561556203125 0.8019436499999999 0.2897126671875 0.7898161375 0.4165583046875 0.7912021390625 0.46353817187499996
1 0.7932811421875 0.25682676249999997 0.7939741421875001 0.263538171875 0.7967461453125 0.2554844796875 0.7995181484375 0.20447776874999998 0.8071411562499999 0.1413905203125 0.80783415625 0.117229446875 0.805062153125 0.0944106546875 0.8002111484375 0.078303271875 0.792241640625 0.0682361578125 0.779767628125 0.0601824671875 0.761056609375 0.06286702968749999 0.7440780921875 0.08367240000000001 0.7371480859374999 0.1225985734375 0.7378410859375 0.152128775 0.7468500953125 0.2272965609375 0.7506615984375 0.23199454687499999 0.7555126046874999 0.22796770156249999 0.7707586187500001 0.230652265625 0.7811536296874999 0.23736367500000002 0.7932811421875 0.25682676249999997
0 0.509375 0.21051803750000003 0.5171203656250001 0.21051803750000003 0.5316733796875 0.219914009375 0.5431078921875 0.2407193796875 0.5510773999999999 0.28837038593750003 0.5652839140625 0.2487730703125 0.5555819046875 0.1682361578125 0.5555819046875 0.14273280156249998 0.5611259093750001 0.0984375 0.554195903125 0.076960990625 0.5372173859375 0.046759646875 0.5122693609375 0.0212562921875 0.509375 0.0201350671875 0.509375 0.21051803750000003
1 0.503782053125 0.73405494375 0.49427512812499996 0.717509103125 0.48021455937499996 0.7097074921875001 0.4746577828125 0.7097074921875001 0.46024025 0.7192720359375 0.453125 0.74190398125 0.453125 0.7864167765625 0.454095378125 0.8010095234375001 0.46794143593750004 0.894502121875 0.46266026875 0.95351415 0.46657270312500004 0.9586210953125001 0.4985783 0.9625 0.5049796953125 0.9625 0.5049796953125 0.7394965453125 0.503782053125 0.73405494375
1 0.18125 0.9470486109374999 0.234375 0.9512152781250001 0.240625 0.9470486109374999 0.2328125 0.8984375 0.23203125 0.8678819437499999 0.24140625 0.758159721875 0.24140625 0.7248263890625 0.230859375 0.6880208328124999 0.216015625 0.67413194375 0.205859375 0.67413194375 0.195703125 0.6810763890625 0.18828125 0.6942708328125 0.1828125 0.7206597218749999 0.19140625 0.8748263890625001 0.190625 0.9026041671874999 0.18125 0.9470486109374999
1 0.29453125 0.8678819437499999 0.303125 0.95538194375 0.3265625 0.9539930562500001 0.33125 0.8345486109374999 0.32734375 0.820659721875 0.318359375 0.8088541671874999 0.308984375 0.8088541671874999 0.301171875 0.8157986109375 0.29453125 0.8401041671874999 0.29453125 0.8678819437499999
1 0.125390625 0.9421875 0.14296875 0.9442708328125 0.1484375 0.94288194375 0.15390625 0.8053819437499999 0.144921875 0.78524305625 0.132421875 0.776909721875 0.128125 0.7831597218749999 0.1265625 0.8873263890625 0.121875 0.9289930562500001 0.125390625 0.9421875
1 0.34765625 0.8914930562500001 0.35390625 0.958159721875 0.371875 0.9567708328125001 0.37734375 0.87899305625 0.3734375 0.8595486109374999 0.366015625 0.8505208328125 0.355078125 0.8532986109374999 0.34921875 0.870659721875 0.34765625 0.8914930562500001
1 0.2796875 0.9512152781250001 0.2828125 0.9539930562500001 0.294921875 0.9546875 0.296875 0.9498263890625 0.2984375 0.895659721875 0.29609375 0.8817708328125 0.291015625 0.8755208328125 0.280078125 0.8810763890625001 0.27734375 0.8887152781250001 0.2796875 0.9512152781250001
1 0.9283510937500001 0.56875 0.931130565625 0.59522470625 0.9249737374999999 0.7025091375 0.9390039437500001 0.8236338312499999 0.952098984375 0.8825498890624999 0.9597927859375 0.890625 0.9605284640625001 0.890625 0.9605284640625001 0.620162390625 0.9593277812500001 0.6158394203124999 0.9556203812499999 0.590722875 0.9549963109374999 0.56875 0.9283510937500001 0.56875
1 0.860383771875 0.56875 0.8618750000000001 0.6395833328125 0.846875 0.7333333328125 0.8510416671875 0.7895833328125 0.851875 0.8770833328125001 0.859375 0.9291666671875 0.8652083328125 0.9416666671874999 0.8872916671875 0.9427083328125001 0.891875 0.9333333328125001 0.9052083328125 0.8375 0.9027083328125001 0.7229166671875 0.8877083328125 0.6333333328124999 0.8891637328125 0.56875 0.860383771875 0.56875
1 0.774193840625 0.56875 0.7702083328125 0.6833333328125 0.7710416671875 0.70625 0.786875 0.79375 0.8052083328125 0.6791666671875001 0.8060416671875 0.65625 0.7977083328125 0.5916666671875 0.79829973125 0.56875 0.774193840625 0.56875
1 0.805625 0.56875 0.8102083328124999 0.6604166671875 0.7952083328125 0.7354166671875 0.7893749999999999 0.7875 0.791875 0.8895833328125 0.8222916671875 0.903125 0.8418749999999999 0.9291666671875 0.8502083328125 0.8770833328125001 0.8510416671875 0.8083333328125001 0.8452083328125 0.7333333328125 0.8318749999999999 0.6604166671875 0.8348886984374999 0.56875 0.805625 0.56875
1 0.739439103125 0.56875 0.744375 0.70625 0.7310416671875 0.78125 0.7252083328125 0.8375 0.7260416671875 0.9083333328125001 0.7360416671875 0.9791666671874999 0.7614583328125001 0.9197916671874999 0.7872916671875 0.8947916671874999 0.7902083328125 0.8833333328125 0.7860416671875 0.7895833328125 0.7702083328125 0.7020833328125 0.77290875625 0.56875 0.739439103125 0.56875
1 0.6433360390625 0.56875 0.6460416671875 0.6729166671875 0.6310416671875 0.76875 0.6277083328125 0.8145833328125001 0.6285416671874999 0.8729166671874999 0.6402083328125 0.9625 0.645625 0.9885416671874999 0.6560416671875 0.99375 0.6689583328125 0.9927083328125 0.676875 0.98125 0.6877083328125 0.9041666671874999 0.691875 0.8458333328125001 0.6902083328125 0.7833333328125001 0.671875 0.6729166671875 0.6741581046875 0.56875 0.6433360390625 0.56875
1 0.7099042796875 0.56875 0.711875 0.6416666671875 0.6985416671875 0.7229166671875 0.694375 0.7729166671875 0.6985416671875 0.8645833328125001 0.709375 0.9354166671874999 0.7160416671875 0.9479166671874999 0.7285416671875 0.94375 0.724375 0.8833333328125 0.7252083328125 0.8270833328125 0.7435416671875 0.70625 0.7435416671875 0.6791666671875001 0.7368750000000001 0.6375 0.7389272390625 0.56875 0.7099042796875 0.56875
1 0.6188585671875 0.56875 0.6202083328125 0.6166666671875001 0.6035416671875 0.7479166671875 0.604375 0.80625 0.6085416671875 0.84375 0.6185416671875 0.90625 0.6227083328124999 0.9145833328125 0.631875 0.9125 0.626875 0.85625 0.6277083328125 0.7958333328125 0.6460416671875 0.6583333328125 0.6419959671875001 0.56875 0.6188585671875 0.56875
1 0.552077990625 0.56875 0.5543750000000001 0.6583333328125 0.5402083328125 0.7354166671875 0.536875 0.78125 0.536875 0.825 0.5427083328125 0.8854166671874999 0.5535416671875 0.9520833328125 0.5627083328125 0.9604166671875 0.5835416671875 0.9541666671875 0.5977083328124999 0.8604166671875 0.6002083328125 0.8229166671874999 0.5985416671875 0.75625 0.5802083328125 0.65 0.582092390625 0.56875 0.552077990625 0.56875
0 0.8627083328125 1 0.8577083328124999 0.9708333328125001 0.8414583328124999 0.928125 0.8306250000000001 0.9114583328125001 0.8097916671875 0.896875 0.783125 0.896875 0.7564583328125 0.928125 0.7402083328125 0.96875 0.7357812499999999 1 0.8627083328125 1