1 0.133355740625 0 0.12722248281249998 0.00855255625 0.0537109421875 0.0834710171875 0.009375 0.14690660312499998 0.009375 0.296421609375 0.023073965625 0.3272605890625 0.059373834375000004 0.37641998125 0.1364083265625 0.4390625 0.6074974453124999 0.4390625 0.6102804109375 0.43628661874999997 0.6390625 0.401496965625 0.6390625 0.0325734640625 0.6131956953125 0.0093934515625 0.600205909375 0 0.133355740625 0
1 0.73620918125 0 0.7284887984374999 0.0101301 0.72291409375 0.0262046046875 0.721075034375 0.06053061875 0.7252094140625001 0.1286819921875 0.723090190625 0.1750450421875 0.7046875 0.24223626718750002 0.7046875 0.426792665625 0.7067564375 0.4390625 0.756428665625 0.4390625 0.7709315484375 0.37630364374999997 0.7767181578125 0.328781034375 0.7777095109375 0.2861884390625 0.7756225734375001 0.26413310156250003 0.7575082921874999 0.17099034062500001 0.7577201984374999 0.13954223593749998 0.766865265625 0.059445334375000006 0.7675980046875 0.027963853125 0.7643185421875 0.012456746874999999 0.7600746421875 0.004870078125 0.7536519359375 0 0.73620918125 0
1 0.6390625 0 0.6390625 0.3894381984375 0.6544270828125 0.3890046296875 0.6606770828124999 0.3862268515625 0.6630208328125 0.381134259375 0.6786458328125 0.3070601859375 0.6817708328125 0.2552083328125 0.6786458328125 0.212615740625 0.6625 0.14039351875 0.6609375 0.119097221875 0.6682291671875 0.0366898140625 0.6677083328125 0.012615740625 0.6632524828124999 0 0.6390625 0
1 0.9259575078125 0 0.9234375 0.0079861109375 0.9265625 0.0987268515625 0.9114583328125001 0.15706018593749999 0.9078125 0.1885416671875 0.9088541671874999 0.2228009265625 0.9171875 0.275578703125 0.9208333328125 0.28946759218749996 0.9276041671874999 0.2950231484375 0.9434895828125001 0.2954861109375 0.9494791671874999 0.287615740625 0.9609375 0.2357638890625 0.9640625 0.2079861109375 0.9614583328125 0.15798611093749998 0.9489583328125001 0.10057870312499999 0.9484375 0.08391203750000001 0.9546875 0.0070601859375000004 0.9524334875000001 0 0.9259575078125 0
1 0.6390625 0.4390625 0.537787909375 0.4390625 0.5375 0.4404068171875 0.5375 0.5734697890625 0.5631853546875 0.6479899953125 0.56546873125 0.6515625 0.6376714625 0.6515625 0.6390625 0.6511154171875 0.6390625 0.4390625
1 0.321114309375 0.4390625 0.3109375 0.48203125 0.315625 0.55390625 0.340625 0.63203125 0.35859375 0.6671875 0.3796875 0.66796875 0.42578125 0.6671875 0.434375 0.66015625 0.4625 0.58359375 0.471875 0.51640625 0.46875 0.46328125 0.4591899671875 0.4390625 0.321114309375 0.4390625
1 0.4598832828125 0.4390625 0.4734375 0.47421875 0.4703125 0.55390625 0.45 0.61953125 0.4515625 0.63359375 0.46875 0.62734375 0.49375 0.55546875 0.503125 0.51328125 0.5046875 0.45546875 0.5010986328125 0.4390625 0.4598832828125 0.4390625
1 0.12535021562499998 0.4390625 0.11875 0.46640625 0.125 0.55078125 0.1546875 0.63828125 0.16796875 0.653125 0.1859375 0.65390625 0.22890625 0.653125 0.2453125 0.63828125 0.2671875 0.56953125 0.275 0.52265625 0.2721663140625 0.4390625 0.12535021562499998 0.4390625
1 0.273828125 0.4390625 0.2765625 0.44921875 0.275 0.53671875 0.25625 0.61796875 0.27109375 0.61875 0.2828125 0.61015625 0.3015625 0.55703125 0.314202009375 0.4390625 0.273828125 0.4390625
1 0 0.4390625 0 0.6382572109375 0.04921875 0.6375 0.0609375 0.62890625 0.0875 0.55859375 0.1 0.49453125 0.0959413109375 0.4390625 0 0.4390625
1 0.6390625 0.4390625 0.6390625 0.5586134953124999 0.6405478453125 0.5601714140625 0.6440121953125 0.5796875 0.6667590984375 0.5796875 0.6738829828124999 0.5691297375 0.6765445921875 0.5218073875 0.6690499515624999 0.47513587656249995 0.6558579453125 0.4390625 0.6390625 0.4390625