1 0.015865084374999998 0 0.01415775625 0.00644255 0.0100362515625 0.2660357390625 0 0.3008329703125 0 0.5296875 0.09122084375 0.5296875 0.0931539296875 0.506816471875 0.092471609375 0.4442346515625 0.0662862515625 0.2670175859375 0.0959084015625 0.000048275 0.09589303125000001 0 0.015865084374999998 0
1 0.20452445937500002 0 0.21780831875 0.044224362499999996 0.228075625 0.20825049999999998 0.19790911875 0.412392559375 0.1993118640625 0.5060698343750001 0.2022433125 0.5296875 0.3187976375 0.5296875 0.3187976375 0.2710178546875 0.3011304875 0.204417521875 0.2892048296875 0.096568659375 0.290861546875 0 0.20452445937500002 0
1 0.40526755468750003 0 0.4 0.014946628125 0.3984375 0.057270829687500004 0.4078125 0.2564506234375 0.41171875 0.2631401203125 0.43125 0.2684626078125 0.4296875 0.292036809375 0.4046875 0.31453652499999996 0.40625 0.3503373234375 0.4265625 0.4266852109375 0.4359375 0.5196150046875 0.4359375 0.5296875 0.5 0.5296875 0.5 0.4533852609375 0.4984375 0.4360219625 0.46875 0.307369284375 0.4515625 0.27293549375000004 0.465625 0.24514268437500003 0.4640625 0.18902938593750002 0.4734375 0.1241466796875 0.475 0.027134978124999997 0.46664008749999997 0 0.40526755468750003 0
1 0.30625 0 0.30625 0.5296875 0.380284296875 0.5296875 0.38365163125 0.44974602499999994 0.3804627296875 0.4126100453125 0.369620821875 0.39302558906249996 0.3699715109375 0.36967909374999997 0.36448678437500004 0.360668115625 0.3593844390625 0.2707711578125 0.3642948203125 0.1725156671875 0.3889866125 0 0.30625 0
1 0.159285725 0 0.152501175 0.0065490375 0.1381477828125 0.056139860937499994 0.1446785421875 0.27667968125 0.141335371875 0.314088753125 0.1205501734375 0.3947477203125 0.1308604390625 0.50287846875 0.1310235671875 0.5296875 0.13927171875 0.5296875 0.13876384218749999 0.48748078906250003 0.14381495625000001 0.42511718125 0.1903819265625 0.21081064062500002 0.1959239203125 0.0640720328125 0.183281846875 0 0.159285725 0
2 1 0.5296875 1 0.4597647453125 0.8727573203125001 0.46803373906249995 0.7809394875000001 0.477368275 0.7166584859375 0.4789364640625 0.6243198203125 0.48831351562499997 0.603713234375 0.48723634843749997 0.5136090671875 0.4945914875 0.5078125 0.4977501015625 0.5078125 0.5296875 1 0.5296875
1 0.7612748406250001 0.219573765625 0.7538776921875 0.212955915625 0.7481485265625001 0.21285591250000002 0.7388196718750001 0.22010877031249998 0.7314356906249999 0.24176348124999997 0.7309477671875 0.33074328125 0.72883805 0.3473917671875 0.7203125 0.3766361734375 0.7203125 0.4344191609375 0.7641162140625 0.435605425 0.7662061421875 0.4314705765625 0.765309528125 0.4129156921875 0.75441821875 0.3469113078125 0.7566729890625 0.3117261234375 0.7650854687499999 0.2618170359375 0.766285378125 0.23495609062499997 0.7612748406250001 0.219573765625
1 0.6813062343749999 0.3236660171875 0.6816690328125 0.257991940625 0.6794771328125 0.2311400890625 0.673282103125 0.2158047375 0.66452091875 0.20761049687500002 0.6561417625 0.20761049687500002 0.6511803546875 0.21277242031250002 0.6484375 0.22249676875 0.6484375 0.26516282812499997 0.65794431875 0.3243192203125 0.656641546875 0.352980503125 0.6484375 0.3952130515625 0.6484375 0.4296875 0.6906320203125 0.4296875 0.6906320203125 0.3640044515625 0.683859553125 0.3421966546875 0.6813062343749999 0.3236660171875
1 0.5844401046875001 0.21445686562500002 0.5800130203125 0.2078997390625 0.5748046875 0.2037257796875 0.5664713546875 0.20445485156249998 0.5602213546875 0.20963128593749997 0.5542317703124999 0.22450715937500001 0.5563151046875 0.3382137796875 0.5443359375 0.3855581171875 0.5421875 0.403107190625 0.5421875 0.4296875 0.5978930140625 0.4296875 0.5990234375 0.41873654374999997 0.5953776046875 0.39220366093750003 0.5854817703124999 0.3532546203125 0.5823567703125 0.33223172500000003 0.5823567703125 0.3053798734375 0.5875651046875 0.25029457499999996 0.5875651046875 0.2271464265625 0.5844401046875001 0.21445686562500002
1 0.2458191671875 0.5296875 0.24483650156249998 0.5417256609375001 0.2458877875 0.5922264359375 0.24416725156250002 0.6576695671875 0.2390441203125 0.7077546 0.2352141390625 0.7356599218750001 0.234375 0.737022490625 0.234375 1 0.3721349578125 1 0.3732074890625 0.978248325 0.3672158453125 0.893200096875 0.346808521875 0.7946125125 0.33685222187499997 0.726443525 0.3327776296875 0.712979784375 0.33433875468749996 0.655827471875 0.3326415796875 0.6449289359375 0.3381673609375 0.5708973765625001 0.3437786390625 0.5296875 0.2458191671875 0.5296875
1 0.3671875 0.5296875 0.3671875 0.680594871875 0.3708984375 0.71325631875 0.3844401046875 0.7731826859375 0.40772018593750003 0.846875 0.41004573750000006 0.846875 0.4156901046875 0.8278560734375 0.4224609375 0.76985629375 0.42194010468750004 0.7245314921875 0.4177734375 0.6906367687499999 0.4177734375 0.644340471875 0.4130859375 0.6114172421874999 0.3990234375 0.5561660703125 0.39862035625000003 0.5296875 0.3671875 0.5296875
1 0.5390625 0.630437075 0.5390625 0.771875 0.56139890625 0.771875 0.562475584375 0.7705909703125 0.579964040625 0.7084594937500001 0.5847010125 0.6694430609375 0.5844990015625 0.6529039390625 0.5806003109375 0.6182714515625001 0.575706675 0.60533445 0.5470608421875001 0.6076727890625 0.5390625 0.630437075
1 0.649850275 0.6114845359375 0.6455253890625 0.60167595 0.6235910515625 0.6022200453125001 0.6150203750000001 0.6057782890625 0.6046875 0.6318235421875 0.6046875 0.7431922234374999 0.6062188546875 0.7553289624999999 0.6094289093749999 0.7609375 0.6323225421875 0.7609375 0.63323625625 0.7608988421875 0.6477866578125 0.708779490625 0.6519929 0.6838249453125 0.6540103234375 0.6523434640625 0.649850275 0.6114845359375
1 0.719020659375 0.6115678015625 0.7137243765625 0.6008681421875 0.6789797046875 0.6023139453125 0.6755647421875001 0.6082870125000001 0.675 0.6131068421875 0.675 0.6514229765625 0.675790115625 0.6684176515625 0.6805105984375001 0.69437388125 0.6944123125 0.7435631 0.6983569109375 0.746875 0.720706546875 0.746875 0.722890921875 0.7322827328124999 0.722890921875 0.6286619890625 0.719020659375 0.6115678015625
1 0.7850260390624999 0.6028354140625 0.7805989578125001 0.5962782921875001 0.7451822890625 0.605858328125 0.7412760390625 0.6103667484375 0.740625 0.613201475 0.740625 0.6863496453125 0.7506510390625 0.73639839375 0.7520256421875 0.7375 0.7748781906250001 0.7375 0.7782552078125 0.7293537125 0.7850260390624999 0.690798378125 0.7886718734375 0.657146075 0.7886718734375 0.6330720015625 0.7850260390624999 0.6028354140625
1 0.5 0.7609375 0.5073184875 0.7609375 0.518294271875 0.7087001953125001 0.5208984375 0.6825464343750001 0.5208984375 0.6529168046875 0.5188151046875 0.6318027749999999 0.511263021875 0.6107042390624999 0.5 0.6078390203125 0.5 0.7609375
2 0.5 0.5296875 0.5 0.604298940625 0.5122395828124999 0.6074074078125 0.54140625 0.6074074078125 0.55234375 0.5990740734375 0.5799479171875 0.60648148125 0.6111979171875 0.60648148125 0.6216145828124999 0.6009259265625 0.6361979171875001 0.5990740734375 0.6716145828125 0.603703703125 0.6872395828125 0.597222221875 0.7393229171875 0.6 0.7705729171875 0.5944444437499999 0.7736979171874999 0.5898148140625 0.7903645828125001 0.5944444437499999 0.79296875 0.5981481484375 0.8190104171874999 0.597222221875 0.8213541671875 0.5921296296875 0.8208333328125 0.54398148125 0.81650390625 0.5296875 0.778751628125 0.5296875 0.7736979171874999 0.5416666671875 0.77269434375 0.5296875 0.55205078125 0.5296875 0.5502604171875001 0.5351851859375001 0.548854759375 0.5296875 0.5 0.5296875