1 0.056730121875 0 0.056621415625000004 0.03623388125 0.05586639375 0.0565428390625 0.051761881249999996 0.09501190312499999 0.049495310937499995 0.1005368109375 0.0402290515625 0.1385474390625 0.028125 0.1762818671875 0.028125 0.5828125 0.0759912265625 0.5828125 0.08166220468749999 0.5813144109375 0.085380365625 0.576586965625 0.0998947625 0.5291596421875 0.1202091765625 0.45091314843749997 0.130539171875 0.3920396390625 0.1341510078125 0.361258659375 0.136931103125 0.3178759015625 0.1374286140625 0.28879488593749997 0.1339848921875 0.227419125 0.1285432859375 0.1929564328125 0.114616128125 0.12463271093749999 0.1103038046875 0.0896017734375 0.11085568750000001 0.06819929062499999 0.11481626250000002 0.01492230625 0.11675402187499999 0 0.056730121875 0
1 0.0009189421875 0 0.0032775218750000002 0.0184016078125 0.0053455953125 0.0228170765625 0.0051437328125 0.0326953921875 0.0080606296875 0.0535885078125 0.0103053234375 0.0865501671875 0.01026595 0.1167406234375 0.004832825000000001 0.14906401875 0 0.1706373046875 0 0.41716848124999995 0.017600476562500002 0.4911932796875 0.021558987499999998 0.50276678125 0.025414546875 0.5074775125000001 0.0385182875 0.509375 0.05811276875 0.509375 0.05811276875 0.45380551562500004 0.0494422125 0.40867601562500006 0.044587448437499996 0.3636076203125 0.042870621875 0.33010317499999997 0.043125990625 0.29826845625 0.0449841421875 0.26535453750000004 0.047450896874999995 0.25769828281249996 0.048339095312500004 0.24398547499999998 0.053906457812499996 0.21550612187499998 0.055773684375 0.19851115156250002 0.05811276875 0.1885691484375 0.05811276875 0.1170130734375 0.055926129687500006 0.0854342359375 0.0564943921875 0.023412246875 0.05811276875 0.0053763 0.05811276875 0 0.0009189421875 0
1 0.19422509999999998 0 0.1948763328125 0.0032090390625 0.1984884984375 0.0426474453125 0.200327925 0.096452884375 0.19966525468750002 0.111324484375 0.1950576390625 0.141201425 0.17847138125 0.21115205 0.1765625 0.22200132031250003 0.1765625 0.2530467046875 0.182091978125 0.2885263078125 0.1852210109375 0.33018360156250004 0.18593438906249998 0.38293532343750003 0.1828842453125 0.4286930015625 0.1843439578125 0.45062551875 0.205693725 0.5349745625 0.20920277031249998 0.5390625 0.2659953828125 0.5390625 0.2689414484375 0.534596615625 0.280132834375 0.479844353125 0.280132834375 0.2165706234375 0.2739826078125 0.1902164703125 0.2591419078125 0.1413391890625 0.252503125 0.11082090625 0.2509935890625 0.0965876171875 0.249599678125 0.0675050203125 0.251140284375 0.00751405625 0.25168794375000003 0 0.19422509999999998 0
1 0.314624753125 0 0.3139261296875 0.013952025000000002 0.31497721562500003 0.028801323437499998 0.31154495781249997 0.059534559375 0.30107169843750003 0.107770540625 0.284375 0.1619490921875 0.284375 0.6270527375 0.29515883593750003 0.628125 0.3155925890625 0.628125 0.3377389171875 0.6272197765625 0.3447369140625 0.6245536 0.34669072500000003 0.6215539703124999 0.36440020624999997 0.56186225 0.3667449984375 0.549800071875 0.36918905625 0.54543234375 0.3756477125 0.5191304890625 0.3785538859375 0.50212915625 0.391439221875 0.45007459687500007 0.3991629171875 0.40675231093750003 0.4041337328125 0.359001825 0.406273365625 0.31286695781249996 0.4058443171875 0.2826383125 0.403969346875 0.25843757031250003 0.3940640328125 0.18413697812500002 0.3801374875 0.11308672187499999 0.375602278125 0.0734684375 0.3759728375 0.029511071875 0.379060678125 0 0.314624753125 0
1 0.2765625 0.415686321875 0.2765625 0.4506062984375 0.29128762343750003 0.4947499296875 0.2917073046875 0.4953125 0.2925472234375 0.4953125 0.2925472234375 0.47277850781249997 0.2896024625 0.46066449531250003 0.28172505625 0.42128815937499997 0.276835465625 0.4134735515625 0.2765625 0.415686321875
1 0.27816656875 0 0.278797740625 0.027016407812499997 0.27791925625 0.0435036125 0.2784131109375 0.0639112953125 0.27700174375 0.0919433640625 0.27491396875 0.11002705625 0.271875 0.12186991250000001 0.271875 0.21385554999999998 0.27533920312500004 0.2020533984375 0.309128575 0.09950000625 0.31651432343749997 0.068440575 0.3210880453125 0.0383520453125 0.3205605125 0.022350292187500002 0.3218257515625 0 0.27816656875 0
1 1 0.239161065625 0.9938231125 0.23215695625000002 0.9765840265625 0.2461037859375 0.97496769375 0.3280075265625 0.96875 0.3437677171875 0.96875 0.4796875 0.986129575 0.4796875 1 0.434643796875 1 0.239161065625
1 0.9160409875 0.23879701562500003 0.9212034750000001 0.326440503125 0.90625 0.3779800921875 0.90625 0.39878453125 0.9202801609375001 0.484375 0.9228223968750001 0.484375 0.9493287406250002 0.48092852500000005 0.956655371875 0.44117998593749996 0.956655371875 0.40498350624999996 0.93604004375 0.232951209375 0.9325486859375001 0.232951209375 0.9160409875 0.23879701562500003
1 0.8491949406250001 0.344571625 0.8390625 0.3881567546875 0.8390625 0.39886678125 0.8620856453125001 0.4953125 0.8755708562500001 0.4953125 0.8853969015625001 0.4935600015625 0.8853969015625001 0.3273733578125 0.8756189765624999 0.24659178437499998 0.8616660734374999 0.22731800781249997 0.8425415234375 0.2407464875 0.8491949406250001 0.344571625
1 0.7770643125 0.344605984375 0.7625 0.4223316265625 0.7625 0.429310528125 0.782202503125 0.50625 0.812535528125 0.50625 0.8136027078125 0.5061678296875 0.8184263656249999 0.480425325 0.8184263656249999 0.401799325 0.7965979625 0.22739467812499997 0.7699931203125 0.2462030140625 0.7770643125 0.344605984375
1 0.580453278125 0.248127290625 0.58631564375 0.324481853125 0.5734375 0.373358003125 0.5734375 0.375643578125 0.5898126328125001 0.471875 0.6126030453125 0.471875 0.61606319375 0.47098564375 0.620211225 0.440562003125 0.620211225 0.382751703125 0.60712479375 0.32284644375 0.604630915625 0.23713742187500003 0.580453278125 0.248127290625
1 0.628125 0.35002306875 0.628125 0.484375 0.63792345 0.484375 0.65421554375 0.48153531093749996 0.6683073328125 0.4270174421875 0.6561726421875 0.3229807390625 0.6645830484374999 0.241055840625 0.6526514531250001 0.22724654218749998 0.6351738734375 0.2461818171875 0.637990821875 0.322769175 0.628125 0.35002306875
1 0.72402621875 0.2444192984375 0.71212738125 0.2272933203125 0.7015625 0.24377827812500003 0.7015625 0.2723237578125 0.7098776984375 0.3410790703125 0.7015625 0.3745791890625 0.7015625 0.3980197671875 0.7225808359375 0.4984375 0.7407196218750001 0.4984375 0.7407196218750001 0.36707644687499996 0.7321860125 0.3300876921875 0.72402621875 0.2444192984375
1 0.7328125 0.44341680937500005 0.7365261140625 0.43762360312500004 0.7411114796875 0.37204983125 0.7328125 0.258542178125 0.7328125 0.44341680937500005
1 0.1403391796875 0.7 0.12060256093749999 0.7790960046875 0.1140625 0.8308147984375 0.1140625 0.8515389828125001 0.114917396875 0.9005159781250001 0.12843855312500002 1 0.18054460625 1 0.193613771875 0.91108455625 0.193613771875 0.7830314281249999 0.17858660937499998 0.70286670625 0.1786877609375 0.7 0.1403391796875 0.7
1 0.3608750328125 0.7 0.3625937703125 0.737047053125 0.340625 0.8629456453125 0.340625 0.8768712015625001 0.35261509375 1 0.40118949375 1 0.40118949375 0.7618547265625 0.3973692890625 0.74369704375 0.3977473421875 0.7 0.3608750328125 0.7
1 0.8975553734374999 0.7 0.8963231359375001 0.7071387703124999 0.8959704234375 0.7146290750000001 0.8953125 0.7176563953125 0.8953125 0.787572896875 0.8985807828125001 0.8073402875 0.9041539140625 0.837132953125 0.906874846875 0.8484062250000001 0.9148063843750001 0.9072047093750001 0.9184663359374999 0.9227357375 0.9213283531249999 0.9310128890625 0.9242640156250002 0.9430381000000001 0.9322283609375 0.9633656734375 0.9371176406250001 0.9707920671875 0.9393964515625001 0.9725672781250001 0.9427938671875001 0.9736060656250001 0.9522946671875001 0.975 0.9778676687499999 0.975 0.981480640625 0.9737469984375 0.981480640625 0.7 0.8975553734374999 0.7
1 0.7661445859375 0.7 0.765980646875 0.7007460671875 0.7598456406249999 0.725024503125 0.7590347718749999 0.73156525 0.7546875 0.746572603125 0.7546875 0.7635223328125 0.756640140625 0.7668294687499999 0.777482671875 0.78350095 0.78135301875 0.7903515453125001 0.7863172859375 0.7946546 0.796108578125 0.8071459000000001 0.8101038671874999 0.8293526078125 0.812785725 0.8355007406249999 0.8168009125000001 0.8415945453125 0.826962871875 0.8639574515625 0.8384594453125 0.8977796093749999 0.8418377046875001 0.9106573687499999 0.8448614531249999 0.9285555000000001 0.8477106171875001 0.940453634375 0.8498719328125001 0.9573857203125 0.8507799312500002 0.9771221390625 0.8503969640625 0.986899303125 0.8510860921875001 0.99337893125 0.8495721859375 0.998696840625 0.8502760234375 1 0.8775606437499999 1 0.8775606437499999 0.787103409375 0.87723695 0.785318240625 0.8751781140624999 0.7776429421875 0.8732211203125001 0.7734676453125 0.8722277515624999 0.7680016015625 0.8692271109374999 0.76236705 0.8642033640625 0.7445504109375001 0.85970935625 0.7334701906250001 0.8552801734374998 0.718883178125 0.8520619468749999 0.7115054187500001 0.850727971875 0.7058029546875 0.8487249718750001 0.7 0.7661445859375 0.7
1 0.51875 0.7 0.51875 0.809375 0.5191938359375 0.809375 0.5292905921875 0.7955547562499999 0.5446286234375 0.778471540625 0.5525848250000001 0.7664309015625 0.5547530578125001 0.7607022328124999 0.5571542640625 0.7509735671875 0.5620229828125 0.72751429375 0.5668238296875 0.7138108359374999 0.5701246765625 0.7000899265625 0.5701548843750001 0.7 0.51875 0.7
0 0.83453670625 1 0.8360208328125001 0.99725 0.8358541671874999 0.98425 0.8346875 0.9724999999999999 0.8323541671874999 0.96225 0.8306875 0.93775 0.8266875 0.92025 0.8271875 0.9129999999999999 0.8265208328125 0.908 0.8233541671874999 0.89725 0.8211875 0.8859999999999999 0.8155208328124999 0.87425 0.8126875 0.86425 0.8076874999999999 0.8525 0.8066875 0.84825 0.8035208328125 0.84375 0.7991875 0.8332499999999999 0.7948541671875 0.8265 0.7913541671875001 0.819 0.7875208328125 0.81425 0.7856041671874999 0.8098749999999999 0.7831875 0.8077500000000001 0.7801041671875 0.8016249999999999 0.7711041671875 0.789875 0.7586041671875 0.776375 0.7507708328125 0.770625 0.7474375 0.766125 0.7407708328125 0.759625 0.7272708328124999 0.750875 0.7237708328125001 0.749625 0.7177708328125 0.7448750000000001 0.6887708328125 0.736625 0.6644375 0.733875 0.6546041671875 0.733875 0.6346041671875 0.7381249999999999 0.6236041671875 0.742625 0.6192708328125 0.743375 0.6107708328125 0.747875 0.6091041671874999 0.749625 0.6039375 0.751125 0.5989375 0.755625 0.5952708328125 0.757125 0.5921041671875 0.760625 0.5866041671875 0.763625 0.5789375 0.7691250000000001 0.5756041671875 0.772875 0.5722708328125 0.774625 0.5684375 0.7811250000000001 0.5569375 0.7933749999999999 0.5434375 0.812375 0.5353541671875 0.8265 0.5333541671875001 0.8314999999999999 0.5303541671875001 0.83475 0.5291041671875 0.8383749999999999 0.5251875 0.8422499999999999 0.5211875 0.8554999999999999 0.5165208328124999 0.86525 0.5076875000000001 0.8939999999999999 0.49685416718750003 0.9492499999999999 0.4956875 0.97075 0.49585416718750003 0.9964999999999999 0.496392628125 1 0.83453670625 1