1 0.508203125 0.4611111109375 0.501953125 0.4611111109375 0.49609375 0.471527778125 0.49453125 0.49513888906250003 0.49921875 0.50625 0.4984375 0.5298611109375 0.49296875 0.5423611109375 0.4859375 0.578472221875 0.4921875 0.63819444375 0.495703125 0.6486111109375 0.50078125 0.6493055562500001 0.51171875 0.64375 0.5203125 0.5923611109375 0.51953125 0.56875 0.5109375 0.5326388890625 0.5140625 0.47291666718750003 0.508203125 0.4611111109375
1 0.388671875 0.4138888890625 0.384375 0.42430555625000005 0.3859375 0.46875 0.378125 0.5006944437499999 0.37734375 0.5298611109375 0.38203125 0.5618055562500001 0.385546875 0.5666666671875 0.3953125 0.565972221875 0.4 0.5576388890625 0.40546875 0.515972221875 0.396875 0.465972221875 0.39921875 0.42291666718750004 0.394140625 0.4138888890625 0.388671875 0.4138888890625
1 0.421484375 0.427777778125 0.41640625 0.43819444374999994 0.41875 0.478472221875 0.409375 0.528472221875 0.409375 0.5520833328125 0.41484375 0.5854166671875001 0.428125 0.590972221875 0.4359375 0.5673611109375 0.4390625 0.5354166671875 0.43046875 0.4895833328125 0.4328125 0.43958333281249995 0.428515625 0.4291666671875 0.421484375 0.427777778125
1 0.465234375 0.44444444375 0.4546875 0.45069444374999995 0.45625 0.509027778125 0.44609375 0.5451388890625 0.44609375 0.578472221875 0.4515625 0.6104166671875 0.4609375 0.6173611109375 0.4703125 0.61180555625 0.47734375 0.5631944437499999 0.4765625 0.5451388890625 0.46796875 0.509027778125 0.47109375 0.459027778125 0.465234375 0.44444444375
1 0.4484375 0.53680555625 0.45625 0.50625 0.455078125 0.48333333281249996 0.45078125 0.48819444375 0.44765625 0.5048611109375 0.44609375 0.5270833328125 0.4484375 0.53680555625
1 0.453125 0.43819444374999994 0.45546875 0.44930555625 0.46796875 0.4451388890625 0.46875 0.42569444375 0.465234375 0.41805555625 0.458203125 0.4166666671875 0.4546875 0.42291666718750004 0.453125 0.43819444374999994
1 0.498046875 0.4291666671875 0.4890625 0.43958333281249995 0.48984375 0.490972221875 0.48046875 0.53125 0.48203125 0.565972221875 0.48671875 0.578472221875 0.4984375 0.5298611109375 0.49609375 0.47430555625000004 0.5046875 0.459027778125 0.50546875 0.45069444374999995 0.5046875 0.43819444374999994 0.498046875 0.4291666671875
1 0.530859375 0.41805555625 0.526171875 0.42083333281249996 0.52265625 0.43125 0.52421875 0.4770833328125 0.51640625 0.5048611109375 0.51484375 0.5298611109375 0.5203125 0.565972221875 0.52578125 0.5673611109375 0.52890625 0.5298611109375 0.5359375 0.503472221875 0.53359375 0.46180555625 0.53828125 0.4451388890625 0.5375 0.42569444375 0.530859375 0.41805555625
1 0.546484375 0.447222221875 0.539453125 0.4458333328125 0.534375 0.45625 0.53515625 0.5104166671875 0.5265625 0.5451388890625 0.525 0.578472221875 0.53046875 0.615972221875 0.54375 0.6201388890625 0.5484375 0.615972221875 0.55546875 0.5826388890625 0.55625 0.55625 0.54765625 0.50625 0.5515625 0.459027778125 0.546484375 0.447222221875
1 0.576953125 0.434722221875 0.569921875 0.43333333281249997 0.5640625 0.446527778125 0.565625 0.490972221875 0.55625 0.52569444375 0.55546875 0.55069444375 0.5609375 0.590972221875 0.57421875 0.5951388890625 0.578125 0.590972221875 0.584375 0.5618055562500001 0.58515625 0.5326388890625 0.578125 0.49652777812500004 0.58125 0.44375 0.576953125 0.434722221875
1 0.601171875 0.42083333281249996 0.59375 0.43125 0.59453125 0.47430555625000004 0.584375 0.515972221875 0.58671875 0.5604166671875 0.591015625 0.5722222218749999 0.60078125 0.57430555625 0.6078125 0.5645833328125 0.6125 0.5201388890625 0.61171875 0.5020833328125 0.60625 0.48125 0.609375 0.43263888906250003 0.601171875 0.42083333281249996