1 0.31402030000000003 0.2759209984375 0.31677560625 0.284375 0.329391284375 0.284375 0.333519228125 0.28250014375 0.340625 0.241797484375 0.340625 0.202924625 0.333384403125 0.17134808906250001 0.3368568578125 0.11178964218750001 0.331066165625 0.0996770078125 0.32481616562500004 0.099349459375 0.3188961875 0.10945905 0.317196321875 0.1329882734375 0.32181917968749996 0.144345046875 0.3209005640625 0.1679152140625 0.315359090625 0.180128609375 0.30880155 0.2124960640625 0.30880155 0.22282785781249997 0.31402030000000003 0.2759209984375
1 0.21875 0.076147390625 0.21875 0.055603824999999996 0.21634465781249998 0.050752568750000004 0.21087590781249999 0.0508162046875 0.20585062812500002 0.0612828703125 0.20430527031249998 0.10570913281250001 0.1995356421875 0.12091842500000001 0.1995356421875 0.2015625 0.20767335937500003 0.2015625 0.212152053125 0.1944343890625 0.21875 0.1615875453125 0.21875 0.135235884375 0.21543701093749998 0.102804084375 0.21875 0.076147390625
1 0.2625 0.22799930000000002 0.2625 0.1454066578125 0.2580703578125 0.1277035046875 0.2572099609375 0.0777717 0.25224555625 0.067230009375 0.2451253 0.06563653124999999 0.24071470781249998 0.0759054390625 0.2456395734375 0.1162514125 0.23946871875000003 0.165978628125 0.2409817875 0.1895897390625 0.248586634375 0.2230821984375 0.26016018750000003 0.228125 0.26246613750000003 0.228125 0.2625 0.22799930000000002
1 0.2921875 0.096072121875 0.28814161718750003 0.08325480156250001 0.2771211453125 0.0886438671875 0.274263409375 0.147104746875 0.2690536140625 0.161361959375 0.2690536140625 0.2515625 0.27944982343749997 0.2515625 0.280537875 0.2510304375 0.2912526546875 0.20299328125 0.2918395734375 0.184873953125 0.285982159375 0.148061340625 0.2921875 0.1034136359375 0.2921875 0.096072121875
1 0.270446565625 0.14198064531250001 0.26875 0.162793771875 0.26875 0.16485404374999998 0.2700256671875 0.1703125 0.271787940625 0.1703125 0.278125 0.1461471234375 0.278125 0.120043315625 0.27811893906249996 0.1198904703125 0.2737655 0.1250771796875 0.270446565625 0.14198064531250001
1 0.277112484375 0.0750868046875 0.2795729703125 0.0859375 0.279716584375 0.0859375 0.292037040625 0.080732590625 0.2921875 0.07544265156249999 0.2921875 0.0603970015625 0.288987521875 0.053888484375000004 0.2820334703125 0.053125 0.2819347296875 0.053125 0.2784972125 0.05967232812499999 0.277112484375 0.0750868046875
1 0.320879334375 0.0658962484375 0.3111665546875 0.07636518437499999 0.30835434375 0.127749528125 0.3032647890625 0.1445869640625 0.3032647890625 0.2015625 0.303367071875 0.2015625 0.3142287171875 0.16658841875 0.315769790625 0.1110465 0.32543186875 0.095718725 0.3265625 0.08880724375 0.3265625 0.0743974796875 0.320879334375 0.0658962484375
1 0.35703125 0.09914404375 0.3609375 0.08539156249999999 0.3609375 0.0631693390625 0.354296875 0.05529855625 0.349609375 0.057912643750000006 0.34609375 0.0682065421875 0.34765625 0.11409443749999999 0.33984375 0.1415993984375 0.3390625 0.154072115625 0.3390625 0.171730846875 0.343321125 0.2 0.349588725 0.2 0.35234375 0.16703590625 0.359375 0.14089255625 0.35703125 0.09914404375
1 0.3765625 0.2578125 0.3765625 0.1581505515625 0.373871978125 0.145686146875 0.37557881875 0.098737078125 0.36995083906250004 0.086576425 0.3628549015625 0.0846958625 0.358261940625 0.09475743125 0.3615660421875 0.14897872968749998 0.35458950625 0.18310001874999998 0.3545795328125 0.2163240890625 0.3617948734375 0.254206503125 0.371331340625 0.2578125 0.3765625 0.2578125
1 0.39653347499999997 0.13428819375 0.4015625 0.0953449609375 0.4015625 0.07711040625 0.399683465625 0.0724826375 0.3927493359375 0.0710937484375 0.385967315625 0.08428819374999999 0.3844219578125 0.1287326375 0.37911388125 0.1443479890625 0.37911388125 0.23077656875 0.3805898375 0.23125 0.38739321718749997 0.23125 0.3899292765625 0.2287326375 0.3982188078125 0.199565971875 0.40103959062500005 0.1703993046875 0.39653347499999997 0.13428819375
0 0.6546875 0.37274305625 0.659765625 0.3776041671875 0.696875 0.376909721875 0.70546875 0.37274305625 0.71015625 0.34913194375 0.709375 0.3213541671875 0.70078125 0.29774305624999997 0.690234375 0.2859375 0.679296875 0.283159721875 0.655859375 0.30121527812500004 0.64921875 0.33246527812500004 0.64921875 0.34913194375 0.6546875 0.37274305625
1 0.2417738359375 1 0.24841049218750003 0.9599841453125 0.2484375 0.95875134375 0.2484375 0.9059766203125001 0.23127401406249998 0.8159868859374999 0.2389840125 0.6996887140625 0.22932747031249998 0.68042691875 0.21841421093750002 0.6756870421875 0.20978005937500002 0.6821811062500001 0.2030303484375 0.7005830859375 0.2054927640625 0.8146357468750001 0.187909328125 0.881790546875 0.1832569515625 0.9120520234375 0.1832569515625 0.9502501515624999 0.18500803906250002 0.9775010468750001 0.188867740625 1 0.2417738359375 1