1 0.390234375 0.23333333281250002 0.385546875 0.23611111093749998 0.38046875 0.25069444375 0.384375 0.3201388890625 0.371875 0.37430555625 0.37109375 0.409027778125 0.38046875 0.46458333281249997 0.383984375 0.46944444374999994 0.40078125 0.46875 0.4109375 0.42569444375 0.41328125 0.38680555625 0.40078125 0.3229166671875 0.40234375 0.2451388890625 0.398828125 0.23611111093749998 0.390234375 0.23333333281250002
1 0.344921875 0.23333333281250002 0.336328125 0.23055555625 0.330859375 0.23472222187499997 0.32734375 0.2451388890625 0.33125 0.30763888906250003 0.31875 0.37013888906250003 0.31875 0.409027778125 0.328125 0.46180555625 0.34609375 0.46458333281249997 0.35 0.4576388890625 0.35546875 0.4270833328125 0.35859375 0.37986111093749997 0.34609375 0.3104166671875 0.34921875 0.2451388890625 0.344921875 0.23333333281250002
1 0.451953125 0.23472222187499997 0.441015625 0.23194444375 0.43515625 0.24097222187499998 0.43359375 0.2520833328125 0.4375 0.30902777812500004 0.4234375 0.384027778125 0.4234375 0.4173611109375 0.4328125 0.471527778125 0.4515625 0.47569444375 0.45625 0.4701388890625 0.4625 0.44236111093749997 0.46640625 0.39375 0.453125 0.31736111093749997 0.45703125 0.25069444375 0.451953125 0.23472222187499997
1 0.494921875 0.23333333281250002 0.490234375 0.23611111093749998 0.48515625 0.25069444375 0.4890625 0.3145833328125 0.4765625 0.3729166671875 0.47578125 0.41180555625000004 0.48671875 0.4770833328125 0.50703125 0.4798611109375 0.5171875 0.44375 0.5203125 0.396527778125 0.50703125 0.32847222187499997 0.509375 0.2520833328125 0.503515625 0.2375 0.494921875 0.23333333281250002
1 0.558203125 0.23472222187499997 0.549609375 0.23194444375 0.540625 0.24375 0.54375 0.31736111093749997 0.53203125 0.36875 0.53125 0.409027778125 0.54140625 0.471527778125 0.544921875 0.4763888890625 0.56015625 0.4770833328125 0.565625 0.4701388890625 0.571875 0.43958333281249995 0.575 0.3895833328125 0.5625 0.32847222187499997 0.565625 0.24930555625 0.558203125 0.23472222187499997
1 0.6140625 0.32847222187499997 0.615625 0.2479166671875 0.609765625 0.23611111093749998 0.601953125 0.23611111093749998 0.59453125 0.2520833328125 0.59765625 0.3145833328125 0.584375 0.37847222187499996 0.584375 0.4145833328125 0.5953125 0.4701388890625 0.60859375 0.47291666718750003 0.612890625 0.47222222187499996 0.61796875 0.4576388890625 0.625 0.4201388890625 0.6265625 0.3895833328125 0.625 0.37013888906250003 0.6140625 0.32847222187499997
1 0.651953125 0.23333333281250002 0.646875 0.23958333281250002 0.6453125 0.2520833328125 0.6484375 0.321527778125 0.6390625 0.3604166671875 0.6359375 0.39930555624999997 0.6453125 0.46180555625 0.648046875 0.46666666718750005 0.6640625 0.465972221875 0.67421875 0.428472221875 0.6765625 0.3770833328125 0.66484375 0.321527778125 0.6671875 0.2451388890625 0.660546875 0.23333333281250002 0.651953125 0.23333333281250002
1 0.037109375 0.23055555625 0.031640625 0.22777777812500002 0.02109375 0.23819444375 0.0234375 0.31597222187499996 0.0125 0.36319444375 0.0109375 0.39375 0.02109375 0.459027778125 0.025390625 0.46388888906250003 0.0359375 0.46319444374999996 0.04375 0.45625 0.05 0.41875 0.05234375 0.37986111093749997 0.03984375 0.31597222187499996 0.0421875 0.2451388890625 0.037109375 0.23055555625
1 0.961328125 0.2388888890625 0.953515625 0.240277778125 0.9484375 0.25069444375 0.95078125 0.32569444375 0.93828125 0.3854166671875 0.9390625 0.428472221875 0.94609375 0.46875 0.948828125 0.47361111093749997 0.95859375 0.47430555625000004 0.96796875 0.46875 0.97734375 0.41180555625000004 0.97734375 0.38125 0.96640625 0.32847222187499997 0.96953125 0.25347222187499996 0.961328125 0.2388888890625
1 0.909375 0.24930555625 0.905859375 0.2388888890625 0.898046875 0.23611111093749998 0.890625 0.246527778125 0.89296875 0.30902777812500004 0.884375 0.36180555625 0.88359375 0.4201388890625 0.88828125 0.46180555625 0.893359375 0.46805555625000006 0.90390625 0.4673611109375 0.909375 0.46180555625 0.91328125 0.44236111093749997 0.9171875 0.41041666718750003 0.9171875 0.3770833328125 0.90625 0.321527778125 0.909375 0.24930555625
0 0.594140625 0.534722221875 0.577734375 0.5361111109375 0.558984375 0.5541666671875001 0.54296875 0.5854166671875001 0.53671875 0.61319444375 0.53671875 0.63819444375 0.54453125 0.678472221875 0.558203125 0.70694444375 0.576953125 0.7263888890625 0.59921875 0.7284722218749999 0.612890625 0.7194444437499999 0.63125 0.6868055562500001 0.6453125 0.64375 0.646875 0.6034722218749999 0.626953125 0.5527777781250001 0.594140625 0.534722221875