1 0.2760135375 0 0.2702066796875 0.021218725 0.2702066796875 0.138192928125 0.2708209390625 0.1390625 0.278042925 0.1390625 0.2881239640625 0.13806048906249999 0.300285559375 0.09441340000000001 0.3015625 0.08241995156250001 0.3015625 0.036301882812500005 0.296088365625 0 0.2760135375 0
1 0.22699856562499998 0 0.21981017343749998 0.040067778124999995 0.22048898281249998 0.0789566671875 0.23054212343749997 0.1296875 0.25006607187499996 0.1296875 0.2525874921875 0.12483375781249999 0.25625 0.10180375 0.25625 0.028490710937500004 0.25053435468749996 0 0.22699856562499998 0
1 0.34102401250000003 0 0.33546889062499996 0.0550598484375 0.33838517968750004 0.0883931828125 0.3524991515625 0.1429964953125 0.3553568875 0.14375 0.3609375 0.14375 0.3609375 0 0.34102401250000003 0
1 0.39045204375 0 0.3836923421875 0.0435357171875 0.3851761109375 0.082442790625 0.3999156109375 0.14746599375 0.408545065625 0.1484375 0.4171875 0.1484375 0.4171875 0.02044041875 0.4119843375 0 0.39045204375 0
1 0.9714349796875 0.4139468359375 0.9763779078125001 0.3970374890625 0.9810554328125001 0.3635221453125 0.98125 0.3593447078125 0.98125 0.32870469375 0.9743475765625 0.2844992171875 0.9790582515625001 0.21681561875000002 0.9746062796875 0.2064556546875 0.9663591984375 0.20508916406250002 0.9600030453125001 0.2133083875 0.958138665625 0.219880875 0.9587657015625 0.28448334375 0.9520335859374999 0.3108136921875 0.9520335859374999 0.416953740625 0.9522820078125 0.4171875 0.9666979265624999 0.4171875 0.9714349796875 0.4139468359375
1 1 0.20096631718750002 0.996907703125 0.1991091578125 0.9903525875 0.202970453125 0.9871204500000001 0.21463544687499997 0.99358905 0.27197011875 0.989550140625 0.310078553125 0.9950650328125 0.3331297203125 0.9974194546875002 0.3645990796875 0.9970079203125 0.3933512734375 1 0.40743755468750004 1 0.20096631718750002
1 0.9214740953125 0.403058440625 0.9250605515625001 0.4140625 0.94226995625 0.4140625 0.94383125 0.41144115000000003 0.9484375 0.3929986125 0.9484375 0.310540525 0.9426923625000001 0.2853483390625 0.9455406578125001 0.21974110468750002 0.9412374781249999 0.20880925781249998 0.9334572999999999 0.2055308328125 0.9292583125 0.2080415984375 0.9246965515625 0.21933197031249999 0.9265357578125 0.28523959374999996 0.9214740953125 0.302963671875 0.9214740953125 0.3130874703125 0.9243914531249999 0.335139465625 0.9214740953125 0.3925386484375 0.9214740953125 0.403058440625
1 0.8723017328125 0.390115153125 0.8686037656250001 0.417039734375 0.8758669874999999 0.41875 0.8859375 0.41875 0.8859375 0.29800141406249997 0.882975415625 0.28526733437499996 0.8849529078125 0.2194720453125 0.8782404625 0.2080116125 0.8704118031250001 0.20722205468750002 0.8673191250000001 0.209128453125 0.8625893968749999 0.22171482031249998 0.86681341875 0.28462323437500003 0.8602005609375001 0.3236394 0.8684171140625001 0.34665118125 0.8724346749999998 0.3678838390625 0.8723017328125 0.390115153125
1 0.9089263843750001 0.4234375 0.9105177062500001 0.42124912812500004 0.9148426531249999 0.40466731874999995 0.9203125 0.3418485578125 0.9203125 0.333238965625 0.9180946796875 0.3120626046875 0.9131955406250001 0.2915588859375 0.9186293531249999 0.2221750546875 0.9151192531250001 0.2123619140625 0.9074576671875001 0.208476371875 0.9004604624999999 0.21387433437499997 0.8966034374999999 0.22536961249999998 0.89716289375 0.288405309375 0.8908004328124999 0.312934 0.8908004328124999 0.423166284375 0.8924857968750001 0.4234375 0.9089263843750001 0.4234375
1 0.909375 0.2095984734375 0.909375 0.2084875484375 0.9060328656250001 0.2021699515625 0.8968358734375 0.204127521875 0.893150490625 0.2153142796875 0.8992686734374999 0.278459509375 0.8953195874999998 0.3057360484375 0.899089878125 0.315625 0.9002965781250001 0.315625 0.9032507593750001 0.30827140625 0.9059340265625 0.2854877953125 0.8997565078124999 0.2214166375 0.9030397296875 0.2120361671875 0.909375 0.2095984734375
1 0.8546875 0.21389298281250002 0.8507494281250001 0.20513648281250002 0.84184971875 0.2024846890625 0.8408888234375 0.2024846890625 0.8351285515625001 0.2097670171875 0.8333557953125 0.22018003749999998 0.8406378406249999 0.2708325609375 0.841175165625 0.2838410921875 0.8374867312500001 0.30934232968750003 0.8530699625 0.3109375 0.8546875 0.3109375 0.8546875 0.21389298281250002
1 0.7954432453125 0.40322696406249997 0.7995344937500001 0.40963571718749997 0.7989309515625 0.4140625 0.8060341984375 0.4140625 0.8020272437500001 0.3744141671875 0.8038375484374999 0.353090596875 0.811930175 0.32888015625 0.821875 0.3143499125 0.821875 0.2966336078125 0.8178172781249999 0.2704559109375 0.8205686078125 0.2130121390625 0.8177848296875 0.20611769687499998 0.8105578078125 0.200689415625 0.8027129859375 0.20360356249999997 0.7986936078125 0.21339396718749998 0.79951269375 0.27725558281249996 0.7907268453125 0.31628993125 0.7886828078125 0.33353087812500004 0.7886828078125 0.34603125625 0.7891357 0.3635303359375 0.7954432453125 0.40322696406249997
0 0.8496982093749998 0.434375 0.8571614562499998 0.428604715625 0.8652343734375 0.41360884843749995 0.8671875 0.404031984375 0.8671875 0.35563308125000004 0.8636718734375 0.3404061375 0.8540364562499999 0.32294003125000004 0.8446614562499999 0.3152052421875 0.8295572906249999 0.31375186718750003 0.8191406234375 0.3244992203125 0.81106770625 0.3394950859375 0.8058593734375 0.3624613546875 0.8063802062500001 0.391183246875 0.8105468734375 0.4089213421875 0.8196614562500001 0.42914703750000005 0.8259230828125 0.434375 0.8496982093749998 0.434375
1 0.734761084375 1 0.7385672953125 0.9816771875000001 0.7390625 0.9710449359375 0.7390625 0.9457326625 0.7344502453125 0.9150517812500001 0.71532201875 0.8606819890625002 0.717755159375 0.827819009375 0.73491768125 0.7499955640625 0.7354744249999999 0.7186645359375 0.7308418624999999 0.7018623875000001 0.7202937265625 0.6861161140625 0.7103499328125 0.6827141828125 0.6937346265625 0.6827141828125 0.6802753984375001 0.6927149078125 0.6658576078125 0.721296590625 0.662320165625 0.75849188125 0.669126940625 0.8448779171874999 0.6640453093750001 0.8764724921875 0.658968271875 0.8789021890625 0.647531184375 0.9016196109375001 0.6425732453125 0.915922071875 0.6425732453125 1 0.734761084375 1
1 0.7570905796874999 0.6390625 0.7569415125 0.6637898546875001 0.7695446609375 0.68483225625 0.78140896875 0.6895091125 0.8084586874999999 0.68142771875 0.8288412953125001 0.7067900015624999 0.8421239265625001 0.7078125 0.861073496875 0.7078125 0.8874407218750001 0.6888048078125 0.9015625 0.660583178125 0.9015625 0.6390625 0.7800352015625001 0.6390625 0.7770669515625 0.6484563421875 0.7701675703124999 0.6426307546875 0.7713726578125 0.6390625 0.7570905796874999 0.6390625