1 0.30520078125 0.3796875 0.3038200796875 0.35939356718750004 0.3081195734375 0.34822791249999996 0.30573255625 0.32463498281250003 0.2995094203125 0.3142864953125 0.29325942031249996 0.31435922031249997 0.28781230468749996 0.32623295625000004 0.29247886093750003 0.3796875 0.30520078125 0.3796875
1 0.41875 0.3796875 0.41875 0.340546265625 0.414593778125 0.3208442734375 0.4174494796875 0.27653652968750003 0.413455696875 0.2657439359375 0.4120962578125 0.265625 0.4077632484375 0.265625 0.40264614062500004 0.27384898125 0.403737103125 0.31710958749999996 0.396875 0.35074071875 0.396875 0.3796875 0.41875 0.3796875
1 0.38923354374999997 0.3796875 0.3816040375 0.331312125 0.3851197515625 0.2910888984375 0.380629853125 0.281183109375 0.3767139265625 0.281183109375 0.3732730578125 0.28177927343750003 0.36867308906249996 0.292095928125 0.3695619875 0.3421504796875 0.365625 0.360247709375 0.365625 0.3796875 0.38923354374999997 0.3796875
1 0.34886175937499997 0.3796875 0.3444129671875 0.36204426875 0.34767279375000004 0.3037109328125 0.33730777500000003 0.2974609328125 0.33102406875 0.31204426875 0.3326942171875 0.36204426875 0.328125 0.3791524546875 0.328125 0.3796875 0.34886175937499997 0.3796875
1 0.3528924 0.3796875 0.3527556515625 0.357798834375 0.3506986984375 0.3412595015625 0.346875 0.336763559375 0.346875 0.3740103734375 0.3479741828125 0.3796875 0.3528924 0.3796875
1 0.3359375 0.2736076625 0.3359375 0.2979929828125 0.33599445 0.2985087609375 0.3417877671875 0.3 0.3488836484375 0.3 0.3488836484375 0.28205684531249997 0.34772176875 0.2753578234375 0.343769103125 0.2693536609375 0.336834971875 0.2712342203125 0.3359375 0.2736076625
1 0.321847259375 0.3796875 0.321847259375 0.356367653125 0.317833978125 0.343886746875 0.3141192828125 0.292484221875 0.3042235671875 0.282224378125 0.2984375 0.29126690625 0.2984375 0.293961259375 0.298685128125 0.30388170468750003 0.3001954515625 0.3122014015625 0.3101258328125 0.3273291765625 0.3124959796875 0.3796875 0.321847259375 0.3796875
1 0.2862712640625 0.3796875 0.2862712640625 0.3439179328125 0.28141568437500003 0.3300415421875 0.28004105 0.284135434375 0.2758578953125 0.273882509375 0.2709923875 0.27132305625 0.2671875 0.2762395609375 0.2671875 0.30412880468750003 0.27106164062500004 0.31520041249999997 0.2713880109375 0.3569762390625 0.2789891 0.3796875 0.2862712640625 0.3796875
1 0.2762303015625 0.3796875 0.2762303015625 0.37834290625 0.2713884578125 0.3637801953125 0.267748121875 0.30958169375 0.2618196921875 0.2993719453125 0.254901815625 0.3010473359375 0.2515625 0.310796753125 0.2515625 0.3177602515625 0.2585483359375 0.36012286250000003 0.256794990625 0.3796875 0.2762303015625 0.3796875
1 0.24574240625 0.3796875 0.24574240625 0.36375503125 0.239415428125 0.3439767109375 0.23864869375 0.2995777328125 0.2320978265625 0.2862127953125 0.22513936562499998 0.2873970953125 0.2234375 0.2913595109375 0.2234375 0.3153427796875 0.2272065828125 0.34916855625 0.2234375 0.375504675 0.2234375 0.3796875 0.24574240625 0.3796875
1 0.20860763750000003 0.3796875 0.209949346875 0.368786128125 0.2027067140625 0.3264686203125 0.2064987015625 0.283463128125 0.19980523125 0.27257084531250003 0.1907765796875 0.283850721875 0.1905023609375 0.3326620921875 0.1890625 0.33692059375 0.1890625 0.3796875 0.20860763750000003 0.3796875
1 0.8996416578125 0.10043198125 0.8929832171874998 0.0859375 0.8799313375000001 0.0859375 0.874601246875 0.099633653125 0.8762848046875 0.17636429375 0.8703125 0.1994056515625 0.8703125 0.2741173328125 0.905527590625 0.275 0.9050966390624999 0.23597440937499997 0.89351271875 0.1764791171875 0.8996416578125 0.10043198125
2 1 0.273298965625 0.74844671875 0.273298965625 0.7474477859374999 0.27453128125 0.7453125 0.2895718 0.7453125 0.3796875 0.8026047015625 0.3796875 0.8038726687500001 0.3773021359375 0.8052196953124999 0.3578758765625 0.8167296765625001 0.3518895421875 1 0.3555122046875 1 0.273298965625
1 0.259624775 0.7202938921875 0.2589169140625 0.6851026484375 0.2545741546875 0.6726481015625 0.2484375 0.6745575328125 0.2484375 0.7088326703125001 0.2493374453125 0.7241188046875 0.2484375 0.7317275859375 0.2484375 0.787174178125 0.2522623453125 0.7953125 0.2624267421875 0.7953125 0.26423584375 0.7884433078125 0.26423584375 0.73980205 0.259624775 0.7202938921875
1 0.2199112671875 0.67079676875 0.2187937671875 0.67079676875 0.21452764375000002 0.6719286656250001 0.21307738125000003 0.6769073406249999 0.2129336125 0.7177392125 0.2109375 0.728107646875 0.2109375 0.790762478125 0.212263878125 0.79375 0.22021217499999998 0.79375 0.22174271874999998 0.7918442703124999 0.227211528125 0.7654025203125 0.2268434046875 0.7421632390624999 0.221814721875 0.7175879265624999 0.2244548890625 0.6806875921875 0.2199112671875 0.67079676875
1 0.28103046875 0.68092519375 0.28017739375 0.6744194671875 0.275898490625 0.6692238328125001 0.2711571046875 0.67096658125 0.26875 0.6774810812500001 0.26875 0.68692525 0.269150009375 0.713078028125 0.26875 0.715240971875 0.26875 0.7834307453125 0.2800110359375 0.7786528078125 0.2832662734375 0.7652935546874999 0.28393981562500004 0.74214540625 0.2784441828125 0.7160740109375 0.28103046875 0.68092519375
1 0.297360121875 0.6677879078125001 0.29217873125 0.66686198125 0.288645134375 0.6719545734375 0.289103025 0.7099175375 0.2875 0.7164486828125 0.2875 0.778010265625 0.2892437421875 0.7796875 0.297847328125 0.7796875 0.3003726484375 0.7701027218750001 0.3021686828125 0.7441767953125 0.30153114062499997 0.7302879078125001 0.297382475 0.7117693890625001 0.2995287515625 0.673806425 0.297360121875 0.6677879078125001
1 0.31051908125 0.7765625 0.3175415453125 0.74325503125 0.3137243234375 0.7055467359375001 0.3169614234375 0.6712450328124999 0.31350019375 0.66445975625 0.30875335625 0.6655766812499999 0.3078125 0.66768423125 0.3078125 0.7765625 0.31051908125 0.7765625
1 0.21513433750000002 0.6724975687500001 0.21191364687499997 0.6676052890624999 0.2078125 0.6713022953125 0.2078125 0.6978649609375001 0.20906429375000002 0.7129315281249999 0.2078125 0.7242982984375 0.2078125 0.7611517421875 0.2106039375 0.7723728890625 0.2146683671875 0.784375 0.216084359375 0.784375 0.216084359375 0.6841583124999999 0.21513433750000002 0.6724975687500001
1 0.19457336875 0.713233290625 0.1924557234375 0.6771039968749999 0.1868192375 0.6693199937500001 0.184375 0.672521284375 0.184375 0.705660384375 0.1855224015625 0.7171006359375001 0.184375 0.7307384406249999 0.184375 0.7591493921875 0.18842678125 0.7801090546875 0.1930211734375 0.7890625 0.1985177359375 0.7890625 0.1985177359375 0.7256398046875 0.19457336875 0.713233290625
1 0.164778240625 0.675858571875 0.160947803125 0.6690718046875 0.156721803125 0.6683399453125001 0.15625 0.6693113484375 0.15625 0.7069870500000001 0.1566756796875 0.7124548468749999 0.15625 0.71701089375 0.15625 0.7637636828125001 0.16135853125 0.78125 0.16900588593750002 0.78125 0.16900588593750002 0.7244467078125 0.16552984531249998 0.7120424578125 0.164778240625 0.675858571875
1 0.24292297187499998 0.6693689859375 0.2387563046875 0.6695387640625 0.2359375 0.6745035109374999 0.2359375 0.6761597140625 0.24000273125 0.7136157453124999 0.23676779374999998 0.7444047484375 0.237901534375 0.7582936375 0.24343693437499997 0.7812932296875 0.2454106265625 0.7859375 0.2468103265625 0.7859375 0.2468103265625 0.6745485609375 0.24292297187499998 0.6693689859375
1 0.26819965625000003 0.6749388984375 0.2654434375 0.66700033125 0.26122824375000003 0.6659531671875 0.2578125 0.67456143125 0.2578125 0.6747485546875 0.25973369375 0.6820886765624999 0.261202415625 0.720036484375 0.265527609375 0.7331055296875 0.2666564890625 0.7453125 0.26789505625 0.7453125 0.26875 0.7447476796875 0.26875 0.6990533703125 0.26819965625000003 0.6749388984375
0 0.3000541546875 0.7871496437500001 0.2868045640625 0.77711451875 0.285834465625 0.77711451875 0.278176296875 0.7783070453125001 0.2655496609375 0.78679864375 0.2609375 0.796531453125 0.2609375 0.8576625906250002 0.265840078125 0.8649435656249999 0.274123734375 0.8703125 0.284157825 0.8703125 0.294874390625 0.8612237171875 0.3011524828125 0.8500000968750001 0.30537817968750003 0.8344596156249999 0.30549624531249997 0.802844628125 0.3000541546875 0.7871496437500001
1 0.9097550421874999 0.3796875 0.9084612953125 0.4088237515625 0.8993962203125001 0.44594426875000004 0.8892406671875002 0.46206894062500004 0.878537496875 0.49320607968749997 0.8710835328125001 0.5253058171875 0.86875 0.5489117265625 0.86875 0.6545396046875 0.8765534031249999 0.7433307515625 0.88635499375 0.7682268578125 0.8947522625000002 0.7734375 0.9098972828124999 0.7734375 0.9111724562500001 0.7729401124999999 0.9126327671875 0.732906865625 0.9414772015625001 0.6585411624999999 0.947658146875 0.6104497359375 0.9485755984375001 0.534408178125 0.9385533671874999 0.47249960468749996 0.9376612984375001 0.42649129375 0.9468671718749999 0.3796875 0.9097550421874999 0.3796875
1 0.676767834375 0.3796875 0.6730708296875 0.43859165312500004 0.6546875 0.4828559046875 0.6546875 0.6955519750000001 0.687584284375 0.7234375 0.6897824031249999 0.7234375 0.7004474093749999 0.7036537562499999 0.710722421875 0.6704661515625 0.7206745531250001 0.5991535625 0.7215315062500001 0.5450910703125 0.70818721875 0.43765375625 0.7114939578125 0.39784123125000004 0.7146550765624999 0.3796875 0.676767834375 0.3796875
1 0.4604378578125 0.3796875 0.4595202953125 0.411222025 0.4546875 0.436278984375 0.4546875 0.6543235640624999 0.46504910781250003 0.6875 0.465154625 0.6875 0.5001402578125 0.6733442249999999 0.5126374421875 0.624601915625 0.5196160375 0.5567182921875 0.5168856078124999 0.478601915625 0.49396463593749995 0.3820034078125 0.49407412500000003 0.3796875 0.4604378578125 0.3796875