1 0.3210230015625 0 0.3220198484375 0.0333045046875 0.33430639218749997 0.0891874421875 0.33657598593750004 0.0921875 0.3515625 0.0921875 0.3515625 0 0.3210230015625 0
1 0.259291384375 0 0.259291384375 0.0674942796875 0.26178708125 0.0848554953125 0.271240178125 0.0859375 0.2802216046875 0.0859375 0.2838075859375 0.079797490625 0.290343359375 0.049019099999999996 0.2921875 0.030728654687500002 0.2921875 0 0.259291384375 0
1 0.36931129375 0 0.367769421875 0.0087100078125 0.3681572921875 0.0420433421875 0.37816257656249996 0.096537390625 0.38557099687499996 0.0984375 0.3994657296875 0.0984375 0.401583915625 0.09596695625 0.40625 0.07426965468749999 0.40625 0 0.36931129375 0
1 0.417982059375 0 0.417059796875 0.03561964375 0.4276175203125 0.10057917187500001 0.43674430937500003 0.1015625 0.44825651874999994 0.1015625 0.4582802 0.06635928906250001 0.459375 0.051123249999999995 0.459375 0.006941454687499999 0.4580532328125 0 0.417982059375 0
1 0.4784098109375 0 0.47872854374999996 0.0328982875 0.49070335781249996 0.0947474453125 0.4923817265625 0.096875 0.5112224296875 0.096875 0.5148816953125 0.09180654687499999 0.5171875 0.078491928125 0.5171875 0 0.4784098109375 0
1 0.5268821124999999 0 0.5268821124999999 0.0921875 0.5421677359375 0.0921875 0.5475632265625 0.078643853125 0.5567786031249999 0.0407343265625 0.559375 0.016926174999999998 0.559375 0 0.5268821124999999 0
1 0.6 0 0.5808134828125 0 0.5791325390625001 0.0225089421875 0.588871153125 0.0852271484375 0.59102268125 0.0890625 0.6 0.0890625 0.6 0
0 0.5590421250000001 0.3437758609375 0.576641821875 0.3112437859375 0.5859375 0.2806573578125 0.5859375 0.21743149687500002 0.5692254140624999 0.177191009375 0.535992665625 0.1589445546875 0.5196187421875 0.1602379953125 0.501288990625 0.1781844671875 0.4860007171875 0.209341290625 0.48039725312500003 0.23708270625 0.48097913437499995 0.26208270625 0.48972910937499997 0.3024059359375 0.5040636828125 0.3309576984375 0.5227642078125 0.35 0.5496785125 0.35 0.5590421250000001 0.3437758609375
1 0.7938289140625 0.559375 0.7993987890625001 0.528551784375 0.7829439578125 0.518233790625 0.7827806828125 0.518233790625 0.7626306796875 0.5291503359374999 0.763510128125 0.559375 0.7938289140625 0.559375
1 0.0538382453125 1 0.0523352234375 0.99240286875 0.0510996234375 0.9756998265625001 0.05395526874999999 0.9526608046874999 0.0536535953125 0.9267348796875 0.048560228125 0.9140620953124999 0.039684512500000005 0.91190105 0.0348281765625 0.919598634375 0.0328741328125 0.93063699375 0.036742546875 0.9946350109375001 0.035542515625 1 0.0538382453125 1
1 0.26756691875 1 0.2641367984375 0.987648321875 0.2661248609375 0.9144547078125 0.2622751734375 0.9048461453125001 0.2539526140625 0.9032367687499999 0.2473910234375 0.9122225 0.24578542812499998 0.9196753718749999 0.247996353125 0.987192190625 0.24518036250000003 1 0.26756691875 1
1 0.21463128125000003 1 0.21077718124999997 0.9856519734375 0.2103729390625 0.9179592515625 0.206731578125 0.909379903125 0.20319772500000002 0.9077000515625 0.197657415625 0.9077000515625 0.194231578125 0.9101809375000001 0.19016820625 0.9229646390624999 0.19525995000000002 0.9903569718749999 0.1933773953125 1 0.21463128125000003 1
1 0.06359757031249999 1 0.0615428265625 0.9874685750000001 0.0671875 0.9172117500000001 0.0671875 0.916971353125 0.06328917656250001 0.9084687499999999 0.055171559375 0.9052504078125001 0.0492444125 0.9134392984374999 0.052656071875 0.9261595796875 0.0484445421875 0.9785786796875 0.0484445421875 1 0.06359757031249999 1
1 0.09375307031249999 1 0.0929453828125 0.9966341812499999 0.094710890625 0.94205304375 0.0935507109375 0.9216584265625001 0.087509953125 0.9127227203124999 0.080733734375 0.9116392046874999 0.0747899375 0.9193701640625 0.07275508750000001 0.9276550078125 0.0767564546875 0.9888509750000001 0.0745302359375 1 0.09375307031249999 1
1 0.10709529843750001 1 0.10614688125 0.9947466781250001 0.1120502890625 0.9402383875 0.11243305781249999 0.919807346875 0.10855632343749999 0.9116791296875 0.1014588984375 0.908476659375 0.0939351421875 0.9175631093749999 0.0939351421875 1 0.10709529843750001 1
1 0.14461340625000002 1 0.144446303125 0.9991177812500001 0.1515625 0.9343613625 0.1515625 0.9261271343749999 0.1493527703125 0.9160560890625 0.141864303125 0.9117146578125 0.13625092968750002 0.9159191328125 0.132014928125 0.925365009375 0.13076549531249998 0.9756200984374999 0.1283004703125 0.9977998078125001 0.127606878125 1 0.14461340625000002 1
1 0.16407730468749998 1 0.1620636171875 0.9884598562499999 0.1619713265625 0.9736329218750001 0.1671875 0.92664819375 0.1671875 0.9155556078125 0.1634679421875 0.9055440328125 0.156294946875 0.9036073359374999 0.1503811765625 0.9104881453125 0.1526622828125 0.9318268640625 0.14977340625 0.9566802609374999 0.14977340625 1 0.16407730468749998 1
1 1 0.78440461875 0.9984127062500001 0.7809412234374999 0.990454628125 0.7778906265625001 0.9856409765624999 0.790199653125 0.9900179671875 0.843957921875 0.9835286109375 0.8788521015625002 0.984233871875 0.9121490578125 0.9857490453125 0.915625 1 0.915625 1 0.78440461875
2 1 0.9122359375 0.7882896374999999 0.9122359375 0.7239319546875 0.9146478796874999 0.684998790625 0.9125358515624999 0.678278203125 0.91881965 0.6763828109375 0.9396567796875 0.6763828109375 0.9881786781249999 0.6770743984375 0.9905258531250001 0.6772291125 0.990625 0.7119866874999999 0.990625 0.74947023125 0.9875759500000001 0.7526922328125 0.9846708390625001 0.776000396875 0.9874195374999999 0.7839098984375 0.9843234234375 0.8516505671875001 0.98063859375 0.8541577312499999 0.9833102609375001 0.8989493984375001 0.9814851390625 0.9216720609374999 0.9861069140625001 0.965551396875 0.9806205343750001 0.9758387265625 0.983899790625 0.980102396875 0.980952234375 1 0.98014146875 1 0.9122359375