1 0 0 0 0.4296875 0.4 0.4296875 0.4 0.1556753640625 0.2513839203125 0.041743128125 0.2310568328125 0.0205031140625 0.2198842890625 0 0 0
1 0.676312921875 0 0.6802753390625 0.041052009375 0.6688161109375 0.1037105890625 0.6702985765625 0.1591977953125 0.673132859375 0.1625 0.7125 0.1625 0.7125 0.087778059375 0.7005878390625 0.042829121875 0.7011959843750001 0 0.676312921875 0
2 0.4 0.255622025 0.82578125 0.26597222187499997 0.836328125 0.25833333281250004 0.882421875 0.2611111109375 0.897265625 0.25694444375000003 0.8984375 0.1729166671875 0.894921875 0.16805555625 0.697265625 0.16805555625 0.648046875 0.1625 0.4 0.15446609375 0.4 0.255622025
1 0.246875 0.816840278125 0.24479166718749998 0.8510995375 0.24869791718749998 0.85711805625 0.2580729171875 0.8598958328125 0.30625 0.8649884265625001 0.3109375 0.85758101875 0.315625 0.811284721875 0.328125 0.741840278125 0.3270833328125 0.7260995375 0.3192708328125 0.685358796875 0.31875 0.654803240625 0.3229166671875 0.6010995375 0.3302083328125 0.548321759375 0.3307291671875 0.523321759375 0.3255208328125 0.49924768593749996 0.31796875 0.4848958328125 0.31171875 0.479340278125 0.3028645828125 0.4774884265625 0.28984375 0.485821759375 0.28177083281250004 0.5020254625 0.2796875 0.5131365734375 0.2802083328125 0.6538773140625 0.2776041671875 0.6742476859375 0.2677083328125 0.717766203125 0.265625 0.7399884265625 0.2526041671875 0.7742476859374999 0.246875 0.816840278125
1 0.265625 0.7381365734375 0.2791666671875 0.6372106484375 0.2786458328125 0.5964699078125 0.2721354171875 0.58304398125 0.2653645828125 0.5784143515625 0.25338541718749996 0.58211805625 0.24635416718749997 0.6010995375 0.24583333281250003 0.62054398125 0.24895833281250002 0.6557291671875 0.2479166671875 0.7131365734375 0.23125 0.7751736109375 0.2265625 0.8131365734375 0.2265625 0.8510995375 0.23151041718749998 0.855266203125 0.2427083328125 0.8557291671874999 0.24479166718749998 0.8520254625 0.24895833281250002 0.7973958328125 0.2541666671875 0.7686921296875 0.265625 0.7381365734375
1 0.23671875 0.6330439812499999 0.2328125 0.642766203125 0.2322916671875 0.7260995375 0.21875 0.7751736109375 0.215625 0.7964699078125 0.21458333281250003 0.816840278125 0.2166666671875 0.8436921296875 0.22005208281250002 0.8524884265625001 0.22395833281250002 0.8529513890625001 0.22552083281250002 0.8510995375 0.2260416671875 0.8159143515625 0.2296875 0.78350694375 0.24895833281250002 0.7057291671874999 0.24739583281250002 0.6409143515625 0.24348958281250002 0.629340278125 0.23671875 0.6330439812499999
1 0.50625 1 0.50625 0.9509073765625 0.48950880625000004 0.9253386593750001 0.4858744703125 0.9125652578124999 0.48058788750000003 0.840137984375 0.47268497343749993 0.8276830984375 0.4648158828125 0.825610703125 0.455090275 0.797081071875 0.45597298750000004 0.828296896875 0.44756006875 0.8510878015625 0.4500846453125 0.8748356125000001 0.460761284375 0.9076002625000001 0.46412370625 0.9328053140625 0.45717115 0.9723312375 0.4576510609375 1 0.50625 1
1 0.553515625 0.6907986109375 0.542578125 0.6880208328125 0.537890625 0.6907986109375 0.5328125 0.70538194375 0.5390625 0.776215278125 0.5328125 0.795659721875 0.5296875 0.8428819437499999 0.54453125 0.8942708328125001 0.5546875 0.8998263890625001 0.56640625 0.8845486109374999 0.5734375 0.8456597218749999 0.5734375 0.81788194375 0.5671875 0.788715278125 0.55859375 0.7720486109375 0.55703125 0.6984375 0.553515625 0.6907986109375
1 0.63630265 1 0.6390625 0.988715278125 0.64140625 0.963715278125 0.63828125 0.9220486109374999 0.62578125 0.8845486109374999 0.6296875 0.8109375 0.620703125 0.7949652781250001 0.605859375 0.79913194375 0.60078125 0.8095486109374999 0.6 0.8345486109374999 0.60546875 0.8873263890625 0.5921875 0.9401041671874999 0.5953125 0.9914930562500001 0.5982177734375 1 0.63630265 1
1 0.671875 0.688715278125 0.668359375 0.676909721875 0.659765625 0.67413194375 0.655078125 0.6755208328125001 0.65 0.6901041671874999 0.6515625 0.75538194375 0.64296875 0.77899305625 0.63984375 0.83038194375 0.65 0.870659721875 0.653515625 0.8755208328125 0.6625 0.8748263890625001 0.66796875 0.8678819437499999 0.67578125 0.84149305625 0.67890625 0.8053819437499999 0.675 0.7651041671875 0.66875 0.7498263890625 0.671875 0.688715278125
1 0.60703125 0.6123263890625 0.6 0.5984375 0.596484375 0.57274305625 0.59375 0.601215278125 0.58828125 0.613715278125 0.58984375 0.663715278125 0.58359375 0.7026041671875 0.5828125 0.7359375 0.590625 0.776215278125 0.594140625 0.782465278125 0.60234375 0.7831597218749999 0.6109375 0.7734375 0.6125 0.7067708328125001 0.61171875 0.6901041671874999 0.60625 0.6789930562500001 0.6046875 0.663715278125 0.60703125 0.6123263890625
1 0.6171875 0.6623263890625 0.62421875 0.6942708328125 0.63515625 0.6998263890625 0.6390625 0.6970486109375 0.646875 0.6595486109375 0.64609375 0.6317708328125 0.63828125 0.60399305625 0.6390625 0.5720486109375 0.636328125 0.5685763890625 0.625 0.5720486109375 0.62578125 0.601215278125 0.6171875 0.6345486109375 0.6171875 0.6623263890625
1 0.69453125 0.59149305625 0.69453125 0.56788194375 0.691796875 0.5644097218749999 0.6890625 0.5901041671875 0.68203125 0.613715278125 0.68203125 0.6651041671875 0.67265625 0.6845486109375 0.67109375 0.71649305625 0.67578125 0.7609375 0.681640625 0.7671875 0.68984375 0.7664930562500001 0.69765625 0.7484375 0.7015625 0.7220486109375 0.7015625 0.69288194375 0.69609375 0.6581597218749999 0.7 0.6026041671875 0.69453125 0.59149305625
1 0.75390625 0.7428819437499999 0.751171875 0.739409721875 0.740625 0.7692708328125001 0.74296875 0.7803819437499999 0.75234375 0.7637152781250001 0.75390625 0.7428819437499999
1 0.762890625 0.6560763890625 0.75703125 0.6692708328125001 0.75703125 0.7151041671874999 0.76015625 0.7276041671875 0.75859375 0.7720486109375 0.765625 0.7845486109375 0.7671875 0.795659721875 0.76015625 0.8456597218749999 0.7625 0.8484375 0.77265625 0.8289930562500001 0.778125 0.7970486109375 0.7734375 0.7220486109375 0.78046875 0.6859375 0.78046875 0.670659721875 0.771484375 0.651909721875 0.762890625 0.6560763890625
1 0.745125 1 0.76171875 0.9692708328125 0.76640625 0.94288194375 0.765625 0.9081597218749999 0.75859375 0.8748263890625001 0.75859375 0.8526041671875 0.76640625 0.8109375 0.7671875 0.7901041671875 0.759375 0.7734375 0.7609375 0.733159721875 0.758203125 0.714409721875 0.75078125 0.7692708328125001 0.73984375 0.7831597218749999 0.7359375 0.863715278125 0.72421875 0.8859375 0.71796875 0.920659721875 0.71875 0.9512152781250001 0.72734375 0.9942708328125001 0.7310622 1 0.745125 1
1 0.8765625 0.8526041671875 0.8796875 0.8276041671875 0.89140625 0.79288194375 0.89296875 0.7720486109375 0.887109375 0.757465278125 0.876953125 0.7519097218749999 0.867578125 0.7546875 0.8625 0.7651041671875 0.85546875 0.8359375 0.83671875 0.8623263890625001 0.83046875 0.8873263890625 0.8296875 0.9220486109374999 0.834375 0.9526041671875 0.839453125 0.9685763890625001 0.85234375 0.9748263890625001 0.87265625 0.9470486109374999 0.88203125 0.9123263890625001 0.88203125 0.8817708328125 0.8765625 0.8526041671875