1 0.409375 0.409375 0.409375 0 0.18846462343749998 0 0.18563293593750002 0.023887728125 0.1901914609375 0.072507084375 0.20510713125 0.09327422656249999 0.21633231875 0.174933403125 0.21225988906249998 0.2467629390625 0.197269809375 0.2729162625 0.1770565109375 0.2918792109375 0.021783678125 0.39371919218749996 0.0034069015624999996 0.409375 0.409375 0.409375
1 0.9814135593749999 0.018668346875 0.9773115609375 0.016695256250000002 0.9720385593749998 0.0183955625 0.968378303125 0.026167425 0.9681624296875 0.077138815625 0.9640625 0.0968173953125 0.9640625 0.1946001578125 0.9653654093749999 0.1953125 0.9754081249999998 0.1953125 0.97932184375 0.190541265625 0.9874507062500001 0.15184938750000002 0.9878998953125 0.1240564546875 0.9801739312500001 0.07656144687500001 0.984915634375 0.030356078125 0.9814135593749999 0.018668346875
1 0.925 0.17210648125 0.9453125 0.2017361109375 0.9494791671874999 0.1989583328125 0.9536458328125 0.17951388906250001 0.9567708328125001 0.15914351875 0.9567708328125001 0.1387731484375 0.9458333328125 0.0758101859375 0.9494791671874999 0.040625 0.9489583328125001 0.0267361109375 0.94609375 0.0179398140625 0.9377604171874999 0.0151620375 0.9346354171875 0.017013889062500002 0.9307291671875 0.0267361109375 0.9328125 0.0832175921875 0.925 0.11932870312499999 0.9223958328125 0.14895833281249998 0.925 0.17210648125
1 0.878125 0.16655092656249998 0.8802083328125001 0.1702546296875 0.89296875 0.1660879625 0.9143229171874999 0.1679398140625 0.915625 0.1646990734375 0.9140625 0.131365740625 0.9041666671874999 0.090625 0.9072916671875 0.027662037499999997 0.9033854171875 0.017013889062500002 0.8986979171874999 0.0142361109375 0.8908854171874999 0.017013889062500002 0.8864583328125001 0.0285879625 0.8880208328125001 0.0822916671875 0.8791666671874999 0.12210648125000001 0.878125 0.16655092656249998
1 0.8380208328125001 0.20914351875 0.8432291671875 0.2258101859375 0.8580729171874999 0.193865740625 0.8729166671874999 0.1730324078125 0.8713541671874999 0.1304398140625 0.8614583328125001 0.0859953703125 0.8640625 0.024884259375000002 0.86015625 0.0151620375 0.8559895828125 0.012384259375 0.84765625 0.0151620375 0.8432291671875 0.0258101859375 0.8453125 0.09618055625000001 0.8333333328125001 0.14710648125 0.8333333328125001 0.181365740625 0.8380208328125001 0.20914351875
1 0.796875 0.215625 0.7989583328125001 0.2174768515625 0.8138020828125001 0.2160879625 0.8239583328125001 0.1739583328125 0.8234375 0.140625 0.8135416671875 0.0859953703125 0.8166666671874999 0.0258101859375 0.8138020828125001 0.017013889062500002 0.80859375 0.0133101859375 0.8013020828125 0.0151620375 0.796875 0.027662037499999997 0.7994791671874999 0.0896990734375 0.7916666671874999 0.11932870312499999 0.7875 0.1508101859375 0.7916666671874999 0.1915509265625 0.796875 0.215625
1 0.753125 0.1730324078125 0.7609375 0.2045138890625 0.77265625 0.20497685156249998 0.7765625 0.199884259375 0.7848958328125001 0.1517361109375 0.7838541671874999 0.124884259375 0.7739583328125 0.074884259375 0.7776041671874999 0.0258101859375 0.77421875 0.017013889062500002 0.76953125 0.0142361109375 0.7611979171875 0.0179398140625 0.759375 0.024884259375000002 0.7604166671874999 0.08506944375 0.7510416671875 0.13506944375000002 0.753125 0.1730324078125
1 0.7260416671875 0.1896990734375 0.7296875 0.194328703125 0.7421875 0.190625 0.75 0.14710648125 0.7489583328125 0.11655092656249999 0.740625 0.074884259375 0.7432291671875 0.027662037499999997 0.74140625 0.018865740625 0.7361979171874999 0.0151620375 0.7299479171875 0.017013889062500002 0.7270833328125 0.024884259375000002 0.728125 0.0822916671875 0.7197916671875 0.1202546296875 0.71875 0.13506944375000002 0.7208333328125001 0.165625 0.7260416671875 0.1896990734375
0 0.8747395828125001 0.3799768515625 0.9 0.3896990734375 0.9091145828125 0.3892361109375 0.9278645828125001 0.3790509265625 0.9489583328125001 0.3480324078125 0.9583333328125001 0.315625 0.9625 0.268402778125 0.9609375 0.249884259375 0.9536458328125 0.2202546296875 0.9356770828125001 0.1864583328125 0.91484375 0.16886574062499998 0.8924479171874999 0.1670138890625 0.86953125 0.1799768515625 0.8580729171874999 0.19479166718750002 0.8489583328125001 0.212847221875 0.8385416671874999 0.2517361109375 0.8380208328125001 0.2915509265625 0.8401041671874999 0.3109953703125 0.8453125 0.331365740625 0.8611979171874999 0.3651620375 0.8747395828125001 0.3799768515625
1 0.1734375 0.78984375 0.1703125 0.85546875 0.184375 0.85078125 0.2 0.76953125 0.1828125 0.70078125 0.1859375 0.61328125 0.17265625 0.6015625 0.1578125 0.61171875 0.15625 0.70703125 0.1734375 0.78984375
1 0.1421875 0.82890625 0.140625 0.89765625 0.15234375 0.896875 0.159375 0.88828125 0.1734375 0.81796875 0.1703125 0.77109375 0.15625 0.71953125 0.1609375 0.62578125 0.15625 0.61171875 0.14609375 0.6046875 0.13671875 0.60625 0.1265625 0.61953125 0.128125 0.70546875 0.1234375 0.73046875 0.1421875 0.82890625
1 0.07671875 1 0.090625 0.93046875 0.0859375 0.84296875 0.0671875 0.76171875 0.0765625 0.65234375 0.0703125 0.62890625 0.04921875 0.615625 0.0328125 0.62265625 0.0234375 0.64765625 0.03125 0.76484375 0.00625 0.83359375 0 0.8658854171874999 0 0.941852678125 0.009375 0.99140625 0.011881510937500001 1 0.07671875 1
1 0.090625 0.94921875 0.0953125 0.95390625 0.11640625 0.953125 0.1265625 0.94296875 0.1390625 0.89609375 0.1421875 0.85390625 0.140625 0.81796875 0.121875 0.73828125 0.1265625 0.62734375 0.11015625 0.609375 0.09765625 0.6109375 0.084375 0.63203125 0.0875 0.74296875 0.0734375 0.78046875 0.0875 0.84453125 0.090625 0.94921875
1 0 0.7795758921875 0.00625 0.82421875 0.0125 0.81953125 0.03125 0.76484375 0.0234375 0.64765625 0.0375 0.61484375 0.02578125 0.6 0.01328125 0.6015625 0.0046875 0.61640625 0.0078125 0.69765625 0 0.7279296875 0 0.7795758921875
1 0.46554523750000004 1 0.464360675 0.9828415390625 0.45041006875 0.9045788124999999 0.45290676406249997 0.8629424546875001 0.4584314640625 0.8241748031250001 0.4586543140625 0.8028633515625 0.45692665468750004 0.7926175484375 0.451829746875 0.7818102765624999 0.4447336734375 0.777579459375 0.44209013593749996 0.777579459375 0.43096407656249996 0.7821300140625 0.4244733140625 0.7963075875 0.422429296875 0.8249809812500001 0.4248534109375 0.8899321890625 0.4230357265625 0.9121241015624999 0.4109375 0.9578264593749999 0.4109375 1 0.46554523750000004 1
1 0.5466041671874999 1 0.5526041671875 0.95555555625 0.5520833328125 0.89444444375 0.5598958328125 0.8611111109374999 0.5723958328125 0.825 0.575 0.809259259375 0.5723958328125 0.79351851875 0.5653645828125 0.7837962968750001 0.5533854171875 0.7837962968750001 0.540625 0.797222221875 0.534375 0.8231481484375 0.525 0.884259259375 0.4953125 0.940740740625 0.48333333281249996 0.9833333328125 0.48219696875 1 0.5466041671874999 1