1 0 0 0 0.71875 0.229742403125 0.71875 0.23983224062500003 0.7094064234374999 0.26443350312499997 0.6606347296874999 0.3242825875 0.576164553125 0.325 0.521250159375 0.325 0.4206366703125 0.297760375 0.3714018109375 0.2664746609375 0.33769187343749996 0.1157135546875 0.2281044328125 0.066368821875 0.1637243515625 0.06858855312499999 0.0011424640625 0.06868687031250001 0 0 0
1 0.5771069421874999 0.22465659375000002 0.56381709375 0.27227015312499997 0.56381709375 0.3758698015625 0.5691070609375 0.40625 0.593770378125 0.40625 0.5969921046875 0.4009121953125 0.6057313046875 0.36150681875 0.6078125 0.34800409062500004 0.6078125 0.278746540625 0.6058892921875 0.2651013375 0.597397890625 0.2266470515625 0.598931628125 0.183155828125 0.6026600609375 0.1573936796875 0.6027857625 0.1295886046875 0.5970871203125 0.1167747046875 0.5882976078125 0.1135329 0.5803558 0.1186790203125 0.5761801609375 0.130048375 0.575468971875 0.16060392968749998 0.578274309375 0.1969061125 0.5771069421874999 0.22465659375000002
1 0.665625 0.2304976859375 0.6703125 0.14068287031249999 0.66484375 0.1254050921875 0.6528645828124999 0.1226273140625 0.6453125 0.1304976859375 0.6421875 0.1434606484375 0.6458333328125 0.2304976859375 0.6302083328125 0.2953125 0.628125 0.317534721875 0.6286458328125 0.3499421296875 0.640625 0.41475694374999994 0.64765625 0.4217013890625 0.6645833328124999 0.42123842656250005 0.6708333328125 0.4064236109375 0.6802083328124999 0.35642361093749997 0.6817708328125 0.31290509218749996 0.6770833328125 0.2804976859375 0.665625 0.2304976859375
1 0.7364583328125001 0.4277199078125 0.7453125 0.3823495375 0.7496095140625 0.3277293921875 0.7423343671875 0.28147430625 0.7343978515625 0.252483603125 0.7328546359375 0.2317199921875 0.734375 0.1953125 0.7359410671875001 0.160418553125 0.733295553125 0.142789075 0.725138571875 0.1345619828125 0.7176429578125 0.13612905 0.711690575 0.1431808390625 0.7083836921875 0.1568926546875 0.70992689375 0.1874504171875 0.7119791671875 0.2304976859375 0.696875 0.3073495375 0.6947916671875 0.3471643515625 0.6989583328125001 0.38883101875000003 0.7072916671874999 0.42957175937500003 0.7122395828125001 0.4346643515625 0.73125 0.4342013890625 0.7364583328125001 0.4277199078125
1 0.7634984421875 0.3296895390625 0.7630208328125001 0.3592013890625 0.765625 0.38790509218749997 0.7755208328125001 0.4406828703125 0.78046875 0.4457754625 0.7947916671874999 0.4462384265625 0.8028645828125001 0.4448495375 0.8052083328125 0.43975694374999996 0.815625 0.3842013890625 0.8182291671874999 0.34901620312500004 0.8150858578125 0.3065753390625 0.8082516125 0.2830693609375 0.8036458328125 0.2582754625 0.8015625 0.23883101875 0.80274013125 0.21020084687499999 0.80625 0.179571759375 0.8040628968749999 0.1533947578125 0.7978900328125 0.1436005984375 0.79127626875 0.1436005984375 0.781796521875 0.145951196875 0.7778282859375001 0.158487715625 0.7765625 0.1823495375 0.7796875 0.2082754625 0.7796875 0.23883101875 0.7800328546874999 0.2626975265625 0.7743009234375 0.28267759375 0.7692303734375 0.3014823671875 0.7634984421875 0.3296895390625
1 0.8363031921875 0.29599764375 0.8325554078125 0.3163694765625 0.83125 0.3434606484375 0.8333333328125001 0.374016203125 0.8432291671875 0.42957175937500003 0.84765625 0.43651620312499995 0.8692708328125001 0.4369791671875 0.8734375 0.4277199078125 0.8822916671875 0.3851273140625 0.8854166671874999 0.35827546250000003 0.8859375 0.32679398125 0.8828125 0.299016203125 0.8748835281249999 0.26896578125000004 0.8713561953125 0.25447043593749996 0.8697916671874999 0.23234953749999998 0.87025388125 0.20393259375 0.8739583328125 0.1712384265625 0.8737812437500001 0.15261122656249998 0.8689311453125 0.1416417734375 0.858349115625 0.13576527968750002 0.8521762515625 0.138507640625 0.8477670546875 0.1483017984375 0.844239721875 0.1620136140625 0.8460033890625 0.179643090625 0.846664771875 0.1953137375 0.8482079875 0.2129432140625 0.8473958328125001 0.23790509218749997 0.8455624875 0.26152221875000004 0.8363031921875 0.29599764375
1 0.91484375 0.4254050921875 0.925 0.42586805625 0.9372395828125001 0.423553240625 0.940625 0.4156828703125 0.9473958328125001 0.3842013890625 0.953125 0.341608796875 0.9505208328125001 0.2934606484375 0.9364583328125 0.23790509218749997 0.9369791671875 0.1999421296875 0.940625 0.1721643515625 0.9411458328125001 0.14716435156250002 0.9395833328125001 0.13883101874999998 0.9309895828125001 0.1254050921875 0.9190104171875 0.12910879687500001 0.9130208328125 0.1434606484375 0.9130208328125 0.1712384265625 0.9145833328125 0.19160879687500001 0.9151041671875 0.20271990781250002 0.9166666671874999 0.23790509218749997 0.903125 0.28975694375 0.8994791671875 0.3249421296875 0.903125 0.37771990781250003 0.9109375 0.41753472187499996 0.91484375 0.4254050921875
1 1 0.12377465781250001 0.9893229171875 0.1179976859375 0.9815104171875 0.1244791671875 0.9776041671875 0.13883101874999998 0.9776041671875 0.1656828703125 0.9807291671874999 0.18142361093749998 0.9807291671874999 0.2304976859375 0.9666666671874999 0.2879050921875 0.9645833328125001 0.3351273140625 0.96875 0.3703125 0.9765625 0.40920138906250003 0.9815104171875 0.41614583281249995 0.9979166671874999 0.4156828703125 1 0.41383101875 1 0.12377465781250001
1 0.07308175156249999 0.7296875 0.07421875 0.8145833328125001 0.07109375 0.840972221875 0.053125 0.9076388890625001 0.046875 0.9590277781250001 0.04921875 0.9951388890625001 0.050915948437500004 1 0.11993582656249999 1 0.1203125 0.9979166671874999 0.12265625 0.95069444375 0.11953125 0.9076388890625001 0.1046875 0.8423611109374999 0.10546875 0.7923611109375 0.1125 0.73680555625 0.112638065625 0.7296875 0.07308175156249999 0.7296875
1 0.04921875 0.7296875 0.04921875 0.7673611109375 0.034375 0.821527778125 0.02890625 0.86319444375 0.03203125 0.92430555625 0.03984375 0.9618055562500001 0.0453125 0.971527778125 0.05390625 0.8993055562500001 0.07265625 0.8270833328125 0.07204752656249999 0.7296875 0.04921875 0.7296875
1 0.027874490624999998 0.7296875 0.0203125 0.753472221875 0.0140625 0.7979166671875 0.01640625 0.84930555625 0.0234375 0.8854166671874999 0.02734375 0.88819444375 0.03125 0.8340277781250001 0.0484375 0.7645833328125 0.0500732421875 0.7296875 0.027874490624999998 0.7296875
1 0.169517728125 0.7296875 0.16953125 0.73125 0.15 0.8048611109375001 0.146875 0.8423611109374999 0.14921875 0.88680555625 0.15625 0.9270833328125001 0.165234375 0.9375 0.1796875 0.9381944437499999 0.18359375 0.93125 0.1875 0.86875 0.20234375 0.815972221875 0.20234375 0.80069444375 0.19296875 0.7479166671875 0.1933223328125 0.7296875 0.169517728125 0.7296875
1 0.2117401875 0.7296875 0.2109375 0.7881944437499999 0.18984375 0.86180555625 0.184375 0.9104166671874999 0.18515625 0.9520833328125 0.193017578125 1 0.237192234375 1 0.24609375 0.9673611109374999 0.2515625 0.928472221875 0.2484375 0.8576388890625001 0.23828125 0.803472221875 0.2390625 0.765972221875 0.2434847 0.7296875 0.2117401875 0.7296875
1 0.321051025 0.7296875 0.31953125 0.7729166671875001 0.303125 0.8173611109375001 0.29453125 0.8604166671875 0.29609375 0.9229166671875 0.3015625 0.9604166671875 0.311328125 0.9791666671874999 0.3265625 0.98125 0.3390625 0.96875 0.353125 0.9173611109375 0.35625 0.88819444375 0.35625 0.8395833328125001 0.346875 0.7895833328124999 0.34609375 0.7645833328125 0.35073330937499997 0.7296875 0.321051025 0.7296875
2 0.50078125 0.8729166671874999 0.506640625 0.8763888890625001 0.545703125 0.875 0.596484375 0.8847222218749999 0.70703125 0.88680555625 0.712109375 0.8819444437499999 0.720703125 0.8861111109375 0.898828125 0.8847222218749999 0.912890625 0.875 0.937890625 0.86944444375 0.949609375 0.872222221875 0.953125 0.84375 0.949609375 0.8194444437499999 0.931640625 0.8138888890624999 0.926171875 0.81805555625 0.883203125 0.8125 0.733203125 0.8138888890624999 0.722265625 0.8194444437499999 0.687109375 0.815277778125 0.640234375 0.815277778125 0.636328125 0.8194444437499999 0.530078125 0.8166666671874999 0.503515625 0.8194444437499999 0.49765625 0.82569444375 0.4984375 0.859027778125 0.503125 0.865972221875 0.50078125 0.8729166671874999