1 0.178182215625 0.4890625 0.171402625 0.442653725 0.1859375 0.312410525 0.1859375 0.30891306093750004 0.1720116484375 0.2787921109375 0.1532616484375 0.2784648265625 0.142437271875 0.2977183578125 0.140023340625 0.41988603125 0.1309069109375 0.4641668375 0.1192868296875 0.4890625 0.178182215625 0.4890625
1 0.296110665625 0.4890625 0.291730140625 0.4481834765625 0.2949046109375 0.4092945890625 0.3164250609375 0.3360710734375 0.31875 0.3075893890625 0.31875 0.29547920781250003 0.314678890625 0.2873182640625 0.2927266671875 0.2873182640625 0.2816460375 0.3051408484375 0.265419125 0.4277635875 0.2456765859375 0.47034158125000003 0.2456765859375 0.4890625 0.296110665625 0.4890625
1 0.428125 0.4890625 0.428125 0.4725281625 0.42246560312500003 0.44914428749999996 0.41926290625 0.38803317656249997 0.42463944375 0.3710754125 0.428125 0.33631881875 0.428125 0.30372293125 0.4219802046875 0.29044708125 0.414400503125 0.2875 0.406117328125 0.2875 0.40010520468750005 0.291465925 0.3933117453125 0.31127424375 0.3948452140625 0.40030868125 0.3900509859375 0.4283775578125 0.37079637499999996 0.47939640156249996 0.369501865625 0.4890625 0.428125 0.4890625
1 0.2410165234375 0.4890625 0.2531356296875 0.4610061640625 0.2538343984375 0.42118104218749997 0.2507669421875 0.3772723140625 0.25321966875 0.3487486921875 0.255703221875 0.33858368437499997 0.2640625 0.3018210203125 0.2640625 0.258978065625 0.261535165625 0.24701714687499998 0.249035165625 0.246216109375 0.237192028125 0.2649596484375 0.2333107140625 0.34829298125 0.2074351703125 0.4148962640625 0.2074351703125 0.4890625 0.2410165234375 0.4890625
1 0.1055595640625 0.4890625 0.1062830859375 0.4845534734375 0.1192680375 0.4673046078125 0.1296129375 0.43353462968749995 0.1362942421875 0.31116685781250003 0.1400658421875 0.2887990859375 0.1515625 0.2688566984375 0.1515625 0.2454304546875 0.1446257625 0.232766478125 0.127074121875 0.232766478125 0.1158740921875 0.262185703125 0.11328769062499999 0.351074590625 0.1060677890625 0.3846990234375 0.0960461890625 0.407357890625 0.08863816875 0.44185843281250003 0.08863816875 0.4890625 0.1055595640625 0.4890625
1 0.089433075 0.4890625 0.09310365000000001 0.44877962499999996 0.10236438437499999 0.3998459125 0.1116100984375 0.376858415625 0.11280888281250001 0.3678896171875 0.115306421875 0.3575861828125 0.11766617187499999 0.3430149 0.11714903125000001 0.2541260109375 0.125 0.2358016375 0.125 0.2034826609375 0.121830165625 0.199743846875 0.10723360156249999 0.199743846875 0.1012654609375 0.210957025 0.09914903750000001 0.21794755000000002 0.0982697453125 0.2334343390625 0.098366709375 0.25010100468749996 0.0991145984375 0.2608734640625 0.09923499375 0.2815677109375 0.0992555484375 0.28510088125 0.0987868859375 0.322323228125 0.08950885 0.3397551671875 0.0772674203125 0.38521998125 0.0759061078125 0.4234196328125 0.07771991875 0.462997759375 0.0828370171875 0.4890625 0.089433075 0.4890625
1 0.9025340046875 0.4890625 0.8786850749999999 0.400934240625 0.8736339609374999 0.33835241875 0.8755044921875001 0.12278196718750001 0.8705897328125 0.0836376453125 0.861060196875 0.0569115046875 0.8445403171875 0.0370938828125 0.8210937265625 0.0351222796875 0.800122696875 0.0558478359375 0.7878772265625 0.0993796484375 0.7898760640625 0.174406921875 0.8094351062499999 0.3137967046875 0.8132327921875 0.4294762515625 0.8038527140625 0.4890625 0.9025340046875 0.4890625
1 0.9374396015625 0 0.9395092484375 0.0164832765625 0.928463284375 0.13447129687499998 0.9314931078124999 0.192283796875 0.9654254515625 0.33167162656250004 0.973009515625 0.3421875 0.99375 0.3421875 0.99375 0.077372890625 0.9735566984374999 0.008632234375 0.9729510203124999 0 0.9374396015625 0
1 0.0823165140625 0.5129730390625 0.07860065625 0.5129730390625 0.070433221875 0.5165672125 0.0646054890625 0.5408554578125 0.0747081609375 0.6698668703124999 0.06975949687500001 0.734838334375 0.0717938421875 0.7577161890624999 0.0921875 0.853012521875 0.0921875 0.529931503125 0.08804240468749999 0.5178354703125 0.0823165140625 0.5129730390625
1 0.044669490625 0.74122814375 0.0578125 0.6055740359375 0.0578125 0.585059021875 0.0533824609375 0.5631298453125 0.045818075 0.5546875 0.0442084390625 0.5546875 0.03524319375 0.557788325 0.02508621875 0.58743593125 0.0230028234375 0.73983968125 0.0119198515625 0.7875795734375 0.0119198515625 0.99375 0.0123985390625 0.99375 0.021281834375 0.9831621421874999 0.0523292140625 0.9715696625 0.0578125 0.8945326062500001 0.0578125 0.84237781875 0.056176309375 0.8171893875 0.044669490625 0.74122814375
1 0.122965321875 1 0.12591121562500002 0.9825852890625001 0.1265625 0.9666378328124999 0.1265625 0.8817928328125 0.1246089625 0.855734834375 0.11345790625 0.7813558453125 0.12401950625 0.618584153125 0.120254528125 0.5906726250000001 0.10753045937500001 0.5777808062500001 0.10556062656250001 0.5777808062500001 0.0944818140625 0.5897924999999999 0.0892013625 0.6139643046875001 0.08774581249999999 0.7783923843749999 0.07305953750000001 0.8488998390625 0.07305953750000001 0.9794833140625 0.0901611453125 0.9956931812499998 0.09191440625 1 0.122965321875 1
1 0.23102960156250002 1 0.2328125 0.9855173749999999 0.2328125 0.830521528125 0.21907150312499998 0.7469594531249999 0.22230489375 0.5862026640625 0.21591550937499998 0.5627545140625 0.20701950624999998 0.559320053125 0.20146333749999998 0.559320053125 0.1922200515625 0.574068209375 0.18902004375 0.597256971875 0.19323817031249998 0.749068209375 0.1755472234375 0.8609814109375 0.1742441703125 0.9236174609375001 0.17875021093750001 0.9816106734375001 0.181472878125 1 0.23102960156250002 1
1 0.140842121875 1 0.1516049859375 0.9428106078125001 0.1578125 0.8656198625 0.1578125 0.8272038328125 0.156552096875 0.80114394375 0.146056075 0.71973879375 0.1556063609375 0.5656206109374999 0.15019300625 0.541589553125 0.13624459375 0.535174709375 0.12792779062499998 0.5465409234375 0.12190927031250001 0.575649409375 0.1212015796875 0.715281225 0.11924723749999999 0.7252888921875 0.11924723749999999 0.8449594843749999 0.12624785 0.9050003125 0.12511688906250001 0.9612600109375 0.12108910312500001 1 0.140842121875 1
1 0.24802083281249998 0.546875 0.2384375 0.5208333328125 0.2284375 0.51875 0.21968749999999998 0.534375 0.2163541671875 0.553125 0.2238541671875 0.6072916671875 0.2180208328125 0.7364583328125001 0.23635416718750002 0.8739583328125 0.23718750000000002 0.934375 0.2321875 0.990625 0.2413541671875 0.9927083328125 0.24552083281249998 0.984375 0.2555208328125 0.921875 0.25968749999999996 0.884375 0.2605208328125 0.8260416671874999 0.2438541671875 0.6947916671875 0.24802083281249998 0.546875
1 0.3154296875 1 0.3213541671875 0.9635416671874999 0.3271875 0.903125 0.3271875 0.859375 0.32385416718750004 0.8135416671875 0.3096875 0.7364583328125001 0.31385416718750003 0.5739583328125 0.3067708328125 0.55 0.2917708328125 0.5458333328125 0.2830208328125 0.5635416671875 0.2805208328125 0.584375 0.2838541671875 0.728125 0.2655208328125 0.834375 0.2638541671875 0.9010416671874999 0.2663541671875 0.9385416671875 0.275641203125 1 0.3154296875 1
1 0.390520834375 1 0.3955208328125 0.990625 0.40385416718749995 0.940625 0.4088541671875 0.8927083328125001 0.4096875 0.8322916671874999 0.4063541671875 0.7864583328125001 0.3921875 0.696875 0.39718749999999997 0.559375 0.39010416718749996 0.53125 0.3759375 0.5270833328125 0.36552083281250003 0.5552083328124999 0.36885416718749997 0.7010416671874999 0.3513541671875 0.8072916671874999 0.34968750000000004 0.8677083328125 0.3530208328125 0.9177083328125001 0.36552083281250003 0.9989583328125 0.37135416875 1 0.390520834375 1
2 0.559375 0.578582703125 0.56106574375 0.578195434375 0.578166990625 0.5811487125 0.5918811609375 0.5783127953125 0.75494511875 0.5878337203124999 0.7582227203125 0.5903654828125 0.7604420828125 0.6100101875 0.767256215625 0.6296875 0.8496801796875 0.6296875 0.851113534375 0.6260362609375 0.8515625 0.6163967859375 0.8515625 0.5885605015625 0.8501680437499999 0.5846489859374999 0.840660340625 0.5756815 0.8265580421875001 0.5868507468749999 0.819525128125 0.580827921875 0.8091515874999999 0.579234465625 0.8057213828125 0.5743711984375001 0.7982140875 0.5785335578125 0.7934602359375 0.574049815625 0.7931550312500001 0.5693868078125 0.7962136796875 0.5654037125 0.8038968046875 0.5686821390625 0.8068692015625001 0.56655089375 0.807343584375 0.5563657078124999 0.8102496312499999 0.5500511109375 0.80803359375 0.54155089375 0.8107638125 0.5277955109375 0.8161877750000001 0.5234996468750001 0.8144494484375 0.5159587343750001 0.8178763265625 0.509677509375 0.8168976859375 0.502649625 0.7937222640625 0.5067366140625 0.7486486203125 0.5043125093749999 0.7936791390625 0.5076625390625 0.7978259062499999 0.5139647578125001 0.7857837156249999 0.52015823125 0.76507975625 0.5160453921875 0.7612614203125 0.519515459375 0.6747599625 0.514900884375 0.670201840625 0.5118227203125001 0.65175704375 0.5152841703125001 0.6074862109375 0.512447165625 0.5722884968749999 0.516692421875 0.559375 0.51626131875 0.559375 0.578582703125