1 0.3299188546875 0 0.3265625 0.008151262500000001 0.3265625 0.012568960937500002 0.3471143875 0.142076871875 0.33823633124999997 0.23147509687499998 0.340047303125 0.2759195421875 0.3561692484375 0.3642990953125 0.3789838765625 0.40625 0.3890625 0.40625 0.3890625 0.16344778124999998 0.3886448734375 0.16264375312499998 0.37745890000000004 0.118581309375 0.3695869734375 0 0.3299188546875 0
1 0.19375 0 0.19375 0.0327776265625 0.19387319218750002 0.035128275 0.21328319843750002 0.1082605515625 0.21532127812500002 0.1471494390625 0.2085666671875 0.19660340625 0.21147821093750002 0.2521589625 0.22747206250000002 0.319553671875 0.24826014375 0.359534625 0.26357654375 0.3625 0.2661436203125 0.3625 0.2661436203125 0.1812750890625 0.24228166093749998 0.1265653109375 0.22962626562500002 0.00397906875 0.22725712343749999 0 0.19375 0
1 0.08526712812500001 0 0.084375 0.0018768265625 0.084375 0.07262307500000001 0.0843908140625 0.0728264125 0.08937788906250001 0.08942035312499999 0.084747165625 0.1505314640625 0.084375 0.151948146875 0.084375 0.3047264140625 0.0925896125 0.3265625 0.11670349531249999 0.3265625 0.125242921875 0.316579965625 0.1340187703125 0.2831739078125 0.1394914421875 0.21095168593750002 0.1357672921875 0.1776910765625 0.117681065625 0.127945615625 0.1135359390625 0.10024056249999999 0.11714653593749999 0.0113880375 0.11341648124999999 0 0.08526712812500001 0
1 0.24375 0 0.24375 0.0344447734375 0.2444495125 0.040413556249999996 0.24375 0.0595942515625 0.24375 0.24112384687500002 0.24471540625000002 0.259166821875 0.2468505375 0.259375 0.2742197671875 0.259375 0.27681401875 0.2353292453125 0.28351684062500004 0.19211129062500001 0.2852268515625 0.13931258124999998 0.2822677953125 0.114348296875 0.264258425 0.042736953125 0.26749683750000003 0 0.24375 0
1 0.3890625 0 0.3699666640625 0 0.3710553875 0.008911590625 0.3720469890625 0.13131582343749998 0.38084015625 0.1651951875 0.3890625 0.1769098515625 0.3890625 0
1 0.869496071875 0.4890625 0.851791171875 0.4455580875 0.8566206046874999 0.317366740625 0.8432255906249999 0.2086695625 0.8125121296875001 0.1734778234375 0.8102464250000001 0.1730734484375 0.7604538 0.1730734484375 0.7420290578125 0.1873588203125 0.7296875 0.2248378421875 0.7296875 0.2323920390625 0.7756516671875 0.46167908593749996 0.7690877374999999 0.4890625 0.869496071875 0.4890625
1 0.60610644375 0.4890625 0.6047603875 0.461667459375 0.63534771875 0.3634597515625 0.63847248125 0.3222226390625 0.6007335296875 0.2093596984375 0.603948184375 0.0651196546875 0.585251534375 0.0318615984375 0.5389194875000001 0.0324007203125 0.5203125 0.0513716828125 0.5203125 0.1124264921875 0.540519846875 0.18945997187500002 0.54741571875 0.2511808625 0.5203125 0.4085459734375 0.5203125 0.41315441406250003 0.53717034375 0.4882044109375 0.5377531390625 0.4890625 0.60610644375 0.4890625
1 0.9665593796875 0.4890625 0.9675466109374999 0.444558684375 0.9402188828125 0.3439874140625 0.9406544265625 0.2869938125 0.9685525390624999 0.1750546 0.9728490890625 0.11835356875 0.954933625 0.07293000468750001 0.9427475953125001 0.0651856296875 0.9042058171875 0.0651856296875 0.8771051796875 0.10073005625 0.8718925984375 0.323257246875 0.85625 0.3598679078125 0.85625 0.4890625 0.9665593796875 0.4890625
1 0.74619040625 0.4890625 0.747603359375 0.4081145484375 0.7224657984375 0.2982929828125 0.7218438781250001 0.1125010921875 0.7011931921875 0.077759109375 0.6791456171875 0.06989321875 0.6609952906250001 0.06989321875 0.6333107124999999 0.091864984375 0.6296875 0.10523105625 0.6296875 0.1658539 0.6316911703125 0.1846484890625 0.660959659375 0.27923101875 0.659700015625 0.351395965625 0.6349144499999999 0.44283020625 0.6341074625 0.4890625 0.74619040625 0.4890625
1 0.9406056625 0 0.9238614500000001 0.017074359375 0.921875 0.026582028125 0.921875 0.0368231921875 0.9296127734375 0.0634661109375 0.967027434375 0.0815073484375 0.9819061781249999 0.115012503125 0.9878675359375 0.1665588953125 0.9723431546875 0.2593423984375 0.975703721875 0.3418166265625 1 0.40032461562500005 1 0.257079565625 0.9901779265624999 0.22325992499999997 1 0.1724542953125 1 0.02914350625 0.9872557000000001 0 0.9406056625 0
1 0.840625 0 0.840625 0.0065000296875000006 0.8567498406249999 0.078278040625 0.8595470687500001 0.2077743640625 0.8736546984375 0.23775668749999998 0.8838272437499999 0.314761103125 0.8785557765625001 0.393026203125 0.8889760500000001 0.4375 0.8924506531249999 0.4375 0.9050880078125001 0.3960720609375 0.9050880078125001 0.198183296875 0.8914247953124999 0.122148428125 0.9050880078125001 0.06513819374999999 0.9050880078125001 0 0.840625 0
1 0.7658240843749999 0 0.7490649125 0.022374356249999998 0.745203909375 0.032683634375 0.745203909375 0.089384665625 0.7490649125 0.0945393046875 0.7490649125 0.110003221875 0.7529259171875 0.1151578609375 0.7529259171875 0.130621778125 0.7567869203124999 0.1357764171875 0.7567869203124999 0.156394975 0.760647925 0.16154961406249999 0.760647925 0.1718588921875 0.8069799703125 0.17701353125 0.814701978125 0.17701353125 0.8185629828125001 0.156394975 0.8224239859375 0.151240334375 0.826284990625 0.0429929125 0.8224239859375 0.0378382734375 0.8224239859375 0.0275289953125 0.8089104734374999 0.00433311875 0.795927846875 0 0.7658240843749999 0
1 0.67956684375 0 0.67956684375 0.0275289953125 0.6911498546875 0.073920746875 0.714315878125 0.0945393046875 0.725898890625 0.1254671390625 0.725898890625 0.156394975 0.72975989375 0.16154961406249999 0.725898890625 0.16670425312499998 0.725898890625 0.21825064374999997 0.760647925 0.17701353125 0.760647925 0.16670425312499998 0.7529259171875 0.156394975 0.7490649125 0.110003221875 0.7413429046875001 0.084230025 0.7413429046875001 0.0481475515625 0.7490649125 0.022374356249999998 0.7490649125 0 0.67956684375 0
1 0.5367097000000001 0.3368073453125 0.5444317078124999 0.3574259015625 0.5463622109374999 0.360003221875 0.552153715625 0.3522712625 0.552153715625 0.3264980671875 0.5598757234375 0.3058795109375 0.5598757234375 0.2904155921875 0.5637367281250001 0.285260953125 0.5637367281250001 0.2491784796875 0.5598757234375 0.24402384062500002 0.5598757234375 0.22855992343749998 0.5560147203125 0.2234052828125 0.5560147203125 0.20794136562499999 0.552153715625 0.2027867265625 0.5502232140625 0.17959085 0.5444317078124999 0.187322809375 0.5405707046874999 0.23371456249999997 0.5367097000000001 0.23886920156250002 0.5367097000000001 0.25433311875000003 0.532848696875 0.2594877578125 0.532848696875 0.31618878906250003 0.5367097000000001 0.321343428125 0.5367097000000001 0.3368073453125
1 0.5058216703125 0 0.5058216703125 0.032683634375 0.51740468125 0.06361146875 0.5212656859375 0.06361146875 0.5212656859375 0.053302190625 0.52898769375 0.0429929125 0.52898769375 0.0378382734375 0.538640203125 0.0301063140625 0.583041746875 0.0275289953125 0.583041746875 0.0172197171875 0.5791807437500001 0.0120650765625 0.576921453125 0 0.5058216703125 0
1 0.0978287078125 0.4890625 0.11003988437500001 0.75107154375 0.08630790625 0.8600300484375 0.085764078125 0.8850937156249999 0.0731659203125 0.9216042187500001 0.0637099546875 1 0.18930564375 1 0.18930564375 0.8636505843750001 0.1704972234375 0.775214696875 0.17037520781249998 0.6953998640625001 0.18569250625 0.533571025 0.1848069359375 0.4890625 0.0978287078125 0.4890625
1 0 0.4890625 0 0.6013899203124999 0.0089718140625 0.6605999390624999 0.01677766875 0.6906514609375 0.030560976562499998 0.703125 0.0516404625 0.703125 0.057972640625 0.691504490625 0.057972640625 0.4890625 0 0.4890625
1 0.8216795765625001 0.751132465625 0.8143276328125001 0.743548596875 0.809715590625 0.74559145 0.80625 0.7541052109375 0.80625 0.7669250875 0.8132174296875 0.7867208765625 0.8165384390625 0.8042073562500001 0.8174985859374999 0.8515625 0.8453125 0.8515625 0.8453125 0.8369548921875 0.8425193828124999 0.8272627578125 0.8282912343749999 0.7981636875 0.8216795765625001 0.751132465625
1 0.6573230265625 0.7267962265625 0.6501247234375 0.7246967875 0.6491562484375001 0.7246967875 0.6456770656249999 0.7275025734375 0.6445027734375 0.7348189765625 0.6485530328125 0.7922870546875 0.64375 0.8187266734375 0.64375 0.8479348578125 0.6445546421875 0.8497479015625 0.6607004734374999 0.8506882890625 0.66456071875 0.853125 0.6683905328125 0.853125 0.6683905328125 0.8126823859375 0.6621917515625 0.794927615625 0.6601277734375 0.7357290296875 0.6573230265625 0.7267962265625
1 0.5632651921875 0.7363154625 0.5611387765625 0.7918467765624999 0.559375 0.798291615625 0.559375 0.865625 0.5755690453125 0.865625 0.5787635625 0.8545491406250001 0.5796162828125 0.8295612609375 0.5736387765625001 0.791701325 0.579791534375 0.7379733796875 0.5781143281250001 0.72920435625 0.572144978125 0.7255733765625 0.56672615625 0.728411759375 0.5632651921875 0.7363154625
2 0.9623792765625 0.9297278625000001 0.96392285 0.9093574921875 0.9631429078124999 0.8850860859375 0.964786340625 0.8703107375 0.96230765 0.8650010796875 0.9445002421875 0.8643159390624999 0.4171875 0.8643159390624999 0.4171875 0.9048807406249999 0.451726503125 0.904535925 0.460891015625 0.9080240968750001 0.6412396734375 0.9198276171875002 0.7546113203125 0.92376219375 0.9092988203125 0.9354837109374999 0.9525947609374998 0.9421875 0.9566842984375 0.9421875 0.9623792765625 0.9297278625000001
0 0.775475215625 0.8618937609374999 0.7752614624999999 0.8442708343750001 0.7704086953125 0.8235971124999999 0.7615446234375 0.8087143953125 0.7530454296875 0.803125 0.7383102562499999 0.803125 0.7275773234375 0.8132240968750001 0.7202309125 0.8308701296875001 0.71875 0.842518734375 0.71875 0.8614555484374999 0.7207069046875001 0.8633382078124999 0.7670901750000001 0.865625 0.7727351406249999 0.865625 0.775475215625 0.8618937609374999