1 0.44457136875 0.447110534375 0.44247012343750003 0.44009789374999997 0.43836812500000005 0.43812480468750004 0.4309794578125 0.44069041562500005 0.4283608671875 0.4484925921875 0.427397821875 0.5059303078124999 0.42092497343749996 0.5270599015624999 0.4203125 0.5305345921875 0.4203125 0.60490444375 0.42159607499999996 0.6123511703125 0.42461787187500005 0.615625 0.4365688828125 0.615625 0.4382627421875 0.6128361203125 0.447627275 0.568618996875 0.4466756328125 0.5361509703125 0.44045099062500004 0.5053832500000001 0.44457136875 0.447110534375
1 0.4123367703125 0.49812354062499997 0.41241824843749997 0.45765906406249995 0.41016146249999996 0.44369124375 0.4073721671875 0.43842105 0.40234809218749995 0.43561321406250003 0.3981137 0.43561321406250003 0.3953125 0.4380829765625 0.3953125 0.46647151249999996 0.3996399671875 0.500840584375 0.3953125 0.5353350125 0.3953125 0.5678719375 0.40358554062499996 0.60507555 0.41651018281249996 0.6171875 0.41903742812500006 0.6171875 0.41903742812500006 0.5225855078125 0.4123367703125 0.49812354062499997
1 0.35966618437500003 0.43677557031249997 0.349446615625 0.4421550640625 0.344992871875 0.4576893734375 0.3435151171875 0.508457434375 0.3409814109375 0.5224647203125 0.340625 0.5233729375 0.340625 0.609375 0.3436323390625 0.609375 0.3603174734375 0.6052728218750001 0.3632763203125 0.5962989265624999 0.36606044375 0.5564841140625 0.359925653125 0.518266153125 0.359463853125 0.5026438140625 0.36621468749999997 0.4505551609375 0.36517016406249997 0.443266153125 0.35966618437500003 0.43677557031249997
1 0.3271492265625 0.5143373921875 0.3262595421875 0.44757978437499996 0.320608003125 0.43432664374999996 0.3142124234375 0.431767121875 0.3101428109375 0.4337644765625 0.3051350546875 0.44275174531249994 0.30496685156250003 0.4594547875 0.3104340359375 0.513993478125 0.3046875 0.5461903546875 0.3046875 0.60571553125 0.3058760296875 0.6161909 0.31377590624999996 0.6474541265625 0.31439270625 0.6484375 0.3247448109375 0.6484375 0.3345613203125 0.6307014875 0.3345613203125 0.535605921875 0.33051685468750003 0.51885789375 0.3271492265625 0.5143373921875
1 0.2767765125 0.506253578125 0.275884175 0.442522553125 0.270105696875 0.43476547187500003 0.26164790781249997 0.43476547187500003 0.2577412578125 0.442993084375 0.2580398140625 0.4605462078125 0.2628898421875 0.49782004375 0.2546875 0.558601 0.2546875 0.5735603734375 0.25570095 0.5886184484375 0.259817840625 0.61015154375 0.2649332734375 0.6308376453125 0.270031625 0.6359375 0.2835965359375 0.6359375 0.285649596875 0.6273753984375 0.285649596875 0.5419977640625 0.2767765125 0.506253578125
1 0.2473495765625 0.5425087078125 0.238154196875 0.5053747046875 0.23879360312500003 0.443361909375 0.2347041671875 0.4354460859375 0.2289318984375 0.43352756875000004 0.22158455156249998 0.4422359875 0.22071529375 0.44963127500000005 0.22325120156249997 0.46909996249999997 0.22409169687500002 0.5052110734374999 0.2171875 0.536822421875 0.2171875 0.5850403359375 0.21949753125 0.59865080625 0.22470225937500002 0.620927571875 0.225646125 0.621875 0.2406516796875 0.621875 0.242866771875 0.618361909375 0.2474309109375 0.5921309828125 0.2474309109375 0.543133128125 0.2473495765625 0.5425087078125
1 0.19084739374999998 0.435820075 0.185975290625 0.44284179375 0.1834567953125 0.49837916875 0.1796875 0.51402151875 0.1796875 0.6125 0.18798144375 0.6125 0.190398971875 0.6092448171875 0.201000265625 0.56558993125 0.20214084062499998 0.539673096875 0.196194140625 0.4944572765625 0.20228594218749998 0.4481064328125 0.200275134375 0.4388926296875 0.1961150640625 0.4348032375 0.19084739374999998 0.435820075
1 0.2765625 0.589100984375 0.281484121875 0.572457065625 0.2834941375 0.5511668296875001 0.2827704921875 0.53169814375 0.278071565625 0.5019897296875 0.2836512390625 0.4520139703125 0.2812694 0.4376227265625 0.2765625 0.43557826874999994 0.2765625 0.589100984375
0 0.42918955781249996 0.7390625 0.43032991249999997 0.717303240625 0.429084465625 0.6913773125 0.41777498281250003 0.648784721875 0.4104542140625 0.6344328703125 0.398209790625 0.619618053125 0.37237517656249997 0.605729165625 0.34504921718750003 0.6103587953125 0.3203985734375 0.6335069421874999 0.303408378125 0.6645254609375 0.2984375 0.6803106484375 0.2984375 0.7390625 0.42918955781249996 0.7390625
1 0.48044740468749997 1 0.47643674843749995 0.944086525 0.46360896093750004 0.9235099281249999 0.46224997500000004 0.9235099281249999 0.451332746875 0.9276976046875 0.45 0.9328920203125 0.45 0.965857321875 0.45483424218749996 1 0.48044740468749997 1
1 0.6005877609375 1 0.6042085921875 0.9757872296875 0.6128596359375 0.9432195421875 0.6128596359375 0.91740701875 0.61079500625 0.90914183125 0.6029131718749999 0.8988868125 0.602620365625 0.8988646250000001 0.59011053125 0.8988646250000001 0.5793482062499999 0.9104380843750001 0.5753664296875 0.9358904140625001 0.571337959375 0.9962911296874999 0.5696456015625 1 0.6005877609375 1