1 0.2515625 0.4890625 0.2515625 0.36172429687499996 0.2264360921875 0.2764831109375 0.2242223203125 0.2390045296875 0.2313295828125 0.1623248109375 0.22991240156249998 0.11691885312500001 0.2253243703125 0.1045557328125 0.2149611796875 0.09238722499999999 0.196246875 0.08819545625 0.1817300640625 0.1009971609375 0.17660919218749999 0.11922808437500002 0.187026434375 0.2506209921875 0.185510825 0.273142409375 0.16078063125 0.363036315625 0.1571389984375 0.43200653281249995 0.1621148984375 0.4777029828125 0.1648759296875 0.4890625 0.2515625 0.4890625
1 0.375602 0.4890625 0.3796875 0.437482528125 0.3796875 0.4080451796875 0.37454238281249996 0.36173411875 0.35674187812499997 0.29663889062500004 0.351818021875 0.26471135625 0.353556553125 0.2220446890625 0.3657131 0.141941165625 0.3655092875 0.1032952046875 0.35700975156250003 0.0827372375 0.34754925000000003 0.0748511140625 0.334258384375 0.073673065625 0.3178638453125 0.083192740625 0.3107294484375 0.0946037171875 0.3064644515625 0.1119784609375 0.3045425171875 0.1373221453125 0.3111983140625 0.23586458437500002 0.30922205156250004 0.26254160312499997 0.30052906875 0.3012910890625 0.28183336875 0.35841843125 0.28183336875 0.4890625 0.375602 0.4890625
1 0.4787122828125 0.4890625 0.4873948890625 0.455538578125 0.4921875 0.4069833625 0.4921875 0.3716410015625 0.4906850578125 0.3452350328125 0.47235108437499995 0.2658625421875 0.47271615 0.235341125 0.4886988625 0.133281553125 0.4888774578125 0.1054268 0.47929484687499996 0.08433459843749999 0.47795696249999997 0.08339189218750001 0.4546858359375 0.08339189218750001 0.44275002187499995 0.094609203125 0.43376787187500004 0.12185685937499999 0.4333174546875 0.1788996984375 0.43631675937500003 0.186609203125 0.431425821875 0.26920324375 0.41148418124999997 0.32674321562499997 0.41148418124999997 0.4890625 0.4787122828125 0.4890625
1 0.6964038718750001 0 0.6927793359375001 0.0195642921875 0.693102559375 0.04734206875 0.7054839187499999 0.10524310781249999 0.7122346796875 0.11875 0.7310242546875 0.11875 0.74502060625 0.0821066359375 0.7453125 0.0799379703125 0.7453125 0 0.6964038718750001 0
1 0.9344229953125 0 0.916490053125 0.0634578671875 0.8872676875 0.129044728125 0.8710995296874999 0.15213866250000002 0.8264895859375001 0.19291642656250002 0.8083061875 0.227139653125 0.7939456500000001 0.27188398281250004 0.7939456500000001 0.3960222109375 0.7947329328125 0.39735581249999996 0.8024068078125 0.403125 0.81546198125 0.403125 0.8390488609375 0.382957846875 0.8677508421875 0.349306340625 0.8981167843750001 0.2844002875 0.92234524375 0.16889524375 0.9489974890624999 0.108891209375 0.98993860625 0.043167990625 0.9961430609375 0.0250488 0.996875 0.007085765625 0.996875 0 0.9344229953125 0
1 0.8636185140624999 0 0.861782740625 0.0152962625 0.847486953125 0.061906510937500006 0.83560436875 0.087358140625 0.83560436875 0.1734375 0.8358473562500001 0.1734375 0.8646970281249999 0.14485006250000002 0.8832863484375 0.10673716250000001 0.8911873984375 0.0826158671875 0.898321634375 0 0.8636185140624999 0
0 0.55 0 0.55 0.122652778125 0.565234375 0.12048611093749999 0.58125 0.1045138890625 0.5875 0.078125 0.58828125 0.0517361109375 0.5859375 0.005902778125 0.583355034375 0 0.55 0
1 0.313120340625 1 0.309965746875 0.9871167515625 0.312395815625 0.9276496218750001 0.3063990703125 0.9153657687500001 0.3001490703125 0.9148555859374999 0.2944109046875 0.92479395625 0.29312314375000004 0.9482775218749999 0.297939934375 0.95977126875 0.2974334234375 0.9833186078124999 0.292110125 0.9953721968749999 0.29124920468750004 1 0.313120340625 1
1 0.19393475468750002 1 0.1984375 0.9737807875 0.1984375 0.9612034390625 0.1928173390625 0.918429084375 0.19691546875 0.8753462578125 0.1922051953125 0.8663775687499999 0.1867364453125 0.8664412046875001 0.182015125 0.8769078703125001 0.181766653125 0.9213341328125001 0.1754012484375 0.9437079453125001 0.1754012484375 1 0.19393475468750002 1
1 0.22830545781249997 1 0.2296875 0.991695646875 0.2296875 0.9790251937499999 0.22517960625 0.9412708453124999 0.2296875 0.9025287890625 0.2296875 0.8873216781250001 0.2276358421875 0.8815343796875 0.219801034375 0.8815343796875 0.21471056718749998 0.8910298671875001 0.21423782187499998 0.9311163265625 0.2083834421875 0.954206321875 0.2083834421875 1 0.22830545781249997 1
1 0.27507512031250003 1 0.275 0.9982638890625001 0.26640625 0.962152778125 0.26953125 0.9121527781250001 0.263671875 0.8975694437499999 0.253125 0.90381944375 0.2546875 0.962152778125 0.24453125 0.9982638890625001 0.24453125 1 0.27507512031250003 1
1 0.24609375 0.9579861109374999 0.24453125 0.9802083328125001 0.246875 0.98993055625 0.2546875 0.959375 0.253515625 0.9364583328125 0.24921875 0.94131944375 0.24609375 0.9579861109374999
1 0.26640625 0.8982638890625001 0.2671875 0.87881944375 0.263671875 0.87118055625 0.256640625 0.8697916671874999 0.253125 0.8760416671875 0.2515625 0.8913194437499999 0.25390625 0.90243055625 0.26640625 0.8982638890625001
1 0.2927734375 1 0.296875 0.9829861109374999 0.29453125 0.92743055625 0.303125 0.9121527781250001 0.30390625 0.90381944375 0.303125 0.8913194437499999 0.296484375 0.8822916671875 0.2875 0.8927083328125001 0.28828125 0.944097221875 0.27890625 0.984375 0.279609375 1 0.2927734375 1
1 0.32592592656249997 1 0.32734375 0.9829861109374999 0.334375 0.956597221875 0.33203125 0.9149305562500001 0.33671875 0.8982638890625001 0.3359375 0.87881944375 0.329296875 0.87118055625 0.324609375 0.8739583328125 0.32109375 0.884375 0.32265625 0.9302083328125 0.31484375 0.9579861109374999 0.31328125 0.9829861109374999 0.315857871875 1 0.32592592656249997 1
1 0.353076171875 1 0.34609375 0.959375 0.35 0.9121527781250001 0.344921875 0.9003472218749999 0.337890625 0.8989583328125 0.3328125 0.909375 0.33359375 0.9635416671874999 0.325 0.9982638890625001 0.32491862031249996 1 0.353076171875 1
1 0.383212425 1 0.38359375 0.9857638890625001 0.3765625 0.949652778125 0.3796875 0.896875 0.375390625 0.887847221875 0.368359375 0.8864583328125001 0.3625 0.899652778125 0.3640625 0.944097221875 0.3546875 0.97881944375 0.35402560781250003 1 0.383212425 1
1 0.408117675 1 0.4109375 0.9732638890625 0.41015625 0.9552083328125001 0.4046875 0.934375 0.4078125 0.8857638890625001 0.399609375 0.8739583328125 0.3921875 0.884375 0.39296875 0.92743055625 0.3828125 0.969097221875 0.3844421390625 1 0.408117675 1
1 0.7087048796875 0.8287237765625001 0.7093621015625 0.8852052578125 0.7210214671874999 0.948135115625 0.731429946875 0.95625 0.7470506593749999 0.95625 0.749986975 0.9555873046875 0.7527923015625 0.9507285484375 0.7542039640625 0.937893128125 0.7548614375 0.8602428968750001 0.7562623265624999 0.84648155625 0.7578125 0.8408639515624999 0.7578125 0.792954696875 0.7506051546875 0.7627655843750001 0.750544184375 0.712808096875 0.7538883421875 0.6871797796875 0.7540644046875 0.6575926671875 0.748672909375 0.641426771875 0.7410400218750001 0.63386585625 0.732207403125 0.6349949500000001 0.7232705921875 0.649528709375 0.721923575 0.66791968125 0.7249479328125 0.70424336875 0.7249981265625001 0.7532749296875 0.7087048796875 0.8287237765625001
1 0.7822467718749999 1 0.7869869062499999 0.9915081375 0.792617621875 0.9683054453125 0.803125 0.8774472875000001 0.803125 0.8422164453125 0.7930603171875 0.7785754765625 0.796546975 0.7313350734374999 0.80289453125 0.6905397890625 0.803125 0.6789691734375001 0.803125 0.6643279296875 0.8007578421874999 0.6535451734375 0.7930810765625 0.6439168890625 0.78548268125 0.6421875 0.7852735890625 0.6421875 0.7789808468749999 0.645006446875 0.768647453125 0.6622481953125 0.7662475578125 0.6955936484375 0.7674033031249999 0.7566623375 0.7654938781249999 0.7779707546875001 0.7527943078125 0.8226085796875001 0.7527943078125 1 0.7822467718749999 1
1 0.8491571562499999 1 0.859017425 0.9546167156250001 0.859262128125 0.9140885515625001 0.8570435859375 0.90138068125 0.8592478421875 0.877264090625 0.8501737234375 0.8144805999999999 0.85665985625 0.7513475749999999 0.8640695875000001 0.719440940625 0.8671875 0.6893827171875 0.8671875 0.6880233421875 0.8656120906249999 0.66775915 0.8586702562500002 0.6561128328125 0.8419314984374999 0.6561128328125 0.8380360109375001 0.65850215625 0.8306515093750001 0.671533596875 0.8266847984375 0.6838257265625 0.8239625640625 0.7153497234375 0.8226904796875001 0.792787378125 0.8178173093750001 0.8180424703125 0.8062758890625 0.8544633749999999 0.8062758890625 1 0.8491571562499999 1
1 0.9680442718750001 1 0.9682291671875 0.9917824078125002 0.9619791671875 0.9260416671874999 0.9567708328125001 0.9177083328125001 0.9520833328125 0.90289351875 0.94375 0.863078703125 0.9432291671874999 0.8140046296874999 0.9484375 0.780671296875 0.9510416671874999 0.730671296875 0.9453125 0.688078703125 0.9346354171875 0.675578703125 0.92578125 0.674652778125 0.9169270828125 0.6802083328124999 0.9109375 0.688078703125 0.9052083328125 0.7084490734375001 0.9046875 0.7510416671875 0.9104166671874999 0.813078703125 0.9098958328125001 0.8427083328125 0.9067708328125 0.868634259375 0.8869791671874999 0.9427083328125001 0.8822916671875 0.9677083328125 0.88125 0.9890046296874999 0.881431909375 1 0.9680442718750001 1
1 0.9765625 0.9473379625 0.9796875 0.9047453703125001 0.9776041671875 0.8704861109375 0.9635416671874999 0.805671296875 0.9609375 0.77881944375 0.9677083328125 0.709375 0.9682291671875 0.680671296875 0.9596354171874999 0.6589120375 0.9466145828125001 0.6552083328125 0.9393229171874999 0.6598379624999999 0.9348958328125001 0.6723379625 0.946875 0.6982638890625 0.9510416671874999 0.7427083328125 0.9442708328125 0.805671296875 0.9432291671874999 0.850115740625 0.9473958328125001 0.8797453703125001 0.9567708328125001 0.9112268515625 0.9567708328125001 0.918634259375 0.9614583328125 0.925115740625 0.9619791671875 0.9454861109374999 0.9682291671875 0.9834490734374999 0.9765625 0.9473379625
1 0.9057291671875 0.8223379625 0.89375 0.7658564812499999 0.8947916671874999 0.71585648125 0.8989583328125 0.68993055625 0.8989583328125 0.663078703125 0.8934895828125 0.6478009265625 0.88671875 0.6431712968750001 0.8747395828125001 0.6459490734375001 0.8682291671875 0.659375 0.8708333328125001 0.688078703125 0.8692708328125001 0.7584490734375 0.8625 0.7982638890625 0.8625 0.8177083328125001 0.8760416671875 0.881597221875 0.8760416671875 0.906597221875 0.8796875 0.9232638890625001 0.8817708328125 0.962152778125 0.9036458328125001 0.87881944375 0.9078125 0.8510416671875 0.9057291671875 0.8223379625