1 0.0969977171875 0 0.0966324 0.0023211828125 0.09561492499999999 0.0518335609375 0.08897517968749999 0.10434669062499999 0.0820581453125 0.126852315625 0.0487459078125 0.19586957031250002 0.045735471875 0.20622594218749998 0.045735471875 0.4060622859375 0.0567107984375 0.4125 0.0840258359375 0.4125 0.0907382328125 0.4107983046875 0.0957174921875 0.40517189687500005 0.12418256875 0.332403703125 0.1347109578125 0.29489432656250003 0.1410450265625 0.2498830734375 0.1414205765625 0.21612463437499999 0.12997735625 0.1411058796875 0.12829177187500002 0.10884781406249999 0.1343812984375 0.06983806249999999 0.149857290625 0.0090728703125 0.150692140625 0 0.0969977171875 0
1 0.330184925 0 0.3294873375 0.007847034375 0.3316032515625 0.0409863078125 0.33151839375000003 0.0912750765625 0.327573203125 0.1293512140625 0.289894759375 0.2287136484375 0.28044956875 0.26650154375 0.27990186875 0.27297035625 0.27990186875 0.378390921875 0.286031815625 0.41875 0.3699110953125 0.41875 0.3743957671875 0.40503987031250005 0.386463165625 0.35688036875 0.3921875 0.2998834359375 0.3921875 0.26997903125 0.39205431874999996 0.263342759375 0.388868571875 0.23615258125 0.3695382875 0.134553090625 0.3719572890625 0.09864890468750001 0.37504458125 0.091304253125 0.37732391718749997 0.0674030671875 0.3857952953125 0.0273122 0.389005053125 0 0.330184925 0
1 0.553125 0.1415077703125 0.553125 0.107033984375 0.5513162625 0.10174885468749999 0.54547460625 0.093738053125 0.53444841875 0.0912314640625 0.5255357093749999 0.098523859375 0.5214035546875 0.1085524703125 0.521857475 0.147562225 0.5260146 0.1611587015625 0.5419173625 0.1746535703125 0.5427328296875 0.1802974328125 0.5450583984375 0.1828125 0.5464881484374999 0.1828125 0.553125 0.1415077703125
1 0.49621760468750004 0.2929257375 0.4972871875 0.32968492656250004 0.502203971875 0.361053121875 0.5101644125 0.393816928125 0.518078125 0.39917269843750003 0.532456015625 0.4 0.5388075765625 0.4 0.542295384375 0.3972005875 0.5469243031250001 0.384272796875 0.55625 0.344945665625 0.55625 0.254842671875 0.555148021875 0.2540713 0.5481439234375001 0.2197721984375 0.54429569375 0.2165273078125 0.54155763125 0.22563432031250003 0.5330794625 0.226681334375 0.5171092359375 0.2126461515625 0.516468521875 0.2126461515625 0.510318546875 0.22710068749999998 0.5083205953125 0.24444230312499998 0.5020825375 0.2536715390625 0.49808458437500003 0.27108299687500004 0.49621760468750004 0.2929257375
1 0.7520870328125 0 0.7509075468749999 0.0057128671875 0.76971423125 0.0679099265625 0.773915578125 0.206966209375 0.7839110765624999 0.221875 0.8340043828124999 0.221875 0.8578125 0.126233075 0.8578125 0 0.7520870328125 0
1 0.8587598703125 0 0.863246934375 0.025660346875 0.8658309109375001 0.141595753125 0.872504 0.1546875 0.9188697781249999 0.1546875 0.9407663140625001 0.08287307656250001 0.9421875 0.014977371875000001 0.9421875 0 0.8587598703125 0
0 0.56875 0 0.56875 0.2562768125 0.60865229375 0.2894003375 0.6642078484375 0.2913308390625 0.7145954453125001 0.25851230625 0.7520631453125001 0.19866674687500002 0.7649830421875 0.1368906859375 0.7623990640625 0.0635316125 0.7443112078125 0.0017555500000000003 0.7429847046875 0 0.56875 0
1 0.264048484375 0.41875 0.2634887984375 0.42100694531249994 0.2648373171875 0.5029513890625 0.2534866296875 0.54977808125 0.2534866296875 0.673260009375 0.254468428125 0.6807291671875 0.258693603125 0.6875 0.278582184375 0.6875 0.28409933593750003 0.68211805625 0.2965193015625 0.6265625 0.2984375 0.5928022687500001 0.2984375 0.57288320625 0.28610084687500004 0.498784721875 0.2915057984375 0.41875 0.264048484375 0.41875
1 0.6559035843750001 1 0.6573958328125 0.9885416671874999 0.6582291671875 0.9302083328125 0.6548958328125 0.884375 0.6398958328125 0.7885416671875 0.6440625 0.628125 0.6378125 0.6041666671875 0.6244791671875001 0.5979166671875 0.6140625 0.6135416671875 0.6107291671875 0.6364583328125001 0.6140625 0.7885416671875 0.5957291671875 0.8989583328125 0.5940624999999999 0.9614583328125 0.5968154765625 1 0.6559035843750001 1
1 0.56875 1 0.584368871875 1 0.5873958328125 0.9802083328125001 0.5915625 0.8885416671874999 0.5873958328125 0.8385416671874999 0.5740624999999999 0.7572916671875 0.5782291671875 0.603125 0.5719791671875 0.5791666671875 0.56875 0.577742034375 0.56875 1
1 0.6708958328125 1 0.6773958328124999 0.959375 0.6815625 0.921875 0.6823958328125 0.8635416671874999 0.6657291671875 0.7322916671874999 0.6698958328125 0.584375 0.6603125000000001 0.5583333328125 0.6503125 0.55625 0.6415625 0.571875 0.6382291671875 0.590625 0.6457291671875 0.6447916671874999 0.6398958328125 0.7739583328125 0.6582291671875 0.9114583328125001 0.6590625 0.971875 0.6565624999999999 1 0.6708958328125 1
1 0.7433297421875 1 0.7490625 0.940625 0.7490625 0.896875 0.7457291671874999 0.8510416671875 0.7315625 0.7739583328125 0.7357291671875 0.6114583328125 0.7286458328125 0.5875 0.7136458328125 0.5833333328125 0.7048958328125 0.6010416671875001 0.7023958328125 0.621875 0.7057291671875 0.765625 0.6873958328125 0.871875 0.6857291671875 0.9385416671875 0.6882291671875 0.9760416671875 0.6918495375 1 0.7433297421875 1
1 0.8220833328125 1 0.8257291671875 0.978125 0.8307291671874999 0.9302083328125 0.8315625000000001 0.8697916671874999 0.8282291671875001 0.8239583328125001 0.8140625 0.734375 0.8190625 0.596875 0.8119791671875 0.56875 0.7978125 0.5645833328125 0.7873958328125 0.5927083328125 0.7907291671875 0.7385416671874999 0.7732291671875 0.8447916671875 0.7715625 0.9052083328125 0.7748958328125 0.9552083328125001 0.7817868578125 1 0.8220833328125 1