1 0.300944146875 0.44508113437499996 0.303188140625 0.43670955781250004 0.303188140625 0.3921039171875 0.2988714890625 0.3824375640625 0.28985805781249996 0.375 0.28878241718750003 0.375 0.2787186921875 0.37695353125 0.2734375 0.384424621875 0.2734375 0.4266221328125 0.2815656234375 0.4671875 0.28175119843749996 0.4671875 0.2849898515625 0.4636438265625 0.28557614062500003 0.4580261484375 0.300944146875 0.44508113437499996
1 0.3293767875 0.6 0.3293767875 0.56705951875 0.3277364921875 0.5552531187499999 0.32283489374999996 0.538208396875 0.316125365625 0.5295088890625 0.3132237671875 0.5123710140625 0.3061332796875 0.49805674375000003 0.2904824953125 0.51380570625 0.2819650359375 0.5134514125 0.27875550625 0.5045888890625 0.275084078125 0.5081393921874999 0.2698872765625 0.5429274734375 0.2679221984375 0.544521 0.267306334375 0.5610717015625 0.265625 0.56542973125 0.265625 0.5921917609375 0.266659159375 0.6 0.3293767875 0.6
1 0.2163164015625 0.6 0.21452663906249997 0.5772131203125 0.20331469531250002 0.5268965859375 0.1757947859375 0.44241800312499996 0.173860253125 0.43102533593750003 0.17603046718749998 0.401907875 0.1743524796875 0.3894074078125 0.171069746875 0.39480655625 0.1707695546875 0.40341622812500005 0.17003046718749998 0.40148831406249996 0.17095818437500002 0.3280049 0.174580390625 0.3072443921875 0.17731170624999998 0.26765926875 0.17595137031250002 0.2435483765625 0.1720299296875 0.22976529375000002 0.1648563078125 0.2161300421875 0.1564086796875 0.2065334125 0.15453109375000001 0.20566525000000002 0.12301347031250001 0.20566525000000002 0.120391221875 0.20701679843749998 0.1095473875 0.2223941171875 0.1049557359375 0.2378333859375 0.105676409375 0.285915315625 0.11437089375000001 0.3390577859375 0.116709409375 0.3669895421875 0.11639516875 0.42100304375000003 0.10765948750000001 0.46091879531249996 0.096458725 0.49465822656249997 0.0805746484375 0.5595908656249999 0.0796875 0.5681817421875001 0.0796875 0.6 0.2163164015625 0.6
1 0.8181396265625 0 0.8213731031249999 0.017840884374999998 0.827624740625 0.0869068125 0.8264892703125 0.12481735468749999 0.8016054390625001 0.2333660578125 0.7953125 0.2998749234375 0.7953125 0.313739440625 0.8026069328125001 0.40364322656249996 0.8247682562499999 0.49710938593750004 0.8512030484374999 0.5682718109375 0.8641293156250001 0.5796875 0.9195256531249999 0.5796875 0.9325529546875 0.560976746875 0.9325529546875 0.1968402375 0.9173928671875 0.15475007968750001 0.901977609375 0.08143301875 0.9003535718750001 0.0152788203125 0.9014555734374999 0 0.8181396265625 0
1 0.6713715265625 0 0.6713715265625 0.0420851640625 0.6635937484375 0.10057818437499999 0.6421875 0.186267634375 0.6421875 0.27255769375 0.6480381937499999 0.3323441 0.664704859375 0.4008473765625 0.6885937484375 0.46040856874999997 0.7005673703124999 0.4640625 0.7286408874999999 0.4640625 0.745260415625 0.45967190625 0.760260415625 0.439406615625 0.76803819375 0.4029261734375 0.7658159718750001 0.29452615625 0.7835937484375 0.1931728359375 0.7769270828125 0.1572809609375 0.7524826375 0.0938115859375 0.73803819375 0.033079396875 0.736837646875 0 0.6713715265625 0
1 0.48054306874999997 0 0.47022762656249995 0.053420078125000006 0.47076351718750004 0.11001092187499999 0.48157390781250003 0.17615209062499998 0.5023843 0.24240961875 0.51792674375 0.280313540625 0.5265574531249999 0.2906306359375 0.5314774984375 0.2921875 0.5502297765625 0.2921875 0.5625 0.28931618124999997 0.5625 0.242244225 0.55452813125 0.2021497046875 0.55006415625 0.1250798203125 0.5625 0.0532854203125 0.5625 0 0.48054306874999997 0
1 0.5698013312500001 0 0.5698735265625 0.003101821875 0.5653426687499999 0.04738573125 0.55017645 0.11262740468750002 0.5493448875 0.17247933437500002 0.5549238171875001 0.22101447031250002 0.5746046046875 0.3019474609375 0.5982906796874999 0.36380552499999996 0.6076386312500001 0.36875 0.6482844890624999 0.36875 0.661072865625 0.3560232390625 0.661072865625 0.3436609421875 0.6505759421875 0.268502440625 0.6488559140625 0.1946030703125 0.661072865625 0.1288654359375 0.661072865625 0.07014290625 0.6415335828125001 0.023374675 0.6358855312499999 0 0.5698013312500001 0
1 1 0 0.95980636875 0 0.958785240625 0.0236794421875 0.9439931906249999 0.08241781718749999 0.9237004703124999 0.131333746875 0.915625 0.167497475 0.915625 0.2012740171875 0.9295072671875001 0.27959866718750004 0.9276826484375 0.40216247968749996 0.9380323859375 0.43827795468749997 0.947968353125 0.44998351249999996 0.9631664437499999 0.45625 0.9973545453125 0.45625 1 0.4533529359375 1 0
1 0.7877777781249999 0.10970911875 0.7866666671875 0.1867531453125 0.7977777781250001 0.1631682390625 0.8088888890625 0.1128537734375 0.812222221875 0.046816037500000005 0.8083333328125001 0.035023584375 0.7877777781249999 0.10970911875
1 0.887777778125 0.0955581765625 0.9099999999999999 0.18832547187499998 0.9144444437499999 0.1820361640625 0.91555555625 0.164740565625 0.912222221875 0.1128537734375 0.89055555625 0.035023584375 0.8866666671874999 0.0452437109375 0.887777778125 0.0955581765625
1 0.7372998578125 0 0.737777778125 0.0263757859375 0.74555555625 0.0641116359375 0.78 0.169457546875 0.7966666671875 0.0641116359375 0.7768969703125 0 0.7372998578125 0
1 0.9212 0 0.9088888890625 0.03266509375 0.9022222218749999 0.0641116359375 0.9133333328125002 0.120715409375 0.9166666671874999 0.169457546875 0.9488888890624999 0.07826257812500001 0.9611111109374999 0.0263757859375 0.9616016078125 0 0.9212 0
1 0.35 0.7886805546875 0.33671875 0.7402777781250001 0.33828125 0.64305555625 0.330078125 0.6270833328125 0.317578125 0.6256944437499999 0.3078125 0.6458333328125 0.315625 0.7416666671875001 0.303125 0.809722221875 0.30234375 0.8625 0.31640625 0.925 0.32734375 0.9333333328125001 0.340234375 0.93125 0.346875 0.91944444375 0.35 0.9 0.35 0.7886805546875
1 0.2703125 0.8680555562500001 0.27890625 0.8819444437499999 0.294140625 0.88125 0.30078125 0.86944444375 0.30625 0.7763888890625 0.290625 0.7138888890625 0.29140625 0.6263888890625 0.284765625 0.6104166671875 0.274609375 0.60625 0.265625 0.6166666671875001 0.2640625 0.627777778125 0.2703125 0.684722221875 0.2703125 0.7138888890625 0.26015625 0.7625 0.259375 0.809722221875 0.26171875 0.8333333328125001 0.2703125 0.8680555562500001
1 1 0.6 0.9675789734375 0.6 0.96905140625 0.61169985 0.9623735796874999 0.6719543390625 0.9648473984375 0.675 1 0.675 1 0.6
1 1 0.7421161984375 0.93017578125 0.7449613171875 0.925 0.7662812828125001 0.925 0.8597950046874999 0.93916015625 0.9633452312499999 0.94892578125 0.9844750906249999 0.9643138359375001 0.996875 0.9913979046874999 0.996875 0.99853515625 0.9859258859375 1 0.979901815625 1 0.7421161984375
1 0.702705103125 0.6 0.70271811875 0.6133865265625 0.6946363203125 0.6577218828125 0.747807825 0.6625 0.7478926109375 0.6625 0.748003175 0.6624261453125 0.748003175 0.626700328125 0.74478438125 0.6097107562499999 0.7442537 0.6 0.702705103125 0.6
1 0.7704357078124999 0.8460869546875 0.7704357078124999 0.7967607578125 0.769209934375 0.760190709375 0.7663812828125 0.7394665359375 0.7619066109375 0.732027778125 0.6743419578125 0.733325378125 0.6672271875 0.7468655015625 0.6671875 0.7479413625 0.6671875 0.847168471875 0.67296524375 0.8925896734375 0.693848809375 0.98338304375 0.699539340625 0.990625 0.7359060046874999 0.990625 0.7450691765624999 0.9830830109375001 0.7499371765625 0.973818715625 0.75769043125 0.93730734375 0.7704357078124999 0.8460869546875
1 0.38203125 0.962152778125 0.39609375 0.9954861109375 0.425390625 0.9947916671874999 0.442578125 0.987847221875 0.460546875 0.975347221875 0.46796875 0.959375 0.4890625 0.86493055625 0.4953125 0.81631944375 0.4953125 0.7607638890625 0.4921875 0.7329861109375 0.486328125 0.7170138890625 0.455859375 0.7128472218749999 0.383984375 0.715625 0.368359375 0.718402778125 0.36171875 0.72881944375 0.35390625 0.77743055625 0.35703125 0.862152778125 0.38203125 0.962152778125
1 0.8028614828125 0.6 0.809375 0.66631944375 0.8328125 0.6649305562500001 0.835360646875 0.6 0.8028614828125 0.6
1 0.8046875 0.896875 0.8140625 0.906597221875 0.829296875 0.9072916671875 0.839453125 0.9017361109375 0.84765625 0.8677083328125 0.8515625 0.8329861109374999 0.8515625 0.7954861109375 0.850390625 0.7892361109375 0.847265625 0.8045138890625001 0.84609375 0.7857638890625 0.847265625 0.7822916671875 0.85078125 0.7871527781250001 0.8515625 0.771875 0.849609375 0.768402778125 0.846875 0.77743055625 0.8484375 0.7510416671875 0.844140625 0.7295138890625 0.798046875 0.725347221875 0.79140625 0.73993055625 0.78984375 0.79131944375 0.7921875 0.8302083328125001 0.8046875 0.896875
1 0.6326171875 0.6 0.628125 0.6399305562500001 0.631640625 0.653125 0.64921875 0.6552083328125 0.6546875 0.65381944375 0.6568280453125 0.6 0.6326171875 0.6
1 0.617578125 0.890625 0.621875 0.8927083328125001 0.646484375 0.8920138890625001 0.652734375 0.887847221875 0.65859375 0.8732638890625001 0.6625 0.8524305562500001 0.6609375 0.7829861109375 0.665625 0.737152778125 0.663671875 0.7267361109375 0.632421875 0.725347221875 0.612890625 0.7170138890625 0.604296875 0.7197916671875 0.6015625 0.72881944375 0.5984375 0.759375 0.60078125 0.81493055625 0.6125 0.87743055625 0.617578125 0.890625
1 0.8540885421875 0.6 0.85390625 0.6024305562500001 0.86015625 0.669097221875 0.878125 0.6677083328125 0.8828857421875 0.6 0.8540885421875 0.6
1 0.85234375 0.83993055625 0.86171875 0.846875 0.878515625 0.8447916671875 0.8859375 0.819097221875 0.89140625 0.77881944375 0.89140625 0.7454861109375 0.886328125 0.7239583328125 0.855078125 0.7267361109375 0.85078125 0.731597221875 0.85390625 0.774652778125 0.85234375 0.83993055625
1 0.77265625 0.7663194437499999 0.78203125 0.81631944375 0.7890625 0.81631944375 0.7875 0.7677083328125 0.790625 0.7357638890625 0.787109375 0.730902778125 0.776171875 0.730902778125 0.77265625 0.7357638890625 0.77265625 0.7663194437499999
1 0.7836067703125 0.6 0.7859375 0.6621527781250001 0.7890625 0.6649305562500001 0.801171875 0.665625 0.803125 0.6607638890625 0.8046875 0.606597221875 0.80357421875 0.6 0.7836067703125 0.6