0 0.0642647109375 0 0.0695203890625 0.0362457875 0.055479990624999996 0.0749528625 0.0567020390625 0.130496296875 0.07487371875 0.19317811093749998 0.0886187640625 0.2238791171875 0.094877765625 0.2296875 0.09896320625 0.2296875 0.0992618 0.2295558828125 0.0940198703125 0.203118509375 0.093193971875 0.157297296875 0.1015625 0.1296648046875 0.1015625 0.0286148828125 0.098710053125 0.01159729375 0.0982375 0 0.0642647109375 0
0 0.3075870015625 0.559375 0.3103555609375 0.556904553125 0.3171875 0.53320434375 0.3171875 0.3223958984375 0.3159692046875 0.31843422499999996 0.29603576875000004 0.2845367828125 0.299955140625 0.182662728125 0.2973740234375 0.14238495 0.2857426125 0.1157625234375 0.275744584375 0.10647694999999999 0.26463130156250003 0.1029619546875 0.2519691609375 0.1029619546875 0.2293146046875 0.1156046328125 0.21975666718750003 0.13764183125 0.2185007515625 0.1669540484375 0.23683877656250002 0.2900799953125 0.20831166250000002 0.366632521875 0.2085951984375 0.43627103125 0.2243257265625 0.502404015625 0.24776655781249998 0.55842665 0.2489713015625 0.559375 0.3075870015625 0.559375
0 0.4296875 0 0.4165288578125 0 0.4152087953125 0.008337323437499999 0.4163282625 0.11259491875000001 0.394011121875 0.15356981249999999 0.3879644984375 0.1843375328125 0.38858702031250003 0.1996153109375 0.40210569218750003 0.22425159843750003 0.4152618125 0.2655848609375 0.419269303125 0.3127464640625 0.41704978906249995 0.3350596140625 0.42313446250000003 0.3390625 0.4296875 0.3390625 0.4296875 0
0 0.09304162031249999 0 0.09292664687499999 0.0014060015625 0.10113540937500001 0.09439489375 0.0814945 0.14345464218749998 0.0814945 0.24626843437499998 0.0913172609375 0.2860797421875 0.100860909375 0.3110191390625 0.11228694531250001 0.31875 0.1131162703125 0.31875 0.12000112968750001 0.24008884218749998 0.131581821875 0.20669490625 0.1448578390625 0.1843999609375 0.1487103546875 0.163548446875 0.1407926 0.062226221875 0.1496363 0.017739356249999998 0.1506991015625 0 0.09304162031249999 0
0 0.193062796875 0 0.1932095609375 0.009793468750000001 0.2071462953125 0.0327799734375 0.21283051875 0.052551965624999995 0.20788695468750001 0.114888190625 0.2074563390625 0.1296875 0.2138437203125 0.1296875 0.2251350734375 0.11370561562499999 0.2515625 0.1034773703125 0.2515625 0.0928252453125 0.250765996875 0.07540518125 0.236990915625 0.046863125 0.239764746875 0 0.193062796875 0
0 0.3371580609375 0 0.3371580609375 0.038306332812499996 0.3566174421875 0.035114303125 0.367273803125 0.0390625 0.3727981046875 0.0390625 0.379408459375 0 0.3371580609375 0
0 0.3123502640625 0.288522628125 0.31340270000000003 0.30241151718750003 0.330617128125 0.336454509375 0.3405398859375 0.3708371171875 0.349442521875 0.4331430515625 0.36217469062499996 0.4421875 0.3843503046875 0.4421875 0.3985060984375 0.43225166875000004 0.4 0.42787581875 0.4 0.2152377359375 0.39979641250000003 0.21476022499999997 0.3883273078125 0.20135649843749998 0.39312297812499997 0.071510603125 0.3830005015625 0.048287623437499996 0.36765192343750003 0.037828184375000004 0.3558559859375 0.037828184375000004 0.340128915625 0.041224759374999996 0.325719603125 0.06489343125 0.324278503125 0.0872612015625 0.3379063328125 0.19812973125 0.317210553125 0.2423011625 0.3123502640625 0.288522628125
0 0.15697862499999998 0.428125 0.1656865625 0.36989065625 0.18050067187500002 0.33399773593750004 0.20156477343749998 0.29821390625 0.204805159375 0.2801947171875 0.20398440468749998 0.19536340000000002 0.1998441234375 0.17860582187500001 0.2125 0.05849405 0.2125 0.050739990624999995 0.20005024843750002 0.0207942 0.1787092703125 0.0120790375 0.1594252484375 0.0200850890625 0.1471081828125 0.041421951562499996 0.143511784375 0.0649966984375 0.14541044218750002 0.1818270046875 0.1291360359375 0.207961340625 0.1284043546875 0.2100426390625 0.1284043546875 0.41171520624999997 0.1285524390625 0.412346196875 0.140238159375 0.428125 0.15697862499999998 0.428125
0 0.255009578125 0 0.2582041 0.0560204765625 0.26412514531250003 0.0991972703125 0.28601694218749996 0.11301305625 0.302564228125 0.14886920937499998 0.30403564375 0.1849803203125 0.29841876875 0.2514045125 0.2996638125 0.2819600671875 0.301184621875 0.284375 0.3048976015625 0.284375 0.312492765625 0.23932884375 0.3203125 0.22400872968750002 0.3203125 0.1308601140625 0.3093129625 0.11022279531250001 0.312608928125 0 0.255009578125 0
1 0.7526222078125 0 0.7470460390625 0.02936755 0.7460605203125 0.0626736109375 0.7508267140625 0.1029877515625 0.7637449640625 0.15172613125 0.769869 0.159375 0.7816015015625 0.159375 0.790058321875 0.155502890625 0.790625 0.15354955312500002 0.790625 0.00929564375 0.7881983 0 0.7526222078125 0
1 0.83741333125 0 0.83842536875 0.00886276875 0.8272505718750001 0.079034959375 0.8267956921875002 0.120847175 0.8314535484375 0.1568491265625 0.845951209375 0.21189525781250002 0.8527122625000001 0.2203125 0.871875 0.2203125 0.871875 0.0336098421875 0.8642956234374999 0.009050878125 0.8634832343750001 0 0.83741333125 0
2 1 0.325116496875 0.5552114859375 0.325116496875 0.485487184375 0.328995578125 0.4296875 0.3300645640625 0.4296875 0.49669389375 0.44852833125 0.49693524062499994 0.7302200234375 0.48039563750000003 1 0.47423617656249994 1 0.325116496875
1 0.4038975546875 0.7661148953125 0.40012726093750006 0.7598239859375 0.383834196875 0.7624108609375 0.3892001421875 0.8270260125 0.3814663359375 0.8671947015624999 0.3816458484375 0.890625 0.4109375 0.890625 0.4109375 0.8487103375 0.40280989843750004 0.81607853125 0.4038975546875 0.7661148953125
2 0.4296875 0.90474884375 0.1914255359375 0.8964589843749999 0.11960713125 0.895756525 0.1109340171875 0.9031339953125 0.11329986562500001 0.9420456171874999 0.11723993749999999 0.9525645781250001 0.12282187343749999 0.955501478125 0.1908157125 0.9609375 0.4296875 0.9609375 0.4296875 0.90474884375
1 0.547603221875 0.8088036093750001 0.5352680390625 0.80380599375 0.529776215625 0.8077765375 0.5258534890625001 0.815853103125 0.524020690625 0.82801143125 0.533870425 0.9083486624999999 0.532242015625 0.9399999515624999 0.5336378515625 0.94375 0.5515625 0.94375 0.5515625 0.8180285484375001 0.547603221875 0.8088036093750001
2 0.4296875 1 0.9528987046874999 1 0.9512235015625 0.98664430625 0.9523332578125 0.9754877296875 0.9495027203124999 0.9700079500000001 0.9511324999999999 0.94721988125 0.6283941640624999 0.94721988125 0.628149 0.94737606875 0.62776615 0.94721988125 0.5662074984375 0.94721988125 0.5650904390625 0.9482838640625 0.55776104375 0.9475701015624999 0.557365253125 0.94721988125 0.48870947343750004 0.94721988125 0.48688998125000005 0.9487052140625 0.4817736375 0.94721988125 0.45246305937500003 0.94721988125 0.4296875 0.9491013671874999 0.4296875 1