1 0.0435854625 0.4234375 0.06314825625 0.4234375 0.06934875625 0.41304610625000004 0.07870031093749999 0.3682967828125 0.08125 0.3339967078125 0.08125 0.2822521609375 0.06800120312499999 0.21038017656250002 0.0735046 0.1042334 0.067158871875 0.0871757109375 0.056031915625 0.08228473281250001 0.046512242187500004 0.091315596875 0.0435854625 0.10990136875 0.0435854625 0.124534009375 0.043800739062499996 0.2121681765625 0.056702242187499995 0.2943933703125 0.0532733140625 0.3569094640625 0.0435854625 0.406915321875 0.0435854625 0.4234375
1 0.037296790625 0.3497018953125 0.029245581250000003 0.4283699875 0.032594781249999996 0.4328125 0.0578125 0.4328125 0.0578125 0.2283071078125 0.0477721953125 0.19239844374999998 0.0461241015625 0.073020203125 0.0376867421875 0.0534139765625 0.024647071875000003 0.049121992187500005 0.0168457328125 0.054991175 0.0108136375 0.07468158281250001 0.0206845625 0.15906920468750002 0.020526817187499997 0.2143961890625 0.032815628125 0.25945911875 0.0363541203125 0.287101565625 0.037296790625 0.3497018953125
1 0.931553528125 0.45625 0.9502940765624999 0.45625 0.95625 0.44774142812499995 0.95625 0.4056974484375 0.950552521875 0.3856536796875 0.9491229640625001 0.36340114843750004 0.9505921390625 0.3282765828125 0.9470208578125 0.3175299296875 0.9422848734375 0.31461575937499997 0.9356110109374999 0.3199743046875 0.93441398125 0.325954934375 0.9364415390625 0.3824667265625 0.92877085 0.4201872125 0.928767203125 0.44980168750000005 0.9293688484375 0.454446471875 0.931553528125 0.45625
0 0.8648536468750001 0.4108601515625 0.85571283125 0.39758422968749996 0.8455528984375 0.39127548125 0.8336491890625 0.39333642968750004 0.8245760171875001 0.40090747968749996 0.8176841859374999 0.41724300625 0.8166572515624999 0.44320529531249997 0.81946016875 0.4546875 0.865625 0.4546875 0.865625 0.4136274234375 0.8648536468750001 0.4108601515625
1 0.5585390828125 0.46875 0.554920028125 0.4760046390625 0.5588935375 0.5247066796875 0.55029431875 0.5688783374999999 0.5499494453125 0.59385560625 0.5583402109375 0.6375 0.5760671078125 0.6375 0.5765625 0.6355258390625 0.5765625 0.55460873125 0.57141778125 0.5264592796875001 0.5728160484375 0.4723608078125 0.57136335 0.46875 0.5585390828125 0.46875
1 0.520655278125 0.651441221875 0.529098290625 0.632839365625 0.53125 0.60254676875 0.53125 0.579298084375 0.5293736 0.5580032562499999 0.5238511140625001 0.5376069671875 0.5248159046875001 0.48766159531250003 0.522175915625 0.47399122968749996 0.5171705421875 0.4722629921875 0.5093364078125 0.484587534375 0.5105213656250001 0.5399245703125 0.5035168546875 0.5651554921875 0.5035168546875 0.64508403125 0.5046124562500001 0.6515625 0.5160971296875 0.6515625 0.520655278125 0.651441221875
1 0.4765234515625 0.46875 0.4737228171875 0.474950709375 0.479723003125 0.5262714140625 0.47198919687499996 0.56671283125 0.471275590625 0.587573440625 0.48196327656250004 0.638812325 0.49272767812499996 0.640625 0.496875 0.640625 0.496875 0.551138828125 0.491668125 0.5316224171874999 0.4908537234375 0.4732618109375 0.48879392812500005 0.46875 0.4765234515625 0.46875
1 0.601166496875 0.46875 0.60532265 0.5196393734375 0.5976454375 0.5606504765625 0.5987772953125 0.5884282562500001 0.6073931453125 0.627808815625 0.6123525828125 0.6296875 0.6234375 0.6296875 0.6234375 0.5437321625 0.6169282140625001 0.5176810515625 0.616948415625 0.46875 0.601166496875 0.46875
1 0.6427255796875 0.46875 0.644122003125 0.5072639437500001 0.6359189125 0.5351128421875 0.6359189125 0.61839415 0.6385631828125 0.61875 0.6496926421875 0.61875 0.652893690625 0.6146630296875 0.659375 0.58499583125 0.659375 0.5328732921875 0.655059503125 0.5075821921875 0.65932470625 0.46875 0.6427255796875 0.46875
1 0.5717890578125 0.46875 0.5721997359375 0.4771765296875 0.56749618125 0.512879425 0.56749618125 0.5331007109375 0.5719722265625 0.5657468999999999 0.571203365625 0.6140625 0.5712482078125001 0.6140625 0.5821086906249999 0.5776098640624999 0.5828125 0.566627078125 0.5828125 0.5508738359375001 0.5763136390625 0.5101458437499999 0.580702009375 0.46875 0.5717890578125 0.46875
1 0.5201094375 0.46875 0.5197453046875 0.4710992515625 0.5197453046875 0.47281441874999997 0.5243771484375 0.49593212343750004 0.5225047609375 0.5333957359375 0.5312869859375 0.5810909921875 0.5283100453125 0.6296293281249999 0.52847824375 0.6296875 0.5332163828125001 0.6296875 0.540625 0.58542036875 0.540625 0.5573636078125 0.5393689609375001 0.5453073671875 0.5336847375 0.525571825 0.5368285312500001 0.46875 0.5201094375 0.46875
1 0.4893665328125 0.46875 0.49303722031249997 0.48083613124999997 0.492617628125 0.5280719890625 0.50625 0.5783344671874999 0.50625 0.5218589203125 0.503600671875 0.5099482562500001 0.5037045609375 0.46875 0.4893665328125 0.46875