1 0 0.46875 0.0141206078125 0.46875 0.0296875 0.3951879 0.0296875 0.30546947812499997 0.0285314953125 0.29741755312499996 0.0296875 0.2707162484375 0.0296875 0.160175853125 0.0192746921875 0.13741147812500001 0 0.1348918203125 0 0.46875
1 0.20059300625 0.46875 0.2175594234375 0.4414786421875 0.24375 0.42146585468750003 0.24375 0.1684454625 0.22077386406250002 0.1296849328125 0.19751805 0.1287373296875 0.17765733125 0.16066090625 0.1980279140625 0.3578879703125 0.1747326921875 0.46875 0.20059300625 0.46875
1 0.4390625 0.1373524015625 0.41995771406250004 0.1287153703125 0.3934876171875 0.1645376765625 0.3917292625 0.3462755609375 0.37069825 0.4237321234375 0.37069825 0.46875 0.4390625 0.46875 0.4390625 0.3425639421875 0.43864558281250005 0.340177775 0.4390625 0.33650416875 0.4390625 0.1373524015625
1 0.34763420312500004 0.46875 0.363729421875 0.408907865625 0.35034262968749996 0.336919409375 0.36875 0.1670052640625 0.36875 0.1612115859375 0.3594564390625 0.134510409375 0.3447203984375 0.1311591171875 0.33242758125 0.1311591171875 0.3100445609375 0.163229275 0.3076521015625 0.3209430265625 0.29864264218750003 0.3497282671875 0.29864264218750003 0.42122765781249993 0.344066428125 0.46875 0.34763420312500004 0.46875
1 0.29098405 0.1696321875 0.2750522171875 0.13755846875 0.2515940546875 0.1349162484375 0.24067436406249998 0.1490391578125 0.2498264890625 0.3731128 0.2628618609375 0.4078125 0.277755115625 0.4078125 0.2984375 0.40584120625000003 0.2984375 0.344763359375 0.291325978125 0.3244786046875 0.29098405 0.1696321875
1 0.1566750796875 0.46875 0.1640625 0.4211577828125 0.1640625 0.3796175703125 0.15217880156250002 0.33999989375 0.1605379375 0.169935309375 0.1406863609375 0.12973304531250002 0.12447019687500001 0.1265625 0.12230999375 0.1265625 0.095893528125 0.16720189218749998 0.1057121 0.3446727609375 0.07609708125 0.4649051234375 0.0760299765625 0.46875 0.1566750796875 0.46875
1 0.08984835625000001 0.46875 0.090625 0.4641603890625 0.090625 0.30466582343750004 0.0900272953125 0.30097560625 0.090625 0.2612439546875 0.090625 0.159672034375 0.07688108437499999 0.13673258593749998 0.056051925 0.132390440625 0.035425353124999996 0.1646977578125 0.0499422171875 0.330901353125 0.025923512500000002 0.43834789062499996 0.026314781250000002 0.46875 0.08984835625000001 0.46875
1 0.49973220000000007 0 0.49927107968750006 0.0130946109375 0.488182653125 0.049614951562499995 0.48249024531250007 0.08177765000000001 0.4812859234375 0.1471372734375 0.4857740078125 0.1803341984375 0.49926797812499996 0.23684213281250002 0.505875065625 0.24375 0.5273492140625 0.24375 0.5340699671875 0.2377114234375 0.5396020609375001 0.218756809375 0.54375 0.189640228125 0.54375 0.070246615625 0.529618615625 0.005086175 0.529440321875 0 0.49973220000000007 0
1 0.46320709843749996 0 0.45836907031249996 0.0321275109375 0.46141499531249996 0.0918179 0.46859460625000005 0.1308977890625 0.47599176718749997 0.14297393125 0.48090158125000004 0.14375 0.49449889375 0.14375 0.496383378125 0.13895640625 0.4949889578125 0.0807185734375 0.5084185015625 0.0106174109375 0.5081800953125 0 0.46320709843749996 0
1 0.53892418125 0 0.53892418125 0.1484375 0.5488011390625 0.1484375 0.556358865625 0.14179968125 0.5742403125 0.0992897625 0.58572618125 0.059339365624999994 0.5889094531250001 0.013533315625 0.5882370171875 0 0.53892418125 0
1 0.6242621953125 0 0.6258386453125 0.0280908765625 0.630903371875 0.061519709374999995 0.6432384625 0.10770321406250001 0.6485936640625 0.1140625 0.6609375 0.1140625 0.6609375 0 0.6242621953125 0
1 0.0229345125 0.46875 0.0181351109375 0.47375928749999996 0.016494584375 0.492626009375 0.0238618125 0.5945931343749999 0.042456554687499995 0.676462453125 0.043399225 0.739016009375 0.0355587625 0.802819359375 0.038614025 0.80625 0.057374176562500004 0.80625 0.059375 0.8023886265625 0.059375 0.6374477437499999 0.047858942187499996 0.592243225 0.045940790625 0.4860402578125 0.0384259140625 0.469141778125 0.0374583125 0.46875 0.0229345125 0.46875
1 0 0.46875 0 0.6044413625 0.011788378125 0.6423820359375 0.0164575328125 0.670122725 0.019959071875 0.732657559375 0.015121328125 0.8108671781249999 0.01758975 0.8140625 0.0296875 0.8140625 0.0296875 0.5939338203125 0.0240075484375 0.57604181875 0.0181342109375 0.46875 0 0.46875
1 0.7553285078125 0.46875 0.759332328125 0.49360054687500005 0.7623130546875 0.5747959828125 0.6946733593750001 0.7303763515625 0.6789859046875 0.8169140500000001 0.6804314015624999 0.8997265500000001 0.7051674203125 1 0.91957073125 1 0.921321228125 0.9960658015625 0.9359375 0.9424980125000001 0.9359375 0.730284121875 0.8670005546875 0.5711402140625 0.8671721015625 0.4913981515625 0.8714412187499999 0.46875 0.7553285078125 0.46875