1 0.216273390625 0 0.216197121875 0.0038714171875 0.189669790625 0.130598409375 0.189669790625 0.185911365625 0.192081365625 0.22070540312500003 0.2121778296875 0.3214272046875 0.21894260937499999 0.328125 0.22973843125 0.328125 0.245136028125 0.326785628125 0.2535765421875 0.3255662203125 0.2579977640625 0.318758496875 0.2652324921875 0.28194701875 0.275 0.218794325 0.275 0.111488190625 0.2740749359375 0.0994814953125 0.25020065625 0 0.216273390625 0
1 0.08143001562499999 0 0.081775375 0.0252386546875 0.07736830312500001 0.060107676562500004 0.06407739375 0.116698515625 0.061278040624999995 0.1515862453125 0.0630062890625 0.20107678281250002 0.06844884375 0.2418804640625 0.08631452656250001 0.3162939953125 0.0892836140625 0.3203125 0.12098336406250002 0.3203125 0.124574053125 0.318921703125 0.1296875 0.2985006703125 0.1296875 0.09781610625 0.11353250156250001 0.037248284375 0.11162711249999999 0 0.08143001562499999 0
1 0.04027695 0 0.0447939109375 0.070771821875 0.0301080421875 0.1551052359375 0.0314899109375 0.2176258828125 0.048704225000000004 0.297494415625 0.0518704140625 0.3015625 0.06875 0.3015625 0.06875 0.2526513984375 0.06097851875 0.2129500171875 0.058243089062499996 0.157566734375 0.0597397109375 0.1315768453125 0.06875 0.0863430671875 0.06875 0 0.04027695 0
1 0.1344471203125 0 0.13291831875 0.0465505359375 0.126070228125 0.07219422187499999 0.126070228125 0.3046875 0.138765946875 0.3046875 0.1431381453125 0.302112640625 0.15836293125 0.2489239359375 0.1694413671875 0.15548421875000001 0.1698190328125 0.129395765625 0.159619478125 0.0635059953125 0.1594138859375 0.034562546875 0.164730290625 0 0.1344471203125 0
1 0.1875970828125 0.294989675 0.19466904062499998 0.2984375 0.1977149640625 0.2984375 0.1984375 0.2972579125 0.1984375 0.27575162343750004 0.1902789625 0.20542325 0.1839346875 0.2466502875 0.1839346875 0.26847771875 0.1875970828125 0.294989675
1 0.1920306453125 0 0.1949564171875 0.08049408125 0.18691783125 0.12716694687500002 0.1916399875 0.1328125 0.1917557796875 0.1328125 0.19817184999999998 0.0804566671875 0.2125 0.018516125 0.2125 0 0.1920306453125 0
1 0.33939828437499997 0 0.33939828437499997 0.123178559375 0.34386659375 0.161100425 0.33939828437499997 0.2078547125 0.33939828437499997 0.2890625 0.3453279796875 0.2890625 0.3516991171875 0.2787237265625 0.36289306250000003 0.23345968749999998 0.3703125 0.1688968453125 0.3703125 0.15670906406250001 0.35861261093749996 0.07652104062500001 0.3656973390625 0 0.33939828437499997 0
1 0.31535835156249997 0 0.31930278125 0.0270940546875 0.3207590640625 0.08229468749999999 0.334364584375 0.1279051390625 0.3387100890625 0.1556739359375 0.341479159375 0.2181900328125 0.3357215703125 0.2962684859375 0.337359165625 0.2984375 0.3546875 0.2984375 0.3546875 0.08577074375 0.3473673265625 0.0617710375 0.3447085921875 0 0.31535835156249997 0
1 0.270378153125 0 0.2710102296875 0.036211553125000004 0.2682267265625 0.061162878125 0.28328974218749997 0.1403453703125 0.282876184375 0.20886179062500002 0.270862090625 0.304351784375 0.276597309375 0.3140625 0.2976812734375 0.3140625 0.30843206875 0.31287343437500004 0.313466590625 0.3016215640625 0.3171875 0.2755882828125 0.3171875 0.098409784375 0.3007021796875 0.0313943421875 0.301095690625 0 0.270378153125 0
0 0.6296875 0.31086740625 0.6320166203124999 0.321752871875 0.64175708125 0.33997661562500003 0.6603815562500001 0.353125 0.6847614171874999 0.353125 0.69907568125 0.345606275 0.71376051875 0.31855055625 0.7171875 0.2961237375 0.7171875 0.25759587968750003 0.717023884375 0.2528734546875 0.7085181703125001 0.22309836718749998 0.6972152109375 0.2048473515625 0.6794368468750001 0.192501215625 0.663806459375 0.1913025515625 0.6466836015624999 0.20211365468750003 0.634049778125 0.22365018281250001 0.6296875 0.23985982187500002 0.6296875 0.31086740625
1 0 0.750990646875 0.004903690625 0.7427217453124999 0.0203125 0.7307284421875 0.0203125 0.556528825 0.0186657578125 0.54911229375 0.002618478125 0.527475059375 0 0.498584725 0 0.750990646875
1 0.183186103125 0.459375 0.18350940468750002 0.5149457296875 0.1691664671875 0.5404438296875 0.1668175921875 0.5518465890625001 0.1754850296875 0.6578526499999999 0.1724641703125 0.6921312000000001 0.155980434375 0.7647974390625001 0.1538396390625 0.8119655781249999 0.159800309375 0.8678579453124999 0.1755060453125 0.9382251140625 0.17835431875000002 0.940625 0.2083205515625 0.940625 0.2117379296875 0.9388575453125 0.2234739796875 0.8804131328124999 0.225 0.8670036421875 0.225 0.7710251765624999 0.2227415484375 0.7545189984375 0.203773584375 0.6769425375 0.20342401406250002 0.6168567015625 0.20711685625 0.559702365625 0.20215276875 0.536728196875 0.188340321875 0.515030053125 0.18710456875 0.459375 0.183186103125 0.459375
1 0.2613259046875 0.459375 0.259145096875 0.504834440625 0.2498387921875 0.5182258187500001 0.2435532640625 0.5371520796875 0.24674720625000002 0.6297669046875 0.2448429734375 0.661287334375 0.233345721875 0.7116967296875 0.233345721875 0.8484375 0.23403748281249998 0.8484375 0.2540343375 0.7892454890625 0.2673385171875 0.76491346875 0.2875 0.740206571875 0.2875 0.732085234375 0.27382848125 0.659599121875 0.2811456625 0.5421011 0.27786927031249997 0.5208763453125 0.2679018625 0.5071798265625 0.26674870156249997 0.459375 0.2613259046875 0.459375
1 0.4491955515625 0.459375 0.449058759375 0.5003420984375 0.4383861171875 0.5165232953125 0.4343045703125 0.5375598734375 0.44469249218750007 0.651142003125 0.43813970781249995 0.6933560421875 0.44455304375000004 0.7046139671875 0.45650252968749994 0.7135037578125 0.47762469531249996 0.7666965046875001 0.4828125 0.78957105625 0.4828125 0.7004076625 0.4721176515625 0.654967640625 0.47197942187499997 0.605036990625 0.469214253125 0.5948113609375 0.473251665625 0.54952476875 0.46400113750000005 0.5144855859375 0.454594915625 0.497973959375 0.45172100468750004 0.459375 0.4491955515625 0.459375
1 0.0737499859375 0.459375 0.06988129374999999 0.51042969375 0.061636109375000005 0.5188329406250001 0.0516101234375 0.5401680296875 0.0494974203125 0.5680491265625001 0.0494974203125 0.600914746875 0.050153521874999996 0.6228059 0.0494974203125 0.6297083484375 0.0494974203125 0.7465271343750001 0.0516337296875 0.7484375 0.052934126562499996 0.7484375 0.065326228125 0.71851128125 0.0556338546875 0.6878822734375 0.05586644375000001 0.66367441875 0.06280337968750001 0.646112925 0.07607313437499999 0.62953163125 0.0871757984375 0.567564765625 0.0875 0.5632863140625 0.0875 0.529460678125 0.0864021984375 0.5249278203125 0.075517365625 0.5100355796875 0.078560153125 0.459375 0.0737499859375 0.459375
0 0 0.9602910203124999 0.00393646875 0.9609375 0.0434536359375 0.9609375 0.050953662499999997 0.9580559609375001 0.078227853125 0.9221655890625 0.0917492578125 0.8795094953125 0.0953125 0.8369559109375 0.0953125 0.8241153328124999 0.085950315625 0.7748122265624999 0.06937136875 0.7450629624999999 0.0428958703125 0.7272584171875 0.0138353890625 0.7280143859375 0 0.7394513875 0 0.9602910203124999
1 0.696875 0.7049160703125 0.69682009375 0.6576726671875 0.6884350421875001 0.6129788453125 0.696875 0.5151926687499999 0.696875 0.5063660484375 0.6893377171874999 0.4934097109375 0.671480575 0.4929940828125 0.6656867 0.5012027265625 0.663726196875 0.6068414078125001 0.654971815625 0.630083896875 0.654971815625 0.796875 0.669747309375 0.796875 0.6752555203125 0.796229053125 0.68684326875 0.7798117640625 0.6930350875 0.7298948890625001 0.696875 0.7244545796875 0.696875 0.7049160703125
1 0.732548209375 0.7625 0.7337611640625 0.762216340625 0.7391183046875 0.7593762296875 0.7480468765625 0.7398278890625 0.7516183046875 0.6953418859375 0.7546875 0.690531875 0.7546875 0.6435483484375 0.7409040203125 0.5954665578125 0.74447545 0.495425003125 0.7391183046875 0.48159845 0.7284040203125001 0.47616756406249994 0.712332590625 0.4957990171875 0.7159040203125 0.5902019046875 0.7051897359375 0.6236599093749999 0.7051897359375 0.65699324375 0.7087611640625 0.6625072421875 0.7087611640625 0.75139613125 0.7188604109375001 0.7625 0.732548209375 0.7625