1 0.1733830078125 0 0.1660847453125 0.1685151625 0.177239453125 0.171875 0.20364931562500002 0.171875 0.22293229062500003 0.1668610671875 0.24178652031249998 0.0685121625 0.24178652031249998 0 0.1733830078125 0
1 0.2503633828125 0 0.23725014375 0.11423905000000001 0.24666575625 0.13125 0.2615853265625 0.13125 0.286615346875 0.12667902656250002 0.3018309234375 0.04798074375 0.3018309234375 0 0.2503633828125 0
0 0 0 0 0.2457473140625 0.0044316015625 0.2484375 0.081025365625 0.2484375 0.12218800156250001 0.2125240078125 0.146994125 0.16697913125 0.1628798671875 0.10061995937499998 0.16323926718749998 0.0388438984375 0.1547112125 0 0 0
1 0.684344565625 0.21582256875 0.6885632671875 0.1353625125 0.6872270546875 0.1255766234375 0.680015303125 0.116246428125 0.67057565 0.118642203125 0.6644414968750001 0.13020900625 0.665594565625 0.2150585640625 0.6546875 0.2664105796875 0.6546875 0.35130204374999996 0.655982584375 0.359248340625 0.6595009125 0.376074175 0.6665993015625 0.3828125 0.67895838125 0.3828125 0.6844685859374999 0.3784817359375 0.69770669375 0.3136814609375 0.6949965328125 0.262133403125 0.684344565625 0.21582256875
1 0.75907545 0.2308317296875 0.7476692765624999 0.190363034375 0.74824594375 0.10566808593749999 0.7382783046875 0.088136515625 0.7304981265625 0.0907779265625 0.7247922828125001 0.1038700953125 0.728121865625 0.18863322656249998 0.71875 0.22974695 0.71875 0.296941696875 0.7250504828125 0.3274402953125 0.728320934375 0.33999484375 0.7335279109374999 0.3453125 0.7474828 0.3453125 0.7517745953125 0.3417928359375 0.7628795984375 0.2830436125 0.7628795984375 0.27224222187499997 0.75907545 0.2308317296875
1 0.6414186171875 0.16109869999999998 0.6442699468749999 0.1554368109375 0.6442699468749999 0.115196996875 0.6431177453125 0.1066817078125 0.6360526734375 0.09669059375 0.626790859375 0.10006915000000001 0.6234375 0.1095963796875 0.6234375 0.13103023281249998 0.627469303125 0.16477764374999998 0.6331306031249999 0.1595410484375 0.6377387390625 0.16690458125000002 0.628839253125 0.1695636578125 0.628934459375 0.178125 0.6423432140625 0.178125 0.6428223890625 0.1763264125 0.6414186171875 0.16109869999999998
1 0.6214358078125 0.1972074140625 0.6125 0.242570334375 0.6125 0.32674726718749997 0.615816471875 0.3446571515625 0.619668753125 0.35 0.6402939625 0.35 0.6522872921875 0.296730696875 0.6521201671875 0.2439984203125 0.64176446875 0.19463545625 0.636726746875 0.1914590015625 0.6214358078125 0.1972074140625
1 0.6 0.31875 0.60385916875 0.31875 0.6095444578125 0.3052847125 0.6140625 0.23284091718750002 0.6140625 0.2221046984375 0.610492853125 0.199838415625 0.6 0.16898317499999999 0.6 0.31875
1 0.6613920515625 0.17760843906249998 0.6527393359375 0.13484839843750002 0.6580953843749999 0.0708685828125 0.6390625 0.0695723828125 0.6390625 0.10195236249999999 0.64199060625 0.10741160000000001 0.6431165984375 0.1198661375 0.6390625 0.165485725 0.6390625 0.2066842046875 0.6484691 0.2640625 0.6496298375 0.2640625 0.6614995203125 0.219229640625 0.6613920515625 0.17760843906249998
1 0.7734920484375 0.19165650625 0.7607144359375 0.13713277031249999 0.7618702703125 0.06900901875 0.7590510453125 0.06422746875 0.7426447953124999 0.06470484062500001 0.7421875 0.065177953125 0.7421875 0.091629028125 0.7492193421875 0.1055065734375 0.748233209375 0.18335254843749998 0.7599949765625 0.23025652187499998 0.7647545609375 0.284375 0.7657601859375001 0.284375 0.7686802296875 0.2800292015625 0.7734920484375 0.2526145296875 0.7734920484375 0.19165650625
1 0.7184853109375 0.27994686562500004 0.7184853109375 0.2105831453125 0.7081916109375 0.16647111406249998 0.7086280828125 0.0845675796875 0.70330750625 0.074062275 0.694649103125 0.07113449375 0.686688428125 0.081407971875 0.6859375 0.085965578125 0.6859375 0.096006746875 0.69146209375 0.1522958546875 0.6897917953125 0.21474130625 0.7034878859375 0.26634838437499997 0.7084777453125 0.315625 0.7094474578125001 0.315625 0.7131484203125 0.3123317203125 0.718067615625 0.28881606875 0.7184853109375 0.27994686562500004
1 0.8079985046875 0.08455585 0.8037783921875 0.0715615359375 0.7983338812499999 0.0676495796875 0.7905052218749999 0.07079123125 0.7845690828125 0.0842585796875 0.7879985953124999 0.1660210890625 0.778125 0.20924594062500002 0.778125 0.27447474843749997 0.785595740625 0.31053830625 0.7903431765625 0.315625 0.8048940109375 0.315625 0.8098064125000001 0.31079918906250004 0.8195046250000001 0.25480698749999997 0.8189738625 0.21178781875000002 0.8052103359375 0.1610539 0.8079985046875 0.08455585
1 0.8359375 0.26944444375 0.84296875 0.28472222187499996 0.856640625 0.2854166671875 0.86171875 0.28055555625 0.871875 0.22638888906250001 0.8703125 0.17916666718750002 0.85859375 0.13194444375 0.8625 0.06805555625000001 0.860546875 0.0576388890625 0.841015625 0.0576388890625 0.8390625 0.0625 0.84140625 0.134722221875 0.83046875 0.1833333328125 0.82890625 0.2236111109375 0.8359375 0.26944444375
0 0.9607096359374999 0.3890625 0.95625 0.365277778125 0.943359375 0.33680555624999997 0.930859375 0.3229166671875 0.909765625 0.31597222187499996 0.893359375 0.321527778125 0.87265625 0.34861111093749997 0.86484375 0.375 0.864453125 0.38680555625 0.891015625 0.36875 0.916796875 0.37430555625 0.9295673078125001 0.3890625 0.9607096359374999 0.3890625
1 0.2007973125 0.3890625 0.196875 0.40497601562499996 0.196875 0.509239 0.1977283125 0.5152816921875 0.203900196875 0.5356911656250001 0.2105485640625 0.5390625 0.22543979531249997 0.5390625 0.23015288906250003 0.5332853656250001 0.24222182656250002 0.4851199234375 0.246284303125 0.4449694796875 0.24471639375 0.41154064687499997 0.24011024062500003 0.3890625 0.2007973125 0.3890625
1 0.134902846875 0.3890625 0.134844853125 0.3932232375 0.1214611234375 0.4513111109375 0.11875 0.4757613703125 0.11875 0.4958268546875 0.12173035000000001 0.54157525 0.1348767984375 0.5973489953125 0.1419200546875 0.6046875 0.16167494843750002 0.6046875 0.168438225 0.5951575968749999 0.17777210625 0.5449424281249999 0.17777210625 0.470428278125 0.1770430015625 0.4620015421875 0.1606099421875 0.3922843625 0.1607331421875 0.3890625 0.134902846875 0.3890625
2 0.6 0.7243383046874999 0.5048911 0.7313806062499999 0.13730745 0.7451888296875 0 0.7571752375 0 0.91875 0.07740795 0.91875 0.2730614390625 0.9049836953125 0.5554322468749999 0.8952436453124999 0.6 0.8905108593750001 0.6 0.7243383046874999
1 0.7798231203125 0.72109313125 0.7614900296875 0.6717963875 0.7542227 0.5511132484375001 0.7505317703125 0.5374246171875 0.7419042015625 0.5275336312500001 0.7256677296875 0.5327516578125 0.721875 0.5445956109375001 0.721875 0.5753087921875 0.7351539015624999 0.67905414375 0.727544334375 0.7422049859375 0.7279059906249999 0.7895273375 0.7286674359375 0.7921875 0.7433898828125 0.7921875 0.7561103546875 0.780061084375 0.7798231203125 0.7721567671875 0.7798231203125 0.72109313125
1 0.6 0.7548399609375 0.6118153796875 0.8019328765625 0.6196156390625001 0.8484375 0.62332694375 0.8484375 0.6253768828124999 0.8441693859375 0.6321925234375 0.7951942546875 0.6509046890625 0.73025880625 0.645010234375 0.7000672703124999 0.629137303125 0.6551894921875 0.6263678500000001 0.624815946875 0.626475465625 0.5484725609375001 0.618490515625 0.5302003375 0.6075853390625 0.528059596875 0.6 0.5368771328124999 0.6 0.6149586546875 0.6041534656249999 0.6552566859375 0.6 0.6894849109375001 0.6 0.7548399609375
1 0.7591690234375 0.771875 0.759795840625 0.771875 0.765535421875 0.765676615625 0.7745280203125 0.72578125 0.77570811875 0.6853395796875 0.76207878125 0.607530303125 0.770289421875 0.5046978953125001 0.7631435078125 0.4890625 0.7516890296875001 0.4890625 0.74375 0.4969154484375 0.74375 0.52959680625 0.7483107734375001 0.5492747312499999 0.74375 0.61130214375 0.74375 0.6819433484375 0.7555178390625 0.745412715625 0.7559173968749999 0.7677988296875 0.7591690234375 0.771875
0 0.810444484375 1 0.83036301875 0.9611590968750001 0.8387628421875 0.928426696875 0.8383749875 0.8617600296875001 0.834371771875 0.8448202109375 0.8110622875000001 0.798069728125 0.7877303984374999 0.7746072515625 0.7461322609375001 0.7746072515625 0.7282255453124999 0.788112246875 0.7093556125 0.8333015828124999 0.7002553421875 0.879868240625 0.7004815921875001 0.9187571296874999 0.719619446875 0.9867349234375 0.728695778125 1 0.810444484375 1