1 0.49919614218749997 0.47234352187499995 0.4750803859375 0.37045123750000003 0.4750803859375 0.31659388593750004 0.48151125468749995 0.25691411875000003 0.48151125468749995 0.217612809375 0.4738745984375 0.1921397375 0.45538585156250005 0.18195050937499999 0.44091639843749997 0.195050946875 0.43488745937499995 0.217612809375 0.43569131875 0.26564774375 0.44212218593749997 0.33260553125 0.44131832812500005 0.3733624453125 0.414790996875 0.49854439531250005 0.414790996875 0.5538573515625 0.417202571875 0.5887918484375 0.43729903593749997 0.690684134375 0.44493569062500005 0.69868995625 0.470257234375 0.6979621546875 0.4786977484375 0.6972343515625 0.4831189703125 0.690684134375 0.4903536984375 0.65429403125 0.5008038578125 0.5873362453125 0.503215434375 0.52474526875 0.49919614218749997 0.47234352187499995
1 0.33199356875 0.405385734375 0.3311897109375 0.35589519687500004 0.3368167203125 0.309315865625 0.337620578125 0.2627365359375 0.3291800640625 0.23871906874999999 0.316318328125 0.23144104843750002 0.305064309375 0.23726346406249998 0.2958199359375 0.2641921390625 0.2958199359375 0.3005822421875 0.3014469453125 0.35589519687500004 0.3006430875 0.393740903125 0.2950160765625 0.42867540000000004 0.279742765625 0.48544395937499996 0.2757234734375 0.5203784578125 0.2757234734375 0.5698689953125 0.279742765625 0.610625909375 0.2950160765625 0.6848617171875 0.298633440625 0.68995633125 0.323954984375 0.690684134375 0.33319935625 0.6870451234375 0.3400321546875 0.6630276562499999 0.3520900328125 0.594614265625 0.3545016078125 0.53347889375 0.3512861734375 0.4883551671875 0.33199356875 0.405385734375
1 0.2226688109375 0.44032023281250005 0.21864951718749998 0.40684133906250003 0.2250803859375 0.32387190625 0.22427652656250002 0.2918486171875 0.2158360125 0.273653565625 0.2029742765625 0.2692867546875 0.194935690625 0.273653565625 0.1872990359375 0.29621542968750003 0.1921221859375 0.40829694375000003 0.188906753125 0.43595342031250006 0.1720257234375 0.49854439531250005 0.1688102890625 0.527656478125 0.1688102890625 0.577147015625 0.18569131875 0.673216884375 0.1909163984375 0.6812227078124999 0.2098070734375 0.681950509375 0.22065916406250002 0.679767103125 0.22588424375 0.661572053125 0.23874598125 0.59170305625 0.2403536984375 0.5320232890625001 0.23794212187500002 0.5043668125 0.2226688109375 0.44032023281250005
1 0.131832796875 0.32241630312499997 0.1258038578125 0.30567685624999996 0.1145498390625 0.2983988359375 0.10409967812500001 0.3042212515625 0.09726688125 0.3253275109375 0.10048231562500001 0.44032023281250005 0.0844051453125 0.5043668125 0.0803858515625 0.5553129546875 0.082797428125 0.6004366812499999 0.0948553046875 0.6659388640625 0.10168810312500001 0.6739446874999999 0.12138263593750001 0.673216884375 0.1286173640625 0.6659388640625 0.1414791 0.6033478890625 0.144694534375 0.5320232890625001 0.1390675234375 0.49126637500000003 0.1262057875 0.44032023281250005 0.131832796875 0.32241630312499997
1 0.2893890671875 0.44468704531250003 0.29421221875 0.33260553125 0.2881832796875 0.3144104796875 0.274517684375 0.307132459375 0.26125401875 0.326783115625 0.264469453125 0.437409025 0.246784565625 0.523289665625 0.24598070781249998 0.585880640625 0.2604501609375 0.6644832609375 0.265675240625 0.671033478125 0.2861736328125 0.6703056765625 0.288585209375 0.6688500734375 0.288585209375 0.657205240625 0.2757234734375 0.5786026203125 0.2749196140625 0.523289665625 0.2773311890625 0.49708879218749996 0.2893890671875 0.44468704531250003
1 0.394694534375 0.40684133906250003 0.40032154374999995 0.3355167390625 0.399517684375 0.3005822421875 0.3918810296875 0.2838427953125 0.377411575 0.2794759828125 0.3689710609375 0.288937409375 0.364147909375 0.304949053125 0.3689710609375 0.4170305671875 0.3545016078125 0.49126637500000003 0.352893890625 0.60917030625 0.364147909375 0.67176128125 0.36856913125 0.6783115 0.390675240625 0.6790393015625 0.3987138265625 0.6746724890625 0.40996784531249997 0.6222707421875 0.41398713750000005 0.52911208125 0.412379421875 0.5029112078125 0.397106109375 0.43595342031250006 0.394694534375 0.40684133906250003
1 0.4308681671875 0.661572053125 0.415996784375 0.57350800625 0.4107717046875 0.62518195 0.41800643125 0.6630276562499999 0.4276527328125 0.66739446875 0.4308681671875 0.661572053125
1 0.4155948546875 0.338427946875 0.41961414843749995 0.4490538578125 0.41157556250000005 0.4956331875 0.4163987140625 0.5014556046875 0.42282958125 0.4490538578125 0.43971061093749997 0.376273653125 0.44131832812500005 0.326783115625 0.43689710625 0.3144104796875 0.422427653125 0.3187772921875 0.4155948546875 0.338427946875
1 0.5880225078125 0.3231441046875 0.5767684890625 0.3187772921875 0.567524115625 0.32823871875 0.565112540625 0.34716157187499996 0.568327975 0.4490538578125 0.5836012859374999 0.5305676859374999 0.58199356875 0.5931586609374999 0.5715434078125 0.657205240625 0.5759646296875001 0.6622998546875001 0.5924437296875 0.661572053125 0.59967845625 0.648471615625 0.6077170421875 0.6033478890625 0.6109324765624999 0.5320232890625001 0.5924437296875 0.4461426484375 0.5948553046875 0.3398835515625 0.5880225078125 0.3231441046875
1 0.5627009640625 0.4301310046875 0.5659163984375 0.3107714703125 0.5582797421875 0.291120815625 0.54541800625 0.286754003125 0.537379421875 0.29257641875 0.5305466234375 0.312227075 0.5369774921875 0.39665211093749997 0.534565915625 0.45196506562499994 0.5450160765625001 0.49708879218749996 0.547427653125 0.52474526875 0.5458199359375 0.5873362453125 0.534565915625 0.6659388640625 0.5381832796875 0.671033478125 0.5578778140625 0.67176128125 0.563906753125 0.671033478125 0.569935690625 0.661572053125 0.5811897109374999 0.590247453125 0.582797428125 0.5378457062499999 0.5779742765625 0.49417758437500003 0.5627009640625 0.4301310046875
1 0.523311896875 0.40247452656249993 0.5273311890625 0.2685589515625 0.519694534375 0.248908296875 0.5060289390625 0.24163027656249997 0.49557877812499995 0.248908296875 0.4871382640625 0.275836971875 0.49356913125 0.3631732171875 0.49356913125 0.405385734375 0.4903536984375 0.4301310046875 0.5040192921875 0.510189228125 0.502411575 0.5786026203125 0.48874598125 0.673216884375 0.49477492031250003 0.684133915625 0.5104501609375001 0.6848617171875 0.5261254015625 0.684133915625 0.5313504828125 0.673216884375 0.5450160765625001 0.5887918484375 0.54662379375 0.5203784578125 0.540996784375 0.481077146875 0.523311896875 0.40247452656249993