1 0.164712478125 0.609375 0.1671875 0.59665716875 0.1671875 0.566647378125 0.1506712953125 0.5354402875 0.15753393437500002 0.484864784375 0.147416490625 0.473121871875 0.130076609375 0.47076410312499994 0.11655848124999998 0.48518613593750004 0.12253227656250001 0.5327054046875 0.1020980296875 0.5652845078125 0.10091843593750001 0.5932792609375 0.107727790625 0.609375 0.164712478125 0.609375
1 0.3587147578125 0.609375 0.3595275703125 0.595419559375 0.348101325 0.5700857421875 0.3625 0.5181753140625001 0.3625 0.5087720265625 0.3519622578125 0.49548169687500004 0.3357763875 0.49548169687500004 0.3216444546875 0.5074647296875 0.31641918593749996 0.5602599703125 0.2979263328125 0.5839056171875 0.2979263328125 0.5933307828125 0.3205346140625 0.609375 0.3587147578125 0.609375
1 0.38125 0.4496364875 0.38125 0.43860597031250004 0.3662838046875 0.42751653593750005 0.346158615625 0.4359706015625 0.3478027890625 0.47632147812500003 0.33987833749999996 0.4933621546875 0.3664396359375 0.5106611734375 0.35771358593749997 0.560909390625 0.36598691250000004 0.5796875 0.368787078125 0.5796875 0.38125 0.5577264859375 0.38125 0.5052757765625 0.374221115625 0.4901117265625 0.38125 0.4496364875
1 0.2075541734375 0.5250347515625 0.2078125 0.5219906265625001 0.2078125 0.483274315625 0.196228559375 0.45478391875 0.2057662125 0.41623768906249997 0.1833534453125 0.40470224374999997 0.16896748125 0.419532846875 0.1723887921875 0.4581544703125 0.1544160015625 0.48787850781250003 0.151388146875 0.5058744109375 0.151388146875 0.5242949125 0.1594254671875 0.5510741 0.1656326 0.55625 0.1853899140625 0.55625 0.2075541734375 0.5250347515625
1 0 0.5208121046875 0.0018129593749999999 0.5265625 0.026702715625 0.5265625 0.0469002671875 0.5016640531250001 0.0484375 0.4908874296875 0.0484375 0.4652339671875 0.034528796875000003 0.4309858578125 0.043584526562499996 0.39433228593749997 0.034540037499999995 0.3844003640625 0.021581074999999998 0.38402329687500003 0.0111871203125 0.3933896171875 0.012439809375 0.43737495624999995 0 0.45721306406249995 0 0.5208121046875
1 0.079251296875 0.609375 0.08791959375 0.5690399796875 0.0696568671875 0.5529742468750001 0.0664323359375 0.5529742468750001 0.042971948437500004 0.5649290031249999 0.0438072265625 0.609375 0.079251296875 0.609375
1 0.7621727890625 0 0.7622115468749999 0.0064436234375 0.74072030625 0.093719128125 0.736790615625 0.1509546703125 0.7374241875 0.1857132796875 0.74688893125 0.24510801718750003 0.759140859375 0.2578125 0.7770890125000001 0.2578125 0.7813543453125 0.2553307234375 0.78818199375 0.24040171093749998 0.796875 0.2057836359375 0.796875 0.0770100359375 0.790121225 0.019058954687499997 0.7899404875 0 0.7621727890625 0
1 0.8594814781250001 0 0.840340065625 0.043828646875 0.840340065625 0.2153093109375 0.8432907671875001 0.215625 0.8482062875 0.215625 0.85458611875 0.21072232343750003 0.8678080937499999 0.18278059375 0.8765875140624999 0.1572477984375 0.8880905968749999 0.10387802500000001 0.890518609375 0.0691558046875 0.8864938109375 0.0155811328125 0.8875833500000001 0 0.8594814781250001 0
1 0.585118715625 0 0.5773593875 0.0265901 0.572612921875 0.0694274015625 0.606912553125 0.0796419390625 0.625 0.0952881453125 0.625 0.002878896875 0.624434853125 0 0.585118715625 0
1 0.6907654812499999 0 0.6907654812499999 0.08272683593749999 0.693121775 0.0930676734375 0.6965404984375001 0.1412051875 0.7004099874999999 0.15 0.700794921875 0.15 0.7131107 0.0970840375 0.735124128125 0.026278003124999998 0.7337395703125 0 0.6907654812499999 0
0 0.56875 0.3328125 0.584457415625 0.3328125 0.5967667703124999 0.327343946875 0.619759746875 0.296223484375 0.6390625 0.2329408265625 0.6390625 0.17989978906249998 0.6326906890624999 0.14350025 0.6146330109375 0.09686111562500001 0.5947084312500001 0.0800762734375 0.56875 0.07690702656250001 0.56875 0.3328125
1 0.3484375 0.9234375 0.3484375 0.8473519578125 0.34056022812500003 0.8177563296875 0.34101431249999997 0.7328521703125 0.33450411875 0.717152853125 0.3231513515625 0.7151766734375 0.32178879375 0.7151766734375 0.31361396875 0.7327368375 0.3209157921875 0.8158882343750001 0.309456565625 0.88043209375 0.3093654796875 0.91661598125 0.3117431109375 0.9234375 0.3484375 0.9234375
2 0.4749829265625 1 0.476214578125 0.9968096734374999 0.4796875 0.9237075406249999 0.4796875 0.9221366796874999 0 0.9221366796874999 0 1 0.0785904734375 1 0.1378740546875 0.9955077593749999 0.3993985625 0.9784536750000001 0.4078487734375 0.9854117703125 0.4101109703125 1 0.4749829265625 1
1 0.56875 0.609375 0.56875 0.9303347609374999 0.5888134671875 0.934375 0.5971699375 0.934375 0.616901565625 0.92129728125 0.63125 0.883561546875 0.63125 0.76702496875 0.5946944671875001 0.7041405125 0.5973600593749999 0.609375 0.56875 0.609375
1 0.6763914765625 0.609375 0.6785896859375 0.6723235 0.7003274890625 0.684375 0.7121083875 0.684375 0.7875 0.6490696687499999 0.7875 0.609375 0.6763914765625 0.609375
0 0.8660416671875 0.656840278125 0.8215972218750001 0.6435069437500001 0.781597221875 0.6435069437500001 0.7460416671875001 0.656840278125 0.7038194437499999 0.6946180562500001 0.6860416671875 0.73461805625 0.6860416671875 0.7923958328125 0.7082638890624999 0.841284721875 0.7282638890625 0.8612847218749999 0.7682638890625 0.8835069437499999 0.81493055625 0.8857291671875 0.8527083328125 0.8790625000000001 0.899375 0.8457291671875 0.9260416671874999 0.7923958328125 0.9260416671874999 0.7301736109375 0.9127083328125 0.6990624999999999 0.8660416671875 0.656840278125