1 0.0859375 0.287823228125 0.06591418437499999 0.2493124109375 0.0654995953125 0.20032801249999999 0.04249960625 0.1927343765625 0.031034301562499998 0.19986786875 0.0382961484375 0.2562850359375 0.024556509375 0.2816319703125 0.0239597203125 0.3113181234375 0.045420921875 0.3511602875 0.046744485937500004 0.3515625 0.07324273125 0.3515625 0.0859375 0.338233128125 0.0859375 0.287823228125
1 0.2609375 0.31708005781250004 0.2609375 0.31664288749999997 0.24337194687500002 0.2795644640625 0.2543809 0.22808315 0.24626910624999998 0.21861548281249998 0.2263251453125 0.21861548281249998 0.21326247031249998 0.232707103125 0.215375903125 0.279773465625 0.193782240625 0.31227349375 0.193782240625 0.3569035546875 0.2035955171875 0.384375 0.23205399999999998 0.384375 0.2480073765625 0.36492525468750003 0.2609375 0.31708005781250004
1 0.4625 0.3437153109375 0.45430196875 0.327679371875 0.4625 0.2849067046875 0.4625 0.267177390625 0.44833595937500004 0.249401584375 0.4375368234375 0.24870954531249997 0.42179760312500003 0.260829378125 0.4214757109375 0.31332255 0.400857671875 0.3400086453125 0.431891690625 0.364753375 0.41842704218750004 0.41115294062499996 0.421050021875 0.4265625 0.4381883390625 0.4265625 0.45514410468750005 0.4135058765625 0.4625 0.3984277265625 0.4625 0.3437153109375
1 0.4796875 0.1953618125 0.4796875 0.184291946875 0.46472130468749995 0.174473215625 0.444596115625 0.1847193625 0.4462402890625 0.22507024062499997 0.43831583749999997 0.24286547500000003 0.4648771359375 0.257900815625 0.4561510859375 0.30909223125 0.46484079375 0.328125 0.4666011015625 0.328125 0.4796875 0.3038374015625 0.4796875 0.2511995828125 0.472658615625 0.23659680624999999 0.4796875 0.1953618125
1 0.2962019453125 0.302748559375 0.309375 0.2805199140625 0.309375 0.22092225937499999 0.2989147359375 0.2002889515625 0.3053060546875 0.1609872390625 0.288732909375 0.1542050765625 0.27969173281250004 0.1542050765625 0.2687933546875 0.1674931984375 0.2753610015625 0.20573708124999998 0.259819465625 0.2369720828125 0.25723689375 0.2671492546875 0.269977475 0.29960106249999996 0.275028659375 0.303125 0.29330115156250003 0.303125 0.2962019453125 0.302748559375
1 0.152344178125 0.25414095312499996 0.1546875 0.22637970312500003 0.1546875 0.22408453125 0.1358821265625 0.1829591515625 0.1427903046875 0.14649443125 0.133183359375 0.1362792296875 0.120224396875 0.13552445625 0.11039289687500001 0.1446074984375 0.114202196875 0.188718740625 0.096875 0.21873885781250002 0.096875 0.245492371875 0.1088414234375 0.27794083125 0.11674070156250001 0.2796875 0.1327189234375 0.2796875 0.152344178125 0.25414095312499996
1 0.1984375 0.4793342015625 0.1984375 0.40372606875 0.1825994640625 0.377931153125 0.1883885265625 0.323494925 0.1669047625 0.30519324375 0.14266438125 0.3167412578125 0.14992622656250001 0.372856478125 0.1245148328125 0.42389702187499995 0.1283296421875 0.455463403125 0.14753907187499998 0.492204984375 0.16943711875 0.5015625 0.17552214375 0.5015625 0.18462391250000001 0.499008915625 0.1984375 0.4793342015625
1 0.4265625 0.44451382031250003 0.41549618437499997 0.424367275 0.4265625 0.368577584375 0.4265625 0.3592319984375 0.417786121875 0.34802007343749997 0.402452875 0.3428448734375 0.38322888593750004 0.34822112031249997 0.3760626625 0.357914221875 0.37842169375 0.41580895937499995 0.34593754374999997 0.46688720000000006 0.34974154375 0.5072255125 0.3639872515625 0.538729065625 0.3704191859375 0.54375 0.3993627203125 0.54375 0.4265625 0.50677438125 0.4265625 0.44451382031250003
0 0.09375 0.130002796875 0.0807795953125 0.1169439328125 0.0486672984375 0.11419741875 0.043723575 0.11419741875 0.016605209375 0.133812796875 0.0122948375 0.157994065625 0.0122948375 0.164964359375 0.0327875765625 0.1859375 0.042911396875 0.1859375 0.0665418640625 0.1851796671875 0.09325622812499999 0.16086310312500002 0.09375 0.156429309375 0.09375 0.130002796875
1 0.9812775796875 0.3907495140625 0.9850545437499999 0.3688461578125 0.9848848562500001 0.33967949062499997 0.9783278046875001 0.28639153125 0.9890625 0.20997915156250002 0.9890625 0.1795339125 0.9878295484375 0.174720578125 0.9819338109375 0.16799228125000001 0.9710124718750001 0.16987723906250002 0.9644647703124999 0.1853073921875 0.9594889203125 0.269583203125 0.94025664375 0.31937776875 0.931937621875 0.365898490625 0.933774853125 0.41324825781249996 0.9414202765624999 0.425 0.9633626124999999 0.425 0.9673039609374999 0.40487938124999995 0.9812775796875 0.3907495140625
1 0.5108233453125 1 0.5108568328125 0.9971566359375 0.50250295 0.9034633515625 0.5145262109375001 0.8225392734374999 0.51875 0.8059877375 0.51875 0.7791750875 0.5169979765625 0.7776235890625001 0.483806971875 0.776996578125 0.47434563125 0.895611971875 0.44585955781250003 0.9654745984375002 0.43827267187499996 1 0.5108233453125 1
1 0.8101386999999999 0.559375 0.8102176546875001 0.5729461687499999 0.7960006265625 0.6347187046875 0.794648215625 0.67070226875 0.7990572921875 0.7127090578125 0.807638421875 0.7559818953125 0.81175838125 0.759375 0.8343585109375 0.759375 0.8433550593750001 0.7209524843749999 0.8453125 0.7052171015625 0.8453125 0.6238055828125 0.8341705984375001 0.57397594375 0.8345559796875 0.559375 0.8101386999999999 0.559375
1 0.872760953125 0.559375 0.870017909375 0.591584246875 0.860138296875 0.640783209375 0.8615714437499999 0.687938678125 0.865437278125 0.712179634375 0.87785645 0.7609619375 0.8818358156249999 0.7640625 0.9046875 0.7640625 0.9046875 0.6076928203125 0.897609125 0.58320139375 0.8939032609374999 0.559375 0.872760953125 0.559375
1 0.9189462671874999 0.559375 0.918791290625 0.575767490625 0.9063345437500001 0.6211288984375 0.9063345437500001 0.767905290625 0.90762733125 0.7703125 0.9279027140625 0.7703125 0.933454375 0.7680918515625 0.9389844890625 0.7552458609375 0.9512489109375 0.692553259375 0.953125 0.6623584546875 0.953125 0.6566403859375 0.9504029218750001 0.621548325 0.940709415625 0.573311915625 0.941904015625 0.559375 0.9189462671874999 0.559375
1 0.9567102999999999 0.757282853125 0.958395484375 0.759375 0.9703125 0.759375 0.9703125 0.71779960625 0.9662320781249999 0.68768014375 0.9627658265625 0.68514838125 0.9626150906250001 0.7031538734375 0.9567102999999999 0.757282853125
1 0.9507694843750001 0.559375 0.950752603125 0.56312141875 0.9531828609375002 0.5843722515625001 0.966527625 0.6303351453125 0.9714939578124999 0.6626364687499999 0.9734375 0.6635482421875001 0.9734375 0.5697655484374999 0.97224923125 0.559375 0.9507694843750001 0.559375
1 1 0.559375 0.987051484375 0.559375 0.988169753125 0.5785749265625 0.9778822859374999 0.6445376515625 0.9795370703125 0.6909189796875 0.9897593624999999 0.7496255390625001 0.9968367546875001 0.7723060187499999 1 0.7748552140625 1 0.725980103125 0.9949293390625 0.703617440625 0.9940295609375 0.6701990765625 0.996129909375 0.6523513921874999 1 0.6408215890625 1 0.559375