0 0.0668487640625 0.3890625 0.0564678609375 0.37322392187500003 0.05451111875 0.35416564687499996 0.059958096875 0.306394665625 0.049174918750000005 0.29404705937500003 0.040949496875000005 0.2933078203125 0.030249789062499997 0.2933078203125 0.01760255625 0.3011167140625 0.01446139375 0.30794596875 0.023370978125 0.375791534375 0.01673320625 0.3890625 0.0668487640625 0.3890625
0 0.14821870312500002 0.3890625 0.14843058125 0.3769240328125 0.1546875 0.35498056093749997 0.1546875 0.34268787343749996 0.15437214375 0.3328777140625 0.1483273921875 0.3235666296875 0.13449032968750002 0.3161583578125 0.11270095 0.3198195640625 0.10163170937499999 0.33165016718749996 0.1012389703125 0.3541501671875 0.10891559843750001 0.3885093890625 0.10890594375 0.3890625 0.14821870312500002 0.3890625
0 0.2570490671875 0.3890625 0.247242021875 0.3667134265625 0.25445318125 0.30616899218750004 0.2433984875 0.29453981093750004 0.22578925 0.2922592328125 0.213000859375 0.2997244921875 0.2089952671875 0.3070800421875 0.2147768265625 0.34226060468749997 0.21429544374999998 0.373891159375 0.206832953125 0.3890625 0.2570490671875 0.3890625
0 0.4111157515625 0.3890625 0.412443359375 0.3828851359375 0.4258087265625 0.3492482875 0.4265625 0.3363065390625 0.4265625 0.3339990234375 0.42298270000000004 0.3265556265625 0.4064777828125 0.316177565625 0.3866837796875 0.3177624265625 0.37088810156249996 0.3308140296875 0.3674608375 0.3540510359375 0.3692743390625 0.3890625 0.4111157515625 0.3890625
0 0.4796875 0.300319825 0.4777692828125 0.296275284375 0.4673214109375 0.29028955624999997 0.4486439921875 0.2901473578125 0.4348649421875 0.3007199046875 0.43075222343749997 0.31389064843750003 0.43189706875 0.33988657031249997 0.4276186984375 0.3689448453125 0.41448905937499997 0.3857703859375 0.41448905937499997 0.3890625 0.4691711703125 0.3890625 0.463497384375 0.37500838124999997 0.46482345468749997 0.35750838125 0.4796875 0.3249814640625 0.4796875 0.300319825
1 0 0.52364700625 0.00058656875 0.5371964968749999 0.0195955234375 0.6021469671874999 0.0254711578125 0.60625 0.044172224999999996 0.60625 0.0484375 0.6008636078125 0.0484375 0.4504778890625 0.0477572234375 0.4470529265625 0.0320999125 0.40567719999999996 0.024204440625 0.399599946875 0.009360690625 0.3999454375 0 0.45104196406249997 0 0.52364700625
1 0.5795028625 0.3890625 0.5705666796875 0.438628559375 0.572612346875 0.465625 0.58045686875 0.465625 0.596211003125 0.4351530484375 0.6109375 0.42242253124999996 0.6109375 0.3890625 0.5795028625 0.3890625
1 0.6586466984375 0.3890625 0.6530402750000001 0.415687859375 0.6763909359375 0.4358028015625 0.697631703125 0.48465337656249996 0.704559778125 0.5593660203125 0.6957419046875 0.5875 0.7046875 0.5875 0.7046875 0.41049116406249997 0.697260846875 0.3890625 0.6586466984375 0.3890625
1 0.7277339203125 0.3890625 0.7179038265625 0.415061740625 0.7153244140625 0.426625346875 0.7153244140625 0.5968078968749999 0.7210056218750001 0.606534578125 0.7373202296875 0.609375 0.74208720625 0.609375 0.761493146875 0.5777974421875001 0.7734375 0.5253153296875 0.7734375 0.44441784531249995 0.76733975625 0.3890625 0.7277339203125 0.3890625
1 0.9174357093750001 0.3890625 0.898113159375 0.45839444374999994 0.898113159375 0.529898759375 0.9104191531249999 0.5980592390625 0.9178354046875 0.609375 0.9382259921875 0.609375 0.9423648015625 0.6088824703125 0.9552467374999999 0.5957099250000001 0.9602275562500001 0.548071721875 0.9609375 0.5356414203125001 0.9609375 0.46163507812500004 0.9607457578125 0.4590003328125 0.9484425421874999 0.3890625 0.9174357093750001 0.3890625
1 0.8193944343750001 0.3890625 0.80113965 0.4551428546875 0.8011036125000001 0.455607475 0.8011036125000001 0.5404150296875 0.812224209375 0.61063630625 0.8150903203125001 0.615625 0.847149553125 0.615625 0.8556629671875001 0.5911460359375 0.865625 0.546844684375 0.865625 0.47330245 0.8532951875 0.40980306093749996 0.8529783906249999 0.3890625 0.8193944343750001 0.3890625
1 0.861534759375 0.3890625 0.8614666 0.396941078125 0.8791313734375 0.45894907343749997 0.8790405874999999 0.5065240234375 0.8750440578124999 0.5875 0.876005715625 0.5875 0.8813272421875 0.5785701859375 0.8875 0.5322430796875001 0.8875 0.4447978609375 0.8732699109375 0.3890625 0.861534759375 0.3890625
0 0.6253748546875 0.6421875 0.642523759375 0.6305098859375 0.67434459375 0.588771590625 0.67123105 0.5828638578125 0.67946653125 0.5601965640625 0.6796875 0.556402678125 0.6796875 0.51442454375 0.6713638703125 0.461852990625 0.657352925 0.43526819375 0.6442292843749999 0.423131515625 0.6100812578125 0.41577833125 0.5739248390625 0.4429079015625 0.5679155953125 0.4570348078125 0.5531182953125 0.4736337640625 0.552551753125 0.4751931171875 0.552551753125 0.5930996000000001 0.5735582421875 0.6272977671875 0.5949225 0.6421875 0.6253748546875 0.6421875