0 0.1279109734375 0.0949714515625 0.11861726406249999 0.1070716875 0.11554173593749999 0.13045921875 0.12143565625 0.1807505890625 0.11993145624999998 0.2214755296875 0.1118311109375 0.2434673734375 0.080095396875 0.29244440625 0.080095396875 0.44494539062499994 0.083335953125 0.45150933593750003 0.082839025 0.468955140625 0.1017286109375 0.4824816453125 0.11564620156250001 0.4828125 0.1301350515625 0.4828125 0.14634185 0.47848454062499995 0.16224801875 0.46728202812499997 0.20427501406249998 0.3987184921875 0.21951448281250002 0.3539556671875 0.2203125 0.344834296875 0.2203125 0.32729156718749997 0.21679584843750002 0.302668375 0.1862152890625 0.2403985765625 0.18382855781250002 0.22061536093749998 0.19175623749999998 0.17706524375 0.20699570781249998 0.1323024171875 0.2102899578125 0.10641488750000001 0.2051788078125 0.09424006562500001 0.1952318234375 0.08439245937499999 0.18277928906250002 0.0813855484375 0.1517372359375 0.0813855484375 0.14595830468749998 0.0828272140625 0.1279109734375 0.0949714515625
0 0.2890625 0.0245661125 0.2851890984375 0.0256690390625 0.27037676875 0.040779435937500004 0.27104906562500003 0.1270348421875 0.26509231718750004 0.1416127671875 0.2314635296875 0.18831119062499999 0.2314635296875 0.2771511640625 0.2495851796875 0.318606278125 0.2579174375 0.3234375 0.2890625 0.3234375 0.2890625 0.0245661125
0 0 0.328125 0.005527865625 0.328125 0.025363360937500003 0.3229463671875 0.033119303125 0.31489431875 0.031051053125 0.3032637546875 0.053125 0.2470890578125 0.053125 0.20311097500000003 0.048631196875 0.186290225 0.013470906250000001 0.1310706171875 0.0114026546875 0.10860671875000001 0.0165732859375 0.038516465625 0.012436781249999999 0.030255334374999998 0.0005443296874999999 0.020879584375 0 0.0207846484375 0 0.328125
0 0.0220846015625 0 0.028860675000000002 0.04232089375 0.019980253125 0.060925035937500004 0.0161479484375 0.11857548749999999 0.020711167187499997 0.136788459375 0.031459746875 0.1539875609375 0.044534076562500004 0.1671875 0.05561318125 0.1671875 0.0725307828125 0.162382340625 0.0770000890625 0.1543302671875 0.084375 0.134180609375 0.084375 0.0780696609375 0.0801535296875 0.0675131484375 0.061933315625 0.04052468125 0.059418954687500004 0.02141819375 0.0612461390625 0 0.0220846015625 0
0 0.1050294296875 0 0.10491618124999999 0.0194656203125 0.112990415625 0.0534878828125 0.1128352734375 0.08015455 0.09299779687500001 0.1129975140625 0.0845551015625 0.142308584375 0.0864682125 0.16893914999999998 0.1007375046875 0.20451977187499998 0.11097695468749999 0.22183926406249999 0.12132471250000001 0.225 0.126701828125 0.225 0.1296833421875 0.20568101875 0.11780712812500001 0.1142309625 0.1292988734375 0.0940324046875 0.15212721875 0.0803019546875 0.1523599328125 0.040301953125 0.1578125 0.020143137499999998 0.1578125 0 0.1050294296875 0
0 0.21737679375000002 0 0.2184241359375 0.0058872390625 0.2183114140625 0.03759604375 0.195908621875 0.0860652046875 0.2118327234375 0.0995998109375 0.21840119218749998 0.1118469859375 0.2166809234375 0.1594733984375 0.2209766234375 0.1609375 0.2553983421875 0.1609375 0.2600899734375 0.15687029218749998 0.2588376203125 0.1494124296875 0.26875 0.129268415625 0.26875 0.06573031093750001 0.25116097656249997 0.0279143140625 0.25412850625 0 0.21737679375000002 0
1 0.7241381125 0.5890625 0.71879441875 0.5575967453125 0.7219985640625 0.5075967453125 0.7265625 0.4806631671875 0.7265625 0.44357838593750004 0.7166913921875 0.4244223171875 0.70651206875 0.42132531718750005 0.6979413921875001 0.42551438125 0.689291590625 0.44308386874999994 0.688091634375 0.5427805171875 0.6845248984375 0.56605000625 0.6841199437500001 0.5672418671874999 0.6841199437500001 0.5890625 0.7241381125 0.5890625
1 0.623670275 0.5890625 0.623510821875 0.575592446875 0.619170228125 0.5481695140625 0.6296875 0.46920516875 0.6296875 0.43575089062499994 0.62775684375 0.42928357031250003 0.62378759375 0.426618121875 0.6090963374999999 0.426618121875 0.602675834375 0.43151968749999997 0.5952686093749999 0.44803729531250003 0.5929656 0.468434959375 0.5937761531250001 0.500651296875 0.5894017203125 0.550651296875 0.5843561890625001 0.5665198359375 0.5843561890625001 0.5890625 0.623670275 0.5890625
1 0.6761448453125001 0.5890625 0.6716434578125 0.5607688109375 0.672093140625 0.542207775 0.68125 0.4619679546875 0.68125 0.45577665156249997 0.675729365625 0.43789230625000003 0.6603469953125 0.431987215625 0.65011148125 0.4376609109375 0.643842059375 0.4524922765625 0.641483653125 0.557376996875 0.636158575 0.5749997812500001 0.636158575 0.5890625 0.6761448453125001 0.5890625
1 0.584375 0.5890625 0.584375 0.57436458125 0.5772135390625 0.5434565921875001 0.5782552078125001 0.4925124828125 0.5813802078125001 0.45634682499999996 0.5803385390625 0.43784648906249996 0.5743489578125001 0.4254510390625 0.5613281234375 0.4210486875 0.5498697890625 0.42680425 0.5449218734375 0.439390615625 0.5470052078125001 0.54398388125 0.5376212171875 0.5890625 0.584375 0.5890625
1 0.7731504390625 0.5890625 0.765633 0.550831275 0.7678755359375 0.5026831265625 0.7713422171875 0.4842858984375 0.773501828125 0.4491249703125 0.7677892359375 0.4316921140625 0.7534215296875 0.42638325468750005 0.7420958984375 0.434207165625 0.7368709921875001 0.4511306015625 0.7362636796875 0.46416980781249995 0.7362636796875 0.4731769296875 0.7382311609375 0.50037448125 0.736857790625 0.55227485 0.7362636796875 0.5544395671875 0.7362636796875 0.5890625 0.7731504390625 0.5890625
1 0.8328125 0.5890625 0.8328125 0.5876967578125 0.82698408125 0.5509621874999999 0.8264920078125 0.5074285140625 0.8294051031249999 0.4758409484375 0.8288447734375 0.45176687656250003 0.8259819921875 0.44073153906250007 0.819766121875 0.43118359687499996 0.8056389703125 0.4288149953125 0.7964363796875 0.4364951875 0.7918656078125 0.45284286093750004 0.798428059375 0.5332620234375 0.79848910625 0.5582771765625 0.7927120296875 0.5890625 0.8328125 0.5890625
1 0.8744344984375001 0.5890625 0.8657327468750001 0.5444554453125 0.8642941453125002 0.523186421875 0.864976584375 0.49539955156250004 0.8682470265625 0.4703450046875 0.868430184375 0.4388635234375 0.861498590625 0.42185662500000004 0.85630641875 0.4191697578125 0.8437956421875 0.42123979843750003 0.8367078328125 0.43108475312500005 0.8345706296875001 0.44038037656249995 0.834430571875 0.46445445 0.8378932515624999 0.49587229375 0.8381609015624999 0.5393817203125 0.83026710625 0.5794679953124999 0.83026710625 0.5816499187499999 0.8310969390625 0.5890625 0.8744344984375001 0.5890625
1 0.9340020953125 0.5890625 0.9216941875 0.5441246546875 0.9202573390625 0.5126643953125 0.9223046703125 0.475500025 0.9202392187499999 0.4403572859375 0.9179134109374999 0.43210884062500005 0.9116948234375 0.424482525 0.8971114874999999 0.4250767515625 0.8893484015625 0.436053846875 0.8870405953125001 0.4463451421875 0.8877141359374999 0.4694932921875 0.892222103125 0.4989743640625 0.8949161531249998 0.537799584375 0.8920785718750001 0.5657259203125 0.8867312312500001 0.5890625 0.9340020953125 0.5890625
1 1 0.5890625 1 0.4184100296875 0.99598616875 0.4167580078125 0.98831924375 0.419717621875 0.9834505906250002 0.4263203296875 0.980247965625 0.43983717499999997 0.9823216203125 0.46945468281249997 0.99091380625 0.5239509625000001 0.9904188703125001 0.5443577015625001 0.9830756296875001 0.5890625 1 0.5890625
1 0.236841615625 1 0.2341771921875 0.98393371875 0.23253315156249998 0.9124227406250001 0.25542564218749997 0.700939209375 0.25370245625 0.67924621875 0.24280452656249998 0.6549742609375 0.23292091093749998 0.6473619421875 0.21031033125 0.6473619421875 0.19416676718749998 0.6609204234375 0.1791635296875 0.700710965625 0.17624357968749998 0.9406079249999999 0.168652321875 0.9861934390625 0.1646114625 1 0.236841615625 1
1 0.512253878125 1 0.515625 0.9662139406250001 0.515625 0.9415824390624999 0.5086848078124999 0.9281141625 0.5104648890625001 0.9003363859375 0.5078884718750001 0.8910985874999999 0.5075643015625 0.8910985874999999 0.5055598078125 0.9282961734375 0.4967682640625 0.944028978125 0.494960221875 1 0.512253878125 1