1 0.3315580265625 0.43464331093749997 0.3260021515625 0.40853055156250007 0.325338378125 0.35858509843749997 0.3232298578125 0.353125 0.309375 0.353125 0.309375 0.3803819109375 0.3122553828125 0.41245175625 0.309375 0.43053881250000003 0.309375 0.46849457968749997 0.30973104687499997 0.471875 0.315737709375 0.471875 0.3315580265625 0.47140936250000004 0.3315580265625 0.43464331093749997
1 0.096446928125 0.509375 0.096446928125 0.42537204375000004 0.0923786578125 0.4117398296875 0.090512659375 0.3562661203125 0.0874262328125 0.3513355640625 0.087277328125 0.3513355640625 0.0734375 0.35405358593749997 0.0734375 0.3628038890625 0.07909740781249999 0.41127603749999997 0.0734375 0.44208818125000005 0.0734375 0.4522526359375 0.0746688625 0.4762264328125 0.084561409375 0.509375 0.096446928125 0.509375
1 0.058823415625 0.509375 0.058823415625 0.4446862703125 0.05195661875 0.42077305000000004 0.049513935937499996 0.3582366828125 0.0439462890625 0.3507159890625 0.0353525390625 0.350916009375 0.0328125 0.358794109375 0.0328125 0.3644226953125 0.0378051140625 0.4197114703125 0.0328125 0.44858053125 0.0328125 0.487704703125 0.0328803171875 0.48937411875 0.0377989609375 0.509375 0.058823415625 0.509375
1 0 0.509375 0.010268184375 0.509375 0.01099328125 0.507368228125 0.0119125375 0.4719543921875 0.008393590624999999 0.4363311328125 0.004895415625 0.4181843515625 0.00801946875 0.39431945625 0.0089376640625 0.3767992375 0.00741526875 0.36563464843750004 0 0.36212160781249997 0 0.509375
2 0.5 0.509375 0.5 0.4817569640625 0.2720802265625 0.484253625 0.2646987515625 0.4879418015625 0.2628566671875 0.509375 0.5 0.509375
1 0.90761613125 0 0.8969517859374999 0.058217293749999996 0.8961190375000001 0.0724617421875 0.89286010625 0.094341759375 0.890625 0.1359493734375 0.890625 0.13823517968750001 0.89111645625 0.165057821875 0.8953253609375 0.21339246875 0.903214896875 0.26343662343749996 0.9101534484375 0.293720971875 0.9258858390625001 0.3499346765625 0.9269738406249999 0.3570831578125 0.9481140171875001 0.42518233906249997 0.9566109921875 0.42916961093749995 0.9611509593750001 0.4296875 0.9942666484375 0.4296875 0.9942666484375 0.0041463937499999996 0.9928520671874999 0 0.90761613125 0
1 0.7012960875 0 0.6927682765625 0.040809565625 0.6859375 0.0866837 0.6859375 0.1762593234375 0.6888511359375 0.20747866875 0.6952532734375 0.24433847968750003 0.7118963109375 0.3104464109375 0.729834884375 0.3716406484375 0.7342738921875 0.3843331359375 0.738369653125 0.390163653125 0.756761146875 0.39375 0.7710744390625 0.39375 0.78313748125 0.39343538749999996 0.78313748125 0.023644226562500002 0.77479593125 0 0.7012960875 0
1 0.54025305625 0 0.5271430765625 0.0824442859375 0.5250799484375 0.13117252968749998 0.5264694171875 0.156485959375 0.5313775671875 0.1937229109375 0.536851321875 0.2248491109375 0.5483054640625 0.2677410796875 0.5620438796875 0.311591121875 0.5632155015625 0.318695 0.5772766125000001 0.3609375 0.6094407125 0.3609375 0.6094407125 0.0161664859375 0.6043551296875 0.00294558125 0.603469346875 0 0.54025305625 0
1 0.8030238765625001 0 0.7921875 0.034494375 0.7921875 0.3578125 0.8324082484374999 0.3578125 0.8334543953125 0.3572278859375 0.8355361437500001 0.35195923906250004 0.83352221875 0.3443427859375 0.833213396875 0.33558028125 0.8288767234375 0.31158486406249997 0.8235319703125 0.258015 0.8228724046875 0.21308030156250002 0.8242764000000001 0.17959814062499999 0.8274991015625 0.147707715625 0.8324269109374999 0.114671240625 0.8356099203125 0.10690357187499999 0.8377771421875 0.0931350578125 0.8460048765625 0.064388309375 0.8494580968750001 0.047293065625000005 0.8604353953124999 0.013532350000000002 0.8637972359375 0 0.8030238765625001 0
1 0.234375 1 0.234375 0.98625975 0.2343122234375 0.9851159078125 0.2271373015625 0.9680618750000001 0.21911431406249998 0.96569353125 0.21172278906250003 0.971658521875 0.209375 0.9841437078125 0.209375 0.9858449437499999 0.21231947031249998 1 0.234375 1
1 0.31801178750000003 1 0.317963940625 0.9994893796875001 0.30872365625 0.9718616062500001 0.3074629125 0.9176949421875001 0.3000437421875 0.9011510062500001 0.2987129375 0.8775535281250001 0.29436757187499996 0.8755452 0.29460731875 0.90263535 0.2890625 0.9157313125 0.2890625 0.9206449046875 0.29488744375 0.9818292906250001 0.2915567796875 1 0.31801178750000003 1
1 0.403379509375 1 0.40091204375 0.9882866374999999 0.40093371875 0.923072634375 0.3961007671875 0.910189996875 0.3938478359375 0.883131428125 0.39380506406250004 0.883131428125 0.3898507671875 0.9096798140625001 0.38296496874999997 0.9216058578125 0.3859713265625 0.9787416203125 0.38125 0.9948395671875 0.38125 1 0.403379509375 1
1 0.3737610984375 1 0.3737610984375 0.931732653125 0.3659646875 0.910077184375 0.3649658578125 0.8822812250000001 0.3620089734375 0.87887264375 0.350814353125 0.8812196421875 0.3535536921875 0.9117570140625 0.35 0.93687359375 0.35 0.966720721875 0.35489868125 0.993792378125 0.35851386406249997 1 0.3737610984375 1
1 1 0.509375 0.974508059375 0.509375 0.9664966140625001 0.5670147859375 0.9668663953125 0.6191336484375001 0.9741620703125001 0.67378825625 0.9921797671875 0.7456332140624999 1 0.7664590390624999 1 0.509375
1 0.882765365625 0.509375 0.8744676625000001 0.5663012593750001 0.873821225 0.6195473203125 0.880808909375 0.6847615953125 0.898522190625 0.7590393125 0.9115159859374999 0.7921875 0.9329771890625 0.7921875 0.9329771890625 0.509375 0.882765365625 0.509375
1 0.8140625 0.7578125 0.8184717796874998 0.7578125 0.8140625 0.6882235624999999 0.8140625 0.7578125
1 0.605888078125 0.509375 0.5999587671875 0.5359525203125 0.596875 0.5633537453125 0.596875 0.6403764765625001 0.602515959375 0.68416869375 0.6174411265625 0.7505102921875 0.62586065 0.7585979421875 0.63293690625 0.759375 0.654417490625 0.759375 0.66323998125 0.7512886703125 0.6695274 0.719240275 0.663993003125 0.6729062 0.6643953703125 0.6359371875 0.669016121875 0.60375274375 0.6769598140624999 0.577320103125 0.6769598140624999 0.5576751875 0.6664755328125 0.509375 0.605888078125 0.509375
1 0.5 0.509375 0.5 0.64479640625 0.5195322 0.7283212421874999 0.526015334375 0.7425844703125 0.534190825 0.7453125 0.55301389375 0.7453125 0.55301389375 0.509375 0.5 0.509375
0 0.8206557203125 0.6041993734375 0.808495946875 0.5704241296875 0.7930845359375001 0.544818240625 0.7736119515625 0.5274671765625001 0.7387807203125 0.5178920437500001 0.7096351593750001 0.5319236328125 0.6892976203125001 0.553168671875 0.6744664265625 0.6017338359375 0.671875 0.6299527046875 0.671875 0.6754086734375 0.675183790625 0.7040918281249999 0.6925783375 0.7541324671874999 0.7211543109375 0.7898177875 0.745682990625 0.8 0.7734235078125 0.8 0.8002260390625 0.78649368125 0.8206557203125 0.754800071875 0.8206557203125 0.6041993734375