1 0.14294741875 0 0.1531975078125 0.0794583546875 0.15722372812500002 0.13965869375 0.1526824421875 0.1866687484375 0.146739003125 0.2096047328125 0.1455909203125 0.234528959375 0.14650699218750002 0.23686650625 0.1497213921875 0.2295651828125 0.15342115625 0.230597190625 0.1575885421875 0.24412162187500003 0.14421299062499998 0.3269245390625 0.12884350625000002 0.4022745890625 0.125068978125 0.4296875 0.290625 0.4296875 0.290625 0.347433675 0.2672871171875 0.2528596640625 0.25927303125 0.1777535828125 0.25847966875 0.11949602031249999 0.26156486874999996 0.0474859671875 0.260826878125 0.0169607203125 0.2639496796875 0 0.14294741875 0
1 0 0 0 0.332424728125 0.006782101562499999 0.3532341203125 0.014275034375 0.3625 0.0294578796875 0.3625 0.0389615328125 0.35720815781250004 0.0390625 0.3569053875 0.0390625 0.15538327031250002 0.024337253125 0.1144163265625 0.0196048125 0.095117384375 0.0156625 0.031301246875 0.0166277796875 0 0 0
1 1 0.22333634375 0.9972419609374998 0.18843718125 0.9758451031250001 0.15583762968749998 0.9505720875 0.15042270468750002 0.9286893828124999 0.163044725 0.9136860078125 0.20004461875000001 0.9183426875 0.2532150828125 0.9393369984375 0.345857225 0.9420517453125001 0.4192492609375 0.939696253125 0.4296875 1 0.4296875 1 0.34209841875 0.9999104765624999 0.341380325 1 0.3392426296875 1 0.22333634375
1 0.5997653859375001 0.3828125 0.6035497296875001 0.3828125 0.6149555328125 0.3818123640625 0.6265625 0.37310480625000003 0.6265625 0.2176217515625 0.602386021875 0.16484311875 0.594152321875 0.043131809375 0.5835186984374999 0.027080223437500002 0.5765456375 0.02669084375 0.56565149375 0.02669084375 0.5563795359375 0.0350663390625 0.5507205703125 0.05559709375000001 0.56952805625 0.16442645625000002 0.557465978125 0.23366752968750001 0.5590572203125 0.28835502968750004 0.5881202468750001 0.373364946875 0.5997653859375001 0.3828125
1 0.715625 0.4296875 0.715625 0.255558715625 0.6913099140625001 0.21005179843750002 0.6769608859374999 0.072733809375 0.6604795343750001 0.0512186125 0.6419980140625 0.0512186125 0.6305004734375 0.061310462499999996 0.62434606875 0.0820779875 0.6488992734375 0.190542934375 0.64730430625 0.3633279875 0.6585605421875 0.40506046093750003 0.6704165515625 0.4296875 0.715625 0.4296875
1 0.81875 0.4296875 0.81875 0.4157682421875 0.809638128125 0.3610300609375 0.7828939578125 0.2905357515625 0.7935076890625 0.12491075468749999 0.777491465625 0.094337465625 0.7559168546875 0.0895226984375 0.73689674375 0.10582441093749999 0.727482171875 0.130778959375 0.7340559359375 0.296503953125 0.7207606046875 0.336947378125 0.7207606046875 0.4296875 0.81875 0.4296875
1 0.9203515624999999 0.4296875 0.925 0.41640625 0.9265625 0.34296875 0.909375 0.20859375 0.9109375 0.19140625 0.9296875 0.15078125 0.934375 0.04765625 0.925 0.02578125 0.91015625 0.01875 0.8875 0.03203125 0.8796875 0.05078125 0.890625 0.17890625 0.8671875 0.27578125 0.865625 0.32890625 0.871875 0.37421875 0.8890625 0.42734375 0.8906562499999999 0.4296875 0.9203515624999999 0.4296875
1 0.784375 0 0.77890625 0.0015625 0.7671875 0.01796875 0.765625 0.05859375 0.7703125 0.08515625 0.790625 0.10859375 0.796875 0.12578125 0.796875 0.28984375 0.825 0.34765625 0.8390625 0.28984375 0.8390625 0.23046875 0.809375 0.13515625 0.809375 0.01953125 0.8015625 0.00390625 0.7931919640625 0 0.784375 0
1 0.10966218750000001 0.4296875 0.10951771562499998 0.43059553125 0.11226809687499999 0.47781775312499997 0.12468936562499999 0.5170021578124999 0.129123440625 0.5421875 0.153125 0.5421875 0.153125 0.4296875 0.10966218750000001 0.4296875
1 0.5836173140625001 0.4296875 0.5709446484375 0.49125647656249993 0.5694928906250001 0.546675640625 0.5843132828125001 0.6136605546875 0.5944822953125 0.6234375 0.608571540625 0.6234375 0.6109300734375 0.6220609671874999 0.6125 0.6176570859374999 0.6125 0.44287836406250003 0.6095728312500001 0.43137289687499997 0.60947466875 0.4296875 0.5836173140625001 0.4296875
1 0.5487886421875 0.4296875 0.5458126890624999 0.4617596703125 0.549570875 0.5102889359375 0.555888290625 0.53926463125 0.562781284375 0.553125 0.5634158250000001 0.553125 0.5661926 0.4902442921875 0.5746381125 0.4579724625 0.578412696875 0.4296875 0.5487886421875 0.4296875
1 0.8231004875 0.4296875 0.8222538343749999 0.44935089531249994 0.8132560625 0.48336676718750005 0.8305301390625001 0.5507397843749999 0.8400164515625 0.6381032765625 0.8418984109375 0.6390625 0.846875 0.6390625 0.846875 0.4296875 0.8231004875 0.4296875
0 0.6925844437500001 0.6296875 0.7127001203125 0.6194855453125 0.729759078125 0.591101953125 0.7383924015625001 0.5661428609375 0.7390625 0.5451590484375 0.7390625 0.5130679515625001 0.7358113515625 0.49665750937500003 0.7224905640625 0.4667077671875 0.69838060625 0.45267343125000004 0.6796306062499999 0.45256434843750004 0.6639858171874999 0.464977990625 0.6513671359375 0.48505097187499996 0.6425657328125001 0.5174510921875 0.6425657328125001 0.5826844687499999 0.6538591453125 0.610806778125 0.675358340625 0.62899414375 0.6799391781249999 0.6296875 0.6925844437500001 0.6296875