1 0.27331424375 0.3435674421875 0.2763385875 0.27137552187499997 0.27379367499999996 0.261160034375 0.2683653265625 0.25415195625 0.258447946875 0.2577405109375 0.254479746875 0.26834320625 0.256137515625 0.34151559531250003 0.24759948281250002 0.3766038140625 0.246875 0.3819375328125 0.246875 0.451727946875 0.25321921718749996 0.4850098734375 0.25552256562500003 0.4919815890625 0.2559361328125 0.4921875 0.2657075625 0.4921875 0.2740202296875 0.49080784531250005 0.2847708828125 0.43352164687499994 0.2839662390625 0.39276878437499996 0.27331424375 0.3435674421875
1 0.2331482140625 0.4734375 0.2334128046875 0.4734375 0.2344738078125 0.4674666515625 0.2344738078125 0.3811333640625 0.2334992140625 0.3760110671875 0.2240341890625 0.3436521421875 0.22356313125 0.27049187343750003 0.21762553750000002 0.2570977625 0.2101806375 0.2546875 0.2089227453125 0.2546875 0.203125 0.261476246875 0.203125 0.3048487828125 0.20564335156250002 0.3391285671875 0.203125 0.35724027812500003 0.203125 0.38242695625 0.21122922812499997 0.3946629109375 0.2248609171875 0.4269975953125 0.2331482140625 0.4734375
1 0.17326130625 0.2734961921875 0.1699854828125 0.2610721859375 0.1636319546875 0.2541625875 0.15284003125 0.25700399687500003 0.1484375 0.2684655078125 0.1484375 0.2746399828125 0.153991771875 0.3435977671875 0.1527818984375 0.36027655468750003 0.155100409375 0.3625 0.17326130625 0.3625 0.17326130625 0.3235786203125 0.1731396546875 0.3212573703125 0.17326130625 0.31386805 0.17326130625 0.2734961921875
1 0.1170793796875 0.256196878125 0.11025019218750001 0.24896593125000002 0.10128825781249999 0.25230885625 0.0949080203125 0.265490725 0.09480907656250001 0.3405756125 0.0875 0.3697400625 0.0875 0.4765625 0.0903380828125 0.4765625 0.09400965 0.43973457812500005 0.10153485 0.4140845421875 0.11341977968750001 0.3909297109375 0.12120086875 0.3833670640625 0.1214433421875 0.3750337328125 0.11473545156250001 0.3367524328125 0.1198541375 0.26836124843750003 0.1170793796875 0.256196878125
1 0.045608875 0.25508158281250004 0.0396483578125 0.266626871875 0.037472578125 0.2795837734375 0.035170040624999996 0.341638990625 0.0328125 0.3491216171875 0.0328125 0.4890625 0.042144034375 0.4890625 0.0529722375 0.45383662343750003 0.0585274765625 0.42607702812500003 0.06028630625 0.3881049703125 0.05383903125 0.34267400000000003 0.06312064218749999 0.272321809375 0.0619283984375 0.262124503125 0.054706065625 0.252355315625 0.045608875 0.25508158281250004
1 0 0.4841881984375 0.0093835015625 0.44752346875000004 0.0123345921875 0.4260449046875 0.01224350625 0.39007049375 0.0037509984375 0.34375961093749996 0.009818829687499999 0.27126398749999997 0.005455703125 0.2573450234375 0 0.25421290937499996 0 0.4841881984375
0 0.2251060953125 0.509375 0.2267959609375 0.49762587968750005 0.22697202343749998 0.4679780625 0.2224174875 0.43479023281250007 0.21591968281249999 0.413712190625 0.206286103125 0.39181735156249997 0.19970565625 0.38602618125 0.193836425 0.37418921250000003 0.1807186234375 0.366310575 0.14266546875 0.3648605140625 0.12922076875 0.37366673437500003 0.1260023515625 0.38813680625 0.1180317890625 0.397215015625 0.1076294453125 0.42119897812499996 0.1015625 0.44549238437499994 0.1015625 0.505420321875 0.102336421875 0.509375 0.2251060953125 0.509375
1 0.5767966171875 0.509375 0.581746578125 0.487985834375 0.5845662203125 0.4509790984375 0.5828168703125 0.39354745 0.573619640625 0.36288280624999997 0.57162249375 0.34804375 0.5717894859375 0.319340046875 0.57723484375 0.2786599109375 0.57628475625 0.2629070484375 0.5704056046875 0.2438558703125 0.5620884312500001 0.2409811265625 0.5542489953125 0.24551984999999998 0.5476281468749999 0.2644255765625 0.5504999640625 0.3079804578125 0.5502467796875 0.351498975 0.5422511296875 0.38288954999999997 0.540625 0.3928601484375 0.540625 0.49464577812500005 0.54350670625 0.509375 0.5767966171875 0.509375
1 0.629414696875 0.509375 0.629414696875 0.3894529046875 0.619068590625 0.348210434375 0.6197073578125 0.26207811406250003 0.6142259296875 0.246829121875 0.606219428125 0.2413190171875 0.59752693125 0.2460001609375 0.59255935625 0.2603838265625 0.59349704375 0.2872356796875 0.5977860703125 0.32055083125 0.5982675921875 0.3492575671875 0.590625 0.392047528125 0.590625 0.4113101875 0.5937427 0.48820099843750003 0.5991207703125 0.509375 0.629414696875 0.509375
1 0.6462896265625 0.509375 0.6416135265625 0.479604628125 0.643732859375 0.43784702343750004 0.650733621875 0.41259239062499997 0.6638196609375 0.3891786171875 0.6638196609375 0.36989967031250004 0.656696396875 0.34291150625 0.659383334375 0.2603767828125 0.65504428125 0.2457074703125 0.647932225 0.2390085640625 0.640651334375 0.24018911874999999 0.6365385359375 0.24496425156249999 0.6322676796875 0.2585447765625 0.6358846125000001 0.3454908734375 0.628125 0.38806181562500003 0.628125 0.3959522578125 0.631602853125 0.42530238281250005 0.6302629343749999 0.48926402343750003 0.6340919265625 0.5048774484375 0.6383251015625 0.509375 0.6462896265625 0.509375
1 0.571875 0.34861111093749997 0.5822916671875 0.38935185156249996 0.5864583328124999 0.384722221875 0.5869791671875 0.3763888890625 0.5776041671875001 0.3365740734375 0.5807291671875 0.2513888890625 0.5747395828124999 0.2370370375 0.56484375 0.234259259375 0.56015625 0.2370370375 0.5583333328125 0.24398148125 0.5674479171875 0.2453703703125 0.5739583328125 0.2578703703125 0.5755208328125 0.2828703703125 0.571875 0.34861111093749997
1 0.7033854171875 0.396296296875 0.7119791671875 0.4125 0.7145833328125 0.40416666718750005 0.7005208328125 0.3393518515625 0.703125 0.253240740625 0.6971354171875 0.2379629625 0.6877604171875 0.23518518593749999 0.6830729171875001 0.2388888890625 0.6776041671875 0.2523148140625 0.6802083328124999 0.33194444375 0.671875 0.38194444375000003 0.6950520828125 0.38703703749999996 0.7033854171875 0.396296296875
0 0.716306678125 0.509375 0.7177083328125 0.5023148140625 0.71875 0.46527777812500004 0.7145833328125 0.42083333281249996 0.70390625 0.397222221875 0.68671875 0.38240740781250004 0.66796875 0.3879629625 0.6533854171875 0.4046296296875 0.6453125 0.4236111109375 0.6395833328125 0.4578703703125 0.6401041671875001 0.4875 0.6446158843750001 0.509375 0.716306678125 0.509375
2 0.5390625 0.8655846984375 0.3283337125 0.865084425 0.28443820937500003 0.8611722875 0.2765625 0.870782221875 0.2765625 0.9196355515625001 0.2768793828125 0.9244235468750001 0.28783851718750003 0.9361677421875001 0.31986976718750004 0.9359813906250001 0.338959275 0.9455945281249999 0.361712528125 0.9482404953125 0.5390625 0.94927575 0.5390625 0.8655846984375
1 1 1 1 0.5654445921875 0.9849804859375 0.55125605 0.9449804828125 0.5514887640625 0.913394075 0.5850160265625 0.9390651046875 0.6971049890625001 0.9360443484375001 0.76271623125 0.9046875 0.910645678125 0.9046875 0.9162612640625 0.9322205875 1 1 1
1 0.8535068656250001 1 0.8692475734375 0.9475511734375001 0.8623781656249999 0.8778347671875 0.8407196609375 0.8271003140625 0.8088103703125 0.7617048609375 0.8046392953125 0.5904410906249999 0.79133553125 0.5637496828125 0.732918871875 0.5637496828125 0.7109375 0.5937066671875 0.7109375 0.6218548484374999 0.7337050640625 0.734391296875 0.7109375 0.8417755015624999 0.7109375 0.9966282453125 0.712570690625 1 0.8535068656250001 1
1 0.9937902640625002 0.509375 0.9297563531249999 0.521127728125 0.9265625 0.539998325 0.9265625 0.571237884375 0.9882170265625 0.5536561859375 1 0.56486500625 1 0.5099957125000001 0.9995694921875 0.509375 0.9937902640625002 0.509375
1 0.8640625 0.7370015125 0.8246317484375 0.6612791765624999 0.8419958 0.625102809375 0.8319691625000001 0.5276354375000001 0.7718398734375 0.5186195734375 0.7390625 0.5619204 0.7390625 0.5620066390625 0.785690365625 0.5625984046875 0.8060265187500001 0.5907888796874999 0.8214284828124999 0.7681010484374999 0.8354341203125 0.8254132140625 0.8566473921875 0.8421875 0.8624948109374999 0.8421875 0.8640625 0.7899084796875 0.8640625 0.7370015125
1 0.8607916671875 0.509375 0.86336805625 0.52225694375 0.8722569437499998 0.8644791671875 0.8944791671875001 0.83336805625 0.9211458328125 0.695590278125 0.885590278125 0.5889236109375 0.885590278125 0.509375 0.8607916671875 0.509375