1 0.2038387390625 0.6296875 0.20886539218750003 0.60874294375 0.2153578015625 0.56671225625 0.215625 0.552114828125 0.215625 0.5205358171875 0.2126583640625 0.49374611875 0.2004654171875 0.44169638281249995 0.1995638078125 0.4176829796875 0.20567544375 0.3516085515625 0.20530005468749998 0.3266388859375 0.1999201890625 0.311679628125 0.18775790781249999 0.307388103125 0.18572258749999998 0.307388103125 0.1790922421875 0.3119671046875 0.171945175 0.3322840359375 0.1744560703125 0.43765758125 0.1563167875 0.5127630484375 0.15490009062500001 0.5252695015625 0.15490009062500001 0.58211145 0.156336640625 0.598843825 0.16274197968749998 0.6296875 0.2038387390625 0.6296875
1 0.9593645125 0.6296875 0.96054566875 0.619520640625 0.9566944828124999 0.47604365625 0.9357466999999999 0.31794272968750004 0.9625 0.156929346875 0.9625 0.09599628593750001 0.9543613843750001 0.071629171875 0.9393420531250001 0.061316057812500005 0.9024533515625001 0.061316057812500005 0.8927108125000001 0.0635051296875 0.8713943484375001 0.103014953125 0.8669330671875001 0.3328844640625 0.8129263 0.487541140625 0.802903425 0.572681846875 0.802903425 0.6296875 0.9593645125 0.6296875
1 1 0.1752878296875 0.99140625 0.1703125 0.97265625 0.171875 0.9609375 0.18359375 0.953125 0.22578125 0.95625 0.29453125 0.946875 0.36796875 0.96875 0.50390625 0.964692540625 0.6296875 0.9951542718749999 0.6296875 1 0.610546875 1 0.35234375 1 0.1752878296875
1 0.8055530031250001 0.6296875 0.8046875 0.54140625 0.8203125 0.45703125 0.853125 0.37109375 0.85 0.28515625 0.8671875 0.19140625 0.8640625 0.13359375 0.84921875 0.115625 0.83203125 0.109375 0.81171875 0.115625 0.79375 0.14296875 0.7921875 0.31640625 0.746875 0.44453125 0.7375 0.51171875 0.7390625 0.57578125 0.75 0.6296875 0.8055530031250001 0.6296875
1 0.51875 0.6296875 0.6138926625 0.6296875 0.6203125 0.60859375 0.63125 0.53046875 0.6265625 0.44140625 0.5921875 0.29609375 0.5984375 0.22265625 0.6203125 0.12890625 0.6203125 0.09453125 0.6140625 0.06953125 0.59609375 0.0609375 0.54921875 0.0671875 0.525 0.09296875 0.528125 0.28203125 0.5203125 0.32109375 0.51875 0.32510190156249996 0.51875 0.6296875
1 0.0999331125 0.8234375 0.104132728125 0.8185582015625 0.10895759375 0.794674075 0.109375 0.7799147046874999 0.109375 0.7575619078125 0.1000270109375 0.7188312171875 0.10345098281250001 0.6672603171875 0.0992091859375 0.6575142859375 0.09076066875 0.6575142859375 0.0862715625 0.6668724874999999 0.0890895109375 0.7194682546875 0.080293753125 0.7546910046875 0.0796875 0.774035796875 0.0796875 0.7871384125 0.086155896875 0.8209936515624999 0.092016715625 0.8234375 0.0999331125 0.8234375
1 0.075 0.8022429328125 0.075 0.7385912375 0.06805082343749999 0.706858175 0.068899309375 0.655332778125 0.059712134375 0.648232215625 0.059681278125 0.648232215625 0.052533471875 0.657677221875 0.05195428437500001 0.66466716875 0.056870848437499996 0.699161878125 0.0489911125 0.7510967984375 0.0497993625 0.7788745765625 0.057679856249999994 0.8125 0.072602684375 0.8125 0.075 0.8022429328125
1 0.3734375 0.7467013890625 0.37265625 0.7786458328125 0.37890625 0.8133680562500001 0.381640625 0.8182291671874999 0.39375 0.8189236109374999 0.39765625 0.81475694375 0.4015625 0.792534721875 0.4015625 0.7411458328125 0.39453125 0.717534721875 0.396875 0.6564236109375 0.387890625 0.648784721875 0.38046875 0.6564236109375 0.3828125 0.7078125 0.3734375 0.7467013890625
1 0.33671875 0.7064236109375 0.328125 0.7411458328125 0.33125 0.7897569437499999 0.335546875 0.8057291671875 0.3421875 0.8078125 0.35 0.805034721875 0.3578125 0.7661458328124999 0.3578125 0.7439236109375 0.3484375 0.6994791671875 0.3515625 0.6494791671875 0.346484375 0.64461805625 0.337109375 0.64600694375 0.33515625 0.65086805625 0.33671875 0.7064236109375
1 0.65735805625 0.6296875 0.647999475 0.6428895390625 0.6647946859375 0.8107429906249999 0.63768845 0.8878517015625 0.6342556625 0.9576641609375001 0.6342556625 0.9937878828125001 0.6371438421875 1 0.7784174125 1 0.78125 0.9619705953125 0.78125 0.9137530250000001 0.7405570984375001 0.7707868234374999 0.7545885734375 0.6500102453125 0.740229553125 0.6296875 0.65735805625 0.6296875
1 0.51875 0.6296875 0.51875 1 0.6328125 1 0.6328125 0.8438017671875 0.58649853125 0.7485300968749999 0.5909461359375 0.6296875 0.51875 0.6296875
1 0.8483680546875 0.6296875 0.8214583328125 0.656597221875 0.831013128125 0.8301518937499999 0.8259027781249999 0.8610416671875001 0.7947916671874999 0.90993055625 0.7814583328125 0.98993055625 0.7836959875 1 0.94756944375 1 0.950347221875 0.98993055625 0.910347221875 0.8388194437500001 0.9038898937500001 0.7732457687500001 0.9236805562499999 0.6610416671875 0.8923263890625 0.6296875 0.8483680546875 0.6296875
1 1 0.761736109375 0.97256944375 0.816597221875 0.9770138890624999 0.9232638890625001 1 0.904108796875 1 0.761736109375
1 0.950347221875 0.6296875 0.950347221875 0.6654861109375 0.9147916671875 0.7721527781249999 0.9414583328125001 0.90993055625 0.9636805562500002 0.9410416671874999 0.9717676765625001 0.6296875 0.950347221875 0.6296875