1 0 0 0 0.2125117703125 0.0032584609375 0.22202617343750003 0.011359565625 0.23656632812499997 0.01320928125 0.2375 0.034016725 0.2375 0.0343917765625 0.2370497953125 0.0343917765625 0.063243575 0.0130490734375 0 0 0
1 0.1359375 0 0.1359375 0.071875 0.1441070875 0.071875 0.15748418125000002 0.059748584375000004 0.1916261375 0.0485429921875 0.186127675 0.0058879531249999995 0.1842879328125 0 0.1359375 0
1 0.028403168750000003 0 0.0281408078125 0.00752339375 0.05137174375 0.0777000078125 0.0640579703125 0.128125 0.06587960312499999 0.128125 0.0686967984375 0.12132856875 0.0689199828125 0.1171234140625 0.0689199828125 0 0.028403168750000003 0
0 0.2471349109375 0.14190630625 0.24449158437500002 0.1251032296875 0.22486512812499998 0.079159528125 0.20164468750000003 0.05475352812499999 0.1812519703125 0.05475352812499999 0.1639437859375 0.056143645312500004 0.142368359375 0.072100984375 0.119702071875 0.1179603578125 0.11875 0.12140714687500001 0.11875 0.273077109375 0.13739790624999998 0.30309304843749996 0.153615940625 0.311318496875 0.1698109015625 0.3125 0.1723115703125 0.3125 0.1945344 0.3036957359375 0.2309636125 0.24160620625 0.2420832125 0.2085729734375 0.2471349109375 0.14190630625
1 0.7644378234375 0.359375 0.7691108734375 0.3465480953125 0.7691108734375 0.216671065625 0.7397561984375 0.1693298328125 0.74284899375 0.0448336734375 0.7126145828125 0.016112856249999998 0.6798290171875 0.023201540625 0.667086434375 0.0408287984375 0.6819784203125 0.1696659734375 0.64375 0.24959567031250002 0.64375 0.27529143125 0.6492235359375 0.3254542421875 0.665381175 0.359375 0.7644378234375 0.359375
1 0.8134953703125 0 0.7897916671875 0.04444444375 0.7897916671875 0.102222221875 0.8033309203125001 0.16471690156250002 0.8388805734375001 0.20028321718750003 0.8566553953125 0.20206164375000002 0.9046473734374999 0.191391640625 0.9135347859374999 0.15582532031250002 0.9142361109374999 0.12 0.9153122437500001 0.082914328125 0.9142361109374999 0.04 0.8885218250000001 0 0.8134953703125 0
1 0.4920138890625 0 0.47423611093750007 0.035555556249999995 0.47423611093750007 0.097777778125 0.56756944375 0.14666666718750002 0.5942361109375 0.13333333281249998 0.5942361109375 0.04 0.568521825 0 0.4920138890625 0
0 0.41875 0.3415808828125 0.44756944374999996 0.3466666671875 0.4942361109375 0.34444444375 0.5342361109375 0.322222221875 0.5542361109375 0.30222222187500003 0.5764583328125 0.2533333328125 0.5764583328125 0.19555555625 0.55868055625 0.15555555625 0.5164583328125 0.11777777812500001 0.48090277812500004 0.10444444374999999 0.440902778125 0.10444444374999999 0.41875 0.11109027812500001 0.41875 0.3415808828125
1 0 0.359375 0 0.41189783281250003 0.01484815 0.5021928421874999 0.0117540015625 0.5502536078125 0 0.577479390625 0 0.8150789265625 0.009597037499999999 0.8474196187499998 0.049341868750000004 0.9 0.07855545 0.9 0.09541560624999999 0.8968094078124998 0.09541560624999999 0.87882555625 0.0759383296875 0.8246813640624999 0.07055624218749999 0.7091258078125 0.0763400828125 0.6424074296875 0.09541560624999999 0.6002151281250001 0.09541560624999999 0.5315273640625 0.0879077609375 0.5089706671875 0.0882374859375 0.359375 0 0.359375
1 0.41875 0.359375 0.32547745156249996 0.359375 0.3034398921875 0.4089269203125 0.3097702515625 0.4771453125 0.3194267734375 0.5491284890625 0.3197889125 0.5991440890625 0.2974714921875 0.640693984375 0.2546875 0.7143321859375 0.2546875 1 0.4139441578125 1 0.41875 0.98813155 0.41875 0.6628723765625001 0.40225703125 0.6066477515625 0.41875 0.5188593109374999 0.41875 0.359375
1 0.09433773125 0.359375 0.1230366171875 0.49338173437500005 0.12387924531250001 0.5528794203125 0.0950197421875 0.6146037765625 0.0885278578125 0.67106845 0.0875 0.70121919375 0.0875 0.7916780250000001 0.10098871250000001 0.83551289375 0.1466371328125 0.921729678125 0.18712316874999999 0.95625 0.20099255624999998 0.95625 0.2142119734375 0.9531935859375 0.2142119734375 0.9131024249999999 0.18543315625 0.8389537421875 0.1873269609375 0.7105812640625 0.2142119734375 0.656182125 0.2142119734375 0.5511113265625001 0.20556440937499998 0.5304387953124999 0.1971618390625 0.359375 0.09433773125 0.359375
1 0.22617551093750002 0.359375 0.23251424843750002 0.5481471953125 0.211189853125 0.6210812140625 0.17209495156250001 0.6851209015624999 0.1488888890625 0.7713194437500001 0.162222221875 0.909097221875 0.18 0.9135416671875 0.197777778125 0.9979861109375001 0.20046296406250003 1 0.275578165625 1 0.2511111109375 0.824652778125 0.3133333328125 0.6557638890625 0.323143125 0.6228601328125001 0.3 0.5535416671875 0.3132386359375 0.359375 0.22617551093750002 0.359375
1 0.19345167968750002 0.359375 0.1987505109375 0.40227909375 0.197777778125 0.43354166718750003 0.20941284375000002 0.50011744375 0.1934194796875 0.5730514624999999 0.20941284375000002 0.5855036312499999 0.225406071875 0.4805498 0.2288888890625 0.3935416671875 0.21749999999999997 0.359375 0.19345167968750002 0.359375
1 0.625542271875 0.63125 0.63201371875 0.626451503125 0.6330886359375001 0.6193693546875 0.6330886359375001 0.5775734124999999 0.6302704265625 0.5653474765625 0.626370853125 0.55563180625 0.62729489375 0.53915716875 0.62729145625 0.525062615625 0.6241366046875 0.5160507437499999 0.615625 0.51945098125 0.615625 0.5213011453125 0.6184025656250001 0.536712946875 0.619339603125 0.5556727140625 0.6169283546875001 0.5729129875 0.615625 0.5789500359374999 0.615625 0.606512565625 0.61866778125 0.62513988125 0.6237875374999999 0.63125 0.625542271875 0.63125
1 0.6458316281250001 0.5153488171875 0.642801509375 0.5153488171875 0.639229375 0.5187461156250001 0.640040303125 0.53225148125 0.6404852906249999 0.5480947921875 0.6390625 0.5518133781250001 0.6390625 0.6234375 0.641100834375 0.6234375 0.6435805765625 0.6221609296875 0.6509184109375 0.5933127828125 0.6512942140625 0.5752117234374999 0.6471461406250001 0.5533283046874999 0.6500694078125 0.5297048703125 0.651640371875 0.520863046875 0.6484362609375001 0.5157971734375 0.6458316281250001 0.5153488171875
1 0.678125 0.8204319671875 0.678125 0.8180916640625 0.6746983453125 0.8050998281249999 0.6720851781249999 0.794683159375 0.6636045562499999 0.7849609375 0.65300483125 0.78503433125 0.6411531140625 0.7908512125 0.634375 0.8105835750000001 0.634375 0.8391577609375 0.6355594859375 0.8496017218749999 0.6423116765625 0.8600720765624998 0.6531383484375001 0.8671875 0.6589441484374999 0.8671875 0.6677534140625 0.8648220484374999 0.674478409375 0.852510134375 0.67794125625 0.83622288125 0.678125 0.8204319671875
1 0.79122233125 0.5138150890625 0.7878523921875 0.5192251062500001 0.7869984953125 0.5475929859375 0.7859375 0.55195114375 0.7859375 0.6234375 0.7928304796875001 0.6234375 0.7936128218749999 0.6218222828125001 0.79998421875 0.5997637515625 0.8018786062500001 0.5747637515624999 0.7989603875 0.5464756937499999 0.8011807484375 0.534273140625 0.8022873484374999 0.5176828984374999 0.7984392796875 0.5134547656249999 0.79122233125 0.5138150890625
1 0.8322076781250001 0.5568039546875 0.83515625 0.5239583328124999 0.832421875 0.5149305562500001 0.829296875 0.5135416671875 0.823828125 0.5135416671875 0.8203125 0.518402778125 0.8201851437500001 0.5545075203125001 0.81484375 0.5822916671874999 0.81640625 0.615625 0.820703125 0.62881944375 0.826171875 0.631597221875 0.831640625 0.631597221875 0.8359375 0.62256944375 0.83828125 0.6114583328125001 0.8390625 0.5878472218749999 0.8322076781250001 0.5568039546875
1 0.8660145171875001 0.5594831375 0.86796875 0.528125 0.865234375 0.5204861109375 0.859765625 0.5177083328125 0.854296875 0.519097221875 0.8515625 0.5267361109375 0.8526687500000001 0.558717659375 0.8483533937499999 0.57900288125 0.84609375 0.59756944375 0.84609375 0.618402778125 0.852734375 0.637152778125 0.864453125 0.637152778125 0.86875 0.618402778125 0.8703221124999999 0.59699165625 0.8692452109375001 0.582064790625 0.8660145171875001 0.5594831375
1 0.964087403125 0.5334568234375 0.96484375 0.5142361109375 0.961328125 0.5107638890625 0.952734375 0.5107638890625 0.94921875 0.5142361109375 0.9484375 0.52118055625 0.9487954421874999 0.5468527187500001 0.9457801218749999 0.56866889375 0.9427648156250001 0.58665766875 0.9440570890625001 0.6023500109375 0.94765625 0.6114583328125001 0.95 0.62118055625 0.952734375 0.6232638890625 0.961328125 0.6232638890625 0.96328125 0.6197916671874999 0.96796875 0.59618055625 0.9662411921875 0.5690516328124999 0.9625797421875 0.5480009421875 0.964087403125 0.5334568234375
1 0.9199345671875001 0.5545075203125001 0.92265625 0.528125 0.919140625 0.519097221875 0.910546875 0.5177083328125 0.90625 0.528125 0.9070117828125 0.5579521828125 0.90356571875 0.585509453125 0.9016273 0.6080911062500001 0.90234375 0.62118055625 0.90390625 0.6322916671875 0.906640625 0.637152778125 0.917578125 0.637152778125 0.9234375 0.612847221875 0.924457534375 0.594695209375 0.9233806453125 0.576706434375 0.9199345671875001 0.5545075203125001
1 0.9438851203125 0.6133720328125 0.9431038703125001 0.5217053671875 0.9395882453125001 0.514066478125 0.9317757453125001 0.514066478125 0.9286507453125001 0.5154553671875 0.9259163703125001 0.5230942562500001 0.9243538703125 0.62448314375 0.9286507453125001 0.6321220328124999 0.9380257453125 0.6321220328124999 0.9415413703125001 0.6258720328124999 0.9438851203125 0.6133720328125