1 0.058888346875 0.3388227890625 0.052608634375 0.3814277625 0.05433536875 0.4356444921875 0.0722689359375 0.5241958531249999 0.0748957609375 0.5265625 0.104438396875 0.5265625 0.11042896875 0.5197045828125 0.1203125 0.480688228125 0.1203125 0.32908971249999996 0.110238128125 0.2852326859375 0.1081180359375 0.2531881109375 0.117140328125 0.1441667953125 0.1112836859375 0.12159412031250001 0.098162753125 0.10757360625000001 0.0834159734375 0.11217793125 0.07558861875 0.1331800296875 0.0747049265625 0.1719687890625 0.0789208671875 0.23466904843749997 0.0763777046875 0.267802121875 0.072150821875 0.29389062187500004 0.058888346875 0.3388227890625
1 0.06126089999999999 0.256052209375 0.06711301875 0.23388453125000003 0.069282159375 0.1477461484375 0.0796875 0.091041628125 0.0796875 0.08659444375 0.0730768796875 0.067880490625 0.06626399375 0.0636320078125 0.0558893796875 0.0676804953125 0.045631204687499996 0.091881509375 0.0421518671875 0.2030198921875 0.025230173437499996 0.26095314375 0.025230173437499996 0.4421875 0.026276223437500003 0.4421875 0.026507231250000002 0.44187241874999994 0.0316363703125 0.37383504375 0.058097053125 0.2865895828125 0.06126089999999999 0.256052209375
1 0.05351636875 0.0860894015625 0.058516582812499995 0.067416671875 0.0609375 0.06522332187499999 0.0609375 0.037424825 0.051867734374999995 0.027102534374999997 0.040635031249999995 0.032521728124999996 0.037614034375 0.0470550625 0.046293565625 0.13734193125 0.03584140625 0.205206584375 0.03526815625 0.23433688749999998 0.04084055625 0.28018840156249997 0.04579583125 0.2953125 0.0508084796875 0.2953125 0.0609375 0.2268689015625 0.0609375 0.164888584375 0.05351636875 0.0860894015625
1 0.1749526109375 0.324878953125 0.1859937578125 0.370179490625 0.19204655312500002 0.378125 0.2015625 0.378125 0.2015625 0.0578738765625 0.2005111828125 0.05520675625 0.19665337656249998 0.052629125 0.18659257812500002 0.052629125 0.17929591875 0.05541625625 0.175910384375 0.066158521875 0.17497259999999998 0.0913953203125 0.1815170921875 0.1482213640625 0.1818466078125 0.17895451874999999 0.17125578125000002 0.22869042187500002 0.1693108765625 0.2693825984375 0.1749526109375 0.324878953125
1 0.212914615625 0.471665015625 0.2219383390625 0.45166931093749996 0.2435856265625 0.36170517812499997 0.24450216249999998 0.320024878125 0.2340505578125 0.25034860625 0.23675596406250002 0.203140021875 0.2484375 0.1458284359375 0.2484375 0.1101143796875 0.24671832500000002 0.102547853125 0.236176975 0.0926347140625 0.22272594531249998 0.09656955625 0.212751196875 0.12071829062499999 0.2088462859375 0.2165516234375 0.20470261406249998 0.24149707812500001 0.1838615203125 0.30489130625 0.1838615203125 0.46700948750000004 0.187076775 0.47260388906250006 0.1910809640625 0.4734375 0.21006011406249997 0.4734375 0.212914615625 0.471665015625
1 0.31875 0.166852884375 0.31240031875 0.21619523749999997 0.29680195781249996 0.252309503125 0.29680195781249996 0.428125 0.29812262343749996 0.428125 0.3079061453125 0.4226379921875 0.31875 0.4007384796875 0.31875 0.166852884375
1 0.5960073265625001 0 0.60927625625 0.139424565625 0.5817649109375 0.2402493828125 0.5830858343750001 0.315925059375 0.6067621875 0.414630771875 0.6389169203125 0.4234375 0.6595571515625 0.4234375 0.671875 0.3742261078125 0.671875 0.21336162500000003 0.649569296875 0.1420066609375 0.6542338359375 0 0.5960073265625001 0
1 0.4873937125 0 0.48122322031250003 0.008385346875 0.4814670953125 0.143605728125 0.46290106406250003 0.19943970312499998 0.46290106406250003 0.3884355953125 0.46448968281249997 0.39761715937500003 0.47934118281250004 0.4 0.5022696546875001 0.4 0.53438974375 0.32270869687500003 0.5453125 0.2431257734375 0.5453125 0.23165440624999997 0.528802859375 0.14956523125 0.5386981375 0.030688935937500002 0.526910040625 0 0.4873937125 0
1 0.4072223828125 0 0.390226221875 0.0188507640625 0.40842919687499996 0.14326033437500002 0.3940177625 0.2294910828125 0.39969270312500005 0.2943559484375 0.42462848593749997 0.37024473750000003 0.44575463125 0.3765625 0.453125 0.3765625 0.453125 0.1757478984375 0.44139623125 0.1436439390625 0.4337093546875 0.0139568328125 0.41782268437500003 0 0.4072223828125 0
1 0.31875 0.23595091093749998 0.32253088750000003 0.27916664999999996 0.34746666875 0.3534544984375 0.3648630234375 0.3546875 0.3671875 0.3546875 0.3671875 0.163248209375 0.357854228125 0.1350177546875 0.3557220015625 0.026354515625 0.329331753125 0.011099725000000001 0.3257060234375 0.011099725000000001 0.31875 0.0234914953125 0.31875 0.0511459125 0.3326861171875 0.142366121875 0.31875 0.2056948046875 0.31875 0.23595091093749998
1 0.934375 0.221157528125 0.9135036671875 0.13911964375000002 0.9220122453125 0.0202646640625 0.898973609375 0.0009301484375 0.8814989515625001 0.0249667515625 0.8841996375000001 0.138608140625 0.8708463453124999 0.2044968875 0.8708463453124999 0.3170165125 0.8756097562499999 0.349418953125 0.887346265625 0.3515625 0.9091653765625001 0.3515625 0.934375 0.2319632484375 0.934375 0.221157528125
1 0.8131128125 0 0.8067594828125 0.0071317328125 0.803208521875 0.1308151140625 0.7891664781250001 0.1683350515625 0.7891664781250001 0.3664102484375 0.8102412234374998 0.3703125 0.8150969937500001 0.3703125 0.849641165625 0.2233053390625 0.8325125515625 0.12825134375 0.85 0.0103275234375 0.85 0.008481640625 0.8401936796874999 0 0.8131128125 0
1 0.7148124453125 0 0.7093313218749999 0.009180640625 0.71288258125 0.1392088828125 0.69104739375 0.251783528125 0.69104739375 0.335137503125 0.7019846390625 0.3877082765625 0.7229076875 0.39375 0.7475666578125 0.39375 0.774098209375 0.304057653125 0.775 0.273065121875 0.775 0.235301609375 0.7496698984375 0.1352960390625 0.7607706546874999 0.0058648187499999995 0.7530038078125 0 0.7148124453125 0
1 0.676551053125 0.213809121875 0.6838770609375 0.32191722968750003 0.702192078125 0.34894425625 0.6912030671875 0.24083614843749998 0.71684409375 0.13272804062500002 0.707686584375 0.0057010140625 0.6912030671875 0.0192145265625 0.694866071875 0.14894425625000002 0.676551053125 0.213809121875
1 0 0.5296875 0 1 0.31875 1 0.31875 0.8352379578125 0.315351871875 0.831013871875 0.2297768375 0.7568568765625 0.1780819234375 0.701258915625 0.1632557640625 0.65660775 0.16273756718750002 0.6269202500000001 0.18968980468750002 0.5615350828125 0.208115725 0.5296875 0 0.5296875
1 0.46303279843750006 1 0.45829076406249997 0.9773291265624999 0.4598282359375 0.9163848984375 0.4536204625 0.90350106875 0.4457756375 0.90114856875 0.4394025984375 0.9086017328124999 0.4379855578124999 0.9168349359375 0.4412487234375 0.9845610359375 0.43788102812499996 1 0.46303279843750006 1
1 0.4944541796875 1 0.49199934531250006 0.9842182000000002 0.496875 0.9250738734375 0.496875 0.9131264328124999 0.492290571875 0.9040801546875 0.48561678906250005 0.9021495171874999 0.47817307031249995 0.909938071875 0.47612531406249997 0.9191791500000001 0.4753812046875 0.9830983406249999 0.4704889609375 1 0.4944541796875 1
1 0.5421875 1 0.5421875 0.9858918875 0.5403498203125 0.9791316171875 0.5401534921875 0.9412050171875 0.5368436 0.9152669703124999 0.5322487812500001 0.9073511468750001 0.5248761078124999 0.9063403734375001 0.521913125 0.9081558640624999 0.5184176328125 0.918752496875 0.520523840625 0.942826571875 0.527409996875 0.9799060328125 0.5247988875 1 0.5421875 1
1 0.553125 1 0.553125 0.9080298859375 0.5491766375 0.9006113546875 0.5421895984375 0.8983553000000001 0.54215624375 0.8983553000000001 0.5358200984374999 0.90674980625 0.54048425 0.9241056015625 0.54358543125 0.9835227281249999 0.5480065812499999 1 0.553125 1
1 0.5751538828125 1 0.5738812453125 0.992249128125 0.577865740625 0.9200450890624999 0.5754350374999999 0.9093469390625 0.56937368125 0.9046082156249999 0.5619310984375 0.9081846421875 0.5569946796874999 0.9206073671875 0.5562106390625 0.9910141015625001 0.5538441453124999 1 0.5751538828125 1
1 0.588730478125 1 0.5860119765625 0.98285113125 0.5921875 0.9305128265625001 0.5921875 0.9099197531250001 0.5900735796875 0.90393508125 0.5839885609375 0.90208778125 0.5827335781249999 0.90208778125 0.5765088015625001 0.90833778125 0.5760038125 0.9113675828125001 0.5760038125 1 0.588730478125 1
1 0.6359408734375 1 0.63542591875 0.99833339375 0.6333067031249999 0.9815606156250001 0.6376351375 0.92240746875 0.6341195421875 0.9088223734374999 0.626962584375 0.9038956312499999 0.621646484375 0.9073871125 0.6174034640625 0.9188020187499999 0.618777253125 0.9791145374999999 0.614218696875 1 0.6359408734375 1
1 0.654530165625 1 0.6489583328125 0.977141203125 0.6510416671874999 0.914178240625 0.64609375 0.9007523140625 0.6377604171875 0.8989004625 0.6333333328125 0.9067708328125 0.6375 0.920659721875 0.6354166671874999 0.9817708328125001 0.6383463546874999 1 0.654530165625 1
1 0.69479608125 1 0.690625 0.9817708328125001 0.6921875 0.914178240625 0.6872395828125001 0.9026041671874999 0.68046875 0.9007523140625 0.6739583328125001 0.907696759375 0.671875 0.91695601875 0.675 0.9845486109374999 0.671490009375 1 0.69479608125 1
1 0.7514732140625 1 0.7458333328125 0.9780671296874999 0.7484375 0.920659721875 0.7473958328125 0.9067708328125 0.7419270828125 0.8979745375 0.7356770828125 0.8970486109374999 0.7309895828124999 0.9007523140625 0.7276041671875 0.9114004625 0.73125 0.9632523140625 0.7296875 0.9808449078125001 0.7253262953124999 1 0.7514732140625 1