1 0.5296875 0.2520160375 0.524453928125 0.254318625 0.5193570203125 0.2645523765625 0.519382378125 0.295029 0.5251657453125 0.3416410265625 0.5261681015625 0.37034473125 0.515625 0.42486593125 0.515625 0.49281289375000004 0.5169557078125 0.508168028125 0.5262232390625 0.5504266890625 0.5296875 0.5599665875000001 0.5296875 0.2520160375
1 0.5059461359374999 0.6073073765625 0.5059461359374999 0.45439089062500004 0.49621575937499995 0.42189253125 0.490558240625 0.394142028125 0.489426546875 0.36173461875 0.491782509375 0.30985852812500003 0.489803153125 0.2830127359375 0.4821737234375 0.26592401250000003 0.46847038906250005 0.2613731625 0.462382059375 0.2660391578125 0.45598132187499996 0.28413561718749997 0.4566245125 0.31747198125 0.4596455328125 0.3443117109375 0.461922871875 0.349855146875 0.464222075 0.400778046875 0.45213195468749995 0.4573413390625 0.4484375 0.4892197484375 0.4484375 0.50824909375 0.4513529171875 0.5170802265625001 0.46508858750000004 0.522557 0.4805628515625 0.5405261953125 0.49054870937499995 0.57288209375 0.49746356875000003 0.621875 0.5005411625 0.621875 0.5058399031249999 0.6079854625000001 0.5059461359374999 0.6073073765625
1 0.4095244546875 0.2842333265625 0.4016697265625 0.2716863609375 0.39953790625 0.27445201875 0.3812925796875 0.2752718890625 0.3733606859375 0.29698721093749997 0.372730365625 0.333098321875 0.37849915 0.390545121875 0.378438146875 0.423881484375 0.3771863703125 0.4359124625 0.36622019375 0.46733334062500004 0.3578125 0.512441884375 0.3578125 0.5828125 0.35927452031249996 0.5828125 0.38767236875 0.5364466328125 0.424722440625 0.517678775 0.4244440375 0.5037868546875 0.4079478640625 0.4342393875 0.40763348906249997 0.392566659375 0.41381155 0.33704140625 0.414441871875 0.30093029531250004 0.4095244546875 0.2842333265625
1 0.3245304453125 0.28515636718750004 0.316473684375 0.263536503125 0.31496280468750004 0.262469940625 0.30632481562499997 0.262469940625 0.2995965296875 0.2649537921875 0.29280007812500003 0.2751130140625 0.2885524796875 0.2896727375 0.2869684375 0.31749303125 0.28785639375 0.3818495875 0.283077190625 0.41034071718750004 0.28125 0.41593902343750006 0.28125 0.6265625 0.2963577703125 0.6265625 0.3010746390625 0.622363465625 0.313747275 0.579610221875 0.32378604843750003 0.53012040625 0.3254213265625 0.48087626875 0.312745765625 0.39226616718749996 0.3161135640625 0.347821725 0.3233269125 0.314871028125 0.3245304453125 0.28515636718750004
1 0.255307790625 0.26822618593750003 0.2460594296875 0.2597747140625 0.24085109531249999 0.26019986875 0.2331062 0.2672765640625 0.225918796875 0.28489511875 0.224362009375 0.2997524484375 0.2252351484375 0.368729225 0.222312959375 0.3883012140625 0.2171875 0.404648878125 0.2171875 0.58125 0.23393644062500002 0.58125 0.23755615312499997 0.57762954375 0.25159865625 0.5249273859375 0.257119296875 0.49041303437500006 0.2584704125 0.44887391406250005 0.2465893140625 0.3669861015625 0.24912587656250001 0.36033455625 0.2581457140625 0.283185096875 0.255307790625 0.26822618593750003
1 0.195184021875 0.2524379125 0.1857335640625 0.255055040625 0.1762909203125 0.276589875 0.17698655624999998 0.3614349375 0.16875 0.393472396875 0.16875 0.5390625 0.192052528125 0.5390625 0.19593524843750001 0.53338325 0.20481151562500002 0.49389914687500003 0.21027568749999997 0.43623664843750004 0.20995086718749997 0.41872908593749997 0.199087928125 0.3540937421875 0.20560850312499998 0.270505315625 0.200241440625 0.255716465625 0.195184021875 0.2524379125
1 0.455474628125 0.2805011515625 0.4646843609375 0.25966675625 0.46093165 0.251075175 0.4526791265625 0.24688227812500002 0.4442649828125 0.251948640625 0.43797640156249995 0.2693921703125 0.44007067343750006 0.3580899890625 0.428125 0.405648315625 0.428125 0.49466004999999996 0.43085908437500003 0.5 0.432911678125 0.5 0.4361323453125 0.4942829875 0.441971 0.45789891875000005 0.45713252187500003 0.39419897187499997 0.4575688984375 0.369198971875 0.45300340468750006 0.3028325578125 0.455474628125 0.2805011515625
0 0.456290003125 0.7296875 0.4683179125 0.7110746328124999 0.47919440937499996 0.677274409375 0.48297141093749996 0.6457016703125 0.48297141093749996 0.5942977984375 0.479988421875 0.57346459375 0.4727650484375 0.54781455625 0.46336762968749995 0.53198224375 0.44235651249999997 0.5226459515624999 0.4282940125 0.5232189546875 0.4055228046875 0.532486071875 0.39368909687500003 0.5413075187499999 0.369620240625 0.58074150625 0.3546875 0.6307351359375 0.3546875 0.7039209625 0.35791740625 0.7164996921875 0.3662395921875 0.7296875 0.456290003125 0.7296875
2 1 0.7296875 1 0.6219736578124999 0.7546875 0.7210143343750001 0.7546875 0.721665546875 0.9120674890625 0.7296875 1 0.7296875
1 0.3448402859375 1 0.3441280015625 0.9867347750000001 0.34572345625 0.9711305140625001 0.34456968906249996 0.9369258453124999 0.33852405625 0.91953690625 0.329973484375 0.9123221656249999 0.32732722812500004 0.9123221656249999 0.32005754531249997 0.914877853125 0.3136031796875 0.9316116953125 0.3200926984375 1 0.3448402859375 1
1 0.277247503125 1 0.279351196875 0.9612295078124999 0.2780220109375 0.93804189375 0.2739558375 0.9257285921875 0.26931858124999997 0.919374609375 0.266081084375 0.9183530859375001 0.2552730328125 0.9183530859375001 0.24999750468749998 0.9239131390624999 0.2484375 0.9310288968750001 0.2484375 0.9628670640625 0.25176366093749997 1 0.277247503125 1
1 0.1795097109375 1 0.180355403125 0.987954996875 0.18635932500000002 0.9722475859374999 0.18892752031249999 0.9444819296875 0.18617425 0.923167453125 0.175699190625 0.9115312609374999 0.1641600484375 0.916094228125 0.15738295625 0.9313341296875001 0.156018046875 0.9498465859374999 0.15764187968750001 1 0.1795097109375 1
1 0.0353792375 1 0.0338212984375 0.9503234921875 0.0376323984375 0.9297833437499999 0.035387443750000004 0.9206089734375 0.027665659375000002 0.911194475 0.021399496875 0.9105232187500001 0.014188640625000002 0.9154499609375 0.007472551562500001 0.9337920171875 0.0112676375 1 0.0353792375 1
1 0.8189807765625 0.7296875 0.82042454375 0.7445181984375 0.8274086765625001 0.7808898281250001 0.8490232703124999 0.8643418687500001 0.8666125640625 0.9217758593750001 0.8728067625 0.9280890984375001 0.8796321578124999 0.9301646609375 0.8808375156249999 0.9349310921875 0.889391128125 0.9359375 0.9244908453124999 0.9359375 0.9254654906249999 0.933637703125 0.9327298781250001 0.9334089828125001 0.9395019484375 0.9265199031250001 0.9528265000000001 0.8598829859375 0.9528265000000001 0.7296875 0.8189807765625 0.7296875
1 0.5296875 0.7296875 0.5296875 1 0.6385324875 1 0.647221834375 0.9680824984375 0.6543036765625 0.9204626078124999 0.660136665625 0.8548648796875 0.663226484375 0.7673739703125 0.6602352140625001 0.729852759375 0.66020205 0.7296875 0.5296875 0.7296875