1 0.386781109375 0.3390625 0.389020359375 0.3280610703125 0.38890171093750003 0.293434346875 0.38269128281250003 0.26875268281250003 0.38402634375 0.2479193515625 0.3942617390625 0.19763285 0.3881304234375 0.177796375 0.3764116734375 0.1782738796875 0.3697957640625 0.1903181859375 0.3667498390625 0.250008575 0.359375 0.2716090515625 0.359375 0.3390625 0.386781109375 0.3390625
1 0.32479619843749996 0.3390625 0.32759066406250004 0.30895055312499997 0.3228062 0.2918737828125 0.314929059375 0.28007916875 0.3128013828125 0.2389374265625 0.311721125 0.2389374265625 0.30846896875 0.2434212515625 0.308679059375 0.2795323625 0.29709767187499997 0.3021182171875 0.29942146406250003 0.3390625 0.32479619843749996 0.3390625
1 0.1938564859375 0.3390625 0.19036866562500002 0.27953611875 0.17533583749999998 0.2596861328125 0.1688022203125 0.22879122968750001 0.170125840625 0.26562410000000003 0.1625 0.28654288906250003 0.1625 0.29284866875 0.170092565625 0.3390625 0.1938564859375 0.3390625
1 0.0814811796875 0.3390625 0.0752522125 0.32996241406250004 0.069351309375 0.3089107546875 0.0665477203125 0.274152146875 0.061428067187500004 0.2531368765625 0.051191603125 0.24375 0.0469100828125 0.24375 0.0366973515625 0.2499073421875 0.034375 0.2584600828125 0.034375 0.2708710875 0.0369688 0.28801081875 0.0506289953125 0.3218899625 0.052087340625 0.3390625 0.0814811796875 0.3390625
1 0.284454328125 0.3390625 0.28828125 0.3191629421875 0.2890625 0.2927239875 0.2859375 0.270702021875 0.2765625 0.2476916890625 0.278125 0.1767582265625 0.26796875 0.16074240312500002 0.2671875 0.121903578125 0.263671875 0.1214344265625 0.2625 0.16248174531249998 0.25703125 0.1697766421875 0.2546875 0.18520461562499999 0.25859375 0.2488431796875 0.2515625 0.27429376250000004 0.2484375 0.3161606875 0.2535505078125 0.3390625 0.284454328125 0.3390625
1 0.175485453125 0.26199276562499996 0.181362196875 0.2671875 0.18483281406250002 0.2671875 0.18642295312499998 0.26116397187499996 0.182355090625 0.2475710796875 0.175 0.2353064078125 0.175 0.257128396875 0.175485453125 0.26199276562499996
1 0.1703125 0.3390625 0.1703125 0.33089817187500004 0.163444909375 0.3005959359375 0.1629195453125 0.28254038125 0.1703125 0.264126859375 0.1703125 0.162282490625 0.16093244843750001 0.14699855312500001 0.1501161859375 0.1518661265625 0.146875 0.1617707125 0.146875 0.1682625015625 0.15661554375 0.2272852140625 0.151402859375 0.290235796875 0.157760684375 0.32044090000000003 0.1678662734375 0.3390625 0.1703125 0.3390625
1 0.2505194546875 0.143937684375 0.2489719171875 0.0939195015625 0.2397312828125 0.08023063281250001 0.23580016874999998 0.054599829687500004 0.23329220468749998 0.0595245859375 0.2342625328125 0.08035791875000001 0.2328125 0.0853812984375 0.2328125 0.121454728125 0.236322590625 0.158172065625 0.2328125 0.1755274953125 0.2328125 0.215182609375 0.24221922187499997 0.2511912515625 0.2457598671875 0.25625 0.2564790359375 0.25625 0.2564790359375 0.16199779375 0.2505194546875 0.143937684375
1 0.334293734375 0.088721628125 0.3317088453125 0.063106746875 0.32896234999999996 0.0652696421875 0.328043734375 0.088903484375 0.32015043125 0.10301969375 0.321357396875 0.164085340625 0.31875 0.1726857453125 0.31875 0.2637121203125 0.3192050328125 0.26551969375 0.32166260156250004 0.26875 0.3357130296875 0.26875 0.3459614609375 0.2314134703125 0.3461311484375 0.20224680468749998 0.33705512031249996 0.1511307 0.3404710109375 0.10103977187499999 0.334293734375 0.088721628125
1 0.29912719375 0.190625 0.30117483906250003 0.190625 0.305907196875 0.18486974843749998 0.3107202 0.15793242031250002 0.3107202 0.12971358125000002 0.309334053125 0.1128385265625 0.3027446484375 0.093139415625 0.3030167921875 0.06400458125 0.29877060625 0.0578125 0.2980607265625 0.0578125 0.2881488015625 0.06201085625 0.2894633984375 0.09259824531250001 0.2828125 0.12714613749999998 0.2828125 0.1409167 0.283571578125 0.1575895203125 0.28947670312499996 0.18281235468749998 0.2950666703125 0.189979634375 0.29912719375 0.190625
1 0.6350296578125 1 0.632458421875 0.9412276 0.61021775 0.8392386453124999 0.6142538046875 0.7684416796875 0.6220073375 0.72553159375 0.6242436203125 0.6838831109375001 0.6189636421875 0.6559598624999999 0.60125903125 0.6367825437500001 0.5837320234375001 0.6461047234375 0.572239378125 0.672942575 0.5702456015624999 0.7076466124999999 0.5755360453125 0.7800506734375 0.5750615 0.8384203750000001 0.55625 0.9120814046875001 0.55625 1 0.6350296578125 1
1 0.759375 0.6513888624999999 0.7533304140625 0.6444968578125 0.7581366328125 0.5694968578124999 0.755308325 0.5467552765624999 0.7478616640625 0.6447196921874999 0.733522259375 0.6556934468750001 0.7227133015625 0.684531753125 0.72124959375 0.8411260296874999 0.7171875 0.85506290625 0.7171875 1 0.759375 1 0.759375 0.8500590859375 0.75718709375 0.8396616874999999 0.759375 0.7974896515625 0.759375 0.6513888624999999
1 0.718453190625 1 0.7173582671875 0.9714247437499999 0.7206443218749999 0.9353076015624999 0.7206443218749999 0.9074511015625 0.70570161875 0.8468567265625001 0.7015772 0.8090149734375001 0.7063752828125 0.6942156484374999 0.6983930968750001 0.6643654781249999 0.6866016234375001 0.6508402203125 0.6832907765625 0.6186223734375 0.6855941249999999 0.61188298125 0.6824973515625 0.5956011140624999 0.6819303921875 0.5956011140624999 0.681140953125 0.6517506546874999 0.6698734328125 0.6611762390625 0.6617955515625 0.6819863359375 0.669634834375 0.8214903796874999 0.65 0.9226721625 0.65 0.9737019218749999 0.6515885578125 1 0.718453190625 1
1 0.46678004375000004 1 0.46678004375000004 0.948173803125 0.440629784375 0.8611055953125 0.43687784843750005 0.780550040625 0.4413912328125 0.709170403125 0.4382115203125 0.674557440625 0.42640321875 0.6482116171875 0.4085688328125 0.6355245953124999 0.3927447796875 0.6491718328125 0.38274277031250004 0.67843619375 0.384031553125 0.7229352703125 0.393844409375 0.78216581875 0.39948228750000003 0.8695565578124999 0.385131109375 0.9653121296875 0.381618375 1 0.46678004375000004 1
1 0.30162310625 1 0.30180955 0.9404186328125 0.305819346875 0.9184020125 0.305819346875 0.7273340140625 0.3028737078125 0.691146378125 0.29969441875 0.683380134375 0.28905280625 0.6745737640625 0.27469441875 0.6822157421874999 0.26875 0.700303809375 0.26875 0.7126132265624999 0.28286574999999997 0.8425778265625 0.269454725 0.933371196875 0.27287777812499997 0.9653884156250001 0.286619646875 1 0.30162310625 1
1 0.5573794390625 1 0.5572863546875 0.99703738125 0.559975003125 0.9593005828125001 0.567735546875 0.9109047218749999 0.567735546875 0.8937928718750001 0.5522866546875 0.8361630671875 0.5515917265625 0.776440846875 0.557259925 0.7259672500000001 0.5560261578125 0.6871375609375 0.5443990515625 0.6623015109375 0.5294583375 0.65509296875 0.5136608875 0.675056559375 0.5084183921875 0.6949154015625 0.5194903171874999 0.840038340625 0.5048834734375001 0.92872233125 0.5003252625 0.940188640625 0.5 0.9524983859375 0.5 1 0.5573794390625 1
1 0.502692103125 1 0.5040693093749999 0.937306715625 0.5079227687500001 0.927606746875 0.5079227687500001 0.8627663734375 0.50280293125 0.8399843640625001 0.50133466875 0.8164233187499998 0.5035300031250001 0.703572865625 0.5007821265625 0.6898341703125 0.4929359203125 0.67572645 0.4809746953125 0.6681440890625 0.46719508281250005 0.6787674781249999 0.46039960312500006 0.7007708703125 0.47077168125 0.8420370203124999 0.459375 0.9016893875 0.459375 0.9313178624999999 0.4728484625 1 0.502692103125 1
1 0.38069668125 1 0.3857344828125 0.944702375 0.3864817234375 0.940011328125 0.3864817234375 0.7346126328125 0.3826146203125 0.7097983156250001 0.3823011515625 0.6694841703125001 0.37667317499999997 0.657796809375 0.36463098125000004 0.651125121875 0.351673175 0.658378690625 0.3421936609375 0.6815408375 0.355813165625 0.8564135499999999 0.3519616296875 0.8912630609375001 0.3390625 0.954629753125 0.3390625 1 0.38069668125 1
1 0.3174283765625 1 0.32295773906249997 0.9486928390625 0.3421925609375 0.8648139390625001 0.3400023359375 0.8384932453125 0.34197693125 0.7676144484375 0.338595903125 0.67745033125 0.3203132921875 0.6647900874999999 0.30774865 0.6762649125 0.3017963515625 0.6924076250000001 0.3063358640625 0.8519707234375 0.2903068453125 0.921869809375 0.2890625 0.9340084296875 0.2890625 1 0.3174283765625 1