1 0.484765625 0.377777778125 0.48046875 0.3895833328125 0.4828125 0.44236111093749997 0.47421875 0.48402777812500003 0.47578125 0.51319444375 0.485546875 0.5 0.503125 0.48819444375 0.4953125 0.44236111093749997 0.4984375 0.396527778125 0.491015625 0.3763888890625 0.484765625 0.377777778125
1 0.4984375 0.39930555624999997 0.49609375 0.4479166671875 0.503125 0.48819444375 0.5140625 0.49652777812500004 0.515625 0.46458333281249997 0.50625 0.41875 0.50859375 0.37013888906250003 0.494140625 0.36805555624999997 0.49296875 0.3770833328125 0.4984375 0.39930555624999997
0 0.496484375 0.49305555625 0.485546875 0.5 0.47578125 0.515972221875 0.471875 0.546527778125 0.475 0.56875 0.483984375 0.584722221875 0.503125 0.59375 0.52265625 0.578472221875 0.52890625 0.5520833328125 0.52890625 0.534027778125 0.525 0.5173611109375 0.513671875 0.497222221875 0.496484375 0.49305555625
1 0.871527275 0.36447296875 0.8672304000000001 0.36933408125 0.8711366500000001 0.41655630312499997 0.86176165 0.45266741406250005 0.8609804000000001 0.48322296875 0.8672304000000001 0.52072296875 0.872308525 0.52697296875 0.88207415 0.526278525 0.8883241500000001 0.511000746875 0.89301165 0.46377852500000005 0.88363665 0.41655630312499997 0.8867616500000001 0.36933408125 0.8848085250000001 0.36447296875 0.871527275 0.36447296875
1 0.9140434562499999 0.3636682 0.9085747062499999 0.366445978125 0.9042778312499999 0.3782515328125 0.90740283125 0.4282515328125 0.8972465812499999 0.46714042187500004 0.8972465812499999 0.49491820000000003 0.9042778312499999 0.5310293109375 0.9085747062499999 0.5372793109375 0.9206840812499999 0.5365848671875 0.9284965812499999 0.517140421875 0.9316215812499999 0.46852931093750005 0.92146533125 0.42686264375 0.9245903312499999 0.3740848671875 0.9202934562499999 0.3650570890625 0.9140434562499999 0.3636682
1 0.9625860609375 0.3894923921875 0.9563409171874999 0.377810353125 0.9474662421875 0.376642153125 0.942025565625 0.386364178125 0.945494071875 0.41285645156250006 0.9451505656249999 0.4377530671875 0.935775565625 0.47941973281249994 0.9349943156249999 0.498864178125 0.9428068156249999 0.5405308437499999 0.947884940625 0.5481697328124999 0.9584318156249999 0.548864178125 0.965463065625 0.5446975109375 0.970931815625 0.5127530671875 0.9724468203125 0.4823645703125 0.967187759375 0.4484866703125 0.9623380656249999 0.42108639999999997 0.9625860609375 0.3894923921875
1 0.98427975 0.4490707703125 0.9783632843750001 0.4665938109375 0.975405075 0.4934624921875 0.9780346046874999 0.522083490625 0.9890625 0.54930555625 1 0.5548611109375 0.9993996125000001 0.382483171875 0.9911822984375 0.383651371875 0.982636303125 0.39358109375 0.982636303125 0.414024653125 0.984937153125 0.43271591093749995 0.98427975 0.4490707703125
1 0.257421875 0.36805555624999997 0.247265625 0.36666666718749996 0.24453125 0.38125 0.24921875 0.41875 0.240625 0.4576388890625 0.23984375 0.48680555625000005 0.246875 0.5243055562500001 0.26015625 0.528472221875 0.26484375 0.5173611109375 0.2671875 0.471527778125 0.26640625 0.45069444374999995 0.26015625 0.4270833328125 0.2609375 0.3770833328125 0.257421875 0.36805555624999997
1 0.204296875 0.3708333328125 0.19765625 0.3826388890625 0.2 0.43680555625000006 0.19296875 0.48819444375 0.20078125 0.53680555625 0.21328125 0.5395833328124999 0.2203125 0.5201388890625 0.22265625 0.4770833328125 0.2140625 0.43402777812500004 0.21484375 0.38125 0.211328125 0.372222221875 0.204296875 0.3708333328125
1 0.1671875 0.384027778125 0.160546875 0.377777778125 0.154296875 0.38055555625 0.15078125 0.3895833328125 0.153125 0.4451388890625 0.146875 0.47430555625000004 0.1453125 0.50625 0.15234375 0.5479166671875 0.165625 0.5520833328125 0.169140625 0.5513888890625 0.17265625 0.5395833328124999 0.17265625 0.48402777812500003 0.16796875 0.44930555625 0.16875 0.3923611109375 0.1671875 0.384027778125
1 0.114453125 0.39027777812500003 0.105859375 0.3888888890625 0.1015625 0.396527778125 0.103125 0.44930555625 0.09765625 0.4826388890625 0.09609375 0.5243055562500001 0.09921875 0.559027778125 0.109375 0.5631944437499999 0.12109375 0.559027778125 0.1234375 0.5229166671875001 0.121875 0.48125 0.1171875 0.45069444374999995 0.11875 0.396527778125 0.114453125 0.39027777812500003
1 0.18359375 0.3729166671875 0.181640625 0.36805555624999997 0.173046875 0.36666666718749996 0.16796875 0.37013888906250003 0.1703125 0.41180555625000004 0.16796875 0.446527778125 0.17265625 0.4798611109375 0.17265625 0.52569444375 0.174609375 0.5291666671875 0.18203125 0.528472221875 0.18515625 0.52569444375 0.1875 0.5173611109375 0.19140625 0.471527778125 0.1859375 0.43263888906250003 0.1828125 0.42569444375 0.18359375 0.3729166671875
1 0.134765625 0.372222221875 0.125390625 0.3708333328125 0.1203125 0.37986111093749997 0.121875 0.43402777812500004 0.11953125 0.46319444374999996 0.1234375 0.5020833328125 0.1234375 0.53680555625 0.126953125 0.5416666671875 0.1359375 0.5409722218749999 0.13984375 0.534027778125 0.14296875 0.5048611109375 0.14296875 0.47430555625000004 0.13671875 0.43263888906250003 0.13828125 0.38125 0.134765625 0.372222221875
1 0.08828125 0.3854166671875 0.078515625 0.377777778125 0.071484375 0.38194444375000003 0.06953125 0.3895833328125 0.071875 0.43680555625000006 0.0671875 0.47291666718750003 0.0671875 0.5076388890625 0.086328125 0.54444444375 0.08984375 0.54375 0.09296875 0.534027778125 0.0953125 0.49652777812500004 0.09453125 0.478472221875 0.0890625 0.446527778125 0.08984375 0.39791666718749996 0.08828125 0.3854166671875
1 0.051171875 0.3708333328125 0.042578125 0.3708333328125 0.0390625 0.37847222187499996 0.040625 0.43402777812500004 0.0375 0.4604166671875 0.04296875 0.4798611109375 0.052734375 0.497222221875 0.060546875 0.5041666671875 0.06484375 0.503472221875 0.06640625 0.49791666718750005 0.065625 0.47569444375 0.0546875 0.43402777812500004 0.05703125 0.39097222187499997 0.05625 0.37986111093749997 0.051171875 0.3708333328125