1 0.36875 0.30552562031249997 0.35918570625 0.28968885 0.3504087578125 0.2909383921875 0.334209290625 0.29395889375 0.32634764375 0.30911013593750003 0.3214280390625 0.324696746875 0.32133536406249996 0.3586787609375 0.33213863125 0.44689979218750003 0.3317496015625 0.459375 0.36875 0.459375 0.36875 0.4570009203125 0.368704096875 0.44717504375 0.36875 0.446511253125 0.36875 0.30552562031249997
1 0.2722794140625 0.459375 0.267646965625 0.449934896875 0.2638252296875 0.42863860000000004 0.26207858281249996 0.40086082031250003 0.2632810359375 0.3517867484375 0.2571835734375 0.29623119375 0.252479584375 0.2832682296875 0.2457719671875 0.274471934375 0.2402613 0.2707682296875 0.22939938437500002 0.27169415625000004 0.21959150312500003 0.2823423046875 0.215625 0.3011524109375 0.215625 0.3166967875 0.21697771562499998 0.3332682296875 0.23257522968750002 0.42863860000000004 0.23238970937499998 0.45826822968750003 0.23221324375000002 0.459375 0.2722794140625 0.459375
1 0.1705768359375 0.459375 0.16306926875 0.41982660000000005 0.1614138671875 0.39948653125 0.1728422765625 0.29940774531250003 0.16927604375 0.275388215625 0.1576617828125 0.2621047109375 0.1488076171875 0.2622077375 0.1423419890625 0.2669100921875 0.13472854218750002 0.279491909375 0.13139123749999998 0.2952629515625 0.1305751734375 0.3239605953125 0.1335044953125 0.39518416562500003 0.12869759375 0.43133163906250005 0.120959015625 0.459375 0.1705768359375 0.459375
1 0.115495121875 0.459375 0.1136411203125 0.4477368640625 0.10004367343750001 0.39176464375000003 0.0993090890625 0.3742084265625 0.1041509171875 0.3055625921875 0.10414726875 0.27595115 0.09791968906250001 0.2599747953125 0.0912458296875 0.25465568437499997 0.08397032343750001 0.25398438749999996 0.0720495484375 0.2659676890625 0.0675919625 0.282779859375 0.072452021875 0.362191234375 0.0718863484375 0.39459864218749996 0.0609375 0.44454504375 0.0609375 0.459375 0.115495121875 0.459375
1 0.28882974375 0.459375 0.285814565625 0.44250139062500005 0.2738606234375 0.3998421359375 0.27094400625000004 0.3729751328125 0.27441035468749997 0.31281418906249997 0.27393629375 0.2720734484375 0.27069277812500003 0.2618700828125 0.264611615625 0.253964865625 0.2544777125 0.2515625 0.2521012984375 0.2515625 0.2443529859375 0.258476321875 0.2421875 0.26553309375 0.2421875 0.270568984375 0.2543170125 0.28677311875 0.258189103125 0.3062387734375 0.259119353125 0.3414269890625 0.254438953125 0.386767059375 0.255042303125 0.43861891093749994 0.2567340921875 0.4497391109375 0.2615750171875 0.459375 0.28882974375 0.459375
1 1 0.459375 1 0.188735903125 0.9758644515625001 0.188735903125 0.9678260265624999 0.19267796875 0.973914159375 0.31772342187499997 0.9549835187500001 0.39665373125 0.9515625 0.42438306875 0.9515625 0.459375 1 0.459375
1 0.8891305234375 0.34388940625000003 0.870838140625 0.284653375 0.8680429593749999 0.192741046875 0.8625680234375 0.18814606875 0.8297555234375 0.1898657 0.8296875 0.1900113296875 0.8296875 0.2161635453125 0.837471140625 0.289191728125 0.8296875 0.33302741875 0.8296875 0.3650481609375 0.8570065124999999 0.3795293234375 0.8799142468750001 0.4006460703125 0.887122165625 0.4125 0.8891305234375 0.4125 0.8891305234375 0.34388940625000003
1 0.8080685359374999 0.189091646875 0.777615946875 0.18791066875 0.7623452109375 0.19495906875 0.764936909375 0.2864619609375 0.7609094546875 0.3075000125 0.733886375 0.3880587609375 0.73125 0.4076296390625 0.73125 0.4265625 0.744418853125 0.4265625 0.760786978125 0.3956739859375 0.7765008640625 0.3795773359375 0.80900758125 0.36329484375 0.798360971875 0.313868053125 0.797692846875 0.294464553125 0.7994573546875 0.25966044374999997 0.809163646875 0.20222467656249998 0.8080685359374999 0.189091646875
1 0.5441421015625 0.459375 0.5460132515625 0.44939662187499996 0.5620138765625 0.41089417656249994 0.5615154171875 0.3844370921875 0.5501594375 0.311737496875 0.5535586578125 0.263126384375 0.566717075 0.1980986609375 0.5649053453125 0.18482465312500002 0.5198377890625 0.18560089375 0.5207418718750001 0.2510377953125 0.5165656875 0.31076001875000003 0.4984375 0.36509740625 0.4984375 0.459375 0.5441421015625 0.459375
1 0.36875 0.459375 0.4355123625 0.459375 0.4357546296875 0.45772682031249995 0.435937775 0.38283608125 0.41573835781249996 0.278864803125 0.417392428125 0.2413101734375 0.4239602890625 0.19370553906250002 0.4215006921875 0.182091190625 0.38352925 0.1882129828125 0.38532344531249996 0.21166020312499997 0.38214460781250004 0.2812139078125 0.36875 0.3260641703125 0.36875 0.459375
0 0.8798778140625 0.459375 0.879894771875 0.45843185468750003 0.8727241671874999 0.42797629531250003 0.8617468421875 0.40381164687500004 0.8485252937500001 0.385919721875 0.81733499375 0.3682368828125 0.7890806171875 0.37134192499999996 0.7623290390624999 0.39247525156249996 0.738025725 0.43648433593749997 0.7328125 0.45759978593749995 0.7328125 0.459375 0.8798778140625 0.459375
1 0.36875 0.7532760703125 0.3575458125 0.72132705625 0.34590539374999996 0.6075609984375 0.3371797171875 0.591977740625 0.3227770953125 0.5885480578125 0.31675384375000004 0.591653384375 0.3109375 0.611466734375 0.3109375 0.6305307421874999 0.325250709375 0.6909384671875 0.33224279375 0.74776008125 0.3263823875 0.7913069593750001 0.33004746093750004 0.8650409015625 0.348329534375 0.9352191375000001 0.3611303515625 0.9609375 0.36875 0.9609375 0.36875 0.7532760703125
1 0.20629946562499998 0.9171875 0.20785199843750002 0.9171875 0.22316402968750002 0.9170005187499999 0.234439309375 0.9068907359375 0.2458409859375 0.8445953234375001 0.249147371875 0.8085069453125 0.24688788437500003 0.7736483296875 0.2285006546875 0.7007441453125001 0.23363947343749997 0.6048653484375001 0.2262575875 0.5816872640625 0.21967845000000003 0.5765625 0.21741036406249997 0.5765625 0.2075075875 0.58114169375 0.203125 0.59216605625 0.203125 0.6639780484375001 0.2034877984375 0.6666151906250001 0.2033106984375 0.7139283421875 0.203125 0.71472351875 0.203125 0.9140802484375001 0.20629946562499998 0.9171875
1 0.5853256546875001 1 0.6042040140625 0.8408969671875 0.6044573859375 0.7659151484375 0.589576678125 0.718876515625 0.563454509375 0.6990452734374999 0.5463215578125 0.7019702796875 0.5348073578125 0.71355266875 0.5213448765625 0.7477640375 0.5173392156250001 0.7867719937500001 0.5223077328125 1 0.5853256546875001 1
1 0.48009323125000003 1 0.48009323125000003 0.684389490625 0.4773502234375 0.6730723171874999 0.47840305625 0.5129603328125001 0.47205745937500004 0.49289349531250004 0.45743698125 0.47718328593750003 0.4400421859375 0.48515623750000003 0.43388778125 0.5058781734375 0.44625971875000003 0.6574406734375 0.4265625 0.7969400921875 0.4265625 0.8390524140625001 0.4313992203125 0.8983046921875001 0.445589009375 0.97602025625 0.45267298437500003 1 0.48009323125000003 1