1 0.2527684203125 0 0.257425503125 0.030997551562499996 0.25994835625 0.08516421874999999 0.24899090625000003 0.151667253125 0.249951259375 0.2058157390625 0.255862853125 0.24891674843749997 0.269129140625 0.2990440171875 0.27973322343749996 0.32554199375000004 0.2863341734375 0.33125 0.3083820140625 0.33125 0.310978534375 0.32764790781249997 0.310978534375 0.13007355625 0.292959909375 0.07305511875000001 0.28874412656250004 0 0.2527684203125 0
1 0.112880096875 0 0.1132020421875 0.00247395625 0.11422039531249999 0.0594184015625 0.10625 0.09248821874999999 0.10625 0.2182782703125 0.11063753437499999 0.24691840156249997 0.122051884375 0.2767795125 0.1273184265625 0.278125 0.1356191875 0.278125 0.145489384375 0.2767795125 0.1548131921875 0.2621961796875 0.1646030296875 0.21080729062499998 0.1671030046875 0.17052951249999998 0.16423121093749998 0.1260850671875 0.1421460265625 0.0344184015625 0.14223881875 0 0.112880096875 0
1 0.1541208625 0 0.15392945625 0.0032863171875 0.153125 0.0063870609374999995 0.153125 0.1116294515625 0.15370797187500002 0.11443378906249999 0.155051146875 0.1852989390625 0.1567716515625 0.1875 0.1729976953125 0.1875 0.17328918437500002 0.187489084375 0.1812368671875 0.17850448593749998 0.19077581562499998 0.13548983750000002 0.1957358453125 0.07716559375000001 0.192989790625 0.0438049890625 0.18295128125 0 0.1541208625 0
1 0.01261231875 0 0.015334017187499998 0.028600225 0.0069963328125000005 0.090922946875 0.007225395312500001 0.1256315328125 0.014849421875 0.17296285 0.0320100984375 0.22601336249999998 0.037937293750000003 0.23125 0.055225204687499994 0.23125 0.0640625 0.22242237656250002 0.0640625 0.085987665625 0.0391486421875 0.015134076562500001 0.0384617296875 0 0.01261231875 0
1 0.28058357031250003 0 0.2794345984375 0.06597033125 0.282074696875 0.08678548593749999 0.29858874375 0.149180946875 0.303053571875 0.2125 0.3061439734375 0.2125 0.3081038671875 0.210228425 0.31968249375 0.1490582265625 0.319574696875 0.0865673171875 0.31488178906250003 0.0532657984375 0.301169475 0.004741046875 0.3012798234375 0 0.28058357031250003 0
1 0.2984375 0 0.2984375 0.0129163015625 0.30979780625000003 0.0754708375 0.30981963125 0.1375 0.31499409218749996 0.1375 0.3237240421875 0.10354489687499999 0.3304083578125 0.0422152640625 0.32882033593750004 0.016044896875 0.3252844375 0 0.2984375 0
1 0.4148100125 0 0.4131926078125 0.0420340984375 0.41091768125000006 0.092741090625 0.40625 0.116168278125 0.40625 0.403125 0.42633534375000004 0.403125 0.436129534375 0.3872215046875 0.4583302265625 0.305390490625 0.46635504531249994 0.22609627968749998 0.4652831453125 0.191692921875 0.45919599218749996 0.15218041875 0.45124167187499997 0.1068984265625 0.453183046875 0.0547172171875 0.45545782656249995 0.017930220312500002 0.45799242968750004 0 0.4148100125 0
1 0.9725717078125001 0.55 0.9817116531250001 0.5122934671875 0.983150725 0.4696948109375 0.9747663453125 0.416850371875 0.9805693421874999 0.379834546875 0.9819714984375001 0.3557604703125 0.978164596875 0.34508656718749997 0.97514745625 0.343216534375 0.9678018609375 0.34410003906250003 0.9634372140625 0.3519476828125 0.9608855328124999 0.37786755 0.9617994421875 0.41584869218750004 0.9578125 0.4322264234375 0.9578125 0.55 0.9725717078125001 0.55
1 0.9637976874999999 0.55 0.9643662031249999 0.5452320828125 0.9595798765625 0.5238630578125 0.9559519250000001 0.48863241718749995 0.9653086296875 0.42566190156249994 0.9653086296875 0.41103743593750003 0.9621567484375 0.3619532984375 0.96476985625 0.34441525156249997 0.9575096015625 0.33642215000000003 0.9508195921875 0.3390817421875 0.946875 0.348908871875 0.946875 0.3616208078125 0.9502315828124999 0.41727248125000005 0.946875 0.43390344843750006 0.946875 0.44221710937500003 0.9537877671875 0.4858182734375 0.9513992515624998 0.54685665625 0.9547139453125 0.55 0.9637976874999999 0.55
1 0.9394147796875 0.55 0.9402570578125001 0.5466030453124999 0.9446787296875 0.5132485015625 0.9458892015625 0.4836158421875 0.943866915625 0.45863099375000005 0.9378072718749999 0.42811482968750003 0.9415284953124999 0.3577323375 0.937392353125 0.34525809218750003 0.930186890625 0.3415968125 0.9238291343749999 0.3462628046875 0.9207167109375 0.3569276171875 0.9200773859375 0.429143778125 0.9140625 0.4554635796875 0.9140625 0.4835167109375 0.9169075234375 0.48702475625 0.9265788718750001 0.507799 0.9307922468750001 0.5281420984375 0.93061578125 0.55 0.9394147796875 0.55
1 0.9037076296875 0.3549521828125 0.90185414375 0.422399096875 0.8984375 0.4339468734375 0.8984375 0.475 0.9044283234374999 0.475 0.9061797109375 0.47281513750000004 0.9174606859375001 0.4305293265625 0.9201940515625001 0.3657873546875 0.9225654875 0.3517892046875 0.9224221578125 0.34534414375 0.9167831124999999 0.3397444578125 0.9093296593750001 0.34303211875 0.9037076296875 0.3549521828125
1 0.8607600312500001 0.3615501734375 0.8585269078125 0.42059685625 0.85625 0.43029062968750004 0.85625 0.4942598921875 0.856424334375 0.493889103125 0.8791431124999999 0.472259828125 0.8732614046875 0.417554578125 0.8812992796875001 0.3571143 0.8783378125000001 0.3458590921875 0.873431809375 0.34258053906249997 0.8657622296875 0.3478053828125 0.8607600312500001 0.3615501734375
1 0.8677453187499999 0.55 0.8677453187499999 0.5337929156250001 0.8636596921875 0.507437409375 0.8627769265625 0.4564629921875 0.8677453187499999 0.43959719843749995 0.8677453187499999 0.3948650875 0.8643521156249999 0.358145128125 0.8677098484375 0.34415925937499997 0.8628243671875 0.3363919296875 0.8545988906249999 0.3384377421875 0.8504329453124999 0.35197883281250003 0.8561834562499999 0.4148933046875 0.8510304921875 0.44282867656249997 0.85 0.45423542031249997 0.85 0.4900044921875 0.853369340625 0.51880309375 0.8589381640625 0.5427801859375 0.8623446640625 0.55 0.8677453187499999 0.55
1 0.8270423625 0.55 0.8364583328125 0.4989004625 0.8359375 0.470196759375 0.825 0.4220486109375 0.828125 0.35445601875 0.8260416671874999 0.345196759375 0.81953125 0.3382523140625 0.8127604171874999 0.3401041671875 0.8078125 0.35167824062499997 0.809375 0.4192708328125 0.796875 0.47390046249999995 0.7973958328125 0.5118634265625001 0.8041666671875 0.5470486109375 0.8055249765625 0.55 0.8270423625 0.55
1 0.76767578125 0.55 0.7697916671874999 0.5479745375 0.7796875 0.4905671296875 0.7791666671874999 0.45723379687500004 0.7703125 0.4183449078125 0.76875 0.40075231406249995 0.7723958328125 0.3489004625 0.7690104171875 0.3382523140625 0.7643229171874999 0.3345486109375 0.7580729171874999 0.3354745375 0.7526041671874999 0.34427083281250004 0.7515625 0.358159721875 0.7541666671874999 0.4155671296875 0.7458333328125001 0.44797453750000005 0.7432291671875 0.470196759375 0.7432291671875 0.49612268593750003 0.7458333328125001 0.520196759375 0.75 0.545196759375 0.75360243125 0.55 0.76767578125 0.55
0 0.9354271671875001 0.55 0.9359375 0.5359375 0.9307291671875 0.508159721875 0.91796875 0.4845486109375 0.9096354171875 0.47714120312499997 0.89296875 0.4743634265625 0.8763020828125001 0.482696759375 0.8630208328125001 0.50445601875 0.8572916671874999 0.5239004625 0.8557291671874999 0.5489004625 0.85592355 0.55 0.9354271671875001 0.55
1 0.273006296875 1 0.273006296875 0.7962919562499999 0.258926265625 0.739771059375 0.2603992890625 0.60375085625 0.23946545156250001 0.571709625 0.23913630624999999 0.571709625 0.22414333437499998 0.5797306640625 0.2165199125 0.600464 0.2266312734375 0.7505003640625001 0.2078125 0.8556962921875 0.2078125 0.8829228499999999 0.210817046875 0.9474316828125 0.22248212031249998 1 0.273006296875 1
1 0.31220566562499996 1 0.3274569921875 0.9188368062500001 0.3258836765625 0.8521701374999999 0.3092025890625 0.76328125 0.31862060937500003 0.6271701390625 0.30439106875 0.60078125 0.2887014140625 0.6035590281250001 0.277995609375 0.6271701390625 0.2800323171875 0.741059028125 0.2703125 0.790187665625 0.2703125 1 0.31220566562499996 1
1 0.161183734375 1 0.1739124203125 0.95478035 0.18054569375 0.8408914609375 0.1680500203125 0.7602359125 0.181580440625 0.6352722734375 0.16811188125 0.611574803125 0.1521633078125 0.61703945625 0.144242228125 0.6322763265625 0.13960144531250002 0.7656278406249999 0.1328125 0.7892174640625 0.1328125 1 0.161183734375 1
1 0.1303060453125 1 0.1331210875 0.9795262140624998 0.1331210875 0.8271376078125 0.1145937109375 0.7549312265625 0.118526609375 0.6217342625 0.10916501875 0.5951953671875 0.09642254375 0.5866438453125 0.08416501875 0.594758990625 0.0762582828125 0.6182200984375 0.08342453749999999 0.757163534375 0.065625 0.854688575 0.065625 0.9286145515625 0.07646258593750001 1 0.1303060453125 1
1 0.3609925703125 1 0.37409990937500004 0.9286938015625001 0.37415374687499997 0.8592584484374999 0.35786057968749996 0.7538119765625 0.36669671875 0.642664503125 0.3508400234375 0.6191488421875 0.3350210640625 0.627573078125 0.32919671875 0.642882671875 0.33110411875 0.7622998453125 0.3265625 0.7870070390625 0.3265625 0.863203878125 0.328453325 0.8761887343750001 0.32722490937500004 0.9289665125 0.3265625 0.9339823859375 0.3265625 1 0.3609925703125 1
1 0.39407096875000003 1 0.4144254640625 0.9043866046875 0.4020405328125 0.7696958828125 0.41443844375000005 0.6637032828125 0.402532384375 0.6410208859375001 0.386583809375 0.64766905 0.37833915625 0.6689940546875001 0.378125 0.687770228125 0.378125 1 0.39407096875000003 1
1 0.2078125 0.6514172796875 0.2078125 0.7515625 0.20793723593750002 0.7515625 0.212394484375 0.737187615625 0.2134127890625 0.6391504625 0.2078125 0.6514172796875
1 0.064356809375 1 0.064356809375 0.64664219375 0.05266839375 0.625809015625 0.040168393749999996 0.62609995625 0.0296875 0.647156921875 0.0296875 0.6474996125 0.04006846875 0.7721333125000001 0.0296875 0.83319193125 0.0296875 0.889396971875 0.033558920312500004 0.9558666890625 0.045497376562500004 1 0.064356809375 1
1 0.6524481140625 0.55 0.6437683468750001 0.5922021453124999 0.643424953125 0.6518880046875 0.6503118640625 0.6991647703125 0.65993564375 0.738144565625 0.6675142515625 0.758360725 0.6743917578125 0.7640625 0.6952453390625 0.7640625 0.6972411968750001 0.7613934437500001 0.6972411968750001 0.5776146984375 0.6890751015625 0.55 0.6524481140625 0.55
1 0.684375 0.55 0.684375 0.583064071875 0.6884815843750001 0.602517359375 0.6919857265625 0.646875 0.6946268812499999 0.646875 0.6968544546875 0.6455729171875 0.708600121875 0.61085069375 0.7257822140625001 0.577517359375 0.7302923171875 0.55 0.684375 0.55
1 0.5390625 0.55 0.5390625 0.715625 0.5486126375 0.715625 0.558952315625 0.7060253421875 0.5723719953125 0.6366354390625 0.574313440625 0.6033021062499999 0.5715673859375 0.569941503125 0.567432615625 0.55 0.5390625 0.55
1 0.9453125 0.55 0.9453125 0.564226821875 0.9458260296875001 0.575822059375 0.95398883125 0.6148336796875 0.9611087156250001 0.628125 0.982729353125 0.628125 0.9855217203125001 0.625101371875 0.9912087203125001 0.5998283046874999 0.9912087203125001 0.55 0.9453125 0.55
0 0.8099112453125 0.55 0.7943214453125 0.569060684375 0.7828125 0.6131388171875 0.7828125 0.7033840984374999 0.786985653125 0.721729203125 0.7942320078125 0.7328125 0.8473408890625 0.7328125 0.8661079796875001 0.7058221875 0.8797138859375 0.6792809734375 0.8831369375 0.64722726875 0.892648203125 0.6175142984375 0.89246089375 0.5940124484375 0.8813903734374999 0.56366385 0.8705999984374999 0.55 0.8099112453125 0.55