0 0 0.5390625 0.011253753125 0.5390625 0.011736215625000001 0.5381965531249999 0.013636993750000001 0.5263674093749999 0.013636993750000001 0.50898889375 0.0102813640625 0.488196553125 0 0.47868615468750003 0 0.5390625
1 0.2551173328125 0.2441406234375 0.2480860828125 0.2441406234375 0.24404790781250002 0.2601128453125 0.24249876874999998 0.2887698015625 0.2421875 0.290588440625 0.2421875 0.3703125 0.24798632812500002 0.3703125 0.2539794703125 0.349001734375 0.2570621671875 0.33479829687499996 0.25702820000000004 0.3212239578125 0.2555627125 0.3067321390625 0.2539403046875 0.29205729062499997 0.25736918750000004 0.2691235015625 0.2587906515625 0.2517795125 0.2551173328125 0.2441406234375
1 0.2243312015625 0.241962196875 0.220147471875 0.237301215625 0.2133090734375 0.24484099218750002 0.2113899875 0.2595089625 0.21089372499999998 0.28282217187500003 0.2078125 0.29828564375 0.2078125 0.356653828125 0.20873866093750001 0.359375 0.220568859375 0.359375 0.2251610015625 0.34042775937499997 0.2247182328125 0.3104739171875 0.22329674531250002 0.286406640625 0.22285521562500002 0.2685070984375 0.2256350875 0.2530005328125 0.2243312015625 0.241962196875
1 0.1935959796875 0.2558040265625 0.192303140625 0.2382893015625 0.1878365125 0.23330316562500003 0.1809459265625 0.23693111875 0.1812769234375 0.255445578125 0.1796875 0.2758538421875 0.1796875 0.34106334375 0.1807599140625 0.349076221875 0.18261622500000002 0.353125 0.19406636093750002 0.353125 0.1956419609375 0.3458865265625 0.1956419609375 0.298922759375 0.19532321875 0.29622848125 0.1920016671875 0.27435494843749997 0.1935959796875 0.2558040265625
1 0.338855709375 0.262604025 0.3383653984375 0.246942184375 0.3360997390625 0.2381081875 0.329765928125 0.23903746718750002 0.326046321875 0.24765968906250002 0.326188084375 0.2644625703125 0.32519611249999997 0.28469977812499997 0.3234375 0.2938268171875 0.3234375 0.3634482953125 0.32429101875 0.3640625 0.3296594765625 0.3640625 0.334151225 0.3592619703125 0.337369746875 0.34618596562500004 0.34102925625 0.3179542296875 0.3393897828125 0.2984367109375 0.33733643125 0.28230551875 0.338855709375 0.262604025
1 0.9530694890625 0.5390625 0.962934796875 0.512888590625 0.9638822171874999 0.507855690625 0.9638822171874999 0.4298125203125 0.9530779781250001 0.38845666093750003 0.953852434375 0.361491725 0.9612034984375001 0.3194345875 0.960597309375 0.29860125625 0.9518940796875001 0.280792159375 0.9460168609374999 0.2775430875 0.9364752046875001 0.2775430875 0.9331137703125 0.278329703125 0.9244779515625 0.289628075 0.9231647234375 0.324867140625 0.92732024375 0.36052060625000004 0.9249226687500001 0.3852838078125 0.9089475437499999 0.425648084375 0.903125 0.45040967343749994 0.903125 0.48591241093750004 0.9075266656250001 0.510768753125 0.9156759906249998 0.5390625 0.9530694890625 0.5390625
1 0.8265625 0.4439291609375 0.834230484375 0.471875 0.8374387500000001 0.471875 0.8410898859374999 0.46856100781250004 0.8448203890624999 0.43807952187500004 0.8361415359375 0.35688230781249997 0.8280505250000001 0.376726759375 0.8265625 0.3865430875 0.8265625 0.4439291609375
1 0.8558442203125001 0.25385922656250004 0.8457788984375 0.25704331406250003 0.8390625 0.270553 0.8390625 0.2750480484375 0.8425648015625 0.3211353578125 0.8440181453125 0.3234375 0.851059015625 0.3234375 0.863912784375 0.3163228640625 0.8671875 0.3054190078125 0.8671875 0.26903495 0.865086225 0.262661121875 0.8558442203125001 0.25385922656250004
1 0.9016107812499999 0.5390625 0.901303665625 0.5349828296875 0.8805790703125 0.462966428125 0.8804215031249999 0.43588309531249997 0.8894510703125 0.377054128125 0.8900444531249999 0.3448079625 0.887634040625 0.33321312187499996 0.8809297828125 0.32188885 0.868319209375 0.3146374265625 0.8639734890625 0.3146374265625 0.8465547828125001 0.319886734375 0.8392389625 0.33768362500000004 0.8370285375 0.360463784375 0.84437491875 0.415039975 0.8445627874999999 0.447331640625 0.8415468718750001 0.46589962968750004 0.8184729859375001 0.5270345515625 0.8167234859375 0.5390625 0.9016107812499999 0.5390625
1 0.7982317734375 0.5390625 0.7982317734375 0.416439465625 0.7845377171875001 0.38154580781249997 0.7820208875000001 0.354444290625 0.783884975 0.29832157812500004 0.7779291671874999 0.27842080625 0.7679643828125 0.2715837359375 0.7665361296875 0.2715837359375 0.754581903125 0.273196884375 0.7466321984375 0.28913360312499997 0.7570604609375 0.3788260421875 0.7453541046875 0.42743888124999996 0.74375 0.4586229734375 0.74375 0.4709263234375 0.7471490421875 0.49196766406250003 0.7595748953125 0.5276207203125 0.76427445625 0.5390625 0.7982317734375 0.5390625
1 0.68618944375 0.5390625 0.68618944375 0.501924253125 0.6620088890625 0.4545841484375 0.65754203125 0.4366024140625 0.6547389953125 0.3484024984375 0.650895521875 0.3284057796875 0.637325890625 0.3080755140625 0.634632428125 0.3062894875 0.6095186734375 0.3062894875 0.6055314390625 0.3083981421875 0.6 0.323165965625 0.6 0.34576819531249997 0.6033505171875 0.36667133125 0.61901590625 0.419779921875 0.6229544671875 0.46151493906249996 0.611118240625 0.510147928125 0.6103451671875 0.5390625 0.68618944375 0.5390625
1 0.5678465203125 0.5390625 0.5740980984374999 0.5145182296875 0.5928532515625 0.4666015625 0.594824928125 0.45201822968750005 0.595574228125 0.4332682296875 0.5859863937500001 0.3593098953125 0.590014778125 0.3291015625 0.6034341375000001 0.3082682296875 0.6041834375 0.28951822968749996 0.597298284375 0.2733723953125 0.5860046875 0.2681640625 0.5730795343749999 0.2733723953125 0.5644247171875 0.2884765625 0.564217553125 0.3197265625 0.569139015625 0.3551432296875 0.567794503125 0.3811848953125 0.5625 0.396958234375 0.5625 0.5390625 0.5678465203125 0.5390625
1 0.8088703734375 0.35162806562500004 0.79809718125 0.3115488734375 0.8026526390625 0.24994499218750002 0.798561846875 0.2412909546875 0.7869158328125 0.23871176562500002 0.7801176156249999 0.2457918890625 0.7796875 0.24738414375 0.7796875 0.2839748296875 0.781715175 0.311271340625 0.7796875 0.3259733078125 0.7796875 0.40210549375 0.7874047421875 0.421875 0.7961717875 0.421875 0.803897340625 0.397643334375 0.8083127375 0.375586396875 0.8088703734375 0.35162806562500004
1 0.7371439328125 0.4676505015625 0.7411873906249999 0.44343064375 0.7411873906249999 0.37122912812500003 0.7407194828125 0.36889675624999996 0.7259832015625 0.3268436453125 0.726180778125 0.2654535078125 0.7174138296875 0.2490689875 0.7061412703125 0.246875 0.7047157281249999 0.246875 0.6964569015625 0.2635480234375 0.703763459375 0.338684415625 0.6953125 0.37271124375000003 0.6953125 0.4143543171875 0.7099456875 0.47102154531249996 0.714785703125 0.471875 0.7310557953125001 0.471875 0.7371439328125 0.4676505015625
1 0.060945914062499995 0.5390625 0.062109373437500004 0.57185420625 0.0511718734375 0.608954875 0.0453125 0.6402389546875 0.0453125 0.711899021875 0.047526040625 0.7321242328124999 0.05325520625 0.7672760875 0.059281125000000004 0.78125 0.0843556046875 0.78125 0.0871093734375 0.7763383890625001 0.09700520625 0.7299845203124999 0.10221354062500002 0.6919912578125 0.1027343734375 0.667914153125 0.10013020624999999 0.6401515265625 0.088151040625 0.5874434390625 0.08450520624999999 0.561538725 0.08540805781250001 0.5390625 0.060945914062499995 0.5390625
1 0 0.5390625 0 0.7703125 0.008974718750000001 0.7703125 0.011220317187499999 0.7683144375 0.018309212499999998 0.7354831109375001 0.018309212499999998 0.6194725515624999 0.003703703125 0.5635664078125 0.0041408859375 0.5390625 0 0.5390625
1 0.126236684375 0.5390625 0.12780474375 0.5654106921875 0.114505671875 0.6275356015625 0.1125 0.6554610453125 0.1125 0.6726265031249999 0.11471238125000001 0.7062514265625 0.1256230578125 0.7589746625 0.1309885703125 0.773297728125 0.1318899234375 0.7734375 0.149747384375 0.7734375 0.149747384375 0.755051984375 0.141220996875 0.7042450406249999 0.13896695625 0.6625844328125 0.1445254125 0.6208783718750001 0.149747384375 0.5957866578125 0.149747384375 0.5390625 0.126236684375 0.5390625
1 0.038211075 0.5390625 0.03849321875 0.5562445312500001 0.023277621875 0.6257048484375 0.021875 0.641568940625 0.021875 0.6650744921875 0.0225968765625 0.6876812171875 0.0296316671875 0.7334459421874999 0.0360217265625 0.7578840375 0.04124571875 0.7625 0.051425651562499994 0.7625 0.05269916718749999 0.7607066109374999 0.0445580671875 0.7037701046875 0.044229467187499996 0.6472886234375 0.051799557812499994 0.60607698125 0.058945778125 0.5815016734375 0.061436820312499994 0.5622089046875 0.060374654687499994 0.5390625 0.038211075 0.5390625
1 0.15499610625 0.5390625 0.1579663765625 0.566510853125 0.1576960796875 0.57852364375 0.1482947421875 0.6347020640625 0.146875 0.655433990625 0.146875 0.67302486875 0.1501407796875 0.704085896875 0.16023442968749999 0.7560953406250001 0.1681458390625 0.7821667375000001 0.17093960625 0.784375 0.1903123578125 0.784375 0.1903123578125 0.6026987578125 0.185715596875 0.585647621875 0.1808698515625 0.5587230328125 0.18046023125 0.5390625 0.15499610625 0.5390625
1 0.2183586015625 0.5390625 0.22130408125 0.568386478125 0.21418505156249998 0.61099365625 0.2109375 0.651734134375 0.2109375 0.6637254203125 0.2131378453125 0.692763125 0.228536046875 0.75941520625 0.23471180625 0.7760517968749999 0.2392141 0.778125 0.254487859375 0.778125 0.254487859375 0.6011025953125 0.2452624140625 0.570482559375 0.24298752031249998 0.547288846875 0.243095634375 0.5390625 0.2183586015625 0.5390625
1 0.19056678437500002 0.5390625 0.19138941874999998 0.5498788140624999 0.1875 0.5819835703125 0.1875 0.6116041812499999 0.1933472203125 0.6350761203124999 0.1972535296875 0.6618552375 0.19799895625 0.705385878125 0.193311575 0.7592350546875 0.195844715625 0.765625 0.2124448640625 0.765625 0.21323794999999998 0.7634040265625 0.201456196875 0.698819540625 0.20015405625 0.671979809375 0.20373694531250003 0.6339077468750001 0.2141745078125 0.5812894046875 0.2141745078125 0.5489998390624999 0.21363325 0.5390625 0.19056678437500002 0.5390625
1 0.26334004375000003 0.5390625 0.2620266203125 0.5679254984375 0.2546875 0.5917195265624999 0.2546875 0.775 0.26651839375 0.775 0.272481765625 0.7716292046875 0.2763708375 0.7558884640625 0.2804358109375 0.7188514265625 0.295160690625 0.6660736484375 0.296831753125 0.639221796875 0.286354621875 0.569777353125 0.289779221875 0.5390625 0.26334004375000003 0.5390625
1 0.33290564375 0.5390625 0.332969753125 0.5622084484375 0.3203125 0.614041509375 0.3203125 0.653125 0.320749790625 0.653125 0.3330146984375 0.6385124328125 0.340414121875 0.6335431890625001 0.35247949218749997 0.6292815468749999 0.3654356734375 0.6314528687500001 0.36939580156249996 0.6289561171875 0.3681996703125 0.6132881515624999 0.3647046953125 0.606976478125 0.3572980625 0.5675497921875 0.3579611109375 0.5390625 0.33290564375 0.5390625
0 0.4057925578125 0.7773244078125 0.4057925578125 0.6999335656250001 0.3948804171875 0.6584042 0.380968653125 0.639962196875 0.3638816453125 0.6274402109375 0.351902475 0.627091653125 0.3401173171875 0.63229865 0.321263334375 0.658574625 0.314700928125 0.6717959625 0.30925928125 0.694762253125 0.3078125 0.7133502640625 0.3078125 0.7346002703125001 0.312269834375 0.766073703125 0.32154085625 0.7931680296875 0.3416021265625 0.8238137703125 0.3519486921875 0.8296875 0.37056024375 0.8296875 0.3881537859375 0.8159184359375 0.404910009375 0.7817190500000001 0.4057925578125 0.7773244078125
1 0.6407941078125 0.5390625 0.63662109375 0.54815406875 0.63662109375 0.5884318453125 0.64130859375 0.6314601296875 0.64052734375 0.684242453125 0.62490234375 0.7523889125000001 0.6234375 0.7673713937500001 0.6234375 0.8207423406250001 0.62412109375 0.835726790625 0.63115234375 0.884296996875 0.64208984375 0.9259000296875 0.6510442859375 0.9328125 0.6674677906250001 0.9328125 0.67138671875 0.9319795859375001 0.67802734375 0.9187465078124999 0.68427734375 0.82982125625 0.69443359375 0.7880955015625 0.68818359375 0.7436874171875 0.67412109375 0.69238034375 0.67255859375 0.62572276875 0.67646484375 0.5507000421875 0.6722904390625001 0.5390625 0.6407941078125 0.5390625
1 0.6782820453125 0.5390625 0.6801389437500001 0.54555719375 0.6778357828124999 0.627146440625 0.6799102343750001 0.671650084375 0.7068405906249999 0.78125 0.708157765625 0.78125 0.717531028125 0.7593074671875 0.717531028125 0.6708078687500001 0.7032533203125 0.6166000265625 0.70043803125 0.5734260703125 0.7008713359375001 0.5390625 0.6782820453125 0.5390625
1 0.7006508874999999 0.5390625 0.70073000625 0.552661921875 0.6977504546875 0.57788044375 0.6995311234375 0.6152711828124999 0.7139733953125 0.6795656140624999 0.7193529515625 0.7234375 0.7204179328125 0.7234375 0.729806434375 0.6836912703125 0.729806434375 0.632635784375 0.7140354999999999 0.5558998734375 0.714519203125 0.5390625 0.7006508874999999 0.5390625
1 0.5570294 0.5390625 0.5610702453125 0.5902372546875 0.5546875 0.6246003703125 0.5546875 0.668030240625 0.5653673859375 0.7110660453125 0.5710113765625 0.7707655421874999 0.5741246765625 0.775 0.5897228109375 0.775 0.5974526390625 0.7664443375 0.5987484390625 0.7561906203125 0.5987484390625 0.6319025140625 0.5860702453125001 0.5900918109375001 0.5822582328125 0.5664988796875 0.5825061625 0.5390625 0.5570294 0.5390625
1 0.5051164796875 0.5390625 0.5099905796875001 0.5805274078125 0.5111516046875 0.6458506859375 0.50135896875 0.7077591515625 0.5 0.7461203390625 0.5 0.772521384375 0.501868028125 0.7952591515625 0.51388575 0.8473305796874999 0.519024478125 0.8580430140624999 0.521563278125 0.859375 0.5441890796875 0.859375 0.5513776703125 0.84812581875 0.5597047703125 0.802793015625 0.5622199343750001 0.7558485562499999 0.5622199343750001 0.748227496875 0.5519705312500001 0.681550159375 0.5391877203125001 0.63221100625 0.5392771109375001 0.5390625 0.5051164796875 0.5390625
0 0.8010984499999999 0.9635051421874999 0.8250302062499999 0.922454325 0.8250302062499999 0.805638740625 0.817780275 0.784226365625 0.7962716671875001 0.751301778125 0.770847471875 0.7313638296875 0.7349667453125 0.7313638296875 0.7180414234375 0.7430778390625 0.6992569171875 0.7973114984375 0.6984375 0.805994734375 0.6984375 0.8689027250000001 0.7017866890625 0.9023886000000001 0.7088340953125 0.9237003859375001 0.735196146875 0.9694667265625 0.7494245906250001 0.9831286859375 0.759918290625 0.9859375 0.7659317140624999 0.9859375 0.795307853125 0.9843835890625 0.8010984499999999 0.9635051421874999