1 0.619921875 0.3361111109375 0.6171875 0.3423611109375 0.61953125 0.37847222187499996 0.61328125 0.403472221875 0.6125 0.42430555625000005 0.61796875 0.4548611109375 0.628125 0.4576388890625 0.634375 0.43263888906250003 0.63515625 0.41041666718750003 0.62734375 0.37013888906250003 0.63046875 0.3423611109375 0.627734375 0.3361111109375 0.619921875 0.3361111109375
0 0.5546875 0.621527778125 0.55859375 0.6423611109375 0.565234375 0.6541666671875 0.576171875 0.6666666671875 0.5859375 0.6659722218749999 0.603125 0.6395833328125 0.60625 0.6076388890625 0.594140625 0.5791666671875 0.580078125 0.5736111109375 0.55859375 0.5923611109375 0.5546875 0.621527778125
1 0.8536362859375 0.35286613125 0.85348361875 0.3390763625 0.8484252921875 0.334345796875 0.8419735984375001 0.33831444374999997 0.84020236875 0.3501874734375 0.84332736875 0.37102080625 0.83825146875 0.391229703125 0.83473361875 0.40852080625 0.83551486875 0.4279652515625 0.837258903125 0.44282206874999996 0.8419735984375001 0.4560508875 0.8523955875 0.45693280625000005 0.8566086187499999 0.4432430296875 0.8590954156249999 0.42518364374999995 0.85895236875 0.40852080625 0.8556214171875001 0.391229703125 0.85165115625 0.3744731953125 0.8536362859375 0.35286613125
1 0.88254796875 0.3603624671875 0.8826380015625 0.3422951140625 0.8783411265625001 0.3360451140625 0.8720911265625 0.3360451140625 0.8685755015625001 0.3422951140625 0.86890015 0.3594805421875 0.8709192515625 0.381184003125 0.8664187515625 0.40225371093750006 0.8631067515625 0.428406225 0.8685755015625001 0.456184003125 0.8728723765625 0.46521178125 0.8795130015625 0.465906225 0.8865442515625 0.44785066875 0.8887515296874999 0.42827037343749996 0.8881067515625001 0.41451733593749995 0.8852775328125 0.3978441046875 0.8802942515625001 0.3797951140625 0.88254796875 0.3603624671875
1 0.9117235609375 0.340895665625 0.9023485609374999 0.3395067765625 0.8980516859375 0.35131233125 0.8996141859375 0.3832567765625 0.8949550890625 0.407545234375 0.8929699578125 0.43885342187500004 0.8949550890625 0.456491846875 0.8989253515625 0.469720665625 0.911828771875 0.47104354375 0.9170397328125001 0.45164128124999997 0.91927303125 0.43003420937500003 0.9175829359375 0.41520122031250006 0.9121141859374999 0.38603455468750003 0.9136766859375 0.354090109375 0.9117235609375 0.340895665625
1 0.93824924375 0.33465621093750003 0.93356174375 0.33465621093750003 0.92926486875 0.34229509999999996 0.92770236875 0.3686839890625 0.93004611875 0.389517321875 0.92223361875 0.42423954375 0.9230148687499999 0.4534062109375 0.92926486875 0.4714617671875 0.94371799375 0.4693784328125 0.94957736875 0.44229510000000005 0.94957736875 0.41729510000000003 0.94176486875 0.38535065625 0.94410861875 0.3464617671875 0.93824924375 0.33465621093750003
1 0.9748536046874999 0.3546299765625 0.9748623203125 0.339826271875 0.9706352078125 0.3339048375 0.9627529453125 0.3349651609375 0.9592206531249999 0.3449288453125 0.9607095171875001 0.36521303125000004 0.9592373203125 0.38565960625 0.9529873203125 0.41760405 0.9529873203125 0.44399293906250004 0.9588466953125 0.471076271875 0.9741091703125001 0.4719254609375 0.9787685703125 0.4564929390625 0.981305296875 0.43400285624999996 0.9785757343749999 0.4119548421875 0.9746054703125001 0.39034776875 0.9743573375000001 0.370063590625 0.9748536046874999 0.3546299765625
1 0.9842005015625 0.42840621093750003 0.9904505015625 0.46035065625 0.999915978125 0.46222433125 0.9996678125 0.3339048375 0.9947473765625 0.3318784328125 0.9904505015625 0.34229509999999996 0.9935755015625001 0.37840621093750004 0.9865442515625 0.402017321875 0.9842005015625 0.42840621093750003
1 0.32265625 0.36319444375 0.319921875 0.34722222187499996 0.312890625 0.34722222187499996 0.30859375 0.3548611109375 0.3085994359375 0.3722051 0.31015625 0.3951388890625 0.3073359453125 0.40981373750000005 0.3046875 0.42430555625000005 0.3035454703125 0.4378798953125 0.30546875 0.45208333281249996 0.309765625 0.47361111093749997 0.31953125 0.47430555625000004 0.325 0.4604166671875 0.3269201515625 0.4457384125 0.3256566171875 0.43114402187499995 0.3240772625 0.4165496125 0.3218661421875 0.3918514 0.32265625 0.36319444375
1 0.3547170125 0.3475068875 0.348046875 0.34027777812500004 0.34375 0.3451388890625 0.3421875 0.35625 0.3446090796875 0.371643778125 0.34375 0.3895833328125 0.341766190625 0.41374300625 0.340625 0.44375 0.345703125 0.46666666718750005 0.3546875 0.4673611109375 0.36015625 0.45208333281249996 0.3610345140625 0.425530790625 0.3609375 0.41180555625000004 0.35625 0.3854166671875 0.35629640937499996 0.36210129687500003 0.3547170125 0.3475068875
1 0.3910425375 0.38511552656250003 0.38819965 0.35985599375 0.38788378749999997 0.34133234375 0.380859375 0.3375 0.3765625 0.3423611109375 0.3758805953125 0.35985599375 0.378125 0.37847222187499996 0.3755646890625 0.40027125625000004 0.3734375 0.42569444375 0.374932965625 0.44180914531250004 0.37890625 0.4576388890625 0.3890625 0.4604166671875 0.3919901671875 0.4535969296875 0.39293775468750003 0.44405444843749997 0.3945171515625 0.427776075 0.39293775468750003 0.41542696875 0.3916742625 0.3997099359375 0.3910425375 0.38511552656250003
1 0.24100243593749998 0.36659186875 0.24163418281250001 0.34975219218750003 0.23815956875 0.34133234375 0.231842090625 0.3407710140625 0.22931510624999998 0.34975219218750003 0.22836747656249998 0.365469225 0.22931510624999998 0.38511552656250003 0.2267881015625 0.40139389999999997 0.22457697968749998 0.4210402015625 0.227419846875 0.449106359375 0.23026271406249998 0.4620167859375 0.23671875 0.46875 0.2421875 0.46458333281249997 0.24453125 0.45347222187499997 0.246056425 0.43451195 0.2453125 0.41041666718750003 0.24140625 0.38680555625 0.24100243593749998 0.36659186875