1 0.359375 0.1897221296875 0.35196570625 0.1383375421875 0.358777953125 0.059225425 0.354055615625 0.0514978953125 0.343118115625 0.05130698125000001 0.3383659265625 0.052614048437500005 0.3351463875 0.0629829875 0.334061646875 0.1366350109375 0.32479108437500004 0.1692096484375 0.32479108437500004 0.2890625 0.347217071875 0.2890625 0.35883281562499997 0.2427087640625 0.359375 0.23679280781249998 0.359375 0.1897221296875
1 0.58125 0.2185796734375 0.58125 0.208120703125 0.5708236031249999 0.1494552171875 0.5771830296875 0.08006531875 0.5550144375 0.0775933390625 0.5537654796875 0.14637743125 0.542498265625 0.18724305624999998 0.542498265625 0.2891297265625 0.5435894296875 0.29771177187500003 0.54531753125 0.3 0.5663763875 0.3 0.5669622406249999 0.2995097640625 0.57535195 0.270465828125 0.58125 0.2185796734375
1 0.646875 0.24914007656249998 0.646875 0.1674475453125 0.637150053125 0.1271167140625 0.63798785625 0.07680304375 0.6280073984375 0.07680304375 0.6181091593750001 0.07864726250000001 0.6199867921875001 0.1326863828125 0.607109559375 0.20321496562500002 0.6096633984375 0.239134759375 0.6168966546875 0.273283025 0.6210219109375 0.2828125 0.6303869546875001 0.2828125 0.6427021453125 0.2753451859375 0.646875 0.24914007656249998
1 0.5109375 0.21317304531249998 0.50529995625 0.165185265625 0.5109375 0.1051155484375 0.5109375 0.08126839999999999 0.51038308125 0.07974585 0.49319558125 0.0787447890625 0.48943765937499994 0.0945577546875 0.4909408 0.1322852671875 0.48715319843750005 0.1669164828125 0.4791108296875001 0.1940815453125 0.4791108296875001 0.237304528125 0.4935416 0.24465960468749998 0.506780875 0.2734375 0.5092739484375001 0.2734375 0.5109375 0.2403801375 0.5109375 0.21317304531249998
1 0.45234375 0.11319444375000001 0.44921875 0.09375 0.444140625 0.0861111109375 0.434765625 0.0875 0.428125 0.1020833328125 0.43046875 0.178472221875 0.41640625 0.24375 0.41640625 0.27430555624999997 0.42265625 0.32569444375 0.427734375 0.3375 0.4390625 0.33819444375 0.44375 0.33541666718749996 0.4421875 0.30763888906250003 0.44609375 0.2770833328125 0.46171875 0.23958333281250002 0.4484375 0.18402777812499999 0.45234375 0.11319444375000001
1 0.38046875 0.165972221875 0.37109375 0.20208333281250002 0.36640625 0.2520833328125 0.378125 0.31736111093749997 0.39296875 0.321527778125 0.40234375 0.3145833328125 0.41328125 0.25347222187499996 0.40703125 0.19375 0.3984375 0.16319444375 0.40078125 0.08541666718749999 0.395703125 0.07638888906249999 0.382421875 0.07638888906249999 0.37734375 0.0923611109375 0.38046875 0.165972221875
1 0.39921875 0.1576388890625 0.41015625 0.2104166671875 0.41328125 0.24930555625 0.4109375 0.27569444375 0.41484375 0.27569444375 0.4171875 0.23263888906250002 0.42734375 0.19097222187500001 0.4234375 0.16319444375 0.4140625 0.1298611109375 0.415625 0.07986111093750001 0.402734375 0.07638888906249999 0.4 0.07986111093750001 0.40234375 0.10625 0.39921875 0.1576388890625
1 0.47421875 0.19513888906250001 0.4625 0.14791666718750002 0.465625 0.07986111093750001 0.444140625 0.07638888906249999 0.44140625 0.08541666718749999 0.4484375 0.0895833328125 0.45234375 0.11319444375000001 0.44921875 0.17986111093749999 0.4625 0.24236111093749999 0.4765625 0.2298611109375 0.47421875 0.19513888906250001
1 0.53828125 0.196527778125 0.52578125 0.13263888906250001 0.52734375 0.078472221875 0.516796875 0.07638888906249999 0.5125 0.078472221875 0.51171875 0.165972221875 0.521875 0.22152777812500002 0.52265625 0.2770833328125 0.525 0.28125 0.5359375 0.24097222187499998 0.53828125 0.196527778125
0 0.510546875 0.2513888890625 0.496484375 0.2375 0.476171875 0.23472222187499997 0.462890625 0.24444444375000002 0.45234375 0.2604166671875 0.4453125 0.28125 0.4421875 0.3104166671875 0.44453125 0.334027778125 0.457421875 0.365277778125 0.477734375 0.384722221875 0.4859375 0.384027778125 0.505078125 0.3708333328125 0.515625 0.3548611109375 0.52421875 0.3201388890625 0.52421875 0.29375 0.51953125 0.2701388890625 0.510546875 0.2513888890625
1 0 0.8455201515624999 0.0109375 0.8451388890625001 0.01640625 0.83819444375 0.02265625 0.8118055562500001 0.03203125 0.7201388890625 0.028125 0.6826388890625 0.01328125 0.61319444375 0.01953125 0.49791666718750005 0.01640625 0.48541666718750004 0.001171875 0.46527777812500004 0 0.46944444531249996 0 0.8455201515624999
1 0.05625 0.5076388890625 0.049609375 0.4875 0.038671875 0.48055555625 0.031640625 0.4861111109375 0.0234375 0.5076388890625 0.028125 0.59375 0.02109375 0.64375 0.03203125 0.7090277781250001 0.03203125 0.7423611109375 0.025 0.784027778125 0.0234375 0.8145833328125001 0.027734375 0.8194444437499999 0.04140625 0.8201388890625001 0.05234375 0.815972221875 0.0515625 0.734027778125 0.06328125 0.66180555625 0.0515625 0.61180555625 0.05625 0.5076388890625
1 0.1125 0.8895833328125 0.125 0.815972221875 0.128125 0.7895833328125 0.128125 0.73680555625 0.12421875 0.7020833328125 0.1171875 0.684027778125 0.10625 0.621527778125 0.11328125 0.48402777812500003 0.104296875 0.4611111109375 0.093359375 0.45277777812500003 0.079296875 0.4625 0.0703125 0.48680555625000005 0.07109375 0.5298611109375 0.0765625 0.5770833328125 0.0765625 0.6229166671874999 0.05546875 0.7104166671875 0.0515625 0.78680555625 0.0546875 0.8298611109374999 0.06640625 0.8951388890625 0.076953125 0.9041666671874999 0.10390625 0.903472221875 0.1125 0.8895833328125
1 0.184765625 0.4875 0.17421875 0.49791666718750005 0.171875 0.621527778125 0.1890625 0.7118055562500001 0.18828125 0.75625 0.17890625 0.8145833328125001 0.1921875 0.8173611109374999 0.19921875 0.8131944437499999 0.2078125 0.7743055562500001 0.2125 0.74375 0.21328125 0.696527778125 0.196875 0.61180555625 0.2015625 0.5104166671875 0.194921875 0.49305555625 0.184765625 0.4875
1 0.1578125 0.7923611109375 0.1609375 0.73819444375 0.15703125 0.690972221875 0.14140625 0.6201388890625 0.1453125 0.4923611109375 0.14296875 0.48125 0.128515625 0.4625 0.116015625 0.475 0.11328125 0.48402777812500003 0.1109375 0.5423611109375 0.11328125 0.6201388890625 0.1109375 0.640972221875 0.128125 0.73125 0.12734375 0.8048611109374999 0.1171875 0.86319444375 0.122265625 0.8708333328125001 0.13671875 0.8701388890625001 0.1421875 0.86875 0.15 0.840972221875 0.1578125 0.7923611109375
1 0.168359375 0.48472222187499997 0.157421875 0.477777778125 0.14609375 0.4895833328125 0.14375 0.63125 0.1578125 0.696527778125 0.1609375 0.7256944437499999 0.16015625 0.7770833328125001 0.1515625 0.83819444375 0.16953125 0.840972221875 0.17578125 0.83125 0.18515625 0.78125 0.1890625 0.721527778125 0.18671875 0.69375 0.17109375 0.6145833328125 0.17421875 0.49930555625000006 0.168359375 0.48472222187499997