1 0.1406624234375 0.38108786562499997 0.16029261875 0.45909746875 0.1672290453125 0.4723941890625 0.17045999843749998 0.4734375 0.187410909375 0.4734375 0.187410909375 0.2652821140625 0.18436501249999998 0.257028803125 0.17830465625 0.2305717296875 0.1724339453125 0.177766678125 0.1735944828125 0.125084359375 0.17054575156250001 0.09729294375 0.162374578125 0.07842703125 0.15187820624999998 0.0740830859375 0.138155828125 0.0780042921875 0.13125 0.100099046875 0.13125 0.1033107265625 0.1333096046875 0.1285419125 0.1444346859375 0.188373228125 0.14794928125 0.23142878437499997 0.1450510296875 0.23415201562500002 0.144962390625 0.252180296875 0.1366448609375 0.2936424125 0.13513183281250002 0.33244948124999996 0.1406624234375 0.38108786562499997
1 0.2628400109375 0.197297625 0.25655589375 0.1771341515625 0.25218216875 0.06504854843749999 0.2469392875 0.049474775 0.2381602359375 0.0403012984375 0.22647249062500002 0.0403012984375 0.22634909531249997 0.040326295312499996 0.2203125 0.0513143703125 0.2203125 0.0758886 0.23106984531250002 0.1696842109375 0.2203125 0.2351146140625 0.2203125 0.28009116093749997 0.225200121875 0.31548564218749997 0.2395571140625 0.37314048125 0.251387234375 0.3859375 0.2628400109375 0.3859375 0.2628400109375 0.197297625
1 0.31260184375 0.1348880421875 0.3124435546875 0.035069898437500004 0.3055606328125 0.0189271859375 0.2998248703125 0.01460139375 0.2883731328125 0.018427081249999998 0.2813715609375 0.03693839375 0.28994559375 0.13422881250000002 0.2765625 0.2093140328125 0.2765625 0.217432609375 0.2786719359375 0.250349909375 0.288818325 0.29916560937500003 0.296057265625 0.3208638765625 0.3019006859375 0.3234375 0.31817170156249996 0.3234375 0.318585996875 0.323035375 0.318585996875 0.15741551250000002 0.31260184375 0.1348880421875
1 0.338786390625 0 0.3322618890625 0.0166406625 0.3381917046875 0.10003766249999999 0.325 0.16697353125 0.325 0.17142790937500002 0.33740575625 0.263544546875 0.34389195625 0.271875 0.3589139984375 0.271875 0.36325979531249997 0.26598394375 0.363909771875 0.26220076875 0.363909771875 0.1268188375 0.3587225703125 0.10503199999999999 0.36002294687499997 0.0108422234375 0.35518015625 0.000250471875 0.35477239531250004 0 0.338786390625 0
1 0.0726028484375 0.348031034375 0.08352749375 0.381514371875 0.0920198375 0.39137296093749996 0.10399707656249998 0.3921875 0.105130434375 0.3921875 0.105130434375 0.209286434375 0.0927896765625 0.168048221875 0.0897032453125 0.06811640625 0.0826298609375 0.05065301875 0.0734726640625 0.0421875 0.0734172734375 0.0421875 0.0598764921875 0.0488686640625 0.0578125 0.055378209375 0.0578125 0.0810649171875 0.0686637609375 0.1801118453125 0.059461575 0.238213353125 0.0590559515625 0.2770476953125 0.061585371874999996 0.30206133125 0.0726028484375 0.348031034375
1 0 0.325 0.007678123437499999 0.325 0.0134648140625 0.3156103046875 0.024676534375 0.26663531875 0.028954124999999997 0.21659893437500002 0.027480173437499998 0.1931333703125 0.0158371171875 0.136916675 0.0241980578125 0.039621678125 0.01711181875 0.0240315203125 0.0047089390625 0.023224828125 0 0.031903521875 0 0.325
1 0.1172814328125 0.170434059375 0.10306390781250001 0.1081252734375 0.1041011875 0.0178565828125 0.0989462984375 0.0046325953125 0.08720330781249999 0.00039775312500000003 0.0796875 0.00996861875 0.0796875 0.045735578124999995 0.08879131875 0.0719323484375 0.0898230609375 0.1149924484375 0.0867384609375 0.1219187109375 0.085410290625 0.1621874 0.1064504015625 0.259375 0.10779816093750001 0.259375 0.1172814328125 0.22030003125 0.1172814328125 0.170434059375
1 0.231319825 0.1398291625 0.2298318546875 0.1259797828125 0.22434594687499998 0.1076739046875 0.2205790734375 0.0646183484375 0.2271417859375 0.0463940265625 0.231319825 0.0429452171875 0.231319825 0.018245475 0.22797556874999997 0.007086050000000001 0.221586959375 0.0004787375 0.2214665 0.0004787375 0.2100936625 0.002487371875 0.2078125 0.009251228125 0.2078125 0.04027154375 0.21616891093750001 0.1030065875 0.2078125 0.1565758546875 0.2078125 0.19161917343749998 0.21026487343750003 0.213116403125 0.22103210468749998 0.25 0.2215638984375 0.25 0.231319825 0.19702049375 0.231319825 0.1398291625
1 0.1323897515625 0.173754884375 0.1265625 0.1940299359375 0.1265625 0.2414625484375 0.13183122187500002 0.22212919687500002 0.13684449062499998 0.171345953125 0.1323897515625 0.173754884375
1 0.1640625 0.1749157453125 0.1640625 0.1845016234375 0.16667246093750002 0.22831814375 0.17779888125 0.26875 0.17828292968749998 0.26875 0.18105808437499998 0.25865035000000003 0.18105808437499998 0.2137987328125 0.17643799843750002 0.1876584203125 0.167406415625 0.15947265625 0.1640625 0.1749157453125
1 0.16630859375 0.06866319374999999 0.16552734375 0.0338772 0.15592254375 0.01875 0.1537754265625 0.01875 0.14248046875 0.02019034375 0.1375 0.0307212921875 0.1375 0.0725773546875 0.14091796875 0.0756183546875 0.15263671875 0.0724082796875 0.16106319062500002 0.0796875 0.162773315625 0.0796875 0.16630859375 0.06866319374999999
1 0.7383736828125 0.2140625 0.7676126546875001 0.212862884375 0.7676126546875001 0.1408996796875 0.75890346875 0.11057795937499999 0.7589426343750001 0.0537153359375 0.757015275 0.030104225000000002 0.7531028421875 0.025181748437500002 0.7426904640625 0.025 0.7319379328125001 0.025 0.73125 0.026802456250000002 0.73125 0.0489012875 0.7397123406249999 0.1144037078125 0.73125 0.1918563390625 0.73125 0.20658190312500002 0.7321368953125 0.2127420828125 0.7350992749999999 0.2140625 0.7383736828125 0.2140625
2 1 0.2174786265625 0.528125 0.2174786265625 0.528125 0.22483480312499998 0.53577599375 0.2849464484375 0.6463664687499999 0.27608047812500003 1 0.30994808749999997 1 0.2174786265625
1 0.31892902031250003 1 0.32500132187499997 0.981158284375 0.32500132187499997 0.8364060015625 0.309468965625 0.8089657421875 0.32181511875 0.7261616921874999 0.3190146296875 0.69415195 0.29384479531249996 0.675101521875 0.2863008421875 0.675101521875 0.275421525 0.6802495328125 0.25491472187499997 0.6900423859375 0.2642468453125 0.7967090531250001 0.2328125 0.8505527453124999 0.2328125 0.891583915625 0.237078515625 0.9403447 0.2708459546875 1 0.31892902031250003 1
1 0.0852771515625 0.5796875 0.081066753125 0.5903279859375 0.095651903125 0.6794755125 0.071875 0.7377343125 0.071875 0.75909455 0.08712813750000001 0.828125 0.0925047203125 0.828125 0.1243386984375 0.815613009375 0.15940199375 0.824301365625 0.15940199375 0.7218864625 0.1403811609375 0.685213159375 0.1424175125 0.5796875 0.0852771515625 0.5796875
1 0 0.9984375 0.0139235328125 0.9984375 0.027523681249999998 0.9662317 0.029824796874999997 0.9583196171875 0.029824796874999997 0.86659018125 0.0214139484375 0.8455336250000001 0 0.8034184515625 0 0.9984375
1 0.366389640625 0.5796875 0.3583787390625 0.5927886078125 0.3604107296875 0.6638034562499999 0.321875 0.7459412921874999 0.321875 0.8159372218750001 0.34829267656249996 0.8726147734375 0.3852046546875 0.875 0.38611060468749997 0.875 0.41875 0.8069165343750001 0.41875 0.7214824265625 0.41773924375 0.71405529375 0.3996850765625 0.665937340625 0.4169943359375 0.5860165390625001 0.41160643124999996 0.5796875 0.366389640625 0.5796875
1 0.1895895765625 1 0.1895895765625 0.9984440187499999 0.1595292109375 0.9555893359375001 0.1579194609375 0.8361589625000001 0.130317525 0.812766390625 0.1215388828125 0.812766390625 0.08680835 0.8316019546875 0.11064032187499999 0.95245639375 0.088693159375 1 0.1895895765625 1
1 0.8276827359375 1 0.822449384375 0.9846303109375001 0.8161581578125 0.9521592671875 0.8147907984374999 0.8716946203125 0.8113304875 0.842046809375 0.8085669093749999 0.8336771125 0.8006664578125001 0.82290623125 0.7891817359375001 0.8187431374999999 0.7863547796875 0.8187431374999999 0.7789426234375 0.8243762546875001 0.775 0.8371789109375 0.775 0.8747623375 0.7858577515625 0.9377612718750001 0.7886543093749999 0.9720205312499999 0.7847104218750001 1 0.8276827359375 1
1 0.7510579625 1 0.7478911015625 0.9852827203124999 0.7456000015625 0.9354405859374999 0.7470009578125 0.89231673125 0.7436448437500001 0.8598698562500001 0.73758020625 0.84377391875 0.728494690625 0.831588115625 0.7267701640625 0.8307245609375 0.7081086703125 0.8307245609375 0.7011218734375 0.841011271875 0.6984375 0.856906853125 0.6984375 0.862986315625 0.7020587125000001 0.899028875 0.7091416687500001 0.9326779406250001 0.7161202687499999 0.9828752703125 0.71595648125 1 0.7510579625 1