1 0.17120717968750002 0 0.1716122578125 0.004688121875 0.169945690625 0.058343310937500004 0.149759059375 0.136149459375 0.1479170921875 0.1495518015625 0.1479170921875 0.2129722109375 0.15803877187499998 0.27549925625 0.16104525625 0.28582999062500003 0.164788196875 0.290625 0.1913966078125 0.290625 0.1959949640625 0.282825659375 0.2108224265625 0.21773989062500002 0.2125 0.199193965625 0.2125 0.13286373906249999 0.1975283109375 0.0614808453125 0.1980131453125 0.019814178125 0.20044551249999998 0 0.17120717968750002 0
1 0.247270778125 0 0.24944996718749998 0.01704775625 0.2498817109375 0.0364497546875 0.238166884375 0.107971640625 0.2389197453125 0.138463528125 0.2419259625 0.1644319015625 0.2590971515625 0.233438528125 0.2669742953125 0.2421875 0.278125 0.2421875 0.278125 0.0485994421875 0.27561303125 0.0402674265625 0.27319781249999997 0.015246203125 0.27340454375 0 0.247270778125 0
1 0.2896372453125 0 0.2891844 0.0080849078125 0.285664996875 0.02560475 0.2798757921875 0.0419595234375 0.2798757921875 0.203125 0.29351593125000003 0.203125 0.2953382046875 0.2014413921875 0.3111803328125 0.14813782343749998 0.31742071250000004 0.09728465 0.31031181874999997 0.0116083921875 0.31212952031249996 0 0.2896372453125 0
1 0.00512155625 0 0.0062249265625 0.0113491921875 0.0066451421875 0.035423265625 0.002490990625 0.0656236234375 0 0.0748652828125 0 0.13891504999999998 0.0114410953125 0.146288478125 0.02053769375 0.160848296875 0.0310252671875 0.180599371875 0.04090380625 0.2171875 0.0515625 0.2171875 0.0515625 0.13742525156250002 0.0327837796875 0.042952140625 0.033651309375 0.003255725 0.034150264062500005 0 0.00512155625 0
1 0.08525784374999999 0 0.091548953125 0.0672132328125 0.07456447968749999 0.16853169375 0.07429771874999999 0.21753303281249997 0.0788617875 0.26017411562500004 0.09881956875 0.3438590015625 0.10391979375 0.35 0.13125 0.35 0.13125 0.09624871562500001 0.12470348125 0.08277964531250001 0.12930013906249999 0.06346854843750001 0.1226357234375 0.038347321875 0.1220964328125 0.0290880625 0.12377542500000001 0 0.08525784374999999 0
1 0.0354701015625 0 0.0343205703125 0.01946548125 0.0352259234375 0.04539140625 0.052040304687500004 0.1098745203125 0.0588618515625 0.1711766328125 0.0621803125 0.184375 0.0625 0.184375 0.0625 0.035391903125 0.056425398437499996 0.0120447078125 0.0556073515625 0 0.0354701015625 0
0 0 0.35 0.0361578234375 0.35 0.0390625 0.34706436093750004 0.0390625 0.21742828281249998 0.0322325828125 0.19422533749999998 0.020130689062500002 0.16947991093749998 0.00705015625 0.151709234375 0 0.14517959062500002 0 0.35
1 0.8177515468750001 0 0.8177515468750001 0.06444259375 0.8287032078125 0.13344873125 0.8321284015625 0.1359375 0.863054834375 0.1359375 0.8654542796874999 0.13238115625 0.8778356390625 0.0759825203125 0.88125 0.04862165 0.88125 0 0.8177515468750001 0
0 0.9025420734375 0 0.9060125921874999 0.036231878125 0.9294155875000001 0.09326179999999999 0.9427450656249998 0.103125 0.9765545671875 0.103125 0.9871228453124999 0.0942285890625 0.9921875 0.0828119609375 0.9921875 0 0.9025420734375 0
1 0 0.35 0 1 0.0147603265625 1 0.0165009953125 0.9914951734375 0.0328125 0.8506581515625001 0.0328125 0.729465790625 0.0300371 0.6880687156249999 0.0116396703125 0.5494126500000001 0.011775285937500001 0.49250190937500005 0.0139987453125 0.437186228125 0.0194149375 0.3790236171875 0.019752657812499998 0.35 0 0.35
1 0.07330665625 0.35 0.0714962078125 0.3723518765625 0.0769411515625 0.4442081640625 0.08855674531249999 0.5282549578125 0.0967558640625 0.622609225 0.08596253125 0.7848392671875 0.0857222765625 0.837062909375 0.09098121249999999 0.91338876875 0.100523246875 0.9839196156250001 0.10376981406250001 1 0.134375 1 0.134375 0.62946428125 0.13220503125 0.6195765171875001 0.12679179062499998 0.5342900671875 0.1235063578125 0.4147654921875 0.11882376406249999 0.36681840781249997 0.11462293125 0.35 0.07330665625 0.35
1 0.1946196859375 1 0.1990112375 0.9413290140624999 0.19776244062499998 0.8467051874999999 0.18819656406250002 0.7052514515625 0.19369554375 0.6378861812500001 0.2086499828125 0.5258129046875 0.2140625 0.459506815625 0.2140625 0.41401658750000003 0.2106582296875 0.394521621875 0.2037410890625 0.382269884375 0.19305505625 0.3773929 0.17907928125 0.3934188609375 0.1654556375 0.434228128125 0.159796940625 0.49708399999999997 0.15620492187499999 0.638078253125 0.1495686296875 0.7129101734375001 0.1466201921875 0.7258676375 0.1466201921875 1 0.1946196859375 1
1 0.3703125 1 0.3703125 0.9618078578125001 0.352517075 0.8583701093750001 0.34441704687499997 0.7951956171875 0.345198446875 0.681508946875 0.35090830156249997 0.5844823515625001 0.3501244359375 0.51711708125 0.3456177828125 0.4914964140625 0.3377162046875 0.46798185937500003 0.32489301406250004 0.45100009375 0.3175245921875 0.45069985468749996 0.30606758125 0.460707090625 0.2992148953125 0.4821241609375 0.294282703125 0.5103528171875 0.2945576734375 0.5791936468750001 0.3041420765625 0.7247249140625 0.3045564 0.8055417921875 0.298376225 0.8621492234375001 0.2884247453125 0.9111215078124999 0.2779964703125 1 0.3703125 1
1 0.46875 1 0.46875 0.408225790625 0.46347729531250004 0.38944368906250004 0.4506548546875 0.37329280468750003 0.4429311796875 0.37329280468750003 0.4368159140625 0.375975696875 0.4305841453125 0.3868532453125 0.4243912109375 0.41199833281250003 0.422363625 0.440656028125 0.4255024890625 0.494548240625 0.439058275 0.609419196875 0.44490322187500003 0.7007059046874999 0.42940541874999993 0.8698419874999999 0.428588984375 0.946495840625 0.43085277031249997 0.9944306828125 0.4314442875 1 0.46875 1
1 0.41306217968750003 0.35 0.413627146875 0.36617856406250004 0.42076516249999996 0.4501824640625 0.4246026515625 0.4697722171875 0.42633132968750004 0.5042247984375 0.423737825 0.565409034375 0.41224213593750003 0.6576229265625 0.40696122968750004 0.7321515406250001 0.4092020234375 0.8264200234375 0.4135587296875 0.8759284515625 0.4178587484375 0.9 0.418622425 0.9 0.42097587968749994 0.8926743109374999 0.4237226578125 0.850929709375 0.440704815625 0.70512384375 0.4375682171875 0.6153034828124999 0.42685764531250003 0.504246246875 0.4245051984375 0.4368809765625 0.42698349843749994 0.417548571875 0.43612270937500003 0.38578113593749996 0.44686168125 0.377249459375 0.453125 0.3783478 0.453125 0.35 0.41306217968750003 0.35
1 0.2890000484375 0.9096672578125 0.29207465 0.9234375 0.292479803125 0.9234375 0.3 0.8667094296875 0.3 0.70131029375 0.2976788390625 0.6944120187499999 0.29150808437500003 0.7372665625 0.286503515625 0.810815859375 0.2890000484375 0.9096672578125
1 0.3475657890625 0.649962575 0.3436184203125 0.6581961078124999 0.34203947343749996 0.6956212578125001 0.3415131578125 0.8034056890624999 0.36309210468750003 0.9501122750000001 0.36730263124999996 0.9620883234375001 0.3709868421875 0.9007110781249998 0.3699342109375 0.8258607781249999 0.3636184203125 0.7569985031249999 0.3475657890625 0.649962575
1 0.3037212171875 0.35 0.3009868421875 0.367776946875 0.3004605265625 0.41867515 0.30309210468750003 0.45909431093749997 0.3049342109375 0.4628368265625 0.311776315625 0.45086077812500003 0.32440789531249997 0.44786676718749996 0.33493421093750003 0.4598428140625 0.34519736875 0.4845434125 0.34835526250000004 0.46059131718749996 0.3504605265625 0.4052020953125 0.3499342109375 0.3692739515625 0.3472989765625 0.35 0.3037212171875 0.35
1 0.19243135 0.35 0.1925657890625 0.3587949109375 0.19493421093750002 0.3745134734375 0.2065131578125 0.380501496875 0.21230263124999998 0.38948353281250003 0.21888157968750002 0.40819610781249993 0.2230921046875 0.435142215625 0.22151315781249997 0.5474176640625 0.21835526249999998 0.5698727546875 0.21519736875 0.6926272453125 0.24098684218750002 0.8692739515625 0.24625 0.9336452093750001 0.2499342109375 0.9246631734375 0.25519736875 0.8722679640625 0.25835526249999996 0.7719685625 0.2541447375 0.7001122750000001 0.2325657890625 0.5474176640625 0.2325657890625 0.46657934062499995 0.2383552625 0.367776946875 0.23855057500000001 0.35 0.19243135 0.35
1 0.46875 0.8872457296875 0.4699042015625 0.8890625 0.5029016765625001 0.8890625 0.5201955765624999 0.8309506531250002 0.5234375 0.7828265734375 0.5234375 0.7691432453125 0.5039329046875001 0.6830546843749999 0.510118253125 0.5729888781250001 0.489907315625 0.5536552218749999 0.47245099531249996 0.5785914234374999 0.476155128125 0.6817609125 0.46875 0.7071871062499999 0.46875 0.8872457296875
1 0.58449005 0.9015625 0.6015625 0.9015625 0.6015625 0.7141516703125 0.5951845625 0.6953244359375 0.5915432109375 0.5827790765625 0.5813490765625 0.566481515625 0.56645746875 0.563431315625 0.55522405 0.576412359375 0.553256146875 0.5934360625 0.5659585234375 0.696576978125 0.550993784375 0.75705253125 0.552368915625 0.8181938796875 0.5748376828125 0.8997420343750001 0.58449005 0.9015625
1 0.6703125 0.5911715296875 0.6639868015625 0.57537400625 0.6494809874999999 0.572409484375 0.633491346875 0.59765976875 0.6295901484375 0.705674084375 0.6145599390625 0.743684146875 0.6145599390625 0.9125 0.6403732484375 0.9125 0.6615034203125 0.8567245124999999 0.6701733296875 0.790662159375 0.6583682890625 0.6943892046875 0.6703125 0.6029553625 0.6703125 0.5911715296875
1 0.76875 0.8887566187499999 0.76875 0.770554634375 0.7543831421875 0.716724821875 0.7579731953125 0.6041794625 0.7454758734375 0.58284678125 0.7307699921874999 0.5822475625 0.71884306875 0.6099344859375 0.7264057265625 0.6984361015625 0.7061620859375 0.783354875 0.7052981328125 0.8494647671875001 0.7224935953125 0.9236599765625 0.7325056249999999 0.9265625 0.7603439046875 0.9265625 0.76875 0.8887566187499999
1 0.8557516015625 0.915625 0.8733729296875001 0.9137928546874999 0.8734375 0.9135271203125 0.8734375 0.739497234375 0.8625873765625001 0.7004623921875 0.8628421781250001 0.5922385796875 0.8544185859375 0.5742844859374999 0.8410027734375 0.569162984375 0.8369009265624999 0.569162984375 0.8234837359375 0.5920716500000001 0.8343813375 0.6947273203125001 0.816359134375 0.7793930203125 0.8172947078125 0.8236058359375 0.8386309437499999 0.908438459375 0.8455550781250001 0.915625 0.8557516015625 0.915625
1 0.9572077374999999 0.9046875 0.9703125 0.8642486390624999 0.9703125 0.7507027953125001 0.9557590156250001 0.6947691640625 0.9604553390625 0.5898722765625 0.9511047609375 0.5683579515625 0.9395812890624999 0.56258928125 0.9266377421875 0.5689516921875001 0.9196056625000001 0.5867768703125 0.9262189062499999 0.6851875375 0.9063461015625001 0.7620092953125 0.9057388828124999 0.820709009375 0.9217282265625 0.8953527703125002 0.9290454499999999 0.9046875 0.9572077374999999 0.9046875
1 0.7046875 0.723573721875 0.69155496875 0.6745074421874999 0.6945817234375 0.5742835671875 0.6866724453125 0.5580525843749999 0.671795384375 0.5525514046875 0.66018240625 0.5704344078125001 0.6758297796875 0.5979944109374999 0.6746081937499999 0.7031868296875 0.6972972828125 0.79222108125 0.6893170953125 0.8859375 0.7017682984375 0.8859375 0.7046875 0.8738895750000001 0.7046875 0.723573721875
1 0.779440690625 0.9015625 0.7875475125 0.9015625 0.7921875 0.8808126609375 0.7921875 0.7413581203125 0.7773556203125 0.692452734375 0.7787545359375001 0.5820064921875 0.7689114375 0.5638333109375 0.7576336875 0.5593519359375 0.7570900578125 0.5593519359375 0.74083036875 0.575528275 0.75983163125 0.5971687515624999 0.7599525453125 0.705125984375 0.78332754375 0.7855519578125 0.7862956062500001 0.8492774484375001 0.778660653125 0.896074265625 0.779440690625 0.9015625
1 0.839399509375 0.56801470625 0.8516544125 0.57414215625 0.8622753265625 0.5998774515624999 0.8541053921875001 0.67585784375 0.8557393796875001 0.7052696078125 0.8720792484375 0.7640931375 0.8737132359374999 0.8278186281250001 0.8639093140625 0.8841911765624999 0.8704452609375 0.8890931375000001 0.8867851312500001 0.8278186281250001 0.8900531046874999 0.76164215625 0.868811275 0.6685049015625 0.875347221875 0.575367646875 0.86636029375 0.5545343140625001 0.8483864375 0.5520833328125001 0.839399509375 0.56801470625