1 0.3296875 0.459375 0.3296875 0.3274755734375 0.32582375468749997 0.3108293453125 0.325198475 0.270574296875 0.3296875 0.2271879421875 0.3296875 0.1614905890625 0.3219325 0.1435250625 0.31158224843750004 0.13767399062500002 0.29776225156249997 0.144209259375 0.291727890625 0.1613771484375 0.29448721875 0.262743303125 0.292036 0.304296309375 0.2733188046875 0.3717381015625 0.2709698203125 0.39386939375 0.274238484375 0.459375 0.3296875 0.459375
1 0.2931136984375 0.165993246875 0.296875 0.1492877734375 0.296875 0.10473361249999999 0.290293284375 0.09700101562499999 0.28312923749999996 0.09700101562499999 0.27520311406250003 0.1008628203125 0.2685455203125 0.11587842968749999 0.270190625 0.23698477968749998 0.25987428281249997 0.2793794875 0.2637902453125 0.2868136171875 0.2938485546875 0.29375 0.2951357796875 0.29375 0.296875 0.25451172031249997 0.296875 0.2525463421875 0.2931136984375 0.165993246875
1 0.2796875 0.09303425781249999 0.2796875 0.0835752109375 0.279084746875 0.07570940781249999 0.270591671875 0.065625 0.266172609375 0.065625 0.256952459375 0.06910755625000001 0.251644025 0.08253851718750001 0.24933545625 0.1700749046875 0.228125 0.24774321718749998 0.228125 0.2859375 0.23476700312499998 0.2859375 0.23716702500000003 0.2858257171875 0.2450764984375 0.279906290625 0.259182015625 0.2320654828125 0.265076203125 0.11799465625000001 0.27040888125 0.10317480625 0.2796875 0.09303425781249999
0 0.2339938546875 0.459375 0.2359375 0.444318815625 0.2359375 0.38884106093750004 0.231928421875 0.363022109375 0.2212272953125 0.34295367187500003 0.197194215625 0.3181036640625 0.175374721875 0.31697478125 0.17287844375 0.31697478125 0.13880328125000002 0.33787990625000003 0.106678478125 0.3900757703125 0.106678478125 0.459375 0.2339938546875 0.459375
1 0.4453125 0.459375 0.4453125 0.340668421875 0.4343403828125 0.2932735375 0.43200709843750007 0.24880636093750003 0.433784534375 0.16560941875 0.42736739687499997 0.1494667078125 0.412232640625 0.14070146562500002 0.40466264531250007 0.1474185890625 0.3971627859375 0.167318790625 0.404905853125 0.25495518281249996 0.40411413749999997 0.29933143125 0.39365641562500003 0.3351015625 0.388521940625 0.36686415 0.388457740625 0.43207373125000004 0.3925963765625 0.459375 0.4453125 0.459375
1 0.36875 0.4278699140625 0.3711415421875 0.428125 0.37997857343749997 0.428125 0.3825945734375 0.4220454046875 0.3839201109375 0.3636847984375 0.4006524609375 0.29264238124999997 0.4015603953125 0.25512419999999997 0.399682734375 0.237086825 0.39456432812500003 0.167687834375 0.40052340937500003 0.1509484421875 0.4078125 0.1404254703125 0.4078125 0.11559107500000002 0.40012613281250003 0.10580500625 0.390775375 0.10730298437500001 0.38287529062500003 0.12475954687499999 0.3815982390625 0.18589793125 0.37534276875 0.23042419218750002 0.36875 0.24733825 0.36875 0.4278699140625
1 0.48531720781250004 0.434375 0.49209644687500004 0.4280883484375 0.505213746875 0.38630825 0.5122428328125 0.346795746875 0.5103545953124999 0.3010261875 0.5029976078125 0.254810215625 0.5068208000000001 0.21365373281250002 0.5140625 0.1748238390625 0.5140625 0.137596140625 0.5129046859375 0.1312132203125 0.504957003125 0.12157960000000001 0.493238253125 0.12062300625 0.4863421859375 0.1290449421875 0.47813170937500005 0.24172214531249997 0.45946476562500005 0.28166694531249997 0.4523547859375 0.319790559375 0.4538917640625 0.3461794484375 0.463026246875 0.382864515625 0.465695734375 0.42869785 0.4711126421875 0.434375 0.48531720781250004 0.434375
1 0.5512274484375 0.28090277812500003 0.542124978125 0.2225694453125 0.544713571875 0.178125 0.5515625 0.13441240625 0.5515625 0.1145955484375 0.5487316453125001 0.10243055625 0.5396802218750001 0.096875 0.531625040625 0.1010416671875 0.5238923515625 0.1197916671875 0.51987319375 0.215625 0.5088309578125 0.250562615625 0.5088309578125 0.40060139375 0.50953185 0.4015625 0.524766225 0.4015625 0.53241775 0.3892361109375 0.5461865218749999 0.340625 0.5512274484375 0.28090277812500003
1 0.1748520046875 0.459375 0.175731890625 0.46663752968749994 0.1697676625 0.49698849687499996 0.1678499578125 0.55381928125 0.1603717296875 0.5855136734374999 0.1556737640625 0.6297762625 0.1578563140625 0.6922762625 0.162416346875 0.7109375 0.16793230312500002 0.7109375 0.1925491875 0.691204503125 0.23125 0.6814860859375 0.23125 0.56726065 0.2177096859375 0.5289079765625 0.21317815625 0.48853927031250005 0.21415685624999997 0.459375 0.1748520046875 0.459375
1 0.36875 0.459375 0.3586184890625 0.459375 0.3583837125 0.4640699921875 0.3410398171875 0.544843721875 0.3352449671875 0.6157588734375 0.3364625921875 0.64074978125 0.35193119687499996 0.7211417046874999 0.362466403125 0.73125 0.36875 0.73125 0.36875 0.459375
1 0.3268142046875 0.459375 0.3242574078125 0.5036988124999999 0.32468955781250003 0.5244683718750001 0.3399144203125 0.5989723031249999 0.344643346875 0.6109375 0.3511401 0.6109375 0.3539470671875 0.5462086390625001 0.3625 0.50438855 0.3625 0.459375 0.3268142046875 0.459375
0 0.28125 1 0.290625 0.9833333328125 0.3046875 0.95 0.31796875 0.877777778125 0.3171875 0.8208333328125 0.303125 0.7638888890625 0.270703125 0.71319444375 0.238671875 0.684027778125 0.218359375 0.6826388890625 0.187890625 0.6895833328125001 0.156640625 0.7118055562500001 0.13125 0.7597222218749999 0.11953125 0.815277778125 0.11875 0.8958333328125001 0.13046875 0.9444444437499999 0.14765625 0.9833333328125 0.15932716875 1 0.28125 1
1 0.6630191796875 0.459375 0.6636259140625 0.496875 0.7125 0.496875 0.7125 0.459375 0.6630191796875 0.459375
2 0.36875 0.6016134656250001 0.6930778828124999 0.6002421734375 0.7111193609375001 0.6041997546875 0.72850080625 0.615110871875 0.7370703140625 0.6136219859375001 0.742708765625 0.623280571875 0.759090771875 0.6217007812500001 0.7648458124999999 0.628125 0.7773107687499999 0.628125 0.77980601875 0.622154321875 0.775778553125 0.61525533125 0.7828125 0.603287796875 0.7828125 0.5575902921875 0.777933828125 0.5596634140625 0.7828125 0.5483253593749999 0.7828125 0.5243893749999999 0.7769641015625 0.5041078578125 0.7694088890625 0.4965553296875 0.3857603046875 0.49579995625000006 0.36875 0.49579995625000006 0.36875 0.6016134656250001