1 0.1680498234375 0.56226240625 0.171685521875 0.5875 0.1978025359375 0.5875 0.199596171875 0.584961346875 0.20411662968750002 0.5587999734375 0.2046875 0.53427305625 0.2046875 0.482791328125 0.1987286375 0.4541782796875 0.1811747265625 0.40169732812500003 0.179924678125 0.3209597609375 0.17287455937500001 0.3045552640625 0.1643131375 0.3026658453125 0.155557753125 0.3091097625 0.150921446875 0.32344283125 0.16226309218749999 0.4075497078125 0.1538417921875 0.4668624078125 0.1542405296875 0.5169534125 0.15984399375 0.5450952109375 0.1680498234375 0.56226240625
1 1 0.17018599843749999 0.9979973984375 0.133661375 0.9742290140625001 0.0983077328125 0.932971646875 0.095904765625 0.9034888671874999 0.137018434375 0.90063166875 0.175252090625 0.9152237624999999 0.3090252953125 0.8560826890625 0.49583122656249995 0.8560826890625 0.6 1 0.6 1 0.351584240625 0.9841233578124999 0.3071305375 1 0.1896571640625 1 0.17018599843749999
1 0.8541771546875001 0.6 0.853017559375 0.5442846609374999 0.8687346515625001 0.46463864375 0.9080273828125 0.3407448375 0.8746285609375001 0.25519911562500003 0.88445174375 0.1519542765625 0.8805224703124999 0.087057521875 0.8559645140625001 0.05313421875 0.8304242390625 0.050184365625000005 0.8107778734375 0.0619837765625 0.7940784625 0.0959070796875 0.80783091875 0.2728982296875 0.7587150046875 0.44103982343750003 0.7528210953125 0.5265855453125 0.7635168531250001 0.6 0.8541771546875001 0.6
1 0.7596420687500001 0.6 0.750856459375 0.5472345125 0.750856459375 0.476438053125 0.7940784625 0.29354719687499997 0.7724674609375001 0.249299409375 0.7685381875 0.21980088437499998 0.7685381875 0.181452803125 0.7803260062499999 0.1401548671875 0.7803260062499999 0.08115781718750001 0.7596973234375 0.0472345125 0.722369228125 0.0442846609375 0.6958466359375001 0.087057521875 0.6978112718749999 0.1401548671875 0.711563728125 0.18735250781249999 0.711563728125 0.23455014687500003 0.6663770875 0.3820427734375 0.660483178125 0.5000368734375 0.6703063609375001 0.564933628125 0.6860865078125 0.6 0.7596420687500001 0.6
1 0.684058815625 0.0457595875 0.6693240421875 0.020685840625 0.645748403125 0.0147861359375 0.6261020390625001 0.020685840625 0.609402628125 0.051659292187500004 0.621190446875 0.210951328125 0.5799330796875 0.325995575 0.5720745328125 0.43219026562499996 0.607437990625 0.5501843656250001 0.620208128125 0.5664085546875001 0.65458926875 0.5737831859375 0.6644124515625001 0.5619837765625 0.6565539046875 0.41449115000000003 0.6958466359375001 0.24634955781249998 0.6762002703125 0.175553096875 0.686023453125 0.09885693281249999 0.684058815625 0.0457595875
1 0.14458054843749998 1 0.145969615625 0.9953963703125 0.1483348765625 0.927386315625 0.171875 0.8489745937500001 0.171875 0.824824665625 0.163143534375 0.8121193859375 0.155331034375 0.811664359375 0.14685313125 0.8229921375 0.12834564375 0.912314359375 0.102375840625 0.9525249421875 0.0916632 0.9882085515625001 0.0916632 1 0.14458054843749998 1
1 0.38766805937500004 1 0.41640625 0.940625 0.41875 0.912847221875 0.411328125 0.894097221875 0.394140625 0.8913194437499999 0.38359375 0.9045138890625001 0.3563703984375 1 0.38766805937500004 1
1 0.46016572499999997 0.6 0.46187788437500005 0.6288567734375 0.4626034953125 0.687311446875 0.46067823125 0.725213740625 0.4476035609375 0.7939908125 0.4296875 0.8514474 0.4296875 1 0.5919380171874999 1 0.5918170328125 0.98411779375 0.5821726015625 0.9279252015624999 0.5613715546875 0.8581022749999999 0.5586560265625 0.8403276703125 0.549036753125 0.8054617109375 0.5411092859375 0.7651311984375 0.5381099890625001 0.737141075 0.5369569609375 0.719457478125 0.5388355171875 0.6611544796875 0.5449906703125 0.6 0.46016572499999997 0.6
1 0.69276615 1 0.690625 0.98038194375 0.6671875 0.889641203125 0.6588541671874999 0.8461226859375 0.6572916671875 0.795196759375 0.6598958328125001 0.7192708328124999 0.6583333328125001 0.7035300921875 0.6557291671875 0.69241898125 0.6471354171874999 0.676215278125 0.6361979171875 0.6688078703125 0.62578125 0.670659721875 0.6158854171875 0.6808449078125001 0.6088541671875001 0.7007523140625 0.6067708328125 0.7192708328124999 0.6083333328125 0.7489004625 0.6161458328125 0.7979745375 0.6192708328125 0.832233796875 0.6197916671875 0.8748263890625001 0.6057291671875 0.9442708328125 0.6046875 0.9618634265624999 0.6088541671875001 0.9924189812499999 0.6092806 1 0.69276615 1
1 0.714953125 1 0.7130208328125001 0.9785300921874999 0.6916666671874999 0.8961226859375 0.6916666671874999 0.79241898125 0.68515625 0.7734375 0.67890625 0.7688078703125 0.6705729171874999 0.769733796875 0.6619791671874999 0.7813078703125 0.6588541671874999 0.7961226859374999 0.659375 0.8239004624999999 0.6640625 0.8618634265624999 0.6734375 0.9118634265625 0.6854166671874999 0.9535300921874998 0.6875 0.9720486109375 0.690625 0.9785300921874999 0.692637803125 1 0.714953125 1
1 0.5692708328125 0.839641203125 0.5848958328125 0.89241898125 0.5890625 0.8979745375 0.5916666671875 0.8729745375 0.5911458328125 0.8405671296874999 0.58359375 0.8262152781250001 0.5736979171875001 0.8262152781250001 0.56875 0.833159721875 0.5692708328125 0.839641203125
1 0.72744140625 1 0.7265625 0.9776041671875 0.7098958328125 0.914641203125 0.7078125 0.833159721875 0.7028645828125001 0.820659721875 0.69453125 0.81788194375 0.6921875 0.8220486109374999 0.690625 0.8368634265624999 0.6911458328125001 0.8942708328125001 0.7135416671874999 0.98038194375 0.7145225703125 1 0.72744140625 1