1 0.39375 0.3046875 0.39375 0.2244230328125 0.38478106562500003 0.1937633328125 0.3813004796875 0.0935994421875 0.3575774125 0.09212239531250001 0.354747225 0.09212239531250001 0.3508317296875 0.0957300234375 0.3522878140625 0.12073002343749999 0.3600215828125 0.1592365015625 0.3613967734375 0.18284761249999998 0.34976324375 0.2659392921875 0.3512915375 0.3046875 0.39375 0.3046875
2 0 0.4111447640625 0.0008418953125 0.4112029171875 0.3758903828125 0.4096171734375 0.3939318609375 0.4135747546875 0.41131330625 0.424485871875 0.41988281406250005 0.4229969859375 0.42552126562500003 0.432655571875 0.44190327187499995 0.43107578125 0.44765831250000004 0.4375 0.46012326875 0.4375 0.46261851875 0.431529321875 0.458591053125 0.42463033125000005 0.465625 0.412662796875 0.465625 0.3669652921875 0.46074632812500005 0.3690384140625 0.465625 0.357700359375 0.465625 0.333764375 0.4597766015625 0.3134828578125 0.45222138906250003 0.3059303296875 0.0685728046875 0.30517495625 0 0.30517495625 0 0.4111447640625
1 0.79565575 0.1394405765625 0.79337861875 0.1619125375 0.779210225 0.22649456250000002 0.7788122468750001 0.2689165765625 0.7893849875 0.3273059875 0.8069711625 0.3829737015625 0.8132654671875 0.3875 0.8138433812500001 0.3875 0.8343728765625 0.38552013125 0.8390625 0.3837002296875 0.8390625 0.1850408390625 0.8254591859375001 0.146281609375 0.823127025 0.11855377812500001 0.8256727078124999 0.05143758281250001 0.8236641234375 0.029265307812500002 0.8142526125 0.009284151562499999 0.8085131156250001 0.007833560937500001 0.797258875 0.007833560937500001 0.7907459015625 0.0120435390625 0.7841842640625 0.028679101562499996 0.784244134375 0.0543345515625 0.792352871875 0.095046078125 0.79565575 0.1394405765625
1 0.6854503109375 0 0.6796875 0.0055724484375000004 0.6796875 0.34204656875 0.6839732140625 0.3447916671875 0.703616071875 0.3442361109375 0.7100446421875 0.33756944375 0.7243303578125 0.2742361109375 0.7271875 0.2120138890625 0.723616071875 0.18868055625 0.7064732140625 0.1242361109375 0.710758928125 0.0164583328125 0.703258928125 0.0014583328125 0.6996964296875 0 0.6854503109375 0
1 0.7507804234375 0 0.748616071875 0.0053472218750000005 0.753616071875 0.09201388906249999 0.7521875 0.10756944375 0.7371875 0.15979166718749999 0.7343303578125 0.1797916671875 0.7350446421875 0.2220138890625 0.7464732140625 0.28090277812500003 0.7525446421875001 0.2992361109375 0.7629017859375 0.300902778125 0.7650446421875 0.29756944375 0.7629017859375 0.2742361109375 0.7643303578125 0.23534722187499998 0.7864732140624999 0.1420138890625 0.7771874999999999 0.09201388906249999 0.7821875 0.0053472218750000005 0.7796370968749999 0 0.7507804234375 0
1 0.8580874062499999 0 0.8521875 0.0064583328125 0.848616071875 0.0197916671875 0.8543303578125 0.10868055624999999 0.8514732140625 0.133125 0.835758928125 0.1864583328125 0.833616071875 0.20868055624999998 0.838616071875 0.2320138890625 0.8400446421875 0.28868055625 0.8471875000000001 0.323125 0.8546875 0.33701388906249996 0.8721875000000001 0.33868055625000004 0.8829017859375 0.3342361109375 0.8964732140624999 0.273125 0.8993303578124999 0.253125 0.8993303578124999 0.20979166718750003 0.8950446421875 0.1764583328125 0.8800446421875 0.12645833281250002 0.8793303578125 0.09868055625 0.8850446421875 0.046458332812499996 0.8850446421875 0.0164583328125 0.8771947015624999 0 0.8580874062499999 0
1 0.9093154765625 0 0.9079017859375 0.003125 0.9114732140624999 0.09868055625 0.895758928125 0.155347221875 0.8943303578125 0.17201388906249998 0.8993303578124999 0.200902778125 0.9000446421875001 0.25756944375 0.9050446421875 0.2842361109375 0.911116071875 0.2947916671875 0.9293303578125001 0.2964583328125 0.9371875 0.290902778125 0.948616071875 0.2464583328125 0.9521875 0.21979166718749998 0.9529017859375 0.180902778125 0.9443303578125001 0.1297916671875 0.9357589281250001 0.100902778125 0.9407589281250001 0.0042361109375 0.9387869453125 0 0.9093154765625 0
1 0.9562186828125 0 0.9600446421875001 0.06645833281249999 0.958616071875 0.083125 0.9471875000000001 0.12090277812500001 0.945758928125 0.13534722187499998 0.9536160718750001 0.1820138890625 0.9514732140625 0.22756944375 0.9536160718750001 0.250902778125 0.9575446421875 0.258125 0.9764732140625 0.25868055624999997 0.9829017859375 0.2520138890625 0.9914732140625 0.2242361109375 0.9971875000000001 0.1820138890625 0.9979017859375 0.150902778125 0.980758928125 0.070902778125 0.9851903515625 0 0.9562186828125 0
1 0.809818803125 0 0.8093303578125 0.0064583328125 0.818616071875 0.020902778125 0.8229017859375001 0.040902778125 0.8164732140625001 0.1397916671875 0.8200446421875001 0.16312500000000002 0.8321875000000001 0.19756944375000002 0.8500446421875001 0.130902778125 0.8364732140625 0.0842361109375 0.8397353687500001 0 0.809818803125 0
1 0.2262829890625 0.7614594046875001 0.2149538546875 0.8273304046875 0.2135006546875 0.8562526312500001 0.2149567390625 0.8812526312500001 0.219178778125 0.90884830625 0.2320946375 0.9600081734374999 0.23737339687499998 0.965625 0.255438640625 0.965625 0.25625 0.9652724812500001 0.25625 0.7809037468750001 0.251552634375 0.7643408640625 0.24973750468749997 0.7421550609375 0.2513865203125 0.680679746875 0.24967924843749997 0.660345796875 0.2422250734375 0.644597346875 0.2340664828125 0.6416189109375 0.23027797187500001 0.6416189109375 0.22451674062500002 0.6458356343749999 0.21884222343749998 0.6606427390625 0.21947235625 0.68941928125 0.2249163046875 0.7290155765625 0.2262829890625 0.7614594046875001
1 0.4874563125 1 0.4877271140625 0.999227778125 0.4921875 0.9740698468750001 0.4921875 0.8453455546875001 0.48226590312499995 0.8057335015625 0.4775982109375 0.77707828125 0.4820020875 0.701085690625 0.48101255312499996 0.6742398984375 0.4747401328125 0.658105890625 0.46788848749999995 0.653555046875 0.45903432187500004 0.6536580734375 0.4528651328125 0.6583604296875001 0.446669875 0.676491740625 0.44666622968749997 0.70612743125 0.452145671875 0.7514432578125 0.45227132187499997 0.7884863531249999 0.43456821406249996 0.87852540625 0.433603709375 0.9128028468749999 0.43851383437499997 0.9553469546875 0.447991584375 1 0.4874563125 1