1 0.2211434953125 0 0.22087997656249997 0.055738253125000005 0.209375 0.1026768390625 0.209375 0.1546875 0.243267640625 0.1546875 0.25094102500000004 0.1545979015625 0.2511254515625 0.12119179531249999 0.2406295921875 0.05248126875 0.2477273359375 0 0.2211434953125 0
2 0.559375 0.174851684375 0.404033909375 0.175193696875 0.0213669875 0.1902456984375 0.015625 0.204601509375 0.015625 0.271875 0.559375 0.271875 0.559375 0.174851684375
1 0.9258437515625 0.11486464375000001 0.922294971875 0.112842984375 0.918079778125 0.11357484531249999 0.9125252906250001 0.124918465625 0.911176246875 0.180546796875 0.90625 0.2006022671875 0.90625 0.289788996875 0.9072427546874999 0.290625 0.9178745968750001 0.290625 0.92069995625 0.28773176562499997 0.9302238062499999 0.2454787890625 0.9306379109374999 0.21765249375 0.9237732984375 0.1792771421875 0.9291919578125001 0.125694728125 0.9258437515625 0.11486464375000001
1 0.8926383140624999 0.1213548296875 0.88819991875 0.11186306093750001 0.88194991875 0.11215415937499999 0.875826071875 0.1249088703125 0.874852284375 0.1831451703125 0.8703125 0.19952556562499998 0.8703125 0.281863653125 0.8776294859375 0.3 0.8830386828125001 0.3 0.8849809265624999 0.2972079828125 0.8951711875000001 0.25147373906250003 0.895802021875 0.2394367015625 0.8948347812499999 0.2182374390625 0.8878245906250001 0.1834646421875 0.8926383140624999 0.1213548296875
1 0.8450520828125001 0.24253472187499997 0.8578125 0.2494791671875 0.8609375 0.2457754625 0.859375 0.230034721875 0.8494791671874999 0.18836805625 0.8489583328125001 0.17725694375 0.8489583328125001 0.1531828703125 0.8515625 0.14762731406250001 0.8520833328125 0.12633101875 0.8471354171875 0.1119791671875 0.8403645828125 0.11012731406250001 0.8361979171874999 0.1129050921875 0.83125 0.1254050921875 0.8333333328125001 0.180034721875 0.8260416671874999 0.2096643515625 0.8234375 0.23929398124999998 0.82734375 0.2434606484375 0.8450520828125001 0.24253472187499997
1 0.7791666671874999 0.280034721875 0.784375 0.30688657343750003 0.7869791671874999 0.304108796875 0.7953125 0.27633101875 0.8177083328125001 0.2448495375 0.8161458328125001 0.2226273140625 0.8057291671875 0.1818865734375 0.809375 0.1254050921875 0.8067708328125001 0.1152199078125 0.8013020828125 0.10920138906250001 0.7924479171875 0.111053240625 0.7875 0.12633101875 0.7911458328125001 0.1818865734375 0.7807291671875 0.23096064843750003 0.778125 0.255034721875 0.7791666671874999 0.280034721875
1 0.7416666671875001 0.3096643515625 0.7453125 0.31429398124999997 0.7559895828125 0.31475694375 0.7598958328125001 0.310590278125 0.7671875 0.2837384265625 0.7692708328125001 0.2587384265625 0.7677083328125001 0.229108796875 0.7583333328124999 0.18836805625 0.7604166671874999 0.12170138906250001 0.75703125 0.1129050921875 0.7533854171875001 0.11012731406250001 0.74609375 0.1129050921875 0.7421875 0.1244791671875 0.7442708328125 0.18836805625 0.7354166671875 0.2226273140625 0.7333333328125 0.24299768593749999 0.7364583328125 0.2846643515625 0.7416666671875001 0.3096643515625
1 0.7682291671874999 0.23466435156249998 0.7682291671874999 0.2818865734375 0.7744791671875 0.25133101875 0.7755208328125001 0.2281828703125 0.7729166671875 0.2059606484375 0.7666666671875 0.1828125 0.7682291671874999 0.1254050921875 0.76484375 0.11475694375 0.7606770828125 0.1119791671875 0.7588541671875 0.1152199078125 0.7604166671874999 0.12910879687500001 0.7583333328124999 0.18744212968750001 0.7682291671874999 0.23466435156249998
1 0.7046875 0.298553240625 0.7088541671875 0.30225694375 0.71796875 0.30179398125 0.721875 0.2976273140625 0.7302083328125 0.25133101875 0.728125 0.21614583281250002 0.7192708328124999 0.1818865734375 0.7223958328125 0.1244791671875 0.7208333328125 0.1179976859375 0.7153645828124999 0.111053240625 0.7091145828125 0.1119791671875 0.7046875 0.1207754625 0.7057291671875 0.1846643515625 0.6958333328124999 0.2337384265625 0.6958333328124999 0.2531828703125 0.7015625 0.28836805625 0.7046875 0.298553240625
1 0.6703125 0.28651620312500004 0.6739583328125 0.2911458328125 0.6830729171875001 0.29160879687499996 0.6875 0.28651620312500004 0.6947916671875001 0.24299768593749999 0.69375 0.21429398125 0.6859375 0.180034721875 0.6854166671875 0.154108796875 0.6880208328124999 0.1254050921875 0.6861979171875 0.117534721875 0.67890625 0.1119791671875 0.6747395828125 0.11475694375 0.6713541671875001 0.1244791671875 0.6734375 0.17633101874999998 0.6640625 0.2244791671875 0.6645833328124999 0.2531828703125 0.6703125 0.28651620312500004
0 0.82109375 0.42679398125 0.8390625 0.4318865734375 0.86171875 0.4203125 0.8739583328125 0.40225694375 0.884375 0.3717013890625 0.8885416671874999 0.348553240625 0.8890625 0.330034721875 0.8848958328125001 0.298553240625 0.8690104171874999 0.261053240625 0.8497395828125001 0.2453125 0.82890625 0.24253472187499997 0.8127604171874999 0.25179398124999997 0.7953125 0.27725694375 0.7854166671874999 0.310590278125 0.784375 0.34484953749999997 0.7921875 0.386516203125 0.8059895828125001 0.4129050921875 0.82109375 0.42679398125
2 0.559375 0.8279853421875 0.530078125 0.8267361109374999 0.298046875 0.825347221875 0.2890625 0.834375 0.28828125 0.92743055625 0.296484375 0.937847221875 0.342578125 0.940625 0.364453125 0.93368055625 0.369140625 0.9267361109374999 0.435546875 0.925347221875 0.559375 0.928929953125 0.559375 0.8279853421875
1 0.9483413890625 1 0.92967955 0.9258502546875 0.9439611343750001 0.8027766265625 0.93853000625 0.786860528125 0.92538391875 0.7751075453125 0.9102236687499999 0.7751075453125 0.9022616359375 0.7765565750000001 0.8879567953125 0.795469240625 0.8854182937499999 0.843906740625 0.8937354046875001 0.8944161640624999 0.8885632265625001 0.9333331140624999 0.8962119515625 0.9368219890624999 0.8849469031249999 0.9425625671875 0.86875 0.9967975765624999 0.86875 1 0.9483413890625 1
1 1 1 1 0.8166573375 0.9857939703125 0.8161328671875001 0.9703360671875 0.8285429734375 0.9640625 0.8473440343749999 0.9640625 0.9400706453125001 0.9644468343749999 0.9706577015625001 0.9640625 0.9718994265625 0.9640625 1 1 1
1 0.84326171875 1 0.834375 0.97265625 0.840625 0.86171875 0.8328125 0.84296875 0.81953125 0.834375 0.80546875 0.8375 0.7921875 0.85859375 0.7984375 0.97421875 0.79158935625 1 0.84326171875 1
1 0.691909721875 1 0.684375 0.97578125 0.6921875 0.87890625 0.6875 0.86328125 0.67578125 0.853125 0.65859375 0.85625 0.6484375 0.87265625 0.653125 0.98359375 0.6484375 1 0.691909721875 1
1 0.8772665890625 1 0.896875 0.91640625 0.8953125 0.87265625 0.88828125 0.853125 0.86875 0.86171875 0.8625 0.88203125 0.86875 0.97734375 0.8627527578125 1 0.8772665890625 1