1 0.725 0 0.725 0.00348978125 0.7267565359375 0.0338960328125 0.7416217984375 0.10804665468750001 0.7501508109375 0.179798621875 0.750880621875 0.20660490625 0.748963140625 0.23225742968750002 0.7362209125 0.3150585453125 0.7354578515625001 0.3989077015625 0.739093709375 0.43242330312500005 0.7483260328125 0.47472790781249996 0.7564828718750001 0.5 0.8292929640625001 0.5 0.8292929640625001 0.2993921109375 0.801272078125 0.2082471296875 0.79676705625 0.178344096875 0.793489503125 0.1079737265625 0.7958846921875 0.08144084375 0.7956325875 0.053754199999999995 0.7930848453125 0.0101901140625 0.7914796453124999 0 0.725 0
1 0.6635451640625 0.170443875 0.67191835 0.08069581249999999 0.6712793328125001 0.05645485625 0.6648232000000001 0.0425449703125 0.659329759375 0.039266690625 0.6431360875000001 0.039266690625 0.6359375 0.048076759375 0.6359375 0.44766914687500003 0.6366852671875 0.4484375 0.6515910109374999 0.4484375 0.6632071046875 0.4375530515625 0.67907396875 0.36503905937500003 0.6845750125000001 0.31047618125 0.68275965625 0.2749906078125 0.665150265625 0.19567751093750002 0.6635451640625 0.170443875
1 0.3456349921875 0 0.3484375 0.03570601875 0.3604166671875 0.10792824062499999 0.3859375 0.2125578703125 0.40833333281249995 0.320891203125 0.41614583281249995 0.3653356484375 0.4223958328125 0.4190393515625 0.4219874 0.5 0.5741163296874999 0.5 0.5609375 0.470891203125 0.5364583328125 0.435551696875 0.5147569437499999 0.36456404375 0.5026041671875 0.3012924375 0.503125 0.2532986109375 0.49791666718750005 0.1847800921875 0.49441872499999995 0 0.3456349921875 0
1 0.206704278125 0.7298433 0.1927549078125 0.681988884375 0.1907495625 0.6389333296874999 0.19348643125 0.6308733984375 0.1927848328125 0.5823989875 0.18742756562500001 0.5721026140625 0.1643957140625 0.5721026140625 0.16212201875 0.5755666515625 0.16399798593749998 0.6158444281250001 0.1695264359375 0.6343100875000001 0.1708799078125 0.6800750703125 0.1601862 0.7344686671874999 0.159375 0.7453211015625 0.159375 0.8016351140625 0.1595143765625 0.803571359375 0.168809725 0.852797625 0.17537818125 0.876887190625 0.1828622515625 0.8872245671875 0.19773695 0.8890625 0.20255066406250002 0.8890625 0.206704278125 0.8847827531250001 0.206704278125 0.7298433
1 0.094529865625 0.572085753125 0.07986655000000001 0.572085753125 0.077898059375 0.5760529578125 0.07982747812499999 0.6390035421875 0.07578311875 0.65968668125 0.0671875 0.684308178125 0.0671875 0.8640625 0.0801596875 0.8640625 0.0883758796875 0.851766790625 0.10262596093750001 0.792645346875 0.1078164296875 0.7483010296874999 0.10629103437500001 0.718884040625 0.09687686875 0.6610384296875 0.097909603125 0.6387661421875 0.1084801828125 0.576616596875 0.094529865625 0.572085753125
1 0 0.8390625 0.006804214062499999 0.8390625 0.019997239062499998 0.7897762703125 0.028953757812499998 0.717531325 0.017302131249999998 0.63846465 0.024746853125000003 0.5710876296875 0 0.57438985625 0 0.8390625
1 0.9010244578125001 0.776312934375 0.8896582468750001 0.736375646875 0.887543475 0.6241490484375001 0.8820150250000001 0.6056833890625001 0.872903765625 0.5938204234375 0.86795369375 0.528151665625 0.8676014796875 0.528151665625 0.8647777984375 0.552995840625 0.8673056390625 0.590564190625 0.8542134656249999 0.610167215625 0.8525166015625001 0.6238510515625 0.8637476203125001 0.7313423015625 0.8518795421875 0.79393253125 0.8515625 0.8005980703125001 0.8515625 0.8454325984375 0.8527702203124999 0.8631719234374999 0.8590749328125 0.898304246875 0.8713012171875001 0.9436372500000001 0.8763768484375 0.9523806859375 0.8950462703125 0.9546875 0.8956914812499999 0.9546875 0.9010244578125001 0.9523452640624999 0.9010244578125001 0.776312934375
1 0.7766204140624999 0.6525235109375 0.7786735140625 0.6177512234375 0.7741179390624999 0.6014035171875001 0.7643079953125 0.5916998640625 0.765724209375 0.5606561875 0.7643907390625 0.5606561875 0.7618879749999999 0.5636216984375 0.7605151203125 0.5900606515625 0.74587338125 0.605876215625 0.741728015625 0.618175959375 0.738341225 0.7366320328125 0.734375 0.7478592859375001 0.734375 0.9765625 0.74489671875 0.9765625 0.7521068921875 0.9720680843749999 0.7675793515625 0.9172134374999998 0.7757814468750001 0.8744582703124999 0.77817466875 0.8355193156249999 0.77630915 0.8102689937499999 0.764122475 0.7382841703125 0.7693253109375 0.6841675671875 0.7766204140624999 0.6525235109375
1 0.7045400468749999 0.6010780578125 0.707103025 0.5365060859375 0.7037373656250001 0.545549771875 0.7006337968749999 0.6011007828125 0.6868712296874999 0.6192290609375 0.6837505140625 0.6303538078125 0.6828125 0.6841633015624999 0.6828125 0.95 0.6962116515625001 0.95 0.708076396875 0.9078770546874999 0.7133123375 0.8106639234374999 0.7166272953125 0.7967613984374999 0.7065467359375 0.73989876875 0.7071251765625 0.72045886875 0.716757253125 0.62738513125 0.7145063374999999 0.6149033140625 0.7045400468749999 0.6010780578125
1 0.6642223015625 1 0.66953125 0.9954861109375 0.6828125 0.9149305562500001 0.6796875 0.81631944375 0.6609375 0.746875 0.66640625 0.6163194437499999 0.658984375 0.59756944375 0.646484375 0.5878472218749999 0.635546875 0.59618055625 0.6265625 0.621875 0.6328125 0.699652778125 0.6328125 0.746875 0.615625 0.8302083328125001 0.61328125 0.8704861109375 0.615625 0.92743055625 0.62734375 0.9913194437499999 0.6322265625 1 0.6642223015625 1
1 0.58203125 0.96631944375 0.5875 0.9732638890625 0.607421875 0.9739583328125001 0.61875 0.9635416671874999 0.6125 0.91631944375 0.6125 0.8552083328125001 0.62109375 0.781597221875 0.609375 0.7357638890625 0.61484375 0.6302083328125 0.6109375 0.6135416671875 0.599609375 0.6017361109375 0.597265625 0.593402778125 0.58203125 0.6135416671875 0.57890625 0.6260416671875 0.58515625 0.7413194437499999 0.5703125 0.8107638890625001 0.56640625 0.8482638890625 0.57578125 0.93993055625 0.58203125 0.96631944375
1 0.54609375 0.944097221875 0.55703125 0.9482638890625001 0.570703125 0.94756944375 0.575 0.9427083328125001 0.5734375 0.9121527781250001 0.56640625 0.8704861109375 0.56640625 0.837152778125 0.57734375 0.771875 0.5703125 0.721875 0.575 0.6357638890625 0.566796875 0.6142361109375 0.559765625 0.6086805562500001 0.548828125 0.615625 0.5421875 0.6357638890625 0.546875 0.73993055625 0.53515625 0.7899305562500001 0.546875 0.862152778125 0.54609375 0.944097221875
1 0.5362076124999999 1 0.54375 0.9579861109374999 0.546875 0.9149305562500001 0.54296875 0.8385416671874999 0.521875 0.7510416671875 0.521875 0.7052083328125001 0.52734375 0.6579861109375 0.528125 0.61493055625 0.519140625 0.590625 0.505078125 0.580902778125 0.494140625 0.5892361109375 0.48515625 0.612152778125 0.4921875 0.749652778125 0.48125 0.812152778125 0.47421875 0.8302083328125001 0.4703125 0.86493055625 0.4703125 0.9177083328125001 0.4734375 0.944097221875 0.482930425 1 0.5362076124999999 1
1 0.39921875 0.94131944375 0.40625 0.9454861109374999 0.41953125 0.9427083328125001 0.41015625 0.884375 0.409375 0.83993055625 0.4265625 0.749652778125 0.42421875 0.6260416671875 0.413671875 0.615625 0.403515625 0.62118055625 0.396875 0.6385416671875 0.4015625 0.73993055625 0.38515625 0.824652778125 0.3859375 0.871875 0.390625 0.90243055625 0.39921875 0.94131944375
1 0.45625 0.996875 0.46171875 0.9982638890625001 0.476171875 0.9989583328125 0.48125 0.9913194437499999 0.47109375 0.9329861109375 0.4703125 0.859375 0.4875 0.769097221875 0.48515625 0.7482638890625 0.4875 0.6704861109375 0.48515625 0.612152778125 0.482421875 0.603125 0.469921875 0.590625 0.45546875 0.609375 0.453125 0.6204861109375 0.45703125 0.7482638890625 0.44140625 0.819097221875 0.4375 0.8663194437499999 0.440625 0.9204861109374999 0.4484375 0.969097221875 0.45625 0.996875
1 0.42265625 0.959375 0.42890625 0.969097221875 0.446875 0.96631944375 0.43828125 0.9052083328125 0.4375 0.85381944375 0.440625 0.824652778125 0.4546875 0.759375 0.45234375 0.6177083328124999 0.441015625 0.605902778125 0.430078125 0.612847221875 0.42421875 0.62743055625 0.42734375 0.7427083328125 0.41171875 0.821875 0.409375 0.8496527781250001 0.41328125 0.909375 0.42265625 0.959375