1 0.41875 0.2826293296875 0.4144918640625 0.2739941953125 0.41843417499999996 0.20995962499999998 0.4173298015625 0.140733703125 0.4116769890625 0.129578459375 0.3945703140625 0.12800255 0.379250615625 0.1364661421875 0.3765625 0.1439718109375 0.3765625 0.2178902265625 0.377898940625 0.227578796875 0.3799552140625 0.2819534859375 0.3765625 0.30704256406249997 0.3765625 0.5068109265625 0.37972120781249996 0.5222207640625001 0.3869103546875 0.5359375 0.41875 0.5359375 0.41875 0.2826293296875
1 0.38131906875 0.49615743281249997 0.38131906875 0.3019576625 0.3800734875 0.2964645 0.36767219687499997 0.26425709999999997 0.364502253125 0.2448581125 0.359536159375 0.1458204015625 0.3566895171875 0.137532525 0.34882760468749996 0.12701619687500001 0.33419038749999996 0.1254189 0.328125 0.1300146609375 0.328125 0.21263581875 0.3335935546875 0.275042303125 0.33092679999999997 0.398299546875 0.3360633671875 0.43156015 0.34930879375 0.47486957187499995 0.35412653125000004 0.48821822187499997 0.36330563125 0.496875 0.3781526421875 0.496875 0.38131906875 0.49615743281249997
1 0.5288391406249999 0 0.5265625 0.0092762 0.5265625 0.1706425828125 0.5283642343749999 0.175 0.5526414484375 0.175 0.5587194046875 0.1684398 0.566352371875 0.13833670781250001 0.5740841640625 0.0869737390625 0.572252365625 0.042747815625000005 0.5640191765625 0 0.5288391406249999 0
1 0.72547936875 0 0.7248096390625001 0.002783753125 0.7234375 0.012106659375 0.7234375 0.081745396875 0.72869275625 0.1166120375 0.733164775 0.1350760109375 0.7380461453125 0.1390625 0.756065909375 0.1390625 0.7602481078125 0.13476086874999998 0.7668321046875001 0.10598443906249999 0.7731323015625 0.0568437015625 0.7720115406250001 0.01889891875 0.7683692000000001 0 0.72547936875 0
1 0.6685029968749999 0 0.665625 0.015701915625 0.665625 0.060562242187500004 0.6837886703125 0.09629558437499999 0.6886019375 0.11844507500000001 0.6910535140625 0.148973359375 0.6928982546875 0.1515625 0.701295609375 0.1515625 0.706458509375 0.150094059375 0.7106027046875 0.1402945625 0.7126219828125 0.1256676671875 0.7126219828125 0.0149416203125 0.708785090625 0 0.6685029968749999 0
1 0.6044738546875 0 0.601132953125 0.0186347765625 0.6 0.0412382828125 0.6 0.0631354171875 0.60052071875 0.071875 0.6095655328125 0.071875 0.6141984359375 0.06361957968750001 0.62327160625 0.055501778125 0.63974963125 0.0496092234375 0.6466195328125 0.050147279687500004 0.6466195328125 0.009990837499999999 0.6440390515625 0 0.6044738546875 0
1 0.46030943593749996 0 0.45625 0.014355085937500001 0.45625 0.162983809375 0.45721459375 0.1653135140625 0.458176453125 0.165625 0.47949976093749996 0.165625 0.48681145781249996 0.159432915625 0.4988200921875 0.10700469531250001 0.5019220953125 0.08188335625 0.50214020625 0.0255232140625 0.49936213125 0.004439265625 0.4981846265625 0 0.46030943593749996 0
1 0.41875 0 0.41875 0.15619118125 0.42473958281249996 0.156365740625 0.43125 0.14849537031249999 0.43958333281249995 0.1077546296875 0.44322916718750005 0.0771990734375 0.4421875 0.03368055625 0.434552821875 0 0.41875 0
0 0.60546875 0.2137731484375 0.6307291671874999 0.22905092656249998 0.6549479171874999 0.22118055625 0.671875 0.18831018593749999 0.6807291671875 0.1540509265625 0.6796875 0.11793981406250001 0.6729166671875 0.0883101859375 0.65859375 0.06377314843750001 0.6419270828125001 0.050810185937499995 0.6231770828125001 0.050810185937499995 0.6049479171875001 0.062847221875 0.5875 0.0901620375 0.5817708328125 0.12349537031249999 0.5848958328125 0.1697916671875 0.5916666671875 0.193865740625 0.60546875 0.2137731484375
1 1 0.55 0.9513389546875001 0.55 0.9427002265625 0.6069375890625001 0.9305099375000001 0.6507579703124999 0.8927538734375 0.715770965625 0.877196109375 0.7681431984375 0.875 0.779441634375 0.875 0.9421875 0.9040874750000001 0.9421875 0.93974975625 0.8691098078125 0.9533813078125 0.829346834375 0.9643728093749999 0.773135715625 0.9665820875 0.6704125671875 0.9694107875 0.653582009375 0.9765498625 0.6225894125 0.9994217656250001 0.56000328125 1 0.5575324171875 1 0.55
1 0.8395036484375 0.55 0.8403507890625 0.5703643796875 0.8359758640624999 0.610687609375 0.8234375 0.6536374125 0.8234375 0.7751883171875 0.82456455625 0.7857966968750001 0.8327381140625001 0.8218078125 0.8418352859375 0.83125 0.8617573562499998 0.83125 0.8686432906250001 0.8241674187499999 0.88860538125 0.7197825765625 0.8876570046874999 0.6670229796875 0.8701352546875001 0.5616856 0.8710920906249999 0.55 0.8395036484375 0.55
1 0.878125 0.55 0.878125 0.551544165625 0.8864471765624999 0.6112359171875 0.8952065781249999 0.6296875 0.896410996875 0.6296875 0.9077429890625 0.61781216875 0.9192730890625 0.5842606499999999 0.92319405 0.5610387046875001 0.92319405 0.55 0.878125 0.55
1 0.517212190625 0.55 0.5215946703125 0.5682636390625 0.5264174578125 0.609693509375 0.5200984734375 0.685403903125 0.5219094453124999 0.729848346875 0.5414283046875 0.8049940453125 0.553732346875 0.8296875 0.5721978546875001 0.8296875 0.5795846484375 0.8278765109374999 0.58125 0.8249090015625 0.58125 0.664643815625 0.581138109375 0.66406046875 0.55425949375 0.600617878125 0.5475346484375 0.5509730765625 0.547483784375 0.55 0.517212190625 0.55
1 0.41875 0.55 0.41875 0.5510105359375 0.4201498015625 0.5645618515625 0.41924431562500003 0.586784075 0.41875 0.58911916875 0.41875 0.7665491484375 0.4195865546875 0.7696623828125 0.42382821249999997 0.7765625 0.4456250078125 0.7765625 0.4556938328125 0.7634025937500001 0.462294440625 0.7353062968749999 0.4680227140625 0.6712353999999999 0.4614097140625 0.623124815625 0.445478309375 0.5741713765625 0.4457838984375 0.55 0.41875 0.55