1 0.0710847890625 0.509375 0.071875 0.5010866828125 0.071875 0.433440978125 0.0625188953125 0.3786529609375 0.06439845 0.3526845203125 0.0696941578125 0.32090543125000004 0.0716837125 0.2829424671875 0.06615843437499999 0.2686725453125 0.0517953578125 0.2686725453125 0.05034896875 0.2694715890625 0.0455094171875 0.2777033390625 0.03847005625 0.30317100625000004 0.036930182812500004 0.32265796562500004 0.039349925 0.3556511765625 0.03817235625 0.3880160703125 0.026006281250000002 0.43368438125 0.026006281250000002 0.509375 0.0710847890625 0.509375
1 0.1515625 0.509375 0.1515625 0.4070559359375 0.1461148078125 0.3902034671875 0.142576990625 0.3503977421875 0.143907459375 0.31977854843750003 0.1398191109375 0.2864724890625 0.13336270156250002 0.266651446875 0.12617089374999998 0.2612140796875 0.1209625625 0.2613049890625 0.11154301562499999 0.2712044890625 0.11013161093749999 0.2869906875 0.111996303125 0.318481259375 0.12023239375000001 0.3721122359375 0.11962247031249999 0.3915930421875 0.11377452031249999 0.41765533593750004 0.111742425 0.43901527187499995 0.1139390015625 0.49553311562499996 0.116144575 0.509375 0.1515625 0.509375
1 0.21875 0.509375 0.21875 0.4114209765625 0.20979885 0.38179117812499996 0.20761519375 0.3401245125 0.20952705 0.316739565625 0.20782865 0.2843321578125 0.2038851875 0.273940540625 0.197420046875 0.2671875 0.1912900375 0.2671875 0.18389941875 0.2717365609375 0.1782382046875 0.28843359375 0.17854230625 0.3042138 0.1841291703125 0.3409745734375 0.1864098796875 0.3844930921875 0.1755986015625 0.44759572187499996 0.17683764062500001 0.491193171875 0.179988421875 0.509375 0.21875 0.509375
1 0.27784690156249997 0.509375 0.27975260468749996 0.49891074843750005 0.28125 0.47647989218750003 0.28125 0.4457854515625 0.27975260468749996 0.42668852656249995 0.2677734375 0.3753946140625 0.2708984375 0.27895276875 0.2654296875 0.2639297015625 0.2551841265625 0.2609375 0.25422548125 0.2609375 0.2466796875 0.2666548484375 0.24225260468749998 0.28121289374999997 0.24225260468749998 0.3034351171875 0.2458984375 0.3375245703125 0.2458984375 0.37641345937500004 0.2318359375 0.4354017625 0.2302734375 0.4836226859375 0.234498703125 0.509375 0.27784690156249997 0.509375
1 0.7683709046875 0.509375 0.7766806171875 0.4890920125 0.7847503328125001 0.4538596078125 0.7859375 0.431207109375 0.7859375 0.418959528125 0.7817030296875 0.3932586796875 0.765825725 0.369661684375 0.7648698671874999 0.2839969828125 0.7588381296875 0.275390721875 0.7446176203125 0.275390721875 0.7359636171874999 0.2863565796875 0.7314587015624999 0.301283853125 0.7314587015624999 0.3059705296875 0.73278034375 0.332253684375 0.7393554375 0.3552270671875 0.74046178125 0.3786468609375 0.7314587015624999 0.41403978593749996 0.7314587015624999 0.47676851875 0.7344931171875 0.4925357484375 0.7452870562499999 0.509375 0.7683709046875 0.509375
1 0.829950625 0.314670675 0.8424166828124999 0.34300854531249997 0.8451161984375 0.34375 0.856081928125 0.34375 0.85625 0.343503240625 0.85625 0.2319181125 0.8473660953125 0.21295388593750003 0.8448718609375 0.1503946875 0.8389202375 0.13881059375 0.8318892859375 0.13881059375 0.8251125328125 0.1400395203125 0.8212887828125 0.149392896875 0.82130820625 0.1647298734375 0.8285238843750001 0.197648809375 0.8299796546875001 0.22542658750000003 0.8244041765624999 0.2537371625 0.8238073531250001 0.28724809375000004 0.829950625 0.314670675
1 0.89171834375 0.3867292484375 0.892806178125 0.4159368609375 0.8984035046875001 0.44212102968749994 0.9132176093750001 0.47757704375000004 0.9182360796874999 0.484375 0.9265625 0.484375 0.9265625 0.34664536562500003 0.9241154671875 0.3418312328125 0.9212969828125 0.2611528484375 0.9089354171874999 0.2395038359375 0.9058400625 0.20343366562499998 0.9019221015625 0.19635974843749998 0.901002790625 0.19635974843749998 0.9019931734375 0.24126121406249998 0.8941114546875 0.2528227078125 0.8917874906249998 0.26548648125 0.9017954484375 0.336033209375 0.89171834375 0.3867292484375
1 0.9395664937500001 0.3240972109375 0.9444727390625001 0.325 0.9497976093750001 0.325 0.9586141953125 0.307568053125 0.9609375 0.29852476562499997 0.9609375 0.21840903906250003 0.9564537515625 0.20483573906250002 0.9599883078125 0.14083319218749998 0.950492103125 0.1202726421875 0.950298175 0.086939309375 0.9475274375 0.08076887187500001 0.94659393125 0.12177519218749999 0.9373158968750002 0.13871464375 0.9384688390625 0.2025808 0.9300124546875 0.2264419640625 0.9263324562499999 0.2654445125 0.9320436140624999 0.30695205468750003 0.9395664937500001 0.3240972109375
1 0.97578125 0.0401041671875 0.96796875 0.055381943749999996 0.96796875 0.113715278125 0.959375 0.138715278125 0.95625 0.1776041671875 0.9578125 0.20677083281250003 0.971875 0.2192708328125 0.98203125 0.20538194375000002 0.98984375 0.1692708328125 0.98984375 0.14288194375000002 0.9828125 0.11788194375000001 0.9859375 0.052604167187499995 0.97890625 0.0373263890625 0.979296875 0.0157986109375 0.97578125 0.0401041671875
1 0.86953125 0.15538194375 0.86875 0.18315972187500001 0.87734375 0.22621527812500003 0.883203125 0.2338541671875 0.8890625 0.23315972187499998 0.896875 0.21371527812500002 0.8984375 0.1498263890625 0.89140625 0.1220486109375 0.89375 0.06788194374999999 0.88515625 0.051215278125 0.883984375 0.024131943750000003 0.87421875 0.07204861093750001 0.87734375 0.11927083281249999 0.86953125 0.15538194375
1 0.9328125 0.09149305625000001 0.92421875 0.052604167187499995 0.925 0.022048610937499998 0.912890625 0.019965278125 0.91171875 0.056770832812500005 0.90546875 0.0817708328125 0.9046875 0.11927083281249999 0.912109375 0.14913194375 0.9234375 0.1498263890625 0.93125 0.1220486109375 0.9328125 0.09149305625000001
1 0.1148622609375 0.509375 0.11079173125 0.52138050625 0.11419337031250001 0.5713213046875 0.12277260625 0.6152921546875 0.1250484765625 0.6736846859375 0.1106124265625 0.7723868984375001 0.10910820000000002 0.8185162281249999 0.117925225 0.8819907203125 0.140824175 0.9597365968750001 0.14950111093750001 0.965625 0.1691453203125 0.965625 0.171875 0.96374209375 0.171875 0.7099067859374999 0.1649844375 0.687391375 0.16040366718750002 0.65985039375 0.157346546875 0.6015170609375 0.1599959671875 0.562272975 0.156739903125 0.51510995 0.153458221875 0.509375 0.1148622609375 0.509375
1 0.08985333125 0.509375 0.099149328125 0.5802977281249999 0.0871042765625 0.6492130984375 0.08396941875 0.6981517578125 0.091791846875 0.7590581515625 0.1077630046875 0.8125697203125 0.11393059531250001 0.8203125 0.1163509125 0.8203125 0.1171875 0.7812539703125 0.1171875 0.5479098015625 0.1142501625 0.5223706375 0.117173771875 0.509375 0.08985333125 0.509375
1 0.0628982515625 0.509375 0.053477828125 0.5496478984375 0.053477828125 0.6734375 0.05383340625000001 0.6734375 0.07775389375 0.5814644984374999 0.0756286078125 0.509375 0.0628982515625 0.509375
1 0.2292204875 0.509375 0.23017854531249998 0.54053003125 0.21850826250000002 0.603316403125 0.21796981093749998 0.6478290296875 0.224462609375 0.6922189265625 0.23950461406249998 0.746194678125 0.247285825 0.7546875 0.259375 0.7546875 0.259375 0.549309378125 0.2557493078125 0.537302240625 0.2536331078125 0.509375 0.2292204875 0.509375
1 0.27154689374999996 0.509375 0.2784460484375 0.5980100265624999 0.26320932343750003 0.6814344609375 0.2601426 0.7276821921875 0.2633986578125 0.7748452140625 0.2833909765625 0.8569945546875001 0.29411239375 0.865625 0.3028920296875 0.865625 0.31046299374999997 0.864703990625 0.318411359375 0.859221284375 0.3203125 0.8542040296875001 0.3203125 0.6413497625 0.3089875875 0.5970901328125 0.3074590265625 0.5679234656250001 0.311833146875 0.509375 0.27154689374999996 0.509375
1 0.38877831406249996 0.509375 0.3890625 0.55028459375 0.3671875 0.6290812140625001 0.3625 0.6667995390625 0.36328125 0.715374265625 0.37421875 0.7718092828125 0.383203125 0.788751940625 0.3878452859375 0.7890625 0.402870575 0.7890625 0.408984375 0.784773384375 0.41796875 0.760049371875 0.43046875 0.7094671781249999 0.4328125 0.6718580140625 0.43203125 0.6330055140625 0.4171875 0.564252428125 0.4171875 0.526752428125 0.41961529999999997 0.509375 0.38877831406249996 0.509375
1 0.9321984234375 0.6570198609375 0.934375 0.6386454875 0.934375 0.6079336546875 0.9275002296875 0.573083203125 0.9326677875 0.521821278125 0.9269280390624999 0.5129897921875 0.9202835203124999 0.5135321796875 0.9134342671875 0.5258713 0.9142111921874999 0.574167978125 0.9043223859375 0.60684868125 0.9043223859375 0.67962703125 0.9059448765625 0.6859375 0.9219334906250001 0.6859375 0.924118075 0.6849595078124999 0.9321984234375 0.6570198609375
1 0.98125 0.6828125 0.98125 0.6037173546875 0.9742516171875 0.5797439625 0.974524303125 0.5372139312499999 0.97065041875 0.5312013531249999 0.96068308125 0.5312013531249999 0.957082440625 0.538535596875 0.96238053125 0.5918959781249999 0.9561454828125001 0.6161236765625 0.9557243890624999 0.63991081875 0.9654184812499998 0.6816856109375 0.9662722578124999 0.6828125 0.98125 0.6828125
1 1 0.5426271171875 0.9952673593749999 0.5421699359375001 0.99062683125 0.5542835015625001 0.9958318734375 0.5964941390625 0.98944153125 0.6268173390625 0.9910376187499998 0.6517239390625 0.9995176375 0.6800183046875 1 0.6805181906250001 1 0.5426271171875
1 0.83160310625 0.603635615625 0.8300558109375 0.5612654 0.8248743281250001 0.5532504921875 0.8190603734374999 0.553351975 0.815936209375 0.561511859375 0.8200695625 0.6050839124999999 0.8156710921875 0.6238653453125 0.8159916359375 0.6500462703125 0.8260145874999999 0.683539703125 0.8328125 0.684263578125 0.8328125 0.6067435640625 0.83160310625 0.603635615625
1 0.859375 0.6827907718749999 0.859375 0.6036868453124999 0.856675146875 0.5952421015625 0.85618253125 0.5540203390625 0.854064546875 0.5454289015625 0.8491608203125001 0.5419870578125 0.8478721359375001 0.5419870578125 0.8400754750000001 0.54898948125 0.844216675 0.5961861484375 0.83811215625 0.6229045078125 0.8410964640625 0.6639374625000001 0.8488088156250001 0.684375 0.8568968171875 0.684375 0.859375 0.6827907718749999
1 0.8928532499999999 0.5380536234375 0.8838697734375 0.5296875 0.8828584062499999 0.5296875 0.8762419546875 0.5375819765625 0.877903084375 0.58358181875 0.8679363062500001 0.62638725 0.8679363062500001 0.6475578609375 0.8754113890624999 0.6820789421875 0.8788577390625001 0.6859375 0.8824662390625001 0.6859375 0.8911921203125001 0.6850799328124999 0.9 0.66065818125 0.9 0.6229851765625 0.8928532499999999 0.594093475 0.8928532499999999 0.5380536234375
1 0.95625 0.6010574890625 0.95625 0.5576890546875 0.9537086406250002 0.5528354609375 0.9536549093750001 0.5528354609375 0.9499892937500001 0.5609836609375 0.95186053125 0.5970498984375 0.946184234375 0.6208803390625001 0.9446897421875 0.6495712609375 0.9520551578124999 0.6828125 0.95625 0.6828125 0.95625 0.673815878125 0.9504457359374999 0.639439453125 0.9519692078125 0.6157298499999999 0.95625 0.6010574890625
1 0.5461794015625 0.6273836390625 0.5453488375 0.6473089203125 0.5594684390625 0.64855425 0.5619601328125 0.61119435 0.560299003125 0.5489278484375 0.5573920265625001 0.547059853125 0.5528239203124999 0.5588904890624999 0.55448505 0.5999863796875 0.5461794015625 0.6273836390625
1 0.5 0.6205592281250001 0.505481728125 0.6435729296874999 0.510465115625 0.6448182593749999 0.5088039859375 0.6273836390625 0.501328903125 0.60372236875 0.5029900328125 0.5663624687500001 0.5 0.55535828125 0.5 0.6205592281250001