1 0.0697144828125 0.459375 0.0706385921875 0.452483771875 0.0710311796875 0.41618134375000004 0.061870590625 0.3399696578125 0.0644571375 0.29546144375 0.0734375 0.227753846875 0.0734375 0.20535683906250002 0.0708101890625 0.1960602265625 0.0565979 0.1865152078125 0.04825918125 0.192821925 0.0385300234375 0.212291196875 0.0365871703125 0.3001738359375 0.030875621875 0.344426959375 0.0214021828125 0.36746619375 0.0214021828125 0.459375 0.0697144828125 0.459375
1 0 0.459375 0.0210790375 0.459375 0.023363734375 0.4098667 0.0417445796875 0.340500146875 0.043525248437500004 0.303127690625 0.04206779375 0.28494458906250003 0.038565559375 0.21518128124999997 0.044912523437500004 0.19902479687500002 0.053125 0.188310846875 0.053125 0.164549040625 0.0455657578125 0.15391779375 0.036182678125 0.1545414078125 0.0278785484375 0.17123290468750002 0.025179265625000002 0.23215270000000002 0.0178894453125 0.2760231875 0 0.3176999375 0 0.459375
1 0.1263251140625 0.459375 0.1380674515625 0.42601707187500004 0.146973778125 0.385793834375 0.1472217078125 0.339965046875 0.14200089062500001 0.2941044421875 0.147766053125 0.25247413750000003 0.159375 0.20194720937500002 0.159375 0.1812240359375 0.1577338828125 0.1692044359375 0.150206959375 0.1601334796875 0.138488209375 0.160065303125 0.13117138281250001 0.1690498984375 0.11765285 0.2828524296875 0.0970439359375 0.32439637656250003 0.0881214484375 0.36323072500000003 0.08842851093750001 0.3896196140625 0.0958799515625 0.42577163125000006 0.0962709625 0.459375 0.1263251140625 0.459375
1 0.1843609125 0.26724101093749997 0.1882492984375 0.222796565625 0.1984375 0.16806230312499998 0.1984375 0.1666091421875 0.19448107812499998 0.1470975765625 0.1855921265625 0.1414329328125 0.177415090625 0.14550869375 0.16913405312500002 0.1641814234375 0.16231222343750001 0.2600329375 0.154747940625 0.2818735546875 0.154747940625 0.4453125 0.1623176234375 0.4453125 0.16977946875 0.4339076765625 0.184969890625 0.3854238359375 0.1917574078125 0.3257197953125 0.1843609125 0.26724101093749997
1 0.625567075 0.459375 0.6262366171875 0.4561001546875 0.628125 0.43750560156249996 0.628125 0.434019053125 0.6265091125 0.4179246140625 0.628125 0.36522606875 0.628125 0.344667534375 0.6265737343750001 0.3340810984375 0.608527975 0.2748455328125 0.60723796875 0.23654245000000002 0.610786559375 0.1827962328125 0.6087949296875 0.15375240625 0.60038735625 0.1367621703125 0.58646518125 0.1337624046875 0.5820178640625 0.1371259859375 0.5752234140625 0.14980358437500002 0.5752234140625 0.2160337265625 0.57626861875 0.23028783125 0.5752234140625 0.2637298671875 0.5752234140625 0.266075525 0.5767868375 0.2787761015625 0.5752234140625 0.28841909062500004 0.5752234140625 0.459375 0.625567075 0.459375
1 0.6513445671875 0.3263471859375 0.6513445671875 0.32820792499999996 0.65197799375 0.3301702734375 0.661385315625 0.32537999218749997 0.6723228156250001 0.3262728125 0.6832387640625 0.3308693359375 0.6977466859375 0.3450227265625 0.707048846875 0.3625 0.7109375 0.3625 0.7109375 0.31183708125 0.6990100609375001 0.26221612968749997 0.697029078125 0.24445347343749999 0.7022229453125 0.157799075 0.694792065625 0.1363492703125 0.684939328125 0.128134071875 0.679730990625 0.127708921875 0.6724016203125001 0.1335951875 0.666323153125 0.1483840421875 0.668318603125 0.253226246875 0.6523219046875 0.3158396796875 0.6513445671875 0.3263471859375
1 0.7953125 0.459375 0.7953125 0.35063911875 0.7809137125 0.29331344375 0.7780078703125 0.26737236875 0.7839490953125 0.1961154625 0.7835396765625 0.160930278125 0.77524589375 0.1419018296875 0.7678895812500001 0.1363038515625 0.7616395812500001 0.13626749062500002 0.7513306546875 0.1454661484375 0.74554039375 0.16256093124999998 0.745353559375 0.1912616046875 0.7509245375 0.2672148015625 0.74612561875 0.302369684375 0.7312224859375 0.36431581875 0.7289199953125 0.39022659531250004 0.729286315625 0.4217080765625 0.734505059375 0.459375 0.7953125 0.459375
1 0.8223106890625 0.459375 0.8319347968749999 0.42821587812499995 0.840221434375 0.3930912984375 0.8439825890625 0.356060321875 0.8441674812500001 0.3301101546875 0.8352547109374999 0.265125646875 0.8365970609375001 0.2438232890625 0.8468278921875001 0.1864764875 0.85 0.15613730312500002 0.85 0.1558489390625 0.8446514031250001 0.1368636953125 0.8325564437499999 0.1320886140625 0.8225333796874998 0.139386934375 0.8154849734375 0.15737885468749999 0.8129741953125 0.227791646875 0.8092130421875 0.264822625 0.800009425 0.292756028125 0.800009425 0.459375 0.8223106890625 0.459375
0 0.55312890625 0.459375 0.55625 0.451215278125 0.5625 0.4234375 0.5640625 0.377141203125 0.5572916671875 0.3382523140625 0.5434895828124999 0.30723379687499996 0.5315104171875 0.295196759375 0.52109375 0.289641203125 0.4986979171875 0.28778935156249996 0.48515625 0.29241898125 0.47057291718750005 0.30538194375 0.44947916718750003 0.3438078703125 0.44114583281249997 0.3752893515625 0.43958333281249995 0.4123263890625 0.44375 0.4410300921875 0.44942545625 0.459375 0.55312890625 0.459375
1 0.5531205171875 0.459375 0.544690003125 0.47567775 0.537884228125 0.662063765625 0.5229086609375 0.7031716609374999 0.5229086609375 1 0.57591819375 1 0.5980086953125 0.9308891875 0.6125 0.8250727859375001 0.6125 0.8005490343750001 0.58879331875 0.666219440625 0.610558621875 0.4755562765625 0.6036995218750001 0.459375 0.5531205171875 0.459375
1 0.451857846875 0.9935553609374999 0.452640028125 0.99375 0.49989437812500004 0.99375 0.5027987296875 0.9922465531250001 0.5140893156249999 0.9275632828125 0.5171875 0.873442634375 0.5171875 0.8427703281250001 0.514788728125 0.8073447046875 0.49698840781250003 0.7402867640624999 0.5050241265625 0.6097328921875 0.4888035546875 0.583806975 0.47062173593749995 0.58232280625 0.45778319375 0.6004095734375 0.4642929265625 0.73215078125 0.4383933015625 0.8065756765625001 0.43634527343749996 0.83730709375 0.43634527343749996 0.8899328437499999 0.44120308750000004 0.9489490125 0.451857846875 0.9935553609374999
1 0.409375 0.9859375 0.43133350468750004 0.9859375 0.4359375 0.984575809375 0.4359375 0.7937456734375 0.43347747343750004 0.7900983765625 0.432905209375 0.7409180484375 0.4359375 0.736298184375 0.4359375 0.6756010921875 0.42652868125000004 0.6616513421875 0.409375 0.6615515453125 0.409375 0.9859375
1 0.6646875 0.8937414624999999 0.68286931875 0.9921021171875001 0.7301420453125 0.9921021171875001 0.7446875000000001 0.9101349046875 0.7446875000000001 0.8117742484375 0.7228693187499999 0.740735996875 0.72650568125 0.5986594953125 0.7210511359374999 0.5849982921875 0.6992329546875 0.5740693312499999 0.6792329546875 0.5986594953125 0.6865056812500001 0.740735996875 0.6683238640625 0.8008452875 0.6646875 0.8937414624999999
1 0.775596590625 0.65603654375 0.7646875 0.65603654375 0.753778409375 0.661501025 0.7483238640625001 0.6751622265625 0.755596590625 0.7789873640625 0.7483238640625001 0.8008452875 0.7446875000000001 0.9483862703125 0.753778409375 0.9839053968750001 0.7883238640625001 0.98117315625 0.795596590625 0.9593152328125001 0.795596590625 0.9374573093749999 0.80286931875 0.9046704234374999 0.80286931875 0.8664190578125 0.7810511359375 0.757129440625 0.7883238640625001 0.6860911890625 0.775596590625 0.65603654375
1 0.84286931875 0.8718835375000001 0.8246874999999999 0.8172387296875 0.8246874999999999 0.8008452875 0.8210511359375001 0.7953808062500001 0.8210511359375001 0.7789873640625 0.8246874999999999 0.7735228828125 0.8246874999999999 0.7188780734375 0.8192329546875001 0.7106813531249999 0.8010511359375 0.7106813531249999 0.795596590625 0.7188780734375 0.7992329546875 0.8500256140625 0.80286931875 0.8554900953125 0.7992329546875 0.9702441937499999 0.8046875 0.978440915625 0.8283238640625001 0.9757086749999999 0.8355965906249999 0.9593152328125001 0.8355965906249999 0.9429217890625001 0.84286931875 0.921063865625 0.84286931875 0.8718835375000001
1 0.675596590625 0.9538507515625 0.6646875 0.9101349046875 0.6646875 0.8117742484375 0.68286931875 0.746200478125 0.68286931875 0.7243425546875001 0.673778409375 0.7106813531249999 0.66286931875 0.7106813531249999 0.653778409375 0.7188780734375 0.650869725 0.7354611343749999 0.650869725 0.7537596421874999 0.653778409375 0.7789873640625 0.6574147734375 0.78445184375 0.6574147734375 0.8172387296875 0.6501420453125 0.8281676906250001 0.645715878125 0.8487710953125 0.6433732093750001 0.8607355109375 0.6428693187500001 0.8664190578125 0.6428693187500001 0.9265283468749999 0.6475899984375 0.9473015046875 0.653778409375 0.9757086749999999 0.675596590625 0.9757086749999999 0.675596590625 0.9538507515625
1 0.5301420453125 0.9265283468749999 0.52650568125 0.8664190578125 0.52286931875 0.8609545765625001 0.52286931875 0.7735228828125 0.5301420453125 0.751664959375 0.533778409375 0.7188780734375 0.5283238640625 0.7106813531249999 0.5174147734375 0.7106813531249999 0.5083238640625 0.7298070359375 0.5083238640625 0.7680584015624999 0.5192329546875 0.8172387296875 0.5192329546875 0.8992059421875 0.515596590625 0.9046704234374999 0.515596590625 0.9319928281250001 0.5119602265625 0.9374573093749999 0.5119602265625 0.9593152328125001 0.5083238640625 0.9702441937499999 0.513778409375 0.9839053968750001 0.5374147734375 0.98117315625 0.5374147734375 0.9538507515625 0.5301420453125 0.9265283468749999