2 0.36875 0 0 0 0 0.0826198359375 0.0555481640625 0.0822966671875 0.144850628125 0.10502978437499999 0.3249691984375 0.1140625 0.36875 0.1140625 0.36875 0
1 0.1765625 1 0.1765625 0.9105435875000001 0.16859761874999998 0.8825023999999999 0.15815286875 0.6892735375 0.1455613828125 0.656119415625 0.123823771875 0.6439608171875 0.1140853140625 0.6508014156249999 0.1049935203125 0.6871868984375 0.1282330359375 0.8789709562500001 0.11559742343749999 1 0.1765625 1
1 0.332439846875 1 0.32734375 0.956657784375 0.3078125 0.8688024875 0.3143229171875 0.682755975 0.3045572921875 0.6556241921875 0.28372395781250004 0.6478722546875 0.26484375 0.6853399546875 0.2713541671875 0.8610505484375001 0.25052083281250004 0.956657784375 0.24785736875 1 0.332439846875 1
1 0.24535464375 1 0.24921875 0.9463218671875001 0.2309895828125 0.85071463125 0.2375 0.6930918921875 0.2264322921875 0.658208171875 0.2134114578125 0.6530402125 0.2029947921875 0.6607921515624999 0.1932291671875 0.6905079140625 0.19973958281249998 0.837794734375 0.1776041671875 0.951489825 0.1739374796875 1 0.24535464375 1
1 0.084345578125 1 0.09427083281250001 0.9359859499999998 0.08255208281250001 0.8584665703125001 0.0890625 0.6853399546875 0.07669270781250001 0.6556241921875 0.059765625 0.650456234375 0.0421875 0.6853399546875 0.0473958328125 0.8584665703125001 0.0265625 0.956657784375 0.023899034375 1 0.084345578125 1
1 0 1 0.02144984375 1 0.0369791671875 0.9049781984374998 0.0265625 0.848130653125 0.0330729171875 0.695675871875 0.024609375 0.66337613125 0.0076822921875 0.6556241921875 0 0.66324693125 0 1
1 0.903125 1 0.903125 0.8443185609375 0.895790353125 0.8193876281250001 0.8883388296875001 0.6751404546875 0.8764255500000001 0.64973826875 0.8564421624999999 0.6428615484375 0.8445201328125 0.6764352171875 0.8628404640625 0.8267616875 0.8522433078125001 0.89763218125 0.853419234375 0.984917890625 0.8559369828125 1 0.903125 1
1 0.955761159375 1 0.9578125 0.9715170687499999 0.9578125 0.9666393750000001 0.9433500171875 0.8726853390624999 0.9496018375 0.7718874171875 0.9429515921875 0.7499652593749999 0.9274468796875001 0.7448882046875 0.9171700406250001 0.76690884375 0.9198523765625 0.8754056734375 0.906352565625 0.94979358125 0.906352565625 1 0.955761159375 1
1 0.8151447749999999 1 0.81640625 0.9791384046874999 0.80078125 0.8731952515625 0.8059895828125001 0.769836078125 0.798828125 0.7478722546875 0.7845052078125 0.7427042953124999 0.7747395828125 0.762084140625 0.77734375 0.8757792312499999 0.7643229171874999 0.9352107562499998 0.7609455687500001 1 0.8151447749999999 1
1 0.76109756875 1 0.7643229171874999 0.9274588171874999 0.7591145828125001 0.9016190250000001 0.7630208328125001 0.8240996453125 0.7571614578125001 0.8073037796874999 0.7467447921874999 0.8047198 0.73828125 0.8266836234374999 0.7421875 0.904203003125 0.7291666671874999 0.9791384046874999 0.7291666671874999 1 0.76109756875 1
1 0.7298230203125 1 0.7291666671874999 0.976554425 0.7356770828125001 0.9377947343749999 0.7330729171874999 0.8964510656249999 0.7369791671874999 0.862859334375 0.7298177078125001 0.8434794890624999 0.7220052078125001 0.8434794890624999 0.7161458328125001 0.8576913765625 0.7174479171874999 0.9222908593749999 0.7044270828125001 0.981722384375 0.7044270828125001 1 0.7298230203125 1
1 0.8229357921875 1 0.8229166671874999 0.9998102390625 0.8255208328125001 0.8576913765625 0.818359375 0.8408955109375 0.8118489578125001 0.8408955109375 0.8046875 0.8576913765625 0.81640625 0.976554425 0.8145408234375001 1 0.8229357921875 1
1 0.90737508125 1 0.90625 0.9894743218750002 0.9192708328125001 0.855107396875 0.9069010421874999 0.8408955109375 0.8997395828125001 0.855107396875 0.9046895687500001 1 0.90737508125 1
1 0.995028259375 1 0.99609375 0.9868903421875 0.9830729171874999 0.904203003125 0.9856770828125001 0.8240996453125 0.978515625 0.8073037796874999 0.9680989578125001 0.8073037796874999 0.9609375 0.8240996453125 0.96484375 0.9119549421875 0.9609375 0.930042796875 0.9631407421875 1 0.995028259375 1
1 1 1 1 0.8473554578125 0.9954427078125001 0.84606346875 0.98828125 0.8576913765625 0.99609375 0.981722384375 0.99477800625 1 1 1