1 0.3548455203125 0.179868625 0.3548455203125 0.33554971562499997 0.36101272500000003 0.3390625 0.36985097499999997 0.3390625 0.372415046875 0.33893668906249996 0.3810395359375 0.3333326515625 0.39292492343749996 0.2953121171875 0.40064364374999994 0.257315821875 0.403125 0.2186185046875 0.403125 0.2054785234375 0.40247794531250003 0.1925100984375 0.3928409625 0.1379531921875 0.393533271875 0.11480807343749999 0.40270776562500005 0.0490340015625 0.4026366125 0.0305215421875 0.3968783453125 0.0162075671875 0.3856141125 0.0125705265625 0.375469178125 0.02234880625 0.37099840624999997 0.0381107578125 0.3703869265625 0.10938887187499999 0.36793801406250004 0.1362467859375 0.3548455203125 0.179868625
0 0.5796875 0.29299620625 0.577242059375 0.2730187796875 0.5683843453125 0.250984790625 0.5573175531250001 0.2407024734375 0.5536659734375 0.23936317499999998 0.5367751421875 0.23936317499999998 0.5307335078125 0.24086340625 0.518905178125 0.2547340984375 0.5095014046874999 0.275371634375 0.506678078125 0.3015343578125 0.5198133359375 0.3234375 0.5394024234375 0.3234375 0.5793755875000001 0.32197445468749997 0.5796875 0.320549234375 0.5796875 0.29299620625
1 0.5796875 0 0.5796875 0.4 0.75364130625 0.4 0.7404063109375001 0.3566590890625 0.7410547640624999 0.31448067968750004 0.7583108624999999 0.2534613671875 0.8261268843749999 0.1218568421875 0.8364778859375 0.07337389062500001 0.8308763390625 0.031231842187499997 0.7937518546875 0 0.5796875 0
1 0.232435259375 0.7796875 0.23846691718750002 0.7796875 0.245343334375 0.7778215984375001 0.2539872453125 0.7569443296875 0.2669401984375 0.6985534250000001 0.2671875 0.694813346875 0.2671875 0.6300914375 0.2667041171875 0.6235776640624999 0.2568245046875 0.5736503875000001 0.2661834234375 0.4745520734375 0.2615638734375 0.45838018593749996 0.2504452203125 0.4519653671875 0.2412999 0.457572434375 0.235030475 0.472882028125 0.23281764531250002 0.5747156984374999 0.2215056078125 0.6153184015625 0.2215056078125 0.773535640625 0.22550314062500001 0.7788626703125 0.232435259375 0.7796875
0 0.3850663640625 0.74350530625 0.3911707859375 0.7409457843749999 0.4 0.7426664765625001 0.4 0.692374315625 0.39972405 0.690873859375 0.392315909375 0.67351688125 0.37567186874999997 0.6535268015625 0.3634985984375 0.6494047765625 0.345463534375 0.6524719046875 0.33364937031249997 0.6700818546875 0.32550046250000003 0.7030696187500001 0.32435206875 0.73075645625 0.3299745046875 0.7586797359374999 0.33683675156250004 0.7625 0.38016288593750003 0.7625 0.3850663640625 0.74350530625
1 0.881968553125 0.70554653125 0.8851114265625 0.751645496875 0.8978124578125 0.81277480625 0.9013957671874999 0.81875 0.9267206671875 0.81875 0.9278519546874999 0.8183758593749999 0.932176684375 0.8092440984374999 0.934375 0.7911961187500001 0.934375 0.656294125 0.9231109625 0.6125349390625 0.921997553125 0.5616484796875 0.9247562328125 0.5299302 0.9239768203125 0.50774744375 0.9188511312500001 0.4928445984375 0.9101256109375001 0.4904134296875 0.90431915625 0.4904134296875 0.8959667859374999 0.4973588953125 0.890675809375 0.5130510703125 0.8965376890625001 0.6136218 0.8846625875 0.668272696875 0.881968553125 0.70554653125
1 0.84375 0.8200231484374999 0.853125 0.775578703125 0.85625 0.7209490734375 0.8526041671875 0.69039351875 0.8359375 0.6237268515625 0.8359375 0.5765046296875 0.8395833328125001 0.5394675921875 0.8385416671874999 0.519097221875 0.8330729171875 0.50381944375 0.82578125 0.4982638890625 0.81953125 0.4982638890625 0.8122395828125001 0.50381944375 0.8057291671875 0.5228009265625 0.8114583328125 0.6079861109375 0.8088541671874999 0.631134259375 0.7942708328125001 0.699652778125 0.7927083328125001 0.7348379625 0.7963541671875 0.769097221875 0.8083333328125001 0.824652778125 0.8169270828125 0.8353009265625001 0.8364583328125 0.8348379625 0.84375 0.8200231484374999
1 0.7401041671875 0.712615740625 0.7432291671875 0.7366898140625 0.7432291671875 0.7635416671874999 0.740625 0.7829861109375 0.7302083328125 0.8079861109375 0.7213541671875 0.837615740625 0.73125 0.844097221875 0.7497395828125 0.8417824078125001 0.7541666671875 0.8357638890625001 0.765625 0.7802083328125 0.7682291671875 0.750578703125 0.7666666671875 0.7024305562500001 0.7609375 0.6700231484375 0.7536458328125 0.6459490734375001 0.7494791671875001 0.61539351875 0.7536458328125 0.549652778125 0.753125 0.5237268515625 0.7455729171875001 0.505671296875 0.7403645828125 0.50289351875 0.73515625 0.50289351875 0.7283854171875 0.5084490734375 0.7244791671875 0.5153935187500001 0.721875 0.52835648125 0.7223958328125 0.5542824078125 0.7260416671875001 0.5802083328125 0.7265625 0.62835648125 0.71875 0.6635416671875 0.734375 0.694097221875 0.7401041671875 0.712615740625
1 0.7596354171875 0.8288194437499999 0.7640625 0.8292824078125001 0.7721354171875 0.8269675921874999 0.7791666671875 0.8079861109375 0.7864583328125001 0.7607638890625 0.7890625 0.7042824078125001 0.784375 0.6700231484375 0.771875 0.621875 0.7703125 0.600578703125 0.7739583328124999 0.5153935187500001 0.7708333328125 0.50335648125 0.76640625 0.49733796249999995 0.75546875 0.49456018593749995 0.7497395828125 0.4982638890625 0.746875 0.5042824078125 0.7526041671875 0.519097221875 0.7541666671875 0.5320601859374999 0.7505208328124999 0.5885416671875 0.7510416671875 0.631134259375 0.7609375 0.6672453703125 0.7682291671875 0.7144675921875 0.7671875 0.7700231484375 0.7583333328124999 0.8228009265625001 0.7596354171875 0.8288194437499999
1 0.6763020828124999 0.49918981406250007 0.6643229171875 0.506597221875 0.6588541671875 0.5228009265625 0.6588541671875 0.546875 0.6625 0.5728009265624999 0.6640625 0.6098379625 0.6630208328125 0.62743055625 0.653125 0.669097221875 0.6526041671875 0.6792824078125 0.6736979171875 0.659375 0.6927083328125 0.650578703125 0.6880208328124999 0.62835648125 0.6864583328125 0.6089120375 0.690625 0.5237268515625 0.6846354171875 0.505671296875 0.6763020828124999 0.49918981406250007
1 0.5796875 0.687728659375 0.5989583328125 0.6459490734375001 0.596875 0.612615740625 0.6010416671875001 0.5329861109375 0.5979166671875 0.5153935187500001 0.58984375 0.50289351875 0.5796875 0.5066550921874999 0.5796875 0.687728659375
0 0.7223958328125 0.837615740625 0.728125 0.8144675921874999 0.7411458328125 0.7802083328125 0.74375 0.7459490734375 0.7401041671875 0.7135416671874999 0.7338541671875001 0.693171296875 0.7231770828124999 0.6723379625 0.7174479171875 0.6640046296875 0.70703125 0.656597221875 0.6908854171875001 0.65289351875 0.67578125 0.6575231484375 0.6515625 0.6829861109375 0.6401041671875001 0.7107638890625 0.6369791671875 0.7320601859375 0.6364583328125 0.7579861109375 0.6411458328124999 0.7950231484375 0.6544270828125 0.825115740625 0.67578125 0.843634259375 0.69375 0.8459490734374999 0.7080729171875 0.8445601859374999 0.7223958328125 0.837615740625