1 0.12534000781250001 0.41875 0.12534000781250001 0.39319950000000004 0.10825390312500001 0.320558646875 0.10832576875 0.278940496875 0.1115872859375 0.24024567343749997 0.11057077500000001 0.21892511718750002 0.1082503796875 0.2086429 0.10253379062500001 0.197740040625 0.09608270625000001 0.1939052265625 0.09115025 0.1939052265625 0.081722009375 0.1976956390625 0.07606646875 0.211768521875 0.0756928890625 0.2404237078125 0.0818889703125 0.3054568484375 0.08136453125000001 0.327630553125 0.0673343171875 0.3954213265625 0.0671875 0.3970581796875 0.0671875 0.41875 0.12534000781250001 0.41875
1 0.2046154359375 0.41875 0.20528582968750003 0.416286403125 0.20964939999999999 0.37031765625 0.2066384796875 0.3091792484375 0.21309275 0.27625535 0.224121334375 0.24079933750000002 0.2253305765625 0.23118576875 0.2253305765625 0.22150876875 0.2228385625 0.20931785625 0.2154111625 0.19922714218749998 0.2106915328125 0.198979796875 0.20306775937500002 0.198979796875 0.19121864375 0.2113565203125 0.1860250453125 0.2369548984375 0.17914013125 0.2975746859375 0.1517540765625 0.3525003109375 0.1421875 0.39169134687499996 0.1421875 0.41875 0.2046154359375 0.41875
1 0.7658784562500001 0 0.75625 0.050443525 0.75625 0.0547422140625 0.7758799843749999 0.059375 0.8043510078124999 0.059375 0.8043510078124999 0.041846668749999996 0.794325203125 0 0.7658784562500001 0
1 0.7445374265625 0 0.740625 0.0236295453125 0.740625 0.046758370312500006 0.740703984375 0.053006881250000006 0.742604365625 0.05625 0.7527359 0.05625 0.7602918265625 0.055419360937499995 0.77001846875 0 0.7445374265625 0
2 1 0.0717308578125 0.641015625 0.0564236109375 0.408984375 0.055034721875000005 0.4 0.0640625 0.39921875 0.15711805625 0.407421875 0.16753472187500001 0.453515625 0.1703125 0.475390625 0.16336805625 0.480078125 0.15642361093749999 0.546484375 0.155034721875 0.978515625 0.16753472187500001 0.99765625 0.173784721875 0.9984375 0.2015625 1 0.204993871875 1 0.0717308578125
1 0.1675498921875 1 0.1609293484375 0.9095414328124999 0.1303802515625 0.8932411953125001 0.12081400625000001 0.8932411953125001 0.1109375 0.9066380109375001 0.1109375 0.9085409390624999 0.12222670937499999 1 0.1675498921875 1
1 0.3426610765625 1 0.3418436296875 0.9738079890625 0.3572876453125 0.9377255156250002 0.3611486484375 0.8191688140625001 0.33991312812499996 0.7959729375 0.31867760624999997 0.8088595359375 0.31867760624999997 0.9274162374999999 0.2993725875 0.9995811859374999 0.2993725875 1 0.3426610765625 1
1 0.272345559375 0.8758698453125 0.2916505796875 0.9738079890625 0.3109555984375 0.94803479375 0.31867760624999997 0.8861791234374999 0.322538609375 0.7109213921875 0.30516409218749996 0.6928801546875001 0.283928571875 0.7212306703125 0.287789575 0.8191688140625001 0.272345559375 0.8758698453125
1 0.253040540625 0.7727770625 0.26848455625 0.8964884015625 0.2955115828125 0.690302834375 0.28199806875 0.60009665 0.2646235515625 0.628447165625 0.26848455625 0.7212306703125 0.253040540625 0.7727770625
1 0.1806479890625 1 0.187403475 0.9428801546875001 0.15651544374999998 0.8913337625000001 0.15651544374999998 0.7882409796875001 0.12755791562500002 0.7650451031250001 0.1256274125 0.8810244843749999 0.1603764484375 0.9119523203125001 0.170928571875 1 0.1806479890625 1
1 0.15651544374999998 0.705766753125 0.1391409265625 0.6722615984375 0.13334942031250002 0.747003865625 0.148321575 0.778536665625 0.156276115625 0.7947533046874999 0.15651544374999998 0.705766753125
1 0.1804912671875 0.8988479843749999 0.1843516671875 0.8988479843749999 0.17277055937500002 0.8283799484374998 0.156276115625 0.7947533046874999 0.1560423828125 0.8816606499999999 0.1792044984375 0.90744165 0.1804912671875 0.8988479843749999
1 0.6018533843749999 0.5770396250000001 0.5998646437499999 0.5770396250000001 0.58991244375 0.57894565 0.584375 0.58769330625 0.584375 0.6151684671875 0.5861704718749999 0.6696449671875 0.5915666765625 0.70625 0.607162784375 0.70625 0.615103640625 0.7056771328125 0.6171875 0.62230656875 0.6171875 0.60736966875 0.61238819375 0.5890104671875 0.6018533843749999 0.5770396250000001
1 0.5259706265624999 0.7294221593750001 0.53009085625 0.8114075484375001 0.516344471875 0.8758255109374999 0.5125 0.912364765625 0.5125 0.92479548125 0.5182451890625 0.9798693468749999 0.52264979375 0.99375 0.538320415625 0.99375 0.54389048125 0.9874500125000001 0.5544084359375 0.991452853125 0.5544084359375 0.8070665296874999 0.5497138625 0.72858760625 0.5259706265624999 0.7294221593750001
2 1 0.684602271875 0.980859375 0.6864583328125 0.962109375 0.68368055625 0.891015625 0.6947916671875 0.718359375 0.69756944375 0.705859375 0.703125 0.70078125 0.7107638890625 0.7 0.719097221875 0.706640625 0.72256944375 0.707421875 0.728125 0.619140625 0.7364583328125001 0.588671875 0.7336805562500001 0.584375 0.7440972218749999 0.58359375 0.7885416671875 0.58671875 0.812152778125 0.590625 0.8177083328125001 0.58828125 0.8288194437499999 0.590625 0.8385416671874999 0.63359375 0.8454861109374999 0.800390625 0.8378472218749999 0.814453125 0.8322916671874999 0.857421875 0.8350694437499999 1 0.825553421875 1 0.684602271875