1 0.205652225 0 0.20283475 0.0065572390625 0.20154708906250002 0.095405184375 0.197904859375 0.1177911796875 0.185604228125 0.143405334375 0.1810701890625 0.1644885265625 0.1810701890625 0.238224134375 0.186601071875 0.2682006171875 0.1931122125 0.28125 0.20838730156250002 0.28125 0.21131012968750001 0.2793904234375 0.2270590296875 0.23972360625000003 0.234375 0.1958246671875 0.234375 0.1512568546875 0.226256146875 0.106594990625 0.234375 0.0343765875 0.234375 0 0.205652225 0
1 0.4890625 0.1736481234375 0.47858273906250004 0.154926809375 0.46276379375000004 0.1428144015625 0.4463817859375 0.14315193125 0.4371522453125 0.1508844875 0.429252159375 0.16771991875 0.41330106093749996 0.2374518265625 0.3878779875 0.30102740156249996 0.373043625 0.32296780625 0.3307779265625 0.3604920203125 0.3145750078125 0.39344340624999996 0.30065249843749997 0.44526995312500006 0.29285785625 0.509375 0.3858825734375 0.509375 0.4077807203125 0.4576843828125 0.4252997890625 0.343658225 0.44847608437500003 0.28548800937499996 0.48561790625 0.22266340625 0.4890625 0.2108295390625 0.4890625 0.1736481234375
1 0.3260649828125 0.3484375 0.3289286328125 0.3484375 0.36639651406249996 0.31432856249999996 0.3834830703125 0.2781755921875 0.390420084375 0.25481915 0.3947306359375 0.160438375 0.40732505 0.1039396 0.4078125 0.097876859375 0.4078125 0.061921214062499993 0.4064361515625 0.0538440984375 0.4031628984375 0.043010559375 0.39270248125 0.0392126625 0.37997825937499996 0.038694190625 0.3681953140625 0.05089536875 0.35961497656249997 0.076965921875 0.36156415468750003 0.1405717328125 0.3581524375 0.183301071875 0.34572274062499997 0.228552965625 0.329782815625 0.2640284859375 0.3260649828125 0.28337065781250004 0.3260649828125 0.3484375
0 0 0.274003903125 0.007888228125 0.2827325390625 0.0209334375 0.2875 0.032578093749999995 0.2875 0.043615240625 0.286137609375 0.060841168749999994 0.270444940625 0.0690907984375 0.2441651453125 0.071871678125 0.21778989375000002 0.071875 0.2176549515625 0.071875 0.16877909062500002 0.0662186359375 0.1530224640625 0.052509629687500003 0.124286584375 0.028900735937499998 0.1189936546875 0.014868554687499999 0.1261442609375 0 0.13866019062499998 0 0.274003903125
1 0.4890625 0 0.4890625 0.07591038125 0.49640514687500004 0.0859375 0.51710773125 0.0859375 0.5282788359375 0.072743896875 0.545980959375 0.027383009375 0.5481846734375 0 0.4890625 0
1 1 0 0.9560602953124999 0 0.9560602953124999 0.001983159375 0.9632268953124999 0.0276176125 0.9618812078125 0.0890625 0.9809787343749999 0.0890625 0.9861253718749999 0.08515273906250001 1 0.0610240484375 1 0
1 0.6999215281250001 0 0.702777778125 0.0124304890625 0.7211111109375 0.0520823265625 0.7288888890624999 0.05981927031249999 0.7438888890625 0.058852151562499996 0.757222221875 0.0433782640625 0.7705555562499999 0.010496253125 0.748920240625 0 0.6999215281250001 0
0 0.882222221875 0.096569753125 0.86 0.081095865625 0.837777778125 0.0830301015625 0.8233333328124999 0.09270128125 0.8027777781250001 0.1265504109375 0.7938888890625 0.161366659375 0.795 0.207788321875 0.8016666671875001 0.2368018609375 0.8211111109375 0.2687167546875 0.8400000000000001 0.28419064375 0.8638888890625 0.28322352500000003 0.8833333328125 0.2687167546875 0.89944444375 0.2387360984375 0.90944444375 0.19618290625 0.9072222218749999 0.151695478125 0.89944444375 0.124616175 0.882222221875 0.096569753125
1 0.39587685 0.509375 0.39511980625 0.541900653125 0.3563820640625 0.65687011875 0.352088740625 0.695652134375 0.352088740625 0.8248511000000001 0.3770383578125 0.9158865781250001 0.42982472187500004 0.93125 0.4401788296875 0.93125 0.4687626359375 0.90587753125 0.4890625 0.852784528125 0.4890625 0.6419155328125 0.4656767984375 0.5471026203125 0.466086275 0.509375 0.39587685 0.509375
1 0.221204159375 0.509375 0.22269599062499998 0.5393750640625 0.2095622390625 0.57612845625 0.1974018078125 0.6624203 0.2076121390625 0.767318775 0.24738590624999998 0.8375 0.2954365859375 0.8375 0.3078488109375 0.830969815625 0.3203125 0.7929566453125 0.3203125 0.643628484375 0.280143671875 0.5254777171875 0.2798625984375 0.509375 0.221204159375 0.509375
1 0.11788281406250001 0.509375 0.10503724218749999 0.648778953125 0.10503724218749999 0.6728853671875 0.1394674390625 0.753125 0.18491354375 0.753125 0.196875 0.5848765703125001 0.196875 0.5711293312500001 0.17466091875 0.509375 0.11788281406250001 0.509375
1 0.473351478125 0.509375 0.47479723281249997 0.5744791671875 0.4890625 0.611248553125 0.4890625 0.5287875296875 0.4812611578125 0.509375 0.473351478125 0.509375
1 0.628125 0.7741915953125 0.6166137984375 0.712515146875 0.6156978343749999 0.6848192578125 0.6199542703125 0.636044371875 0.6016757125 0.6335343234375 0.5972980203125 0.637231734375 0.5986773765625 0.7120679609375 0.58762129375 0.7565036046875 0.58762129375 0.784375 0.616008428125 0.784375 0.626277096875 0.78344924375 0.628125 0.7767361515625 0.628125 0.7741915953125
1 0.8216050640624999 0.9622355500000002 0.8219294843749999 0.9625 0.8282535859374999 0.9625 0.8375 0.926980165625 0.8375 0.869609009375 0.8172342765625 0.868310321875 0.8116294546875 0.8825181703125 0.8141859234375 0.9395627421875 0.8216050640624999 0.9622355500000002
1 0.8421640921875 0.7890625 0.8442769218749999 0.7863368093750001 0.846875 0.759703475 0.846875 0.7310465078125 0.8364916000000001 0.6775578062500001 0.8391452390625 0.6401214734375 0.8365523078124999 0.6351489453125 0.8248335578124999 0.6346714421875 0.8204356515625 0.6379685828125 0.8216074375 0.6783418593749999 0.8093767359375 0.7223406359375 0.8088330875 0.72810878125 0.8088330875 0.7833352031249999 0.809410265625 0.7883924406249999 0.8138753718749999 0.7890625 0.8421640921875 0.7890625
2 0.4890625 0.8640625 0.8538601890624999 0.8640625 0.8540462890625001 0.8639550203125002 0.8549052125 0.8640625 0.8964914796875 0.8640625 0.9018907531250001 0.8571411531249999 0.903125 0.8370187609374999 0.903125 0.799898403125 0.8999334749999999 0.7952196859375 0.8520667375000001 0.7971656203124999 0.8445092671874999 0.8039873328125001 0.8202905171874999 0.8035645921875 0.8020667375 0.7962928671875 0.70409475625 0.7987549390625001 0.6756094796875 0.7926948203124999 0.4890625 0.79125689375 0.4890625 0.8640625