1 0.21367959218750002 0.5390625 0.220037371875 0.508066221875 0.2203125 0.5044353874999999 0.2203125 0.4649596625 0.21982949999999998 0.46258976875 0.21495713125 0.45456027343749994 0.2053419453125 0.4505686296875 0.1931819890625 0.45949448750000005 0.1862749078125 0.47831684374999994 0.1842806625 0.49774613125 0.1846350953125 0.5390625 0.21367959218750002 0.5390625
1 0.1576715109375 0.5390625 0.157642821875 0.5341313359375001 0.1615455296875 0.48890646875000005 0.16086309062499998 0.461110503125 0.152695903125 0.4446248875 0.14330474375 0.44151972656250005 0.1360400125 0.44589472499999994 0.1296292515625 0.46279700625000003 0.1325930171875 0.5390625 0.1576715109375 0.5390625
1 0.10403187656249999 0.5390625 0.1060688296875 0.5008438515625 0.1107407015625 0.46311768750000004 0.1088156484375 0.44625368749999994 0.100097215625 0.43584080468749997 0.09384721562500001 0.43536720781250005 0.08792940625 0.43956270625 0.0817249484375 0.45720386562500004 0.08140838593750001 0.49061613125000003 0.083672996875 0.499146796875 0.08180866718749999 0.5064358046875 0.0819277140625 0.5390625 0.10403187656249999 0.5390625
1 0.9682299437499999 0.5390625 0.9696812343750001 0.5335801359375 0.9776474468749999 0.469782175 0.9761469515625001 0.434475753125 0.9669553578125001 0.376674321875 0.9689603734375 0.3433258328125 0.9770561390625 0.29159522031249996 0.978125 0.27748959218749997 0.978125 0.2600043109375 0.9760467828125 0.24980731562499997 0.971174415625 0.2417778203125 0.961038396875 0.237771021875 0.9499201078125001 0.24672718593749998 0.9444756671875 0.26002429843749997 0.9413992890625 0.28684584218750003 0.941526228125 0.34716741875 0.9383796875 0.3749148859375 0.9301014359374999 0.40166389531249996 0.9301014359374999 0.5390625 0.9682299437499999 0.5390625
1 0.61875 0.8387185625000001 0.6182526140625 0.8382750015625 0.6114817796875001 0.838077990625 0.605401803125 0.8425409187499999 0.5975933796875 0.8594811140624999 0.5957691546875 0.8835551875000001 0.5970294640625 0.9151427515625 0.5956451406250001 0.9540771046875001 0.5900347578125 0.9798969484375 0.5856961453125 0.9941330234375 0.5856961453125 1 0.61875 1 0.61875 0.9717170625 0.6172691875 0.9649139437500001 0.61875 0.951616821875 0.61875 0.8387185625000001
1 0.57548828125 1 0.5651041671875 0.9573495375000001 0.5682291671875 0.854571759375 0.56171875 0.83929398125 0.5502604171875001 0.8346643515625001 0.5401041671875 0.8462384265624999 0.5421875 0.8656828703125001 0.540625 0.8999421296874999 0.5421875 0.9443865734374999 0.5401041671875 0.9712384265625001 0.546935040625 1 0.57548828125 1
1 0.5460003625 1 0.5395833328124999 0.9721643515625 0.5385416671875001 0.9601273140625001 0.5421875 0.8777199078125001 0.5411458328125 0.8582754625 0.53515625 0.8439236109374999 0.5231770828125 0.83929398125 0.51640625 0.8448495375 0.5098958328125 0.8629050921874999 0.5098958328125 0.88883101875 0.5135416671875 0.9156828703125001 0.5151041671875001 0.95179398125 0.5119791671875 0.9786458328125001 0.50756309375 1 0.5460003625 1
1 0.4849983390625 1 0.4765625 0.96475694375 0.4791666671875 0.8601273140625001 0.47369791718750004 0.8439236109374999 0.46380208281249996 0.83836805625 0.45390625 0.8448495375 0.4484375 0.8601273140625001 0.4484375 0.88883101875 0.453125 0.941608796875 0.4526041671875 0.96475694375 0.44444125312500005 1 0.4849983390625 1
1 0.50690285 1 0.5083333328124999 0.9934606484374999 0.5005208328124999 0.941608796875 0.5046875 0.8527199078125001 0.4986979171875 0.835590278125 0.48671875 0.8300347218749999 0.47838541718750005 0.8374421296874999 0.47552083281249996 0.8453125 0.4796875 0.86383101875 0.4770833328125 0.966608796875 0.4847137453125 1 0.50690285 1
1 0.4257103703125 1 0.4166666671875 0.9601273140625001 0.4203125 0.8592013890625001 0.41328125 0.8402199078125001 0.40130208281249996 0.836516203125 0.39453125 0.842071759375 0.3890625 0.8573495375 0.3921875 0.9619791671875 0.38334765625 1 0.4257103703125 1
1 0.36337623125 1 0.3526041671875 0.95179398125 0.3552083328125 0.8517939812499999 0.3486979171875 0.835590278125 0.3361979171875 0.8318865734375 0.3294270828125 0.83836805625 0.325 0.8517939812499999 0.325 0.879571759375 0.328125 0.9064236109374999 0.328125 0.9582754625 0.31979166718749996 0.9980902781250001 0.3187174484375 1 0.36337623125 1
1 0.8398146687500001 1 0.8484735656249999 0.97459833125 0.8584070953125 0.9261690781249999 0.8600342171875 0.84269935 0.854237503125 0.7952043453125001 0.8580708218750001 0.754949296875 0.8738049875 0.6816337046875 0.8765625 0.6547681546875 0.8765625 0.6517640546875001 0.8688724953125 0.6279000625 0.8591372203125001 0.622048990625 0.8445485015624999 0.628584259375 0.8365923296875 0.6457521484375001 0.828128290625 0.7471183031249999 0.8210647281250001 0.788671309375 0.8079127234375001 0.8224606968749999 0.8079127234375001 1 0.8398146687500001 1
1 1 0.627471815625 0.9881247406250001 0.6295433562499999 0.98002261875 0.6466180078125 0.9767304765624999 0.7520371546875 0.9721965000000001 0.7782623531249999 0.9537373921875 0.8276075890625 0.9462400234375 0.8815014359375001 0.9457011859375001 0.9231408203125 0.9538772984375001 0.9859136390625001 0.965013990625 1 0.9872734953125001 1 0.9975626562500001 0.9763303125 1 0.9641531718749998 1 0.627471815625
1 0.96640625 0.6052083328125 0.960546875 0.5920138890625 0.954296875 0.5878472218749999 0.943359375 0.590625 0.93671875 0.6052083328125 0.93203125 0.712152778125 0.9125 0.769097221875 0.9078125 0.8038194437499999 0.9125 0.8829861109374999 0.920703125 0.903125 0.9359375 0.9079861109374999 0.94140625 0.90381944375 0.95078125 0.8274305562500001 0.96328125 0.7871527781250001 0.96171875 0.75243055625 0.95625 0.721875 0.96640625 0.6052083328125
1 0.83125 0.7802083328125 0.83515625 0.73993055625 0.8359375 0.65243055625 0.84609375 0.6163194437499999 0.84375 0.5927083328125 0.834765625 0.580902778125 0.821484375 0.5864583328124999 0.8140625 0.6010416671875001 0.809375 0.721875 0.796875 0.7635416671874999 0.800390625 0.77118055625 0.83125 0.7802083328125
1 0.79921875 0.5677083328125 0.7984375 0.6552083328125 0.77578125 0.7427083328125 0.77578125 0.7704861109375 0.78828125 0.7704861109375 0.79609375 0.7649305562500001 0.809375 0.7177083328125 0.81328125 0.60381944375 0.818359375 0.5892361109375 0.828125 0.5788194437499999 0.8265625 0.562152778125 0.816796875 0.550347221875 0.804296875 0.5545138890625 0.79921875 0.5677083328125
0 0.7864999546875 1 0.7890625 0.9746527781250001 0.7921875 0.921875 0.78828125 0.8760416671875 0.78203125 0.8482638890625 0.769921875 0.828125 0.744140625 0.803125 0.719921875 0.8017361109374999 0.687109375 0.82256944375 0.65859375 0.874652778125 0.65390625 0.9315972218749999 0.6663395484375 1 0.7864999546875 1