1 0.3019846390625 0 0.2908524546875 0.060280745312499995 0.288444803125 0.097526034375 0.294101134375 0.1572846453125 0.30835121718749997 0.2174435140625 0.31799809375 0.2328125 0.334375 0.2328125 0.334375 0.0139826671875 0.3335326171875 0.0110750953125 0.332628565625 0 0.3019846390625 0
1 0.5796875 0.403097328125 0.5797328875 0.403125 0.60625 0.403125 0.60625 0.3102048296875 0.598774465625 0.28451715 0.59646988125 0.2276818671875 0.5796875 0.2253477625 0.5796875 0.403097328125
2 0.5796875 0.46875 1 0.46875 1 0.3988069265625 0.5796875 0.3988069265625 0.5796875 0.46875
1 0.1328125 1 0.1328125 0.7879414578125 0.1209813375 0.7566017890625 0.1163938828125 0.6109970578125 0.08239029375 0.5744117624999999 0.0582270625 0.6136727484375 0.080688296875 0.7547251109374999 0.059767815625 0.8560629562500001 0.0659451671875 0.9317386328125 0.08671798281250001 1 0.1328125 1
1 0.135926053125 0.8348395265624999 0.1432520609375 0.932136825 0.157904075 0.9591638515625001 0.1505780671875 0.8564611484375 0.17621909375 0.748353040625 0.16706158437500002 0.6213260140625 0.1505780671875 0.6348395265625 0.154241071875 0.7645692562499999 0.135926053125 0.8348395265624999
1 0.2203509296875 1 0.23849015625 0.9375422296875 0.242153159375 0.8510557437500001 0.2128491296875 0.7537584453124999 0.2201751375 0.6186233109375 0.18537660312499998 0.5942989859375001 0.16889308593750002 0.629434121875 0.17621909375 0.7537584453124999 0.1505780671875 0.9051097968749999 0.17201236250000002 1 0.2203509296875 1
1 0.304424221875 0.748353040625 0.3117502296875 0.629434121875 0.2842777015625 0.605109796875 0.267794184375 0.624028715625 0.2751201921875 0.748353040625 0.2494791671875 0.8348395265624999 0.2494791671875 0.8997043921875001 0.267794184375 0.9807854734374999 0.308087225 0.991596284375 0.330065246875 0.8510557437500001 0.304424221875 0.748353040625
1 0.357537775 0.6159206078125 0.3410542578125 0.6402449328125 0.348380265625 0.7537584453124999 0.330065246875 0.8618665546875001 0.348380265625 0.9645692562499999 0.38134729843750004 0.9699746625 0.40332532031249996 0.8402449328125 0.37768429531250003 0.7537584453124999 0.38134729843750004 0.6348395265625 0.357537775 0.6159206078125
1 0.76875 1 0.76875 0.8935690734375001 0.7609875500000001 0.8674983562499999 0.7577883421875 0.8092377984375 0.75970539375 0.737379446875 0.75608979375 0.7026208374999999 0.743332125 0.6750462781250001 0.7253510078125001 0.664523534375 0.70852218125 0.68241843125 0.7045396609375001 0.7099051109375 0.70872213125 0.751608165625 0.7184867265625 0.79495481875 0.7258313000000001 0.8658609265624999 0.708326353125 0.9660490375 0.7084244671875 1 0.76875 1
1 0.6794112046875 1 0.68125 0.96649305625 0.65859375 0.851215278125 0.665625 0.7123263890625 0.657421875 0.6907986109375 0.64609375 0.6803819437499999 0.644921875 0.6213541671875 0.64140625 0.6401041671875001 0.64375 0.6470486109375 0.640625 0.6789930562500001 0.62890625 0.69149305625 0.62109375 0.7206597218749999 0.6265625 0.8359375 0.62265625 0.8734375 0.60625 0.9401041671874999 0.61171875 0.9970486109374999 0.611622509375 1 0.6794112046875 1
1 0.9587574671875 1 0.95625 0.983159721875 0.9375 0.8887152781250001 0.9390625 0.801215278125 0.94609375 0.7414930562500001 0.9453125 0.6970486109375 0.933984375 0.6685763890625 0.917578125 0.6560763890625 0.900390625 0.6699652781250001 0.88984375 0.6970486109375 0.88828125 0.7317708328125001 0.89609375 0.8026041671874999 0.89609375 0.883159721875 0.8670535062500001 1 0.9587574671875 1
1 0.8312301375000001 1 0.8296875 0.9595486109374999 0.825 0.9484375 0.809375 0.8609375 0.81875 0.7151041671874999 0.81328125 0.695659721875 0.797265625 0.676909721875 0.782421875 0.68524305625 0.77109375 0.7109375 0.7703125 0.7498263890625 0.7765625 0.7998263890625 0.7765625 0.8595486109374999 0.76015625 0.9248263890625001 0.7703125 0.983159721875 0.7717158562499999 1 0.8312301375000001 1
1 0.8670026046875 1 0.87734375 0.9373263890625001 0.8609375 0.863715278125 0.8671875 0.7220486109375 0.859765625 0.7005208328125001 0.845703125 0.6907986109375 0.833984375 0.69913194375 0.8265625 0.713715278125 0.82421875 0.7276041671875 0.8296875 0.8401041671874999 0.82890625 0.863715278125 0.81953125 0.9123263890625001 0.825 0.9484375 0.83046875 0.9609375 0.8324662640625 1 0.8670026046875 1
1 1 1 1 0.971056546875 0.9859375 0.9151041671875 0.98046875 0.88038194375 0.9859375 0.70538194375 0.975390625 0.682465278125 0.962109375 0.6755208328125001 0.950390625 0.682465278125 0.9453125 0.6942708328125 0.946875 0.7345486109375 0.9421875 0.7776041671874999 0.94453125 0.8651041671874999 0.940625 0.901215278125 0.9546875 0.9692708328125 0.9589272546875 1 1 1
1 1 0.693620715625 0.9875 0.7026041671875 0.98359375 0.79288194375 0.98515625 0.863715278125 0.9828125 0.8901041671875 1 0.96649305625 1 0.693620715625