2 0 0.1128970359375 0.151772853125 0.11649669843749999 0.1769910421875 0.10443307500000001 0.18622996875 0.090006565625 0.1839831921875 0.0844100984375 0.184516540625 0.05385454375 0.1856129515625 0.0358126234375 0.1875 0.0347384234375 0.1875 0.03115774375 0.18484108906250002 0.012875503125000002 0.1568130609375 0.0068290234375 0 0.0012258890625 0 0.1128970359375
0 0.7565181078125001 0 0.7660215593749999 0.0988000046875 0.733560928125 0.17496403124999999 0.730202321875 0.244553978125 0.7424363921875 0.3108205109375 0.762890665625 0.3670738140625 0.7836205578125 0.384375 0.7946329406249999 0.384375 0.804767428125 0.383674340625 0.825406828125 0.36628015625 0.8455613921874999 0.30721930625 0.85625 0.2580494671875 0.85625 0.178388625 0.8434765984375 0.1280526390625 0.8253642359375 0.09394880625 0.8338927187500002 0 0.7565181078125001 0
0 1 0 0.9171875 0 0.9171875 0.0143504828125 0.9259958906249999 0.032763828125 0.9367269281249999 0.0746305 0.9379859953124999 0.1218890875 0.9344731046875001 0.1440567625 0.9383212593749999 0.146875 0.9628364250000001 0.146875 0.9699382578125 0.141897184375 0.976479175 0.1253396140625 0.9882777015624999 0.0463547703125 1 0.016681134375 1 0
0 0.62147090625 0 0.6213541671874999 0.00225694375 0.6265625 0.03836805625 0.6421875 0.0939236109375 0.6526041671874999 0.1189236109375 0.6651041671875 0.12725694375000002 0.6692708328125001 0.048090278125000004 0.6796875 0.014756943750000001 0.68798828125 0 0.62147090625 0
0 0.8648030609374999 0 0.8651041671874999 0.0064236109375 0.8411458328125001 0.0494791671875 0.8328125 0.0953125 0.8328125 0.10920138906250001 0.8473958328125001 0.1439236109375 0.8546875 0.1786458328125 0.8588541671875 0.24114583281250002 0.871875 0.2515625 0.8921875 0.25225694375 0.9078125 0.24253472187499997 0.9213541671875 0.21059027812500003 0.9401041671874999 0.13975694375 0.9432291671874999 0.110590278125 0.9369791671875 0.0592013890625 0.9255208328125001 0.02586805625 0.9151041671875 0.0119791671875 0.9164566531249999 0 0.8648030609374999 0
0 0.6896518640625 0 0.6807291671875 0.0161458328125 0.6723958328125 0.0453125 0.6682291671874999 0.110590278125 0.6765625 0.16475694375 0.6932291671874999 0.2203125 0.70625 0.236284721875 0.7223958328125001 0.23836805625 0.7276041671875 0.17725694375 0.7401041671874999 0.14114583281249998 0.7588541671875 0.105034721875 0.7609375 0.0869791671875 0.7546875 0.00225694375 0.7539822046875 0 0.6896518640625 0
1 0.318964059375 0.5 0.321348271875 0.5836542625 0.2964459453125 0.6696828640625 0.2936508484375 0.723562246875 0.2936508484375 0.753170875 0.2957773921875 0.7845972890625 0.3132510609375 0.8569619734374999 0.31640694375 0.8609375 0.35768267656249997 0.8609375 0.3770213078125 0.8010137687500001 0.3828125 0.7378723421875 0.3828125 0.6932485046875 0.3603442125 0.591729771875 0.3649615265625 0.5 0.318964059375 0.5
0 0.1691762203125 0.8328125 0.20446711562500003 0.8328125 0.23385288750000002 0.8173085375 0.2547115609375 0.78710096875 0.2686159140625 0.7359832828125 0.26875 0.72830150625 0.26875 0.6894884203125 0.2587275109375 0.6502100343749999 0.23735243593750002 0.616819540625 0.2067995453125 0.5967203750000001 0.177531253125 0.596209496875 0.141332125 0.6200349640625 0.12376816093750001 0.6478543125 0.1101198734375 0.6843020703125 0.10964675937499999 0.693626921875 0.10964675937499999 0.7408526249999999 0.1198375625 0.77985526875 0.1459626546875 0.8206658734375001 0.1691762203125 0.8328125
1 0.409375 1 0.4576250234375 1 0.474271234375 0.9256938953125001 0.4639771265625 0.8525970718749999 0.475 0.686620953125 0.475 0.6735013640625 0.46343578125 0.6385624171875 0.424214709375 0.624244440625 0.409375 0.6528809453125 0.409375 1
1 0.574381640625 1 0.5742423546875 0.99456418125 0.5828125 0.944429071875 0.5828125 0.8796299796875001 0.5680204921875001 0.766911121875 0.5806254421875 0.621967809375 0.5639398874999999 0.5697512578125 0.5338624750000001 0.5623193 0.5235085703125 0.5623193 0.498417940625 0.6192807453125 0.5043165796875 0.819156028125 0.4656950703125 1 0.574381640625 1
1 0.640520909375 0.5 0.613709828125 0.55579946875 0.6173616703125 0.7559241484375001 0.5745555296875 0.9311531125 0.5745555296875 1 0.7074333609375 1 0.709375 0.9474496078125 0.709375 0.8821906265624999 0.684830925 0.7793308203125 0.6994241109375 0.5572956171875 0.6743162421875001 0.5 0.640520909375 0.5
1 0.7625934375 0.5 0.7685267859375 0.6984375 0.761383928125 0.770659721875 0.7220982140625 0.8984375 0.71759544375 1 0.8952490375 1 0.8970982140625001 0.9706597218749999 0.8435267859375 0.6984375 0.8494601328125 0.5 0.7625934375 0.5
1 0.9394823562500001 0.5 0.911383928125 0.5539930562500001 0.9256696421874999 0.7317708328125001 0.8935267859374999 0.8873263890625 0.8981998843749999 1 1 1 1 0.8315682875 0.9970982140625001 0.820659721875 0.9970982140625001 0.5484375 0.9774553578125001 0.501215278125 0.9696428562499999 0.5 0.9394823562500001 0.5
1 0.698883928125 0.6234375 0.6899553578125 0.776215278125 0.711383928125 0.8484375 0.7220982140625 0.670659721875 0.698883928125 0.6234375
1 0.9131696421874999 0.6234375 0.8899553578125001 0.676215278125 0.904241071875 0.85399305625 0.9220982140625 0.7595486109375 0.9131696421874999 0.6234375