1 0.1546875 0.2054897703125 0.15257111875 0.1999610125 0.13147736875 0.198362625 0.1276502296875 0.2029573375 0.1261371609375 0.2265684484375 0.1271754953125 0.2838680890625 0.1169797421875 0.3209406203125 0.1169797421875 0.3828125 0.1546875 0.3828125 0.1546875 0.355686490625 0.1464397328125 0.289514746875 0.1546875 0.21597741875 0.1546875 0.2054897703125
1 0.7277065796875 0 0.7305445625 0.059115007812499995 0.7279634453125 0.09939278593749999 0.7188333109375 0.1304374109375 0.7188333109375 0.3515625 0.7536667265625 0.3515625 0.7640788140625 0.319848225 0.778125 0.20940943750000002 0.778125 0.20450998125000003 0.7764602359375 0.1756405796875 0.7607759453125 0.10187916875 0.7628626109375001 0.0448163234375 0.767373375 0 0.7277065796875 0
1 0.8647658421875001 0 0.8655991499999999 0.05543994375 0.8438455671874999 0.1405849046875 0.8411786937500001 0.21011117031249998 0.8470381578125 0.250307128125 0.856763459375 0.2890460125 0.8667215968749999 0.2984375 0.880435821875 0.2984375 0.8820463468749999 0.2983318578125 0.8888755328125001 0.2912646828125 0.8984375 0.257799778125 0.8984375 0.099971903125 0.8926870140625001 0.07303185 0.8925791875 0.04246265625 0.8964799171875001 0 0.8647658421875001 0
1 0.9699567515624998 0 0.96796875 0.0494791671875 0.9453125 0.11614583281249999 0.9421875 0.1453125 0.94296875 0.1939236109375 0.94921875 0.23836805625 0.956640625 0.25295138906250003 0.97578125 0.2564236109375 0.98984375 0.2314236109375 1 0.18688657343749998 1 0.092000534375 0.99375 0.0578125 0.99375 0.0369791671875 0.99814453125 0 0.9699567515624998 0
1 0.8187573984375 0 0.81875 0.0008680562500000001 0.815625 0.0217013890625 0.8 0.0703125 0.79609375 0.105034721875 0.7984375 0.1619791671875 0.80625 0.20225694375 0.82578125 0.20920138906250002 0.83125 0.2036458328125 0.83515625 0.1439236109375 0.85 0.08975694375 0.85 0.0689236109375 0.8421875 0.0203125 0.8437585453124999 0 0.8187573984375 0
1 0.559375 0 0.559375 0.1471821578125 0.559765625 0.1473958328125 0.572265625 0.166840278125 0.59296875 0.2286458328125 0.59921875 0.198090278125 0.60078125 0.1369791671875 0.596875 0.10364583281249999 0.58359375 0.0494791671875 0.5856886343750001 0 0.559375 0
1 0.7 0 0.7 0.0286458328125 0.68671875 0.0814236109375 0.6875 0.09114583281250001 0.70625 0.117534721875 0.71328125 0.1592013890625 0.7097527234375 0.18598115312500002 0.709375 0.1953125 0.7109375 0.21892361093749999 0.704066734375 0.24155483281249998 0.71657595 0.245091346875 0.71640625 0.2314236109375 0.719703253125 0.18901243437499998 0.734375 0.105034721875 0.725 0.023090278125 0.7265380859375 0 0.7 0
1 0.6767903640624999 0 0.665625 0.042534721875 0.6640625 0.0828125 0.6828125 0.085590278125 0.69921875 0.0286458328125 0.6990198203125 0 0.6767903640624999 0
1 0.28125 1 0.28125 0.9915036468749999 0.275882778125 0.9308638796875 0.2516233 0.8215881812500001 0.250708190625 0.783599746875 0.2573638203125 0.714585746875 0.2743189703125 0.6242327265625001 0.275321046875 0.5737498750000001 0.2609704640625 0.52763353125 0.24298840937500002 0.5120512734375 0.21854396406249998 0.510198984375 0.193294825 0.52961520625 0.17693871249999998 0.5757746781249999 0.1727040640625 0.624432621875 0.178374171875 0.7101802328125 0.1763645046875 0.776386359375 0.16051770625 0.8494437796875001 0.1473502703125 0.8851562906249999 0.1473502703125 1 0.28125 1
1 0.4390625 1 0.4390625 0.83451845625 0.4256611875 0.7871176765625 0.41619065781250003 0.7290773359375 0.41472665624999994 0.6787628703124999 0.4273542078125 0.5778624171875 0.42589020624999996 0.5275479515625 0.41372684375 0.491578375 0.3929197640625 0.476423121875 0.3737128609375 0.476423121875 0.3606974421875 0.48385181718750003 0.34951115 0.5005648921875 0.3424653734375 0.5258578859374999 0.3408705421875 0.5856644984375 0.349778959375 0.66259215625 0.3493409890625 0.7239517 0.3366807984375 0.7855245828124999 0.3141121046875 0.8504166718749999 0.3084976890625 0.8866965609375 0.32920346875 0.9870151796875 0.32931527968749996 1 0.4390625 1
1 0.559375 0.4599801546875 0.551909721875 0.473270440625 0.5463541671875001 0.50471698125 0.547465278125 0.61006289375 0.5407986109375 0.6493710687500001 0.5185763890625 0.709119496875 0.5407986109375 0.8191823906250001 0.5385763890625 0.896226415625 0.5241319437499999 0.981132075 0.5563541671875 0.9889937109375001 0.559375 0.9880644140625 0.559375 0.4599801546875
1 0.5141319453125 1 0.517465278125 0.9905660375 0.53524305625 0.90880503125 0.5396875 0.86006289375 0.537465278125 0.8003144656250001 0.5207986109375 0.73584905625 0.51524305625 0.6918238999999999 0.51524305625 0.6462264156249999 0.531909721875 0.5581761000000001 0.53524305625 0.5094339625 0.5263541671875 0.4701257859375 0.50913194375 0.45518867968750004 0.48690972187500003 0.45518867968750004 0.47690972187499997 0.4614779875 0.45968749999999997 0.49528301875 0.45413194375000004 0.5377358484375 0.4585763890625 0.6037735843750001 0.4563541671875 0.65880503125 0.44413194375 0.7154088046875 0.4185763890625 0.781446540625 0.4407986109375 0.8867924531250001 0.4407986109375 0.9606918234374999 0.43625315625 1 0.5141319453125 1
1 0.1465108625 1 0.1463541671875 0.9827044031250001 0.16413194375 0.8867924531250001 0.1530208328125 0.8349056609375001 0.1330208328125 0.7845911953125 0.11857638906250001 0.7248427671875 0.1163541671875 0.6650943390625 0.12302083281250001 0.5927672953125 0.11968749999999999 0.526729559375 0.1085763890625 0.49528301875 0.09913194374999999 0.48349056562500003 0.06913194375000001 0.47720125781250006 0.047465278124999996 0.4937106921875 0.03524305625 0.540880503125 0.0363541671875 0.5833333328125 0.0485763890625 0.6525157234375 0.053020832812499995 0.7122641515625 0.0430208328125 0.7940251578125 0.0296875 0.8333333328125001 0.021909721875 0.8757861640625 0.0207986109375 0.9654088046875 0.0260709421875 1 0.1465108625 1
1 0.2707986109375 0.8066037734375 0.281909721875 0.8569182390625001 0.2930208328125 0.8805031453125001 0.29190972187500003 0.80345911875 0.2713541671875 0.7287735843750001 0.267465278125 0.7405660375 0.2707986109375 0.8066037734375
1 0.191909721875 0.7893081765625001 0.1930208328125 0.7389937109375 0.18913194375 0.7287735843750001 0.167465278125 0.8066037734375 0.16413194375 0.8584905656250001 0.16524305625 0.8757861640625 0.1696875 0.8820754718749999 0.191909721875 0.7893081765625001
1 0.22135416718749998 0.5055031453125001 0.2446875 0.507075471875 0.2680208328125 0.5275157234375 0.26413194375 0.48427672968749996 0.24802083281249998 0.4583333328125 0.23579861093750001 0.45361635156249996 0.212465278125 0.4583333328125 0.19524305625 0.48899371093750005 0.1930208328125 0.5283018875 0.2046875 0.5133647796874999 0.22135416718749998 0.5055031453125001
1 0.34079861093749997 0.522012578125 0.35690972187500003 0.48663522031250006 0.3780208328125 0.47720125781250006 0.381909721875 0.4701257859375 0.37024305625 0.444182390625 0.35690972187500003 0.4363207546875 0.33024305625 0.4426100625 0.3196875 0.4606918234375 0.31302083281250004 0.48899371093750005 0.3196875 0.608490565625 0.3096875 0.6713836484375 0.2830208328125 0.7578616359374999 0.2996875 0.8632075468749999 0.33413194375 0.7578616359374999 0.341909721875 0.7201257859375 0.3430208328125 0.65880503125 0.3363541671875 0.5801886796875 0.34079861093749997 0.522012578125
1 0.177465278125 0.7578616359374999 0.17079861093749998 0.72641509375 0.1530208328125 0.6792452828125001 0.14079861093749999 0.608490565625 0.14746527812500002 0.5283018875 0.1463541671875 0.47955974843749993 0.13135416718749998 0.444182390625 0.1180208328125 0.4363207546875 0.1035763890625 0.4363207546875 0.0863541671875 0.44968553437500003 0.0796875 0.47484276718749996 0.0935763890625 0.478773584375 0.106909721875 0.49135220156250003 0.1207986109375 0.5283018875 0.12413194375 0.5849056609375001 0.117465278125 0.6603773578125001 0.11857638906250001 0.7201257859375 0.1307986109375 0.772012578125 0.1630208328125 0.8632075468749999 0.1663541671875 0.8144654093749999 0.177465278125 0.7578616359374999
1 0.9296875 0.7398008625 0.922485584375 0.698975703125 0.9296875 0.6329605078125 0.9296875 0.606000525 0.9242162687500001 0.59234090625 0.9164037687500001 0.5917489093749999 0.9064848515625 0.6056514484375001 0.902954334375 0.6974957125 0.8949638953125 0.7246651015625 0.8949638953125 0.8625 0.9043829156250001 0.8625 0.899275453125 0.8284064671875001 0.9024598125000001 0.7909656671875 0.91283364375 0.763839084375 0.9296875 0.7417838890625 0.9296875 0.7398008625
1 0.8638935625 0.84375 0.884192915625 0.84375 0.88749646875 0.8402323687500001 0.890625 0.82346141875 0.890625 0.727543165625 0.8777574015624999 0.6667030781250001 0.8793063125 0.6124818640624999 0.8770163859375 0.5875091375 0.8732784921875 0.5799316140624999 0.8583943296874998 0.5788018234375001 0.85345765 0.5837515734375 0.8521376234375 0.59211218125 0.8592498765624998 0.6753636937499999 0.847544715625 0.7297621859375 0.8463325156250001 0.768691984375 0.8601123078124999 0.8393207671875 0.8638935625 0.84375
1 0.82265625 0.6543402781250001 0.82265625 0.62100694375 0.82734375 0.58350694375 0.802734375 0.5800347218749999 0.80625 0.6543402781250001 0.80234375 0.65850694375 0.7890625 0.7168402781250001 0.78828125 0.7557291671874999 0.7984375 0.8182291671874999 0.805078125 0.8244791671874999 0.8171875 0.8251736109374999 0.823046875 0.8244791671874999 0.828125 0.8126736109374999 0.83671875 0.7654513890625 0.83828125 0.7362847218749999 0.8328125 0.6946180562500001 0.82265625 0.6543402781250001
1 0.75 0.5807291671875 0.7515625 0.636284721875 0.7375 0.6960069437499999 0.7375 0.7376736109375 0.74765625 0.7973958328125 0.753515625 0.805034721875 0.7671875 0.804340278125 0.775 0.7973958328125 0.78125 0.77100694375 0.7859375 0.7140625 0.78125 0.6751736109375 0.7703125 0.6335069437499999 0.77265625 0.5807291671875 0.757421875 0.5772569437499999 0.75 0.5807291671875
1 1 0.5888640875 0.998046875 0.5814236109375 0.979296875 0.5814236109375 0.975 0.5973958328125 0.97890625 0.6765625 0.96640625 0.7307291671874999 0.99375 0.7598958328125001 1 0.78100694375 1 0.6888174031250001 0.9984375 0.68211805625 1 0.6219328703125 1 0.5888640875
1 0.9453125 0.7376736109375 0.9609375 0.729340278125 0.94609375 0.6557291671875 0.9453125 0.6335069437499999 0.95 0.5848958328125 0.948046875 0.5800347218749999 0.926953125 0.5800347218749999 0.92421875 0.5876736109375 0.93359375 0.6085069437499999 0.93046875 0.6960069437499999 0.93984375 0.7376736109375 0.9453125 0.7376736109375
1 0.877734375 0.5800347218749999 0.875 0.6654513890625 0.89375 0.76961805625 0.90625 0.7001736109375 0.89140625 0.6321180562500001 0.89453125 0.58350694375 0.877734375 0.5800347218749999
0 1 0.78304398125 0.9984375 0.773784721875 0.989453125 0.7536458328125001 0.976953125 0.73975694375 0.955859375 0.7328125 0.938671875 0.742534721875 0.92421875 0.761284721875 0.91484375 0.7932291671874999 0.9140625 0.8196180562500001 0.9203125 0.854340278125 0.933984375 0.880034721875 0.956640625 0.8967013890625001 0.9640625 0.89600694375 0.982421875 0.8786458328125001 0.99765625 0.8515625 1 0.8384672609375 1 0.78304398125