1 0.409375 0 0.39454951562499996 0 0.396446125 0.0179150796875 0.386639303125 0.0701780515625 0.3875516140625 0.1175095375 0.400612434375 0.1765625 0.409375 0.1765625 0.409375 0
1 0.16472457812500002 0 0.1663787765625 0.022204859375 0.1610017953125 0.0474231140625 0.161292803125 0.055756448437499995 0.173394328125 0.08870783593750001 0.1783839953125 0.1203125 0.178430134375 0.1203125 0.1810128234375 0.08287946093750001 0.1859375 0.0722462609375 0.1859375 0.024345246875 0.18332377187499999 0.014660215625 0.183574921875 0 0.16472457812500002 0
1 0.1966004125 0 0.19660621250000002 0.019381525 0.19412741875 0.027300409375 0.19412741875 0.05 0.19658336875 0.05 0.218227446875 0.041603746875 0.2144455859375 0.0221593015625 0.216813165625 0 0.1966004125 0
0 0.23556075468749998 0.20625 0.24994521875000003 0.17719668125000002 0.25755835 0.15248318125 0.2578125 0.1415638609375 0.2578125 0.11347704843749999 0.2543902078125 0.0870144046875 0.24128405156250002 0.0621517625 0.22210839531249998 0.046078146874999996 0.19694676093750002 0.05200392031249999 0.18490474375 0.0654153046875 0.17375982343750002 0.09067999843749999 0.1721124359375 0.11883310312499999 0.1721124359375 0.14684939375 0.1741962953125 0.1727199421875 0.1872701265625 0.198971475 0.1996227296875 0.20625 0.23556075468749998 0.20625
1 0.5984375 0.25625 0.5984375 0.1884442125 0.59575815625 0.1771005578125 0.5951369984375 0.13532463125 0.587573975 0.1279552015625 0.585826003125 0.1279552015625 0.5817829609375 0.1348644578125 0.5855291171875 0.1764218609375 0.5806621015625 0.20324779375 0.58104546875 0.2255246453125 0.587261528125 0.25436353125 0.588802653125 0.25625 0.5984375 0.25625
1 0.91472224375 0.1645374484375 0.9148297124999999 0.12281621718749999 0.9113112062500001 0.11704240937499999 0.9032416265624998 0.11704240937499999 0.9007187109375 0.1219184015625 0.9036877421875001 0.1621416140625 0.8965005234374999 0.20271949218750002 0.9064676687500001 0.24375 0.9167010171874999 0.24375 0.9171875 0.241755675 0.9171875 0.1741297 0.91472224375 0.1645374484375
1 0.8737784000000002 0.1177734375 0.8731713390625 0.1559678828125 0.8671054312500001 0.175346353125 0.8671054312500001 0.229913784375 0.8682110109375 0.2359375 0.8787808296874999 0.2359375 0.884375 0.21496075625 0.884375 0.1730958640625 0.8809838390625 0.1559678828125 0.884375 0.1304923140625 0.884375 0.1196112359375 0.8737784000000002 0.1177734375
1 1 0.12153297656249999 0.99224035 0.122363040625 0.98897919375 0.13365902031250002 0.9907733890625 0.1573656328125 0.9830632749999999 0.18624579531250002 0.98278143125 0.19263014375 0.98278143125 0.2303118515625 0.9872011390625002 0.2515625 1 0.2515625 1 0.12153297656249999
1 0.9300978499999999 0.1661002515625 0.9230666 0.2036002515625 0.9222853499999999 0.2286002515625 0.9298742390625 0.250061678125 0.9390579062499999 0.250061678125 0.944616440625 0.24877327343750003 0.947758240625 0.23030608749999998 0.950174975 0.19895481406249999 0.94259785 0.161933584375 0.942199675 0.1276628984375 0.934394725 0.1195724734375 0.9300978499999999 0.1230446953125 0.92853535 0.13415580625 0.9300978499999999 0.1661002515625
1 0.9530519828124999 0.19589735625 0.9514894828125 0.2292306890625 0.9581301078125 0.2590918 0.9668506109375 0.2603689421875 0.9736175453125 0.25865106875 0.9788332328125 0.2320084671875 0.9796144828125 0.205619578125 0.9718019828125 0.1667306890625 0.9741457328124999 0.1278418 0.9659426078125 0.11603624374999999 0.9593019828125 0.12228624375 0.9577394828125 0.13200846718749998 0.9593019828125 0.17089735625 0.9530519828124999 0.19589735625
0 0.409375 0.49225948593749996 0.42265625 0.49513888906250003 0.434765625 0.48472222187499997 0.44296875 0.46875 0.4453125 0.43958333281249995 0.438671875 0.4125 0.413671875 0.40416666718750005 0.409375 0.4092050828125 0.409375 0.49225948593749996
1 0.409375 0.2445601859375 0.41796875 0.23819444375 0.4203125 0.19930555625 0.415625 0.1548611109375 0.41640625 0.13125 0.412890625 0.1208333328125 0.409375 0.1225833328125 0.409375 0.2445601859375
1 0.31661707968749997 0.609375 0.320077603125 0.6374348171875 0.31344914375 0.67553575 0.3136141453125 0.6936459375 0.32272925468749997 0.734375 0.334375 0.734375 0.334375 0.6551909640625 0.33045221874999997 0.6408912890625 0.3303205 0.609375 0.31661707968749997 0.609375
1 0.3545171609375 0.609375 0.357058278125 0.6308010875 0.350409803125 0.664407240625 0.35030756875 0.6838789671875001 0.3579155984375 0.7225496 0.3624005078125 0.725 0.36956146093750003 0.725 0.3749575953125 0.71778273125 0.375 0.7170909906249999 0.375 0.65852075625 0.3663362765625 0.6276959265625 0.3668843515625 0.609375 0.3545171609375 0.609375
1 0.3915918328125 0.609375 0.3910265640625 0.61875 0.382895609375 0.6423611109375 0.38257088125 0.6450684 0.38257088125 0.7004317312499999 0.3842839921875 0.71319444375 0.39442469375 0.715625 0.395992334375 0.715625 0.4046875 0.6902471718750001 0.4046875 0.6428688296875 0.400336875 0.6201388890625 0.40144367968749994 0.609375 0.3915918328125 0.609375
1 0.80236915 0.609375 0.8069063203125 0.6726240359375 0.7446187609375 0.8306657640624999 0.7319350531250001 0.91780513125 0.73624270625 1 0.96875 1 0.96875 0.7854932625 0.9115938203125001 0.665303571875 0.9097618781249999 0.609375 0.80236915 0.609375