1 0.47047447187499997 0.459375 0.4658875390625 0.429666390625 0.4696461125 0.3951354859375 0.46783446875 0.3915038296875 0.4525152046875 0.39234359375 0.4518250390625 0.4285184765625 0.44375 0.458690059375 0.44375 0.459375 0.47047447187499997 0.459375
2 1 0.15367396718749998 0.9336411281250001 0.1518909984375 0.91805385625 0.1496896171875 0.9048140203124999 0.1411768125 0.8625133343750001 0.1405108546875 0.81363045625 0.1346625671875 0.8083089390625 0.13701519375 0.8057650484375 0.1289109890625 0.8057732140624999 0.1287106 0.7869999625 0.1287106 0.7879058000000001 0.131169175 0.783829771875 0.1350169765625 0.763592728125 0.1315070296875 0.7601673921875 0.1287106 0.509375 0.1287106 0.509375 0.19519798906250002 0.6631335125 0.21156215625 0.7316571406250001 0.222729725 0.791032140625 0.22757646406249998 0.80286039375 0.23225801875 0.806657140625 0.22885192187499998 0.8160321406250001 0.22961719687499998 0.8371599359375 0.2369158765625 0.8940062265625001 0.2396981875 0.9558344796875 0.2484612078125 0.965360840625 0.2775735109375 0.9655043890624999 0.286875284375 0.9729925109374999 0.3018861234375 0.9870992140624999 0.315625 1 0.315625 1 0.15367396718749998
1 0.7875 0.1515625 0.8066018484375 0.1515625 0.8090255421875 0.1480208046875 0.8105273171875 0.12392247187500001 0.8088212703125001 0.1147602421875 0.8037109421874999 0.106218659375 0.7949322328124999 0.1047792 0.78953525625 0.1096514078125 0.7875 0.11384089374999999 0.7875 0.1515625
1 0.8156136890625 0.25676441875 0.7791769078125 0.2573240546875 0.778125 0.260534759375 0.778125 0.3734573140625 0.78105378125 0.389066890625 0.784171165625 0.396875 0.80532150625 0.396875 0.8179826359375 0.3450099546875 0.82171106875 0.318956696875 0.8223791546874999 0.290252990625 0.820769946875 0.26996750937499997 0.8156136890625 0.25676441875
1 0.7375 0.11942729375000001 0.7375 0.1444269671875 0.7375604453125 0.1460399671875 0.741993984375 0.1484375 0.7636875812499999 0.1484375 0.7636875812499999 0.1332988859375 0.7626668609375 0.1232082453125 0.7543793984375 0.10924435625 0.7428819359375 0.10924435625 0.7375 0.11942729375000001
1 0.7296875 0.25885532968749997 0.7296875 0.4015625 0.749809121875 0.4015625 0.7548375390625 0.3894821890625 0.76493570625 0.351892621875 0.7692939328125 0.32854714375 0.7711883203125 0.30354714375 0.770759190625 0.275040771875 0.7662781 0.255587228125 0.7321135875 0.2554142296875 0.7296875 0.25885532968749997
1 0.69375 0.1481044921875 0.694570090625 0.15 0.7192152359375 0.15 0.72030670625 0.1260309671875 0.712702634375 0.11255807343749999 0.70492246875 0.11158669531250001 0.6995847984375001 0.1152601 0.69375 0.1292891640625 0.69375 0.1481044921875
1 0.7344704234374999 0.3008358828125 0.7283257859375001 0.2620544125 0.7230706953125 0.2532005421875 0.6923091953125 0.2519170484375 0.689101615625 0.25697025 0.6859375 0.273572965625 0.6859375 0.34341227343749997 0.696002721875 0.3949574546875 0.7020297906249999 0.4109375 0.7170204015625 0.4109375 0.7244008171875 0.410559465625 0.728456059375 0.39996283125 0.7336390359375 0.36948 0.7344704234374999 0.344503990625 0.7344704234374999 0.3008358828125
1 0.509375 0.6904986390625 0.49220240625 0.691298465625 0.48926995624999997 0.6962869312500001 0.487765390625 0.790622215625 0.478125 0.82289296875 0.478125 0.8706276859375001 0.49616793125 0.8810304343750002 0.509375 0.8949253890625 0.509375 0.6904986390625
1 0.47016468125 0.6909605359375 0.4397605875 0.6894242640625 0.4243807421875 0.6962950187500001 0.425372175 0.7878343515624999 0.420981025 0.80882685 0.39375 0.8857588312499999 0.39375 0.9296875 0.40133551718750005 0.9296875 0.4193189015625 0.8970053796874999 0.4352994953125 0.8810909312499999 0.4680608015625 0.86518650625 0.45828706406249997 0.8156321765625 0.4579583875 0.7962195671875 0.46032905468749996 0.761433678125 0.4710294515625 0.7041072296875 0.47016468125 0.6909605359375
1 0.2397652359375 1 0.2409333015625 0.9802951312499999 0.2409333015625 0.8545029765625 0.2292146609375 0.812682178125 0.22638338593750001 0.764071065625 0.2311751390625 0.6994947874999999 0.22774302343750003 0.6863481421875 0.18313334375 0.6863481421875 0.19214248750000001 0.7502177203125 0.1956209109375 0.8099399406250001 0.1798384515625 0.8860596265625 0.1765625 0.9144847125 0.1765625 0.9870152734375001 0.1771671875 1 0.2397652359375 1
1 0.075874090625 1 0.07667075 0.99730615625 0.0841998296875 0.9594509578124999 0.088320490625 0.8845693578125001 0.0736627625 0.7807305890625 0.0772855921875 0.7431713890625 0.086332628125 0.6955347703125 0.08449282500000001 0.6839364140624999 0.046339090625 0.6902798156250001 0.0468936984375 0.713713328125 0.0400690125 0.783276171875 0.021875 0.8353222062500001 0.021875 1 0.075874090625 1
0 0.509375 1 0.509375 0.8855227750000001 0.47964739375 0.86875 0.47577977968749996 0.86875 0.45110048125 0.8709077328125 0.4260467453125 0.891441075 0.40530890468749997 0.9349319906249999 0.396875 0.985628415625 0.396875 1 0.509375 1
1 0.6026039734374999 0.459375 0.5996068671875 0.4633925625 0.599506071875 0.542814321875 0.590625 0.5804976984375 0.590625 0.6903627109375 0.5916617609375 0.69685344375 0.591844309375 0.696875 0.61281685625 0.696875 0.6161068843749999 0.6932748453124999 0.6280285640625001 0.6315401203125 0.6278808859375 0.596690353125 0.617531415625 0.5428922093749999 0.6228745890624999 0.46947241718750005 0.6206824265625001 0.459375 0.6026039734374999 0.459375
1 0.5310399671875 0.4806085875 0.5315506437499999 0.5637599859375 0.5265625 0.580881828125 0.5265625 0.7171875 0.5416432234374999 0.7171875 0.5473136125 0.7127411406249999 0.5601863203125 0.6456014390625 0.5592007999999999 0.6123772671875 0.548964515625 0.5574039078124999 0.55514553125 0.482258359375 0.546811975 0.46670459218750004 0.53738038125 0.468530128125 0.5310399671875 0.4806085875
2 1 0.4969061390625 0.8993326312499998 0.5037318265625 0.8906095734375 0.5096375515625 0.8872259609375 0.5208759953125 0.8637884609375 0.5218310015625 0.8585002109375001 0.5310656953125 0.8578125 0.5376004265625001 0.8578125 0.575 1 0.575 1 0.4969061390625