1 0.23440367499999998 0.386056596875 0.23440367499999998 0.28318701874999996 0.23370441875 0.2803819453125 0.21342585937499997 0.251215278125 0.2097185484375 0.2401041671875 0.20012027500000001 0.17621527812499999 0.1891002734375 0.1671875 0.1832142171875 0.1741319453125 0.177672678125 0.17274305625 0.175 0.18083981875 0.175 0.2098445140625 0.1912063390625 0.2595486109375 0.188066825 0.30399305625 0.1902310578125 0.3303819453125 0.2030610609375 0.36649305625 0.2231788421875 0.390625 0.22574038437500002 0.390625 0.2341946203125 0.3866319453125 0.23440367499999998 0.386056596875
1 0.430370384375 0.45 0.432646465625 0.4465555859375 0.451014065625 0.4067097171875 0.4573505578125 0.3790456015625 0.458999546875 0.351245090625 0.44997121875 0.302247534375 0.4617585953125 0.2301844375 0.449258240625 0.1984911625 0.4465152875 0.20746210937499998 0.433338390625 0.22378779531249998 0.43012690156250005 0.251542840625 0.430023253125 0.297489834375 0.4262213609375 0.3140883046875 0.4234375 0.3189068703125 0.4234375 0.45 0.430370384375 0.45
1 0.33491850625 0.28155458125 0.32810625937500004 0.2025152484375 0.32417015781249997 0.193630721875 0.3157406234375 0.1891038625 0.3068035546875 0.14006889218750002 0.3042309015625 0.14365253281249998 0.3080575 0.1921999765625 0.303125 0.2039101 0.303125 0.22695960624999997 0.3131728828125 0.28522369687500004 0.3071069734375 0.3230420328125 0.307226375 0.359216809375 0.3184126546875 0.39772369531249996 0.331825659375 0.4171875 0.3454430859375 0.4171875 0.3454430859375 0.2984381234375 0.33491850625 0.28155458125
1 0.41755808125 0.1706522484375 0.4163995296875 0.10403564843749999 0.40732082968750005 0.08681826718749999 0.4027566484375 0.045882387499999996 0.402573440625 0.045882387499999996 0.4025929171875 0.08512898906250001 0.3938241046875 0.1053615453125 0.39884849375 0.17083958125 0.39375 0.18656357031249998 0.39375 0.24062295156250002 0.401098184375 0.2749561859375 0.4107880171875 0.290625 0.41840930312499997 0.290625 0.42465692187500004 0.2806247953125 0.4267964234375 0.26901802343750003 0.4267964234375 0.1966577125 0.42597677031250003 0.19198623125 0.41755808125 0.1706522484375
1 0.3230087953125 0.1853502890625 0.3125 0.15560308750000001 0.3125 0.18539642812499998 0.321357578125 0.196875 0.32215190625 0.196875 0.3230087953125 0.1853502890625
1 0.2923095 0.209626421875 0.3014528046875 0.18586530625 0.3006984734375 0.1511703578125 0.3051219515625 0.128879953125 0.3067760234375 0.091366315625 0.3013207328125 0.07410748125 0.2935728859375 0.07146607031249999 0.2856310796875 0.0771579921875 0.284375 0.0815136125 0.284375 0.114226528125 0.2882308 0.1499996578125 0.284375 0.1727370015625 0.284375 0.240724125 0.284534734375 0.2416935984375 0.29529243125 0.2640625 0.2969597765625 0.2640625 0.2982093140625 0.2581148015625 0.2923095 0.209626421875
1 0.369172828125 0 0.36897401875 0.007628521875 0.365625 0.014864203125 0.365625 0.072399234375 0.36649033124999997 0.0867860984375 0.365625 0.0907349109375 0.365625 0.16181553437500001 0.37010159531250003 0.1796875 0.38323677031250003 0.1796875 0.3889419984375 0.171644675 0.3908923671875 0.138320434375 0.3889364859375 0.10497346562500001 0.3806659609375 0.077145690625 0.3812962453125 0.022979021875 0.3744589296875 0.0062714484375 0.37432441875 0 0.369172828125 0
1 0.46875 0 0.467100715625 0 0.4658413765625 0.016229021875 0.4609375 0.0261597609375 0.4609375 0.037434421875 0.46682257812500005 0.0854551421875 0.4617186859375 0.1087387671875 0.46875 0.1786271796875 0.46875 0
1 0.42649253906249995 0 0.4276846765625 0.017982224999999998 0.4234375 0.0435828546875 0.4234375 0.0764294203125 0.4271174078125 0.09988121562499999 0.43490073125000006 0.1140625 0.43848140625000004 0.1140625 0.44553890156250003 0.1112014109375 0.44864159218750005 0.09522114375 0.44864159218750005 0.04229814375 0.44012808437500006 0.016738787499999998 0.4399167390625 0 0.42649253906249995 0
1 0.4996668890625 0.039979925 0.49795643749999996 0.031121646875 0.49503132499999997 0.024031459375 0.49475915937500003 0.0036117000000000002 0.4890625 0.0041202296875 0.4890625 0.008813551562499999 0.49091102031249995 0.0218452796875 0.4890625 0.0344854875 0.4890625 0.0526373859375 0.4899820765625 0.05863159531249999 0.49158542812499995 0.065625 0.4994902671875 0.065625 0.4996668890625 0.0635705125 0.4996668890625 0.039979925
1 0.509155084375 0.0057532453125 0.5068584031250001 0.0038186015625 0.5034891484374999 0.00569925 0.503125 0.015378903125000001 0.503125 0.0640625 0.5049534171875 0.0640625 0.5053059546875 0.0631751953125 0.508997209375 0.053343848437499994 0.5102638203125001 0.04498323125 0.5103724 0.029732735937499997 0.5085140125 0.0214812484375 0.5071132984375 0.018758034375 0.508460803125 0.0090085296875 0.509155084375 0.0057532453125
1 0.6200724328125 0.040998265625 0.6190148140625 0.032744625 0.6182997 0.026272026562500002 0.6185915 0.023750399999999998 0.6185488421875001 0.02261060625 0.61952060625 0.0171991375 0.6205192125 0.012294471875 0.6213883515624999 0.0056149609375 0.620113209375 0.0022887078125 0.6174984578125 0.0004415484375 0.614667678125 0.0018772484375 0.6130237296875001 0.0076486796875 0.6125 0.015238785937499999 0.6125 0.0154482640625 0.6130970437500001 0.0230845078125 0.6125 0.0256710921875 0.6125 0.0734375 0.613301646875 0.0734375 0.6160752515625 0.0695987578125 0.618083515625 0.0596632421875 0.62041996875 0.0492312515625 0.6200724328125 0.040998265625
1 0.6032972140625 0.028172157812499998 0.601662996875 0.023148367187499998 0.6017682796875 0.016729878125 0.601835346875 0.010532371875 0.6024758609375 0.005955009375 0.6024827078125 0.0030469796875 0.600731496875 0.00210694375 0.5971394765625 0.0028854265625 0.595044503125 0.0037293359375000002 0.5946400328125 0.0103198625 0.596093040625 0.0186046375 0.5971792609375 0.0266515109375 0.5951122234375 0.032677660937500005 0.59375 0.0383952859375 0.59375 0.0467008015625 0.5940824593749999 0.0518096359375 0.5945006968750001 0.0577345265625 0.59633321875 0.06347535 0.597719128125 0.065625 0.6041497390625 0.065625 0.6046875 0.064100584375 0.6046875 0.0332428125 0.6032972140625 0.028172157812499998
1 0.574733953125 0.052575779687500004 0.5779279890625 0.0624785546875 0.57806155625 0.0625 0.5821463828125 0.0625 0.58378618125 0.059201437499999995 0.5850851734375 0.055128357812499994 0.585520396875 0.0535251875 0.585520396875 0.0325198640625 0.584986259375 0.0298062296875 0.5814139015625 0.021516553124999997 0.581155646875 0.01507659375 0.581203440625 0.0094119421875 0.5818663640625 0.0033010109375 0.5791332687499999 0.0015963796874999998 0.5786045828125 0.0015625 0.576288909375 0.0015625 0.5762586609375 0.0026716578125 0.57665401875 0.0113874890625 0.5763858484375 0.0167861203125 0.57512724375 0.0222472296875 0.5742726499999999 0.02697853125 0.5734375 0.03122471875 0.5734375 0.045586225 0.574733953125 0.052575779687500004
1 0.64212698125 0.050638578125 0.64146629375 0.0402550734375 0.640508359375 0.0309939953125 0.639966565625 0.028129785937500002 0.640562159375 0.020265006250000002 0.6416992265625 0.014131574999999999 0.6422476703125 0.00973826875 0.6417265953125 0.0056739078125 0.63926186875 0.0037915687500000004 0.6358417421875 0.004642298437499999 0.634375 0.006989804687499999 0.634375 0.0300483578125 0.6346739671874999 0.0317322765625 0.634375 0.033992009375 0.634375 0.078125 0.6394653406249999 0.078125 0.6412133437499999 0.074205309375 0.642152065625 0.0668001109375 0.642808228125 0.059255496875 0.64212698125 0.050638578125
1 0.6474347437500001 0 0.6454591390625 0.0066318453125 0.6462844640625 0.023014759375 0.6455695546875 0.029333896874999998 0.6453125 0.0304040953125 0.6453125 0.0703125 0.6524364968749999 0.0703125 0.6533161828124999 0.0685522421875 0.6544948015625 0.057558084375 0.6543830140625 0.044063778125 0.6537036796875 0.033606578124999995 0.65274964375 0.025802973437499998 0.6526423546875 0.02126405 0.6530725984375 0.020998045312499998 0.6543449812500001 0.0121527375 0.65376948125 0.0033334593750000002 0.6522262109375 0 0.6474347437500001 0
1 0.6587601859375 0 0.6578125 0.0025327171874999998 0.6578125 0.0166607125 0.65790464375 0.02013649375 0.6578125 0.02103721875 0.6578125 0.0624811734375 0.658323596875 0.0640625 0.66567516875 0.0640625 0.66635095 0.063217453125 0.6684531734375 0.0473293625 0.6675657187499999 0.03205484375 0.665615140625 0.022705215625 0.6643854499999999 0.018533690624999998 0.665340328125 0.0097057328125 0.6661830828124999 0.004410528125 0.6665170359375 0.00012190781249999999 0.66605834375 0 0.6587601859375 0
1 0.6703726734375 0 0.671802153125 0.0052008328125 0.672621803125 0.011775653125 0.6730750171875 0.01732776875 0.6720359734375 0.0219304546875 0.6717379046875 0.026944757812499998 0.6721716171875001 0.03312449375 0.6726855359374999 0.03855373125 0.6739003359375 0.044769846875000005 0.6756441828125 0.0522676421875 0.676766275 0.057348096875 0.676922090625 0.0578125 0.6828125 0.0578125 0.6828125 0.0247265828125 0.6827912578124999 0.024568367187500002 0.6799822921875001 0.017020959375 0.6784937671875 0.0109178015625 0.6777130546875 0.00963665 0.6785321328125 0.0009889171875 0.6786755078125 0 0.6703726734375 0
1 0.6329919859375 0.0356108390625 0.6333318203125 0.03318848125 0.631697075 0.0242647109375 0.6316279609375 0.0181003015625 0.6315377703125 0.009796965625 0.6320788828125 0.0078607109375 0.63188895625 0.00658046875 0.632453959375 0.0039241375 0.6288619203125 0.0029791203125 0.6256401281249999 0.0043943390625000005 0.626981509375 0.010699296875 0.62675484375 0.0173932953125 0.6265311109375 0.02396110625 0.626123725 0.029285712499999998 0.625 0.032675465625 0.625 0.060799878125 0.6254521984375 0.064226434375 0.6258937437500001 0.065625 0.6294588609375 0.065625 0.62956426875 0.0610962671875 0.6300186437499999 0.053752703125 0.6307898796875 0.0480184859375 0.63164975 0.0415209421875 0.6329919859375 0.0356108390625
1 0.6149423765625001 0.0334062015625 0.615625 0.028389674999999996 0.615625 0.0229962046875 0.614782278125 0.0190261125 0.613560959375 0.011696659375 0.6133450125 0.0063969078125 0.6137527406250001 0.0014298703125 0.6124292640625 0.0013412578125 0.610151865625 0.001188634375 0.6075605625 0.00204135625 0.6080904203124999 0.006335765625000001 0.60826204375 0.0140313734375 0.6076866187500001 0.019069671875 0.6062745234375 0.024476607812500002 0.60625 0.0249262078125 0.60625 0.0388030484375 0.6065230015624999 0.04276759375 0.6077668375 0.054133299999999995 0.6089480859374999 0.0578125 0.6143992828125 0.0578125 0.613954821875 0.054457553125 0.6137535890625 0.039067984374999996 0.614594428125 0.0370597734375 0.6149423765625001 0.0334062015625
0 0.596875 0.4348958328125 0.60390625 0.44461805625000006 0.621484375 0.4439236109375 0.628125 0.4154513890625 0.624609375 0.3953125 0.615234375 0.3814236109375 0.606640625 0.37725694375 0.6 0.38628472187499996 0.59609375 0.411284721875 0.596875 0.4348958328125
1 0.23262589375 0.45 0.238618825 0.521636284375 0.23125 0.5700715296875 0.23125 0.6021714890625 0.232630946875 0.6160807296875 0.240919028125 0.65496961875 0.2468342234375 0.6709418406250001 0.2502075078125 0.671875 0.2636596578125 0.671875 0.267700296875 0.6665590140625 0.267700296875 0.5553507796874999 0.257368825 0.521636284375 0.25468431406250003 0.45 0.23262589375 0.45
1 0.184336928125 0.45 0.1815140625 0.4564561703125 0.18002812968749998 0.535513709375 0.175 0.55422309375 0.175 0.684375 0.1907364 0.684375 0.1925471609375 0.6819993203125 0.20001056562500003 0.6609477328125 0.2068821921875 0.6232840421875 0.20844685468750002 0.5830335453125001 0.198482240625 0.52655289375 0.20581370625 0.45422154375 0.20364231249999998 0.45 0.184336928125 0.45
1 0.14375464375 0.4507418875 0.13557760624999998 0.454681234375 0.128077821875 0.47326074375000005 0.1246411703125 0.548351671875 0.11875 0.564701525 0.11875 0.7 0.12912605 0.7 0.131170634375 0.697531084375 0.1401460765625 0.6755134515625001 0.1499892578125 0.6256725765625 0.1507354859375 0.5992382218750001 0.14309597031250001 0.5433189546875 0.15253959374999998 0.47118765937500007 0.15116793906249998 0.460008353125 0.14375464375 0.4507418875
1 0.10421990781249998 0.5590276609375 0.10372235156250001 0.4811225515625 0.0932774953125 0.46693713593749997 0.08054360625 0.4876331109375 0.086186471875 0.5583709421874999 0.075 0.6310994375 0.075 0.6331051140625 0.0922721796875 0.6722279984374999 0.0962381328125 0.6901562203125 0.0965565875 0.713799165625 0.096772965625 0.7140625 0.11345055781249999 0.7140625 0.11396445 0.7133693437499999 0.11396445 0.5930780906249999 0.10421990781249998 0.5590276609375
1 0.025562498437499998 0.45 0.0195382671875 0.45250442812499997 0.0178074109375 0.46001815468749996 0.0179152375 0.490523646875 0.023208925 0.5116573671875 0.024057589062500002 0.5408240359375001 0.0125 0.6040084890624999 0.0125 0.6276825390624999 0.0138850453125 0.646875 0.0139302203125 0.646875 0.033964834375 0.626716315625 0.0510374484375 0.62419389375 0.0510374484375 0.5814724546875001 0.041245089062500004 0.541925459375 0.042928646875 0.46578689375 0.032600221875 0.45 0.025562498437499998 0.45
1 0.0720281484375 0.45 0.0690642765625 0.45847249218749997 0.0704868375 0.53765279375 0.0609375 0.5714061562499999 0.0609375 0.6328125 0.0648174875 0.6328125 0.08041683125 0.5571563234375 0.0773509640625 0.48491137812499996 0.0939834703125 0.4655623828125 0.0933638328125 0.45166894687500003 0.0925718875 0.45 0.0720281484375 0.45
1 0.1205818953125 0.45 0.1214504765625 0.46621617187500003 0.12904369375 0.5060008984375 0.1215197828125 0.556843978125 0.12121676562499999 0.5817348156250001 0.1310264625 0.64455200625 0.14244223281249999 0.6671875 0.1431598890625 0.6671875 0.13702934687499999 0.6419664609375 0.1329849875 0.621023965625 0.1341702609375 0.58787256875 0.1414797921875 0.5439375453124999 0.132345971875 0.4701808859375 0.13690154375000002 0.45448156875 0.14367950625 0.45151291093749996 0.14367950625 0.45 0.1205818953125 0.45
1 0.009116671875 0.45 0.010440178125000001 0.5159447 0 0.5623420687499999 0 0.6390625 0.001531275 0.6390625 0.0035221328125 0.6121881359375 0.019136317187499998 0.5442911593749999 0.0179185953125 0.46262011718749996 0.022425595312499998 0.45321641250000005 0.032239709374999995 0.45027869843749996 0.032193176562499995 0.45 0.009116671875 0.45
0 0.085758428125 0.720409709375 0.085758428125 0.682651209375 0.0857349859375 0.6823514859375 0.07762847187500001 0.6558807828125 0.068831121875 0.641201996875 0.050239849999999996 0.6257151328124999 0.030765192187500002 0.62687675625 0.015706121875 0.6405838312500001 0.00553815 0.6689242390625 0.003125 0.6913795593750001 0.003125 0.6982863734375 0.0071338015625 0.7272484828125 0.015013945312499999 0.74816363125 0.0269928875 0.7642676671874999 0.045833303125 0.7762868546874999 0.0594202890625 0.7743626078125001 0.0780460515625 0.7523676515625001 0.0846473296875 0.7323151234375 0.085758428125 0.720409709375
2 1 0.4779728171875 0.9864260625 0.47770994531250005 0.943270834375 0.47770994531250005 0.9174035406249998 0.484447025 0.8567090640625 0.479896146875 0.8243132781250001 0.48313079999999997 0.8004590640625 0.4782594390625 0.7804417671875 0.48324669374999996 0.718184790625 0.4786503515625 0.6315182187499999 0.48448315781249995 0.6130112421875 0.48115981249999995 0.5409453953125001 0.49020230624999994 0.46875 0.48926446874999996 0.46875 0.6270204015624999 0.49507893124999997 0.6295026046875 0.7253218125 0.6208853203125 0.7970753015625001 0.6243655578125 0.827005825 0.6224515984375 0.8360856234374999 0.61714609375 0.8560335875 0.6219037953125 0.92311673125 0.6071466203125 1 0.614585140625 1 0.4779728171875