1 0.3140625 0 0.3140625 0.014993728125 0.3163972296875 0.034592012500000005 0.3140625 0.05192265625 0.3140625 0.0937550328125 0.314581184375 0.09848090312499999 0.32323419531250003 0.1296875 0.32559209375 0.1296875 0.32990007499999996 0.128211340625 0.32990007499999996 0.047994534374999995 0.3255454828125 0.031814234375 0.325811790625 0 0.3140625 0
1 0.34485991875 0 0.3440876234375 0.0420542734375 0.340625 0.057503229687500004 0.340625 0.1389793625 0.3406439 0.1390625 0.343455525 0.1390625 0.3524598 0.138365109375 0.3615818296875 0.10118344531250001 0.3616250984375 0.07754049843750001 0.35590337656250004 0.039753996874999996 0.3588384375 0 0.34485991875 0
1 0.45 0 0.45 0.010637048437500001 0.45776953281250005 0.060003239062500005 0.4540013921875 0.081187025 0.45359736875 0.11472061874999999 0.4637474703125 0.1421875 0.47234865781249996 0.1421875 0.47234865781249996 0.0659105515625 0.46735891250000006 0.0524079515625 0.46696931875000003 0.009152137500000001 0.4618160234375 0 0.45 0
1 0.3796875 0 0.3796875 0.020688075 0.381816571875 0.039781315625 0.3796875 0.0543729109375 0.3796875 0.1243209984375 0.385221553125 0.14529140625 0.390213484375 0.1484375 0.3972610671875 0.1484375 0.4007738234375 0.1406700984375 0.40481134062499996 0.0980509625 0.40481134062499996 0.0895867328125 0.39531601250000004 0.051894870312499994 0.39607848749999996 0.006016071875 0.39326551875 0 0.3796875 0
1 0.4285119609375 0.0075454078125 0.42782572031250005 0.0075454078125 0.42225834687499997 0.012361275 0.41956784531249997 0.021443585937500002 0.41787209062499997 0.035014131250000004 0.41784933593750007 0.0507284515625 0.41627514374999997 0.0648969796875 0.4140625 0.07272205625 0.4140625 0.153125 0.42352349218749996 0.153125 0.42559565 0.14915984375 0.43249326874999994 0.1201841765625 0.4331519265625 0.097608178125 0.4294545171875 0.073736396875 0.428951215625 0.0531673421875 0.4331695046875 0.029114143749999998 0.433671028125 0.0115643421875 0.4285119609375 0.0075454078125
1 0.4137251109375 0 0.413337434375 0.008282428125000001 0.41645702656249994 0.0414518703125 0.4109375 0.0720524359375 0.4109375 0.11173850625 0.416020015625 0.1328125 0.4207934890625 0.1328125 0.41982982343749997 0.11912038750000001 0.41543867343749996 0.0985602046875 0.42384387031250004 0.056237974999999996 0.42157018125 0.025791681249999997 0.42222212499999995 0.02018149375 0.42856239062499996 0.005204312500000001 0.42856239062499996 0.001564865625 0.428378053125 0 0.4137251109375 0
1 0.4445699078125 0 0.4438341453125 0.015797064062499998 0.44585445156250003 0.0226186796875 0.4454016328125 0.0323409 0.440625 0.04835585 0.440625 0.0886758109375 0.4416397234375 0.07964500937499999 0.44996474375 0.051498740625 0.45061162968749996 0.037609851562500005 0.4481982015625 0.02249585 0.448974465625 0.00582918125 0.4503080609375 0.0022955437499999998 0.45322709375 0 0.4445699078125 0
1 0.480994871875 0 0.47984747031249997 0.0025545390625 0.47908336250000005 0.046862475 0.478125 0.050442628125 0.478125 0.1375 0.4846044 0.1375 0.487027265625 0.1335434265625 0.49453554843749997 0.1040582421875 0.496186596875 0.08044713125 0.49011798281249996 0.0448365484375 0.49547247031249997 0.0016444859375 0.4953552484375 0 0.480994871875 0
1 0.5103094953125 0 0.51171875 0.037514490625 0.5046875 0.07034197656249999 0.5046875 0.097101234375 0.50625 0.10999142343749999 0.509375 0.125123653125 0.5108132828125 0.128125 0.523441996875 0.128125 0.52421875 0.1272100703125 0.5265625 0.1201564640625 0.5296875 0.09667758125 0.5296875 0.0658442484375 0.521875 0.0356525671875 0.523944003125 0 0.5103094953125 0
1 0.161832571875 0 0.1626304140625 0.033708415625 0.1578125 0.0536302765625 0.1578125 0.12760906249999998 0.160445965625 0.1310261375 0.17079628125 0.12727330625 0.17879287187499998 0.090027971875 0.1790466390625 0.0677739171875 0.172721975 0.0355111390625 0.17645115625000002 0 0.161832571875 0
1 0.131485275 0 0.14256913124999998 0.1375 0.1453125 0.1375 0.1453125 0.06371619843750001 0.1392738765625 0.0448983265625 0.1376243421875 0 0.131485275 0
0 0.3926375796875 0.2308732625 0.37967977343750003 0.22400608593750002 0.358849765625 0.235235371875 0.3515625 0.2510353125 0.3515625 0.3058902421875 0.3610243875 0.3226990078125 0.3674269390625 0.3265625 0.38235296875 0.3265625 0.38758688750000003 0.3225444734375 0.39816111875 0.305126546875 0.4056402015625 0.278701296875 0.40237584843749996 0.24817301406249997 0.3926375796875 0.2308732625
1 0.6580244171875 0 0.6583104484375 0.005944521875 0.6653786671875 0.04837190625 0.6676833875 0.0920556328125 0.664696496875 0.1128889671875 0.6629704046875 0.14457935156249999 0.6611366703125 0.1741332953125 0.6623506859375 0.1990000796875 0.67424465 0.2490000796875 0.6835433796875 0.2767778546875 0.6870542421875 0.2796875 0.7010818249999999 0.2796875 0.7010818249999999 0.1019530203125 0.6971441390625 0.0892778546875 0.690958040625 0.0517778546875 0.689479096875 0 0.6580244171875 0
0 0.533847128125 0.65 0.5234375 0.6736111109375 0.52734375 0.70555555625 0.540625 0.7263888890625 0.553515625 0.72430555625 0.56484375 0.70555555625 0.56875 0.6875 0.56640625 0.665277778125 0.5572580640625 0.65 0.533847128125 0.65
1 0.9012861937500001 0.9698929421875 0.9082692968749999 0.975 0.9154088171874999 0.975 0.9154088171874999 0.7916760453125 0.9090698359375 0.77174479375 0.9030658234375 0.67267071875 0.8957535437499999 0.656467015625 0.8864458796875001 0.6509114609375 0.8768523781249999 0.6546151640625 0.871875 0.6718500015625 0.871875 0.6797761265625 0.8728822265625 0.6921151640625001 0.883221934375 0.7485966453125 0.8850359187500001 0.7708188671875 0.876785040625 0.8356336828125001 0.8766586109375 0.8532262750000001 0.8814794109375 0.899522571875 0.8915003 0.9393373859375 0.9012861937500001 0.9698929421875
1 0.6663011328125 1 0.6725750765624999 0.975619775 0.680147284375 0.9230754453125 0.6801079734375 0.8943292953124999 0.676713834375 0.85710125625 0.6636467125000001 0.798152478125 0.6633487312499999 0.7768137359375 0.670331946875 0.7112639953125 0.6706517984375 0.6871687015625 0.6648042296875001 0.667921940625 0.6580804406249999 0.662737871875 0.6544584375 0.662737871875 0.6445563984375 0.66524241875 0.6358206328125 0.6838949515625 0.6344591171875 0.7079478031249999 0.637630403125 0.7664933609375 0.6367573859375 0.7914933609375 0.6334095328125 0.8126835453125001 0.625 0.8430198437499999 0.625 1 0.6663011328125 1
1 0.6197199703125 0.9859375 0.628136015625 0.9859375 0.628136015625 0.8087516828125001 0.6231581234375 0.7948209828125 0.6167239765625 0.767310215625 0.6165068484375 0.7133395 0.6133406203125 0.6809654703125 0.60729675625 0.6678566203125 0.597468259375 0.662901840625 0.5879503390624999 0.668165625 0.5859375 0.6750744703125 0.5859375 0.7162410328125001 0.5947733937499999 0.767786103125 0.5959153796875001 0.78818985 0.5884629265625 0.837998209375 0.5878403999999999 0.8752688796874999 0.5927285375 0.9159094890624999 0.5997591015625 0.9443128078124999 0.611107496875 0.9743009593749999 0.6197199703125 0.9859375
0 0.8099099484375 1 0.811108040625 0.9994642734375001 0.8228932625000001 0.9880046046875 0.8316441984375 0.966906065625 0.8308809343749999 0.95303233125 0.8347025796875001 0.9349412031250001 0.8347025796875001 0.8976387796875 0.8320466718749999 0.8705491515624999 0.8281260859374999 0.8549144921874999 0.819990340625 0.83662329375 0.803757440625 0.8171781078125001 0.7964172875 0.81461249375 0.7604959499999999 0.8165840921875 0.746138884375 0.8299713890625 0.737827971875 0.84642514375 0.7328125 0.8635787265625 0.7328125 0.9350699265625 0.739359725 0.964032890625 0.748585621875 0.9850715593749999 0.75633973125 0.9964258875 0.76204013125 1 0.8099099484375 1
1 0.8091306109375 0.846382421875 0.8135266921875001 0.8642084562499999 0.8152376718750001 0.896785646875 0.8118401765625001 0.9347273843749999 0.806977690625 0.959375 0.8127802140625 0.959375 0.8203732234375 0.9462204984374999 0.8232688140625001 0.9286915734375001 0.824191696875 0.9027232015625 0.82610500625 0.8981572390625001 0.8245128109375 0.89159086875 0.825705575 0.8758501296875 0.8146411328125 0.815028271875 0.7958235859375 0.7668934890625 0.7931303296875 0.7472792687500001 0.792652578125 0.6915327125 0.7903398359375 0.6737915625 0.7824660046874999 0.6583057765625 0.7651553609375 0.6583057765625 0.758539303125 0.665994296875 0.7578125 0.6700593421875001 0.7578125 0.7076510390624999 0.7653049078125 0.762863596875 0.765744809375 0.777742078125 0.761416278125 0.80728681875 0.763444296875 0.8115489828125 0.7827852890625 0.8114082859374999 0.79278098125 0.8173882890625 0.7990606781249999 0.82414565625 0.8091306109375 0.846382421875