1 0.459375 0 0.4078125 0 0.4078125 0.129387215625 0.410446309375 0.1411367375 0.41467793906250006 0.1453125 0.4439140109375 0.1453125 0.448727559375 0.139130503125 0.459375 0.08662790468750001 0.459375 0
1 0.589594228125 0.1213731484375 0.587855715625 0.10666751562500001 0.5885238015625001 0.0779638125 0.5946803875000001 0.036950115625 0.5940050859375 0.021263965625 0.5884573062499999 0.002596384375 0.580188621875 0.0002553390625 0.5722683671875 0.0052944046875 0.5653161546875001 0.02461708125 0.5674282500000001 0.0679718265625 0.5664153453124999 0.11149034375 0.5578701046875001 0.1433812625 0.55625 0.15244320312499998 0.55625 0.266039671875 0.5593033765625 0.2829504140625 0.5626132625 0.2875 0.581320940625 0.2875 0.58634360625 0.2833828890625 0.5955389859375 0.24590912187499997 0.599005203125 0.20873560468750002 0.5982580421875 0.15143738125 0.589594228125 0.1213731484375
1 0.6192283484375001 0 0.617192009375 0.0009360999999999999 0.6140625 0.010183734375 0.6140625 0.042964621875 0.6187545796875 0.0752955375 0.6197380453125 0.10395977187500001 0.6140625 0.138567065625 0.6140625 0.1804329875 0.6176419046875 0.24213826562500002 0.62668049375 0.276024128125 0.6292568375 0.2796875 0.6490079265625 0.2796875 0.6490079265625 0.136786603125 0.6405228515625 0.10461250156249999 0.6396557921875 0.0187776546875 0.6339072015625 0.00312495 0.62978791875 0 0.6192283484375001 0
1 0.494463540625 0 0.4875 0.006829340624999999 0.4838541671875 0.0225912921875 0.48802083281249997 0.0846040890625 0.4875 0.10590341562500001 0.475 0.1624576203125 0.4734375 0.1951056078125 0.4734375 0.2110778171875 0.478125 0.2568838828125 0.4828125 0.27815290937500003 0.48487935625 0.28125 0.5077363796875 0.28125 0.5125 0.2687209328125 0.5208333328125 0.22330208125 0.521875 0.199221934375 0.521875 0.1804719515625 0.5203125 0.16034214687499998 0.5078125 0.106711165625 0.5083333328124999 0.06411554375 0.5119791671875 0.0363165546875 0.5114583328125 0.015949215625 0.50546875 0.002558134375 0.49852580937499996 0 0.494463540625 0
1 0.459375 0 0.459375 0.2369212953125 0.46588541718750004 0.23836805625 0.47083333281249995 0.2453125 0.4713541671875 0.261053240625 0.4765625 0.25271990781250003 0.47239583281249997 0.1851273140625 0.47552083281249996 0.15642361093749999 0.48020833281249997 0.1351273140625 0.48020833281249997 0.12679398125000002 0.47291666718750003 0.0943865734375 0.4770833328125 0.0129050921875 0.4733556796875 0 0.459375 0
1 0.5344232671875 0 0.5291666671875 0.0129050921875 0.528125 0.029571759375 0.53125 0.060127314062500006 0.5317708328124999 0.0999421296875 0.5197916671875 0.1499421296875 0.5223958328125 0.18327546249999999 0.5208333328125 0.23234953749999998 0.528125 0.2693865734375 0.5338541671875 0.27586805625 0.5502604171875001 0.27633101875 0.5557291671875 0.2684606484375 0.5583333328125 0.254571759375 0.5546875 0.19623842656249998 0.5557291671875 0.1749421296875 0.5614583328125 0.1379050921875 0.5526041671875 0.10179398125000001 0.5557291671875 0.013831018749999998 0.55078125 0.00133101875 0.5490342874999999 0 0.5344232671875 0
1 0.6575 0 0.65546875 0.00225694375 0.6510416671875 0.0156828703125 0.6536458328125 0.1027199078125 0.6447916671875 0.148090278125 0.6484375 0.1823495375 0.6463541671875 0.2462384265625 0.65 0.2619791671875 0.6583333328125 0.27123842656249997 0.6625 0.2693865734375 0.6578125 0.23697916718749998 0.6604166671874999 0.1953125 0.6677083328125001 0.1703125 0.6833333328125001 0.1434606484375 0.6828125 0.1342013890625 0.6744791671874999 0.10086805624999999 0.678125 0.018460648437499998 0.6739583328125001 0.0036458328125000003 0.6702669265625 0 0.6575 0
1 0.577554253125 0 0.5770833328125 0.00179398125 0.5861979171875 0.0031828703125000002 0.5927083328125 0.0156828703125 0.5942708328124999 0.0406828703125 0.590625 0.1064236109375 0.6010416671875001 0.14716435156250002 0.6052083328125 0.142534721875 0.6057291671875 0.1342013890625 0.5963541671875 0.0943865734375 0.5994791671875 0.009201389062499999 0.5956390703125 0 0.577554253125 0
1 0.7004793015624999 0 0.6963541671875 0.0101273140625 0.6989583328125001 0.08975694375 0.690625 0.13975694375 0.7138020828125 0.14484953750000001 0.7221354171875 0.154108796875 0.7307291671874999 0.1703125 0.7333333328125 0.1619791671875 0.7192708328125 0.0971643515625 0.721875 0.011053240625 0.717541628125 0 0.7004793015624999 0
0 0.6799479171874999 0.3004050921875 0.6921875 0.3073495375 0.7033854171874999 0.30688657343750003 0.72578125 0.28929398125 0.7333333328125 0.27586805625 0.7364583328125001 0.2601273140625 0.7375 0.223090278125 0.7333333328125 0.1786458328125 0.72265625 0.155034721875 0.70546875 0.1402199078125 0.68671875 0.1457754625 0.6721354171874999 0.1624421296875 0.6640625 0.18142361093749998 0.6583333328125 0.2156828703125 0.6588541671875 0.2453125 0.6645833328125 0.27309027812500003 0.6799479171874999 0.3004050921875
1 0.1125 0.6203125 0.12918151093750002 0.6203125 0.146076425 0.6176667265625 0.145160459375 0.5899708359375 0.1345408203125 0.54336276875 0.138713734375 0.48141390937499995 0.117994446875 0.48319335937499996 0.1196647421875 0.5455295859375 0.1125 0.5715577765625 0.1125 0.6203125
2 0 0.681386671875 0.0108995515625 0.6819038234375 0.0158054171875 0.6864256890625 0.11460283125 0.6890625 0.22694230937499998 0.6890625 0.24234849218750001 0.688374990625 0.2443283 0.6816081453124999 0.2512867609375 0.6807520515625 0.258286690625 0.6890625 0.258892421875 0.6890625 0.259820396875 0.6853171437500001 0.259820396875 0.6374910078125 0.25761435312500003 0.6307384015624999 0.2577405046875 0.6182976015625 0.2531888703125 0.61311089375 0.12479214062499999 0.6130651828125 0.10739542500000002 0.6119647828125 0 0.6119647828125 0 0.681386671875
1 0.9396637046875 0.459375 0.9363615984375 0.46470657031249996 0.9381342828125 0.5561685203125 0.928125 0.6008497171875 0.928125 0.708443446875 0.9332475375 0.732598353125 0.9334982499999999 0.7328125 0.9543628875 0.7328125 0.9599393421875 0.7256507109375001 0.9712916828125 0.67372955625 0.9718358296874999 0.6168260562500001 0.9590987265625 0.5606185984375001 0.9643572921875 0.4687881546875 0.962280909375 0.459375 0.9396637046875 0.459375
1 0.695122434375 0.7669849015625 0.6874215734375 0.7982189500000001 0.6890762859375 0.8149448171875001 0.7064676375 0.8646807203125 0.7230489515625 0.8890625 0.7329399437499999 0.8890625 0.735427546875 0.8889555078125 0.735427546875 0.7308847265624999 0.7323457953125001 0.72000408125 0.7194624296875001 0.6968938625 0.6977280968749999 0.6385286296875 0.6897651109374999 0.57567343125 0.68147703125 0.536310946875 0.6749106484375 0.5251771390625 0.6532718984375 0.5251771390625 0.6484375 0.5342506703125001 0.6484375 0.559188434375 0.6487033796875 0.5642617203125 0.6628969421875001 0.6123719359375001 0.6670943453125 0.6182234890625 0.6748923296875 0.66308233125 0.6792207953125 0.715978509375 0.6903232984375001 0.7348036578125 0.6950302234375 0.750377434375 0.695122434375 0.7669849015625