1 0.42917423125000004 0.34097594999999997 0.42924609687500004 0.3826789921875 0.4121599921875 0.4540638140625 0.4121599921875 0.562844325 0.41247896562499997 0.565575815625 0.4199287015625 0.603829784375 0.4228612140625 0.609375 0.4525172796875 0.609375 0.45647323906250004 0.601399234375 0.46519088750000004 0.5627831640625 0.4703125 0.5292800328125 0.4703125 0.46267419218750006 0.47016568281250004 0.4610222515625 0.45613546875 0.391958096875 0.45561102968749995 0.3696994984375 0.46180711093750004 0.3050483734375 0.46143353125 0.2763082953125 0.455777990625 0.2617472828125 0.44340729687499997 0.2557552171875 0.434966209375 0.260093840625 0.4292496203125 0.270551015625 0.426929225 0.2806634484375 0.4259127140625 0.3019415578125 0.42917423125000004 0.34097594999999997
1 0.34144813281249997 0.3713910640625 0.344129996875 0.4324779171875 0.3528062828125 0.47906531250000006 0.3631647484375 0.5081814062500001 0.3817239171875 0.5450687796875 0.392621378125 0.5625 0.4078125 0.5625 0.4078125 0.44209372656249996 0.40064525156249997 0.420331503125 0.367997684375 0.36246730625 0.3554199859375 0.3009195453125 0.3478112671875 0.2747025234375 0.3343472265625 0.2606822734375 0.322368059375 0.26012433437500004 0.3158463296875 0.2695190703125 0.31406710000000004 0.28513851875 0.31749620625 0.3010005515625 0.3318887078125 0.3376938578125 0.34144813281249997 0.3713910640625
1 0.76875 0.456539353125 0.7700520828124999 0.45885416718750005 0.7848958328125 0.4593171296875 0.79453125 0.45607638906250003 0.7994791671875 0.4435763890625 0.8088541671874999 0.38153935156249996 0.809375 0.34820601875 0.8046875 0.31024305625 0.7927083328125 0.26116898125 0.7963541671875001 0.1685763890625 0.78984375 0.14774305625 0.7809895828125 0.14311342656249998 0.77265625 0.14866898125 0.76875 0.1595816796875 0.76875 0.2060102578125 0.7708333328125 0.2620949078125 0.76875 0.2710554796875 0.76875 0.456539353125
1 0.8010416671874999 0.4417245375 0.8044270828125001 0.44589120312499997 0.8140625 0.44635416718750004 0.8182291671874999 0.43709490781250004 0.81875 0.4278356484375 0.8130208328125 0.3713541671875 0.8096354171875 0.3690393515625 0.8088541671874999 0.3870949078125 0.8010416671874999 0.4417245375
1 0.8151041671874999 0.2546875 0.8135416671875 0.233391203125 0.8182291671874999 0.1630208328125 0.8166666671874999 0.1500578703125 0.81328125 0.1421875 0.8059895828125001 0.13570601875 0.8002604171875 0.13570601875 0.7934895828124999 0.1421875 0.7921875 0.1472800921875 0.7963541671875001 0.1667245375 0.7927083328125 0.24728009218749997 0.7942708328125 0.26857638906250003 0.8057291671875 0.3148726859375 0.809375 0.3472800921875 0.8130208328125 0.34913194375 0.8140625 0.3287615734375 0.8223958328125001 0.2898726859375 0.821875 0.2806134265625 0.8151041671874999 0.2546875
1 0.8140625 0.3296875 0.8130208328125 0.375983796875 0.8197916671875 0.43524305625000004 0.8255208328125001 0.458391203125 0.8309895828125 0.463483796875 0.8494791671874999 0.46302083281249995 0.85 0.4565393515625 0.8401041671874999 0.4407986109375 0.8328125 0.4213541671875 0.8276041671875 0.3898726859375 0.8286458328125 0.3565393515625 0.8317708328125001 0.338946759375 0.8411458328125001 0.3157986109375 0.8549479171875 0.2968171296875 0.8572916671874999 0.2898726859375 0.8520833328125 0.2676504625 0.8505208328125 0.24820601875 0.8541666671874999 0.18802083281249998 0.8536458328125001 0.1630208328125 0.8515625 0.15376157343750002 0.8466145828125 0.1468171296875 0.8372395828125001 0.1440393515625 0.8299479171874999 0.1495949078125 0.8244791671874999 0.163946759375 0.8244791671874999 0.188946759375 0.828125 0.2278356484375 0.828125 0.2648726859375 0.8140625 0.3296875
1 0.86484375 0.138483796875 0.8559895828125 0.1440393515625 0.8526041671875 0.1500578703125 0.8541666671874999 0.16487268593749999 0.8526041671875 0.26857638906250003 0.85625 0.28616898125 0.8604166671875 0.2907986109375 0.8822916671875 0.283391203125 0.8765625 0.25561342656249997 0.8760416671875 0.2435763890625 0.8765625 0.20561342656249998 0.8791666671874999 0.18339120312499999 0.8786458328125001 0.157465278125 0.8731770828125001 0.1440393515625 0.86484375 0.138483796875
1 0.9130208328125 0.45746527812500004 0.9171875 0.458391203125 0.93515625 0.45607638906250003 0.9385416671875 0.451909721875 0.9447916671875 0.42413194374999996 0.9505208328125001 0.37228009218749997 0.9479166671874999 0.31302083281250004 0.9348958328125001 0.2620949078125 0.934375 0.2306134265625 0.9375 0.1667245375 0.9338541671874999 0.15098379687500002 0.9268229171875 0.1421875 0.9153645828125001 0.14589120312499998 0.9083333328125001 0.163946759375 0.9130208328125 0.2500578703125 0.9046875 0.29635416718749996 0.9138020828125001 0.3088541671875 0.9223958328125 0.326909721875 0.9270833328125001 0.34265046250000003 0.9307291671875 0.3695023140625 0.9307291671875 0.388946759375 0.9270833328125001 0.41487268593750004 0.9130208328125 0.4500578703125 0.9130208328125 0.45746527812500004
1 0.9708333328125001 0.3648726859375 0.971875 0.3343171296875 0.9645833328125001 0.2898726859375 0.9546875 0.250983796875 0.95625 0.15190972187500001 0.9518229171874999 0.139409721875 0.9419270828125 0.1338541671875 0.9317708328125001 0.1426504625 0.9380208328125 0.16765046249999999 0.934375 0.245428240625 0.9380208328125 0.2750578703125 0.9484375 0.31302083281250004 0.9510416671874999 0.3463541671875 0.95 0.3898726859375 0.9432291671874999 0.438946759375 0.94453125 0.4421875 0.9520833328125 0.4435763890625 0.9583333328125001 0.43709490781250004 0.9625 0.420428240625 0.9708333328125001 0.3648726859375
1 1 0.13812976562499998 0.9919270828125001 0.1440393515625 0.9864583328125001 0.158391203125 0.990625 0.2528356484375 0.975 0.326909721875 0.9744791671874999 0.3667245375 0.9817708328125001 0.4120949078125 0.9895833328125001 0.44265046249999995 0.99296875 0.44866898125 1 0.4488233015625 1 0.13812976562499998
0 0.9270833328125001 0.41672453750000005 0.9307291671875 0.37228009218749997 0.9276041671874999 0.345428240625 0.9229166671875 0.3287615734375 0.9106770828125 0.3042245375 0.8934895828125 0.288483796875 0.8700520828125 0.2875578703125 0.85234375 0.29866898124999997 0.8359375 0.326909721875 0.8286458328125 0.3546875 0.8276041671875 0.39172453749999997 0.8338541671874999 0.4250578703125 0.8450520828125001 0.44866898125 0.8684895828125001 0.4690393515625 0.8828125 0.470428240625 0.9013020828125 0.46163194374999994 0.9106770828125 0.4532986109375 0.9192708328125001 0.438946759375 0.9270833328125001 0.41672453750000005
2 0 0.6890625 0 0.9896874296875 0.0193083140625 1 0.76875 1 0.76875 0.9969827375 0.024146971875 0.6890625 0 0.6890625
1 0.2870294625 0.6890625 0.28700526718749997 0.6988319749999999 0.3007281609375 0.7673605671875 0.3062794109375 0.7766248625000001 0.3176751109375 0.7796875 0.33125 0.7796875 0.33125 0.6890625 0.2870294625 0.6890625
1 0.68338068125 0.6890625 0.67734375 0.7185763890625 0.6765625 0.7727430562500001 0.6828125 0.826909721875 0.691015625 0.84149305625 0.70546875 0.844965278125 0.712109375 0.8442708328125 0.71875 0.8338541671874999 0.7375 0.7491319437499999 0.7375 0.6963541671875 0.7363995812499999 0.6890625 0.68338068125 0.6890625
1 0.931366103125 0.6890625 0.924044184375 0.697466215625 0.9313701921875 0.8217905406250001 0.9057291671875 0.9082770265625 0.9057291671875 0.9731418921875001 0.9117960171874999 1 0.974130671875 1 0.986315246875 0.9190878375 0.960674221875 0.8217905406250001 0.9680002296874999 0.702871621875 0.952403846875 0.6890625 0.931366103125 0.6890625
1 0.8298024890625 0.6890625 0.8251430859375001 0.697466215625 0.83246909375 0.8271959453125 0.8068280671875 0.983952703125 0.810666140625 1 0.895598671875 1 0.898403159375 0.9893581078124999 0.898403159375 0.9244932437500001 0.8690991296874999 0.8217905406250001 0.8764251375000001 0.6920608109375 0.872135734375 0.6890625 0.8298024890625 0.6890625
1 0.8139537546875 1 0.8068280671875 0.9298986484375 0.83246909375 0.8217905406250001 0.823311584375 0.6947635140624999 0.8068280671875 0.7082770265625 0.810491071875 0.8380067562500001 0.7921760531250001 0.902871621875 0.7987580125 1 0.8139537546875 1