1 0.6191660999999999 0.6 0.615625 0.49140625 0.59375 0.33203125 0.6203125 0.16796875 0.621875 0.11953125 0.6109375 0.08671875 0.58671875 0.06875 0.54921875 0.075 0.528125 0.11328125 0.525 0.34296875 0.471875 0.49453125 0.459991196875 0.6 0.6191660999999999 0.6
1 0.8353422625 0.6 0.84375 0.51171875 0.8171875 0.38984375 0.8140625 0.34921875 0.83125 0.24453125 0.834375 0.18671875 0.81796875 0.1546875 0.79609375 0.15 0.77890625 0.1546875 0.765625 0.16796875 0.759375 0.18515625 0.759375 0.35390625 0.709375 0.49765625 0.703125 0.58671875 0.70518043125 0.6 0.8353422625 0.6
1 1 0.171484375 0.990625 0.13984375 0.96484375 0.11875 0.93359375 0.1234375 0.9109375 0.16171875 0.9109375 0.36328125 0.8546875 0.51171875 0.8397245765625 0.6 1 0.6 1 0.50390625 0.9765625 0.39453125 0.978125 0.32890625 1 0.200390625 1 0.171484375
1 0.6605023734375 0.6 0.6796875 0.52421875 0.6796875 0.46796875 0.65625 0.35859375 0.6734375 0.21328125 0.6625 0.18515625 0.64765625 0.1765625 0.62890625 0.178125 0.6171875 0.18984375 0.609375 0.23203125 0.6125 0.30078125 0.603125 0.37421875 0.625 0.51015625 0.6221018140625001 0.6 0.6605023734375 0.6
1 0.4614506734375 0.6 0.4609375 0.54765625 0.4765625 0.46328125 0.509375 0.37734375 0.50625 0.29140625 0.5234375 0.19765625 0.5203125 0.13984375 0.50546875 0.121875 0.48828125 0.115625 0.46796875 0.121875 0.45 0.14921875 0.4484375 0.32265625 0.403125 0.45078125 0.39375 0.51796875 0.3953125 0.58203125 0.39895833281250004 0.6 0.4614506734375 0.6
1 0 1 0.029970703124999998 1 0.03046875 0.9940972218749999 0.01875 0.944097221875 0.02109375 0.8899305562500001 0.018359375 0.88506944375 0.006640625 0.88506944375 0.00390625 0.8899305562500001 0.00625 0.946875 0 0.97403549375 0 1
1 0.427126096875 0.6 0.4267105265625 0.6496444609375 0.43460526250000003 0.7903630234375 0.434078946875 0.8652133234375 0.41456617656250005 1 0.493315684375 1 0.493026315625 0.99694985 0.471973684375 0.8562312875 0.471973684375 0.7888660171875 0.4777631578125 0.67659056875 0.4777631578125 0.6 0.427126096875 0.6
1 0.602506578125 1 0.5961842109375001 0.9460516468750001 0.5982894734374999 0.8322791921875 0.6051315796875001 0.734973803125 0.6051315796875001 0.6676085328125 0.600921053125 0.64215943125 0.5932894734375 0.6189558390625 0.5806578953124999 0.6024887718749999 0.5732894734375 0.6024887718749999 0.5617105265625 0.6129678140625 0.5546052625 0.6346744015625 0.5493421046875 0.663117515625 0.5488157890625 0.731979790625 0.5567105265625 0.877189371875 0.5561842109375 0.9580276953125001 0.5511359062500001 1 0.602506578125 1
1 0.6751315796874999 0.6 0.6751315796874999 0.6496444609375 0.681973684375 0.7649139218750001 0.6825 0.8562312875 0.66083740625 1 0.7416817437500001 1 0.7303947375 0.9280875749999999 0.7251315796875 0.9071294906249999 0.7193421046875 0.8562312875 0.7188157890625 0.8113211078125 0.721973684375 0.7229977546875 0.7277631578125 0.6436564375 0.7277631578125 0.6 0.6751315796874999 0.6
1 0.78838665 0.6 0.794078946875 0.71102170625 0.7930263156249999 0.7694049406250001 0.7688157890625 0.9355726046875 0.7651315796875 0.9819797906249998 0.7650120406250001 1 0.8566644734375 1 0.8556578953125001 0.9685067359375001 0.850921053125 0.9161115265625 0.8293421046875 0.7694049406250001 0.8293421046875 0.71102170625 0.8350265078125 0.6 0.78838665 0.6
1 0.889854165625 0.6 0.8898684203125 0.6002432640625 0.8898684203125 0.693057634375 0.8677631578125 0.8427582328125001 0.8635526312499999 0.8996444609375001 0.8630263156249999 0.9535366765625 0.86565166875 1 0.94783966875 1 0.9498684203125001 0.9220995515624999 0.9456578953125 0.8457522453124999 0.924078946875 0.6900636234374999 0.9249836468750001 0.6 0.889854165625 0.6
1 0.67030733125 0.6 0.6703947375 0.60174026875 0.67355263125 0.6212013468750001 0.674078946875 0.655632484375 0.6693421046875001 0.71700973125 0.6546052625 0.8098241015625 0.6467105265624999 0.8846744015624999 0.6456578953125 0.978985778125 0.6467773125 1 0.6597847734375 1 0.68144736875 0.8562312875 0.68144736875 0.766410928125 0.6746052625 0.655632484375 0.6746052625 0.6 0.67030733125 0.6
1 0.550563596875 1 0.5556578953125 0.9565306890624999 0.5567105265625 0.9011414671875 0.5556578953125 0.8562312875 0.5532894734375 0.8479977546875 0.5451315796875 0.890662425 0.5367105265625 0.96401571875 0.5359437796875 1 0.550563596875 1
1 0.6264797375000001 1 0.6261842109375 0.978985778125 0.6198684203125 0.9101235031249999 0.6038157890625 0.8030875749999999 0.5998684203125 0.8113211078125 0.5982894734374999 0.8487462578125001 0.5977631578125 0.9565306890624999 0.604157021875 1 0.6264797375000001 1
1 0.4791771046875001 0.6 0.4777631578125 0.7005426640625 0.4746052625 0.7229977546875 0.47144736875 0.8457522453124999 0.49396671562499994 1 0.5122468578125 1 0.5146052625 0.9250935625000001 0.5103947375 0.853237275 0.4888157890625 0.7005426640625 0.4888157890625 0.619704340625 0.48997039375 0.6 0.4791771046875001 0.6