1 0.3625 0.26864021562499996 0.35224609375 0.219314234375 0.35068359375 0.1915364578125 0.35380859375 0.1429253453125 0.33544921875 0.1394531234375 0.33115234375 0.1429253453125 0.33427734375 0.2179253453125 0.32412109375 0.262369790625 0.32255859375 0.29014756875000003 0.330346690625 0.290625 0.3625 0.290625 0.3625 0.26864021562499996
1 0.561982275 0.465625 0.571875 0.4293353515625 0.571875 0.373686709375 0.5518059484375 0.37228334687500003 0.546031415625 0.38645695 0.5479252109375 0.443510653125 0.5548967375 0.465625 0.561982275 0.465625
1 0.578125 0.23590420625 0.5698631375 0.18068385468749998 0.57426721875 0.1431656734375 0.5719011968750001 0.1383363796875 0.5601824468750001 0.1384727390625 0.5556224624999999 0.14199496250000002 0.55491414375 0.1822454671875 0.5442062875 0.21560845624999997 0.5442062875 0.2921875 0.5699788828125001 0.2921875 0.572591628125 0.2888899203125 0.578125 0.2504218375 0.578125 0.23590420625
2 0.11851125 0.3693617109375 0.1292898140625 0.3617909015625 0.1675710640625 0.361345459375 0.20182503125 0.3703125 0.2403854859375 0.3703125 0.4706622421875 0.368230403125 0.57504400625 0.364933465625 0.59106515625 0.35502943125 0.629957878125 0.3587415625 0.6375 0.348405640625 0.6375 0.29076943437499997 0.5843302312499999 0.29076943437499997 0.5794361484375 0.2954708390625 0.5552173984375 0.29575265 0.54153593125 0.29076943437499997 0.504595771875 0.29076943437499997 0.4389243359375 0.2943293828125 0.4193621703125 0.29076943437499997 0.33259613906249996 0.29076943437499997 0.12497502187500001 0.295206053125 0.1202309296875 0.2966494859375 0.11851125 0.302337696875 0.11851125 0.3693617109375
1 0.8749854562499999 0 0.87138049375 0.0070452484375 0.8659859437499999 0.029998885937500004 0.8659859437499999 0.26818772968750004 0.8724468328125001 0.2703125 0.8746386359375 0.2703125 0.8858773796874999 0.255758503125 0.917454496875 0.1904218875 0.9347554812500001 0.116255659375 0.939280815625 0.0402390359375 0.9372228078125 0 0.8749854562499999 0
1 0.276915009375 1 0.27509765625 0.9683376703125 0.27978515625 0.879448784375 0.27509765625 0.855837671875 0.26806640625 0.8447265609375 0.24697265625 0.8447265609375 0.23291015625 0.8766710062499999 0.23994140625 0.991948784375 0.23843180312499998 1 0.276915009375 1
1 0.454176953125 1 0.4505782390625 0.98551698125 0.4487490890625 0.9395743875000001 0.45466779375 0.8830669859375 0.45445770625000004 0.8469558734374999 0.44691866874999997 0.8262979984375001 0.42813634531250006 0.8194313140624999 0.41766623281250004 0.8318882484374999 0.41461395625 0.8441697265624999 0.417749578125 0.9804447312499999 0.41343772031250003 1 0.454176953125 1
1 0.574428584375 1 0.5744718515625 0.9784384750000001 0.569606175 0.9396404921875 0.5725529984375 0.900751603125 0.5859375 0.815651378125 0.5859375 0.8139741609375001 0.58021351875 0.794506146875 0.57144458125 0.7905786078125 0.5706887515625 0.7905786078125 0.5607875124999999 0.7933445265625 0.550171859375 0.8149768453125 0.5435253484375 0.9232919984375 0.5297611546875001 0.969698340625 0.5297611546875001 1 0.574428584375 1
1 0.52524315 1 0.5374020421875 0.947473640625 0.529792471875 0.8850918218749999 0.531490259375 0.8434251546875 0.5390625 0.7799993984375 0.5390625 0.7719151906249999 0.534523503125 0.759401925 0.52922453125 0.7552988890625001 0.5190116890625001 0.7568059578125 0.5101577453125 0.7728736328125001 0.50580009375 0.8798180765625 0.49249870781249994 0.9222082374999999 0.49249870781249994 1 0.52524315 1
1 0.4116126015625 1 0.415625 0.9817708328125001 0.41796875 0.9359375 0.4140625 0.8484375 0.41640625 0.83038194375 0.425 0.8095486109374999 0.421875 0.7859375 0.409765625 0.7727430562500001 0.396484375 0.7810763890625 0.390625 0.795659721875 0.39375 0.9095486109375 0.38046875 0.9706597218749999 0.3774124703125 1 0.4116126015625 1
1 0.377136528125 1 0.3796875 0.9734375 0.39296875 0.9109375 0.38984375 0.79288194375 0.40234375 0.76788194375 0.40078125 0.751215278125 0.390234375 0.7421875 0.381640625 0.744965278125 0.37578125 0.7595486109375 0.37890625 0.8456597218749999 0.3625 0.9234375 0.3625 0.9748263890625001 0.367810059375 1 0.377136528125 1
1 0.6972839359375 1 0.696875 0.9651041671874999 0.68515625 0.9067708328125 0.68515625 0.8720486109374999 0.69375 0.795659721875 0.6890625 0.77899305625 0.683203125 0.7727430562500001 0.671484375 0.7727430562500001 0.6609375 0.79149305625 0.66015625 0.8998263890625001 0.640625 0.9623263890625001 0.6375 0.9873263890625001 0.637865584375 1 0.6972839359375 1
1 1 1 1 0.7484118140625 0.9689930578125001 0.7419531265625 0.9401041703124999 0.7708420140625 0.9489930578125 0.8952864609375 0.9134375046875001 0.95750868125 0.9134375046875001 1 1 1
1 1 0.5390625 0.95865435 0.5390625 0.9587403796875 0.543932471875 0.93433864375 0.592375565625 0.9239378953124999 0.6189139875 0.9239378953124999 0.6940631140625 0.9296364640625001 0.7130799390625 0.9434399046875 0.7453125 0.9956162484375 0.7453125 1 0.7306562109375 1 0.5390625
1 0.8390625 0.9271765859375 0.8423694265625 0.9268457171875 0.8779190796874999 0.8912794015625 0.8914583328125 0.8287847218750001 0.8914583328125 0.77100694375 0.855902778125 0.704340278125 0.8692361109375 0.584340278125 0.8390625 0.5668713453125 0.8390625 0.9271765859375