1 0.321875 0.3125 0.321875 0.28927562500000004 0.3123697921875 0.248012840625 0.3097656265625 0.22471301875 0.3134114609375 0.1471475859375 0.3089843765625 0.1343897390625 0.30013021093750003 0.127392559375 0.29231771093750003 0.1315671640625 0.2863281265625 0.1483479390625 0.29049479218749996 0.23562765625 0.2779947921875 0.28860331875 0.2753934265625 0.3125 0.321875 0.3125
1 0.364620475 0.3125 0.3661374671875 0.30983073125 0.3671875 0.2972410109375 0.3671875 0.2781074390625 0.3622724640625 0.2579788796875 0.3587882375 0.23020110312500003 0.3628973421875 0.1505714734375 0.3575174765625 0.13529369687499998 0.34712774375 0.1306640671875 0.3392775359375 0.1371455484375 0.3347723421875 0.1505714734375 0.3384757375 0.23020110312500003 0.3352052921875 0.255201103125 0.32550979375 0.2915835171875 0.32550979375 0.3125 0.364620475 0.3125
1 0.4140625 0.3140625 0.4140625 0.265114340625 0.40826336406249997 0.2439514109375 0.4067859375 0.15620079375 0.40421724374999995 0.147746121875 0.395003309375 0.13659744375 0.3832398578125 0.13960344062500002 0.37855307968749996 0.1527108484375 0.386873725 0.251010671875 0.3796019578125 0.2865757515625 0.3774122078125 0.31136340625000003 0.3786254765625 0.3140625 0.4140625 0.3140625
0 0.56875 0.3391552375 0.5091477515625 0.3332117921875 0.42106757968749997 0.3300380828125 0.35925323124999997 0.3327311703125 0.32199057343750004 0.32728087499999997 0.29993756562499996 0.329039809375 0.2808447421875 0.32536447812499997 0.113017734375 0.3194051875 0.10502063125000001 0.3259978890625 0.0981904171875 0.39997492968750004 0.095638990625 0.403106509375 0.0636119171875 0.4007347125 0.0636119171875 0.4624651734375 0.0675947234375 0.4703125 0.0960695640625 0.4703125 0.134727825 0.46157716249999997 0.13797809218749998 0.455692065625 0.1399098 0.4418516921875 0.15138791875 0.4298489859375 0.21156724218749998 0.436366640625 0.2384857609375 0.43204825312499995 0.5369232609375 0.44594820312500005 0.539474684375 0.44281662343750006 0.546179609375 0.4115534671875 0.5509923765625 0.4057411421875 0.561006884375 0.404350196875 0.56875 0.3853718015625 0.56875 0.3391552375
1 0.14934465624999999 1 0.1511439734375 0.9922972343750001 0.153125 0.97823726875 0.153125 0.9109390906249999 0.149715403125 0.8855473640625 0.1325725453125 0.8245489062499999 0.1318582578125 0.7967295249999999 0.1382868296875 0.7304372796875 0.13757254375 0.7081734562499999 0.129358259375 0.687139471875 0.11578682968750001 0.6819045828125 0.10578683124999999 0.6868777046875 0.0982868296875 0.7025519906250001 0.0968582578125 0.728024340625 0.1025725453125 0.7694682703125 0.1032868296875 0.8139543187499999 0.099715403125 0.835968528125 0.0818582578125 0.8982618015625 0.07900111562499999 0.9403176140625 0.086143971875 0.9996225265625001 0.08623775624999999 1 0.14934465624999999 1
1 0 1 0.027799968749999997 1 0.039955357812499995 0.9461111109375 0.042812499999999996 0.8838888890625001 0.039241071875 0.8605555562500001 0.0220982140625 0.7961111109375001 0.026383928125 0.6883333328125 0.018883928124999998 0.6733333328125 0.0053124999999999995 0.667777778125 0 0.6729147906249999 0 1
1 0.1020982140625 0.8138888890625001 0.09281249999999999 0.7638888890625 0.0978125 0.677222221875 0.0895982140625 0.6599999999999999 0.081741071875 0.6566666671875 0.0703125 0.662222221875 0.064241071875 0.677222221875 0.069241071875 0.7638888890625 0.0678125 0.77944444375 0.0528125 0.8316666671874999 0.049955357812500004 0.8516666671875001 0.050669642187499996 0.8938888890625 0.062098214062500004 0.952777778125 0.0681696421875 0.9711111109375 0.0785267859375 0.9727777781250001 0.0806696421875 0.9694444437499999 0.0785267859375 0.9461111109375 0.0799553578125 0.9072222218749999 0.1020982140625 0.8138888890625001
1 0.199883928125 1 0.21209821406249998 0.945 0.2149553578125 0.925 0.2149553578125 0.8816666671875 0.2106696421875 0.8483333328124999 0.1956696421875 0.7983333328125 0.1949553578125 0.7705555562499999 0.2006696421875 0.7183333328125 0.2006696421875 0.6883333328125 0.1924553578125 0.6711111109375001 0.1774553578125 0.667777778125 0.1678125 0.6783333328125 0.164241071875 0.6916666671874999 0.16995535781249999 0.7805555562500001 0.1670982140625 0.805 0.15138392812499998 0.8583333328125 0.149241071875 0.88055555625 0.154241071875 0.9038888890625 0.15566964218749998 0.9605555562500001 0.1628125 0.9949999999999999 0.1655125 1 0.199883928125 1
1 0.2678125 0.8916666671875 0.2685267859375 0.852777778125 0.2599553578125 0.8016666671875001 0.251383928125 0.7727777781249999 0.256383928125 0.6761111109375 0.24888392812500001 0.6599999999999999 0.23531249999999998 0.6566666671875 0.2303125 0.6599999999999999 0.2235267859375 0.675 0.22709821406250003 0.7705555562499999 0.211383928125 0.827222221875 0.20995535781250002 0.8438888890625 0.2149553578125 0.8727777781249999 0.2156696421875 0.9294444437500001 0.2206696421875 0.9561111109375 0.22674107187499998 0.9666666671874999 0.24495535781250002 0.9683333328125 0.2528125 0.962777778125 0.264241071875 0.9183333328125001 0.2678125 0.8916666671875
1 0.3128125 0.8538888890624999 0.3135267859375 0.822777778125 0.296383928125 0.742777778125 0.30138392812500003 0.6627777781249999 0.2924553578125 0.6466666671875 0.28388392812499996 0.6455555562499999 0.2781696421875 0.6488888890625 0.271383928125 0.6638888890625 0.2756696421875 0.7383333328124999 0.274241071875 0.755 0.2628125 0.792777778125 0.261383928125 0.8072222218749999 0.269241071875 0.8538888890624999 0.2670982140625 0.89944444375 0.269241071875 0.9227777781250002 0.2731696421875 0.93 0.29209821406250003 0.9305555562500001 0.2985267859375 0.9238888890624999 0.3070982140625 0.8961111109375001 0.3128125 0.8538888890624999
1 0.1320982140625 0.8116666671875 0.1356696421875 0.835 0.14781249999999999 0.86944444375 0.1656696421875 0.8027777781250001 0.1520982140625 0.7561111109375 0.15566964218749998 0.6638888890625 0.148883928125 0.65 0.1374553578125 0.6466666671875 0.126383928125 0.65944444375 0.1249553578125 0.6783333328125 0.134241071875 0.6927777781250001 0.1385267859375 0.712777778125 0.1320982140625 0.8116666671875
1 0.7379099828125 1 0.740625 0.9795040140625 0.740625 0.8212889531249999 0.7405493921875 0.8205655796875 0.714742940625 0.7393079234375 0.714742940625 0.5491238734375 0.7034526203125 0.5331288640625 0.6873235875 0.5321894546875 0.66958165 0.5771683750000001 0.6792590703125 0.6636215906249999 0.6792590703125 0.7372412234375 0.656678425 0.8402205296874999 0.656678425 0.9261101 0.6701323421875001 1 0.7379099828125 1
1 0.8411145828125001 1 0.848770409375 0.981542371875 0.85894751875 0.8956527999999999 0.859375 0.8221749734374999 0.859375 0.8220266015625001 0.8532097499999999 0.7729534124999999 0.834247525 0.70546875 0.8346401406249999 0.637984090625 0.84130590625 0.6011742718749999 0.838437021875 0.539824578125 0.827271621875 0.5183521875 0.8111425890625 0.5183521875 0.7997630359375 0.5336896109375 0.8019180765625 0.7177386890624999 0.7854678140625 0.7729534124999999 0.779687853125 0.8583580015625 0.779687853125 0.8856627453125 0.797050428125 0.9999472796875001 0.7970778421875 1 0.8411145828125001 1
1 0.9332590156249999 0.8529524359374999 0.9511647406249999 0.9395935328124999 0.9637056859375001 0.9617235109374999 0.9675343265624999 0.9625 0.9796875 0.9625 0.9796875 0.6978534453125 0.9748669234375 0.6841794015625 0.9716609453124999 0.5739378375 0.9655765687500001 0.5246702 0.95626143125 0.5027281046875001 0.9433582015624999 0.5019765765625 0.9300926984375 0.5226035 0.9279388562499999 0.5408205265625 0.9386783234375 0.614815921875 0.9433235 0.6945705234374999 0.9307676796875001 0.7549808078125 0.9332590156249999 0.8529524359374999
1 0.7334677421875 0.4998082828125 0.723790321875 0.4998082828125 0.714112903125 0.5059432515625 0.70927419375 0.5212806750000001 0.7189516125 0.5580904906249999 0.7189516125 0.7421395703125 0.7447580640625 0.8341641109375001 0.7447580640625 0.962998465625 0.754435484375 0.962998465625 0.7705645156250001 0.9139187109375001 0.7737903218750001 0.8648389578125 0.7705645156250001 0.7666794484375 0.7447580640625 0.6746549078124999 0.7479838703125 0.5458205515625 0.7415322578125 0.51514570625 0.7334677421875 0.4998082828125
1 0.8476447296874999 0.4890625 0.8383064515624999 0.5028757671874999 0.8415322578125 0.5396855828125 0.8383064515624999 0.7053297546875 0.8608870968750001 0.8034892640625 0.8608870968750001 0.92618865 0.870564515625 0.92618865 0.8834677421875 0.9016487734374999 0.8931451609375 0.8341641109375001 0.8931451609375 0.7666794484375 0.870564515625 0.65011503125 0.873790321875 0.5028757671874999 0.8665272171874999 0.4890625 0.8476447296874999 0.4890625
1 0.7350806453125001 0.4890625 0.7350806453125001 0.5028757671874999 0.7479838703125 0.5335506140625 0.7479838703125 0.6133052140624999 0.7447580640625 0.6194401843749999 0.7479838703125 0.6317101234375 0.7447580640625 0.65011503125 0.7479838703125 0.6807898765625 0.7705645156250001 0.7666794484375 0.7737903218750001 0.8587039875 0.7770161296875 0.8587039875 0.7802419359374999 0.8034892640625 0.7866935484375001 0.7728144171875 0.7866935484375001 0.71759969375 0.7705645156250001 0.65011503125 0.7705645156250001 0.5028757671874999 0.764915434375 0.4890625 0.7350806453125001 0.4890625
1 0.8455695562500001 0.4890625 0.8383064515624999 0.5028757671874999 0.8415322578125 0.65011503125 0.8689516125000001 0.653182515625 0.873790321875 0.66238496875 0.8899193546875 0.7421395703125 0.8931451609375 0.79735429375 0.8963709671875 0.79735429375 0.90282258125 0.760544478125 0.90282258125 0.71759969375 0.8963709671875 0.6746549078124999 0.8899193546875 0.66238496875 0.8834677421875 0.6317101234375 0.8786290328125 0.6347776078125 0.873790321875 0.625575153125 0.8770161296874999 0.6194401843749999 0.873790321875 0.6010352765625 0.873790321875 0.4890625 0.8455695562500001 0.4890625
1 0.8770161296874999 0.4890625 0.8770161296874999 0.5090107359375 0.8802419359375 0.51514570625 0.8802419359375 0.5458205515625 0.8770161296874999 0.551955521875 0.8802419359375 0.6133052140624999 0.8995967734375 0.686924846875 0.90282258125 0.7666794484375 0.9060483874999999 0.7728144171875 0.90282258125 0.7789493859375 0.90927419375 0.78508435625 0.9221774187499999 0.71759969375 0.9221774187499999 0.66238496875 0.90282258125 0.5826303687500001 0.9052825109375 0.4890625 0.8770161296874999 0.4890625
1 0.7705645156250001 0.4890625 0.7705645156250001 0.551955521875 0.7737903218750001 0.5580904906249999 0.7705645156250001 0.65011503125 0.7737903218750001 0.65625 0.7737903218750001 0.6746549078124999 0.7834677421875 0.6991947859375001 0.7866935484375001 0.7360046015625 0.7915322578125 0.7452070546874999 0.7931451609375 0.7421395703125 0.8028225812500001 0.6991947859375001 0.8028225812500001 0.625575153125 0.7963709671875 0.6010352765625 0.79904715 0.4890625 0.7705645156250001 0.4890625
1 0.7995967734375 0.4890625 0.7995967734375 0.5090107359375 0.8028225812500001 0.5212806750000001 0.8060483875 0.5212806750000001 0.8254032265625 0.5090107359375 0.8254032265625 0.4890625 0.7995967734375 0.4890625
1 0.957661290625 0.4890625 0.957661290625 0.5028757671874999 0.967338709375 0.5396855828125 0.964112903125 0.6746549078124999 0.9866935484375 0.78508435625 0.9834677421875 0.883243865625 0.9899193546875 0.883243865625 0.9995967734375 0.8464340484375 1 0.8429831218749999 1 0.6631518406250001 0.9866935484375 0.6378450921875001 0.9866935484375 0.490605828125 0.98588205625 0.4890625 0.957661290625 0.4890625