1 0.18671875 0.13588088125 0.17958506875 0.1310193046875 0.179131034375 0.1310193046875 0.1658854171875 0.13583647968749998 0.1604166671875 0.1508595453125 0.1598958328125 0.1758352875 0.165625 0.24184286875 0.16458333281249998 0.2658684265625 0.1520833328125 0.3180640078125 0.1484375 0.3493756828125 0.14895833281249998 0.39106660625 0.1552083328125 0.43302437187500004 0.1651041671875 0.4751519453125 0.1706061203125 0.4796875 0.1940354921875 0.4796875 0.196875 0.4738539171875 0.2078125 0.4225114875 0.2109375 0.3883977765625 0.2109375 0.3606199984375 0.20833333281250002 0.33642463437500003 0.190625 0.26152578125 0.19375 0.156115775 0.18671875 0.13588088125
0 0.44819210781249996 0.36064737187499996 0.4330953046875 0.3748857921875 0.421875 0.4051726140625 0.421875 0.44946610312499996 0.42207735937499996 0.45 0.47478707187499997 0.45 0.49944466875 0.44662390937499996 0.49944466875 0.4023235515625 0.49223612031249997 0.383528753125 0.47654347656249996 0.36390710312499996 0.461175209375 0.3586585640625 0.44819210781249996 0.36064737187499996
1 0.8217114609374999 0.5890625 0.84929855625 0.4568379375 0.8454375515624999 0.3948024375 0.8106885171875 0.2849365546875 0.818410525 0.11003848125 0.7989874421875001 0.0832030203125 0.7712281046875 0.0832030203125 0.752773459375 0.10698138593749999 0.7604954671875 0.28259877499999997 0.7265625 0.4371649640625 0.7265625 0.450135965625 0.7484105484375 0.5662599515625 0.7529954 0.5890625 0.8217114609374999 0.5890625
1 0.954176809375 0.5890625 0.9806708499999999 0.487371134375 0.9768098453124999 0.39974226874999996 0.9459218140625 0.3069587625 0.953643821875 0.142010309375 0.9466739265624999 0.125412340625 0.9285472968749999 0.11365979374999999 0.9080703015625 0.11853738124999999 0.8918677609374999 0.142010309375 0.89958976875 0.3018041234375 0.8707535359375 0.41072201093749994 0.8681799031249999 0.4468154484375 0.8694666718749999 0.4674402578125 0.8891397046874999 0.5890625 0.954176809375 0.5890625
1 0.609375 0.5890625 0.6657054390625 0.5890625 0.6949565640625 0.4719072171875 0.6949565640625 0.39974226874999996 0.652485521875 0.2605670109375 0.6640685328125 0.085309278125 0.6428330109375 0.046649484375 0.61194498125 0.046649484375 0.609375 0.050704370312500004 0.609375 0.5890625
1 0.7498352578125 0.5890625 0.7181225875 0.4667525765625 0.7605936296875 0.28634020625 0.7509411203124999 0.14974226875000002 0.7335666015625 0.17809278281250002 0.7451496140625 0.3121134015625 0.7142615828125 0.410051546875 0.7142615828125 0.5028350515625 0.7380569234375 0.5890625 0.7498352578125 0.5890625
1 0.52577493125 1 0.5219401046875001 0.9838355968750001 0.5208984375 0.9393426359374999 0.5255859375 0.8858572562500001 0.5255859375 0.8525239234375 0.519075521875 0.8323132875000001 0.5123046875 0.8245905234375 0.5069948671875 0.8224552781250001 0.5028691890625 0.8224552781250001 0.4919921875 0.8292000078124999 0.48548177187499997 0.8478782640624999 0.48548177187499997 0.893248634375 0.490169271875 0.9369854765625 0.4912109375 0.9824043640625 0.487357346875 1 0.52577493125 1
1 0.5993573734375001 1 0.598347403125 0.9912026515625 0.5899993359375 0.965871940625 0.585968846875 0.943904809375 0.5850946171875 0.8455015703125 0.5831925609375 0.8372957812500001 0.575651975 0.8253697375 0.5676508328125001 0.8213778359375 0.5619216640625 0.8218455046875001 0.55441099375 0.829890640625 0.5486362859375 0.8484776374999999 0.5505153484374999 0.8817684546875 0.5569006328125 0.9230524859375 0.5584852359375 0.961941375 0.5512543546875001 1 0.5993573734375001 1
1 0.334378978125 1 0.33125 0.9877893515625 0.33125 0.9350115734375001 0.334375 0.9220486109374999 0.33645833281250004 0.8877893515625 0.3348958328125 0.858159721875 0.33125 0.84241898125 0.32421875 0.8317708328125001 0.31953125 0.82991898125 0.30390625 0.8364004625 0.2947916671875 0.857233796875 0.2942708328125 0.8905671296875 0.3005208328125 0.9535300921874998 0.3005208328125 0.9914930562500001 0.2987057734375 1 0.334378978125 1
1 0.2578359375 1 0.25 0.9692708328125 0.24895833281250002 0.9461226859374999 0.253125 0.8877893515625 0.253125 0.8590856484374999 0.246875 0.838715278125 0.23932291718749998 0.8317708328125001 0.23151041718749998 0.8317708328125001 0.22421875 0.8364004625 0.2166666671875 0.857233796875 0.2171875 0.8877893515625 0.22395833281250002 0.951678240625 0.22135416718749998 0.9785300921874999 0.2166959640625 1 0.2578359375 1
1 0.199867546875 1 0.1875 0.95445601875 0.1864583328125 0.933159721875 0.1901041671875 0.8748263890625001 0.1895833328125 0.8535300921874999 0.18411458281249998 0.8364004625 0.17630208281249998 0.8308449078125001 0.1638020828125 0.8364004625 0.1583333328125 0.8498263890625001 0.1583333328125 0.882233796875 0.1619791671875 0.9063078703125 0.1630208328125 0.95538194375 0.154750015625 1 0.199867546875 1
1 0.438247840625 1 0.4375 0.983159721875 0.4390625 0.938715278125 0.4427083328125 0.9035300921874999 0.4421875 0.863715278125 0.4330729171875 0.839178240625 0.42421875 0.832696759375 0.41380208281249997 0.8308449078125001 0.4015625 0.839641203125 0.3958333328125 0.8664930562500001 0.3947916671875 0.8970486109374999 0.40260416718750003 0.9489004624999999 0.40375390624999996 1 0.438247840625 1
1 0.486391909375 1 0.49010416718750005 0.983159721875 0.4895833328125 0.9627893515625001 0.4838541671875 0.9313078703125001 0.4838541671875 0.8590856484374999 0.48645833281249995 0.8368634265624999 0.4799479171875 0.8225115734375 0.4721354171875 0.81788194375 0.46171875 0.8243634265625 0.4557291671875 0.8405671296874999 0.4557291671875 0.8674189812499999 0.4604166671875 0.9118634265625 0.45989583281249996 0.9442708328125 0.4485653546875 1 0.486391909375 1
1 0.40349841875000003 1 0.403125 0.9535300921874998 0.396875 0.9127893515625001 0.3994791671875 0.85538194375 0.4015625 0.8470486109375 0.4125 0.8313078703125001 0.40546875 0.8243634265625 0.39765625 0.8252893515625 0.3903645828125 0.832696759375 0.384375 0.85538194375 0.39010416718749996 0.9340856484375 0.3890625 0.9692708328125 0.38169505625 1 0.40349841875000003 1
1 0.730002253125 0.5890625 0.73125 0.597409215625 0.73125 0.6692842156250001 0.6796875 0.8356326562499999 0.675 0.97603933125 0.679133590625 1 0.8759610703125 1 0.8765625 0.9963647546875001 0.8765625 0.9198022546875 0.8640625 0.8301575578125 0.8109375 0.6729957234375 0.8152154218749998 0.5890625 0.730002253125 0.5890625