1 0.409375 0.30069444375 0.41328125 0.21319444375000002 0.404296875 0.19444444375 0.396484375 0.19444444375 0.3875 0.209027778125 0.38984375 0.30069444375 0.37421875 0.37013888906250003 0.375 0.40625 0.384375 0.46319444374999996 0.388671875 0.47083333281249995 0.39921875 0.4701388890625 0.40234375 0.4673611109375 0.39453125 0.43125 0.3953125 0.39375 0.40390625 0.365972221875 0.41953125 0.3423611109375 0.409375 0.30069444375
1 0.35625 0.1923611109375 0.352734375 0.184722221875 0.337890625 0.1833333328125 0.3328125 0.18819444375 0.33125 0.196527778125 0.3359375 0.2798611109375 0.32265625 0.334027778125 0.3203125 0.3729166671875 0.33203125 0.44375 0.337109375 0.45 0.35390625 0.45069444374999995 0.359375 0.4451388890625 0.3671875 0.409027778125 0.37109375 0.36180555625 0.3546875 0.271527778125 0.3578125 0.2173611109375 0.35625 0.1923611109375
1 0.30234375 0.259027778125 0.30234375 0.22569444375 0.30703125 0.18819444375 0.282421875 0.184722221875 0.2859375 0.259027778125 0.28203125 0.26319444375 0.26875 0.321527778125 0.26796875 0.3604166671875 0.278125 0.42291666718750004 0.284765625 0.4291666671875 0.296875 0.4298611109375 0.302734375 0.4291666671875 0.3078125 0.4173611109375 0.31640625 0.37013888906250003 0.31796875 0.340972221875 0.3125 0.29930555625 0.30234375 0.259027778125
1 0.25234375 0.1854166671875 0.237109375 0.18194444375000002 0.2296875 0.1854166671875 0.23125 0.24097222187499998 0.2171875 0.30069444375 0.2171875 0.3423611109375 0.22734375 0.40208333281249997 0.233203125 0.40972222187499996 0.246875 0.409027778125 0.2546875 0.40208333281249997 0.2609375 0.37569444375 0.265625 0.31875 0.2609375 0.2798611109375 0.25 0.23819444375 0.25234375 0.1854166671875
1 0.477734375 0.1861111109375 0.458984375 0.1861111109375 0.4546875 0.20208333281250002 0.45859375 0.28125 0.44609375 0.33541666718749996 0.4734375 0.3645833328125 0.48125 0.39097222187499997 0.48359375 0.41180555625000004 0.4875 0.4145833328125 0.4921875 0.403472221875 0.49296875 0.37430555625 0.49140625 0.34375 0.478125 0.28680555625 0.48046875 0.196527778125 0.477734375 0.1861111109375
1 0.55390625 0.18819444375 0.530078125 0.184722221875 0.52734375 0.1923611109375 0.53203125 0.25625 0.51640625 0.32569444375 0.515625 0.36319444375 0.5265625 0.42569444375 0.533203125 0.43194444374999996 0.5484375 0.43125 0.553125 0.42569444375 0.56015625 0.396527778125 0.56484375 0.36180555625 0.56484375 0.3298611109375 0.55 0.2604166671875 0.55390625 0.18819444375
1 0.61640625 0.1895833328125 0.596484375 0.1875 0.59609375 0.2201388890625 0.6 0.23819444375 0.59609375 0.24375 0.584375 0.29652777812500003 0.5828125 0.346527778125 0.5875 0.3826388890625 0.59453125 0.409027778125 0.6171875 0.41180555625000004 0.621875 0.40208333281249997 0.62890625 0.3604166671875 0.63046875 0.3145833328125 0.6265625 0.28680555625 0.61328125 0.23819444375 0.61640625 0.1895833328125
1 0.406640625 0.184722221875 0.40390625 0.1923611109375 0.41328125 0.21319444375000002 0.41015625 0.30069444375 0.41953125 0.3423611109375 0.425 0.3423611109375 0.440625 0.334027778125 0.42578125 0.2604166671875 0.425 0.23819444375 0.4296875 0.1895833328125 0.427734375 0.184722221875 0.406640625 0.184722221875
1 0.3734375 0.37430555625 0.3859375 0.3048611109375 0.37109375 0.23680555625 0.37421875 0.18819444375 0.357421875 0.184722221875 0.3546875 0.2701388890625 0.3734375 0.37430555625
1 0.4796875 0.18680555625 0.48125 0.22569444375 0.478125 0.28125 0.49140625 0.3451388890625 0.49296875 0.38680555625 0.4890625 0.40625 0.4921875 0.41180555625000004 0.50546875 0.36180555625 0.5078125 0.31319444375 0.49375 0.24236111093749999 0.496875 0.18819444375 0.482421875 0.184722221875 0.4796875 0.18680555625
0 0.469140625 0.3583333328125 0.456640625 0.34444444375 0.435546875 0.3375 0.418359375 0.34722222187499996 0.40390625 0.365972221875 0.39453125 0.39791666718749996 0.39375 0.42430555625000005 0.4 0.459027778125 0.413671875 0.48472222187499997 0.436328125 0.5013888890625 0.44375 0.5006944437499999 0.462109375 0.48333333281249996 0.47734375 0.45625 0.4828125 0.42569444375 0.4828125 0.40625 0.478125 0.37847222187499996 0.469140625 0.3583333328125