1 0.45285604843750005 0.5 0.4542374953125 0.4956017109375 0.45410555781250006 0.444067275 0.446887 0.4200559015625 0.45225149531250003 0.3548509 0.44802275468749997 0.3400310484375 0.44341614687500003 0.3384238359375 0.434660609375 0.340801353125 0.4304573890625 0.3524431671875 0.430023071875 0.41369982656250004 0.4265625 0.4209636546875 0.4265625 0.5 0.45285604843750005 0.5
1 0.5157650015625 0.2782284859375 0.5100053109375 0.2661428828125 0.5066082375 0.237877859375 0.5036906578125 0.2638387015625 0.49698267500000004 0.2782603875 0.5005225156249999 0.329471678125 0.49931560937499997 0.34486785468750003 0.4941054734375 0.35639336250000003 0.49375 0.3715094375 0.49375 0.37392819374999997 0.49682632812499994 0.43966749531250005 0.5023151390625 0.4453125 0.5149245687499999 0.4453125 0.5172034812499999 0.440906084375 0.5202962765625 0.422520428125 0.5202962765625 0.3548156328125 0.515366265625 0.3283468859375 0.5157650015625 0.2782284859375
1 0.47861492187500004 0.2349864078125 0.4683800515625 0.2309824125 0.466828990625 0.2309824125 0.464552421875 0.2337560984375 0.4660771859375 0.26576889375 0.4609375 0.285201875 0.4609375 0.330073025 0.4674618265625 0.3587560984375 0.46824963750000004 0.359375 0.47730995312499996 0.359375 0.482240925 0.3572769796875 0.48635064375 0.336799871875 0.48635064375 0.292598615625 0.47851253125 0.2640847234375 0.47861492187500004 0.2349864078125
1 0.43193359375 0.38040994375000003 0.43037109375 0.3485291640625 0.42099609375 0.3294667234375 0.42099609375 0.278077834375 0.41396484375 0.254753225 0.41123046875 0.229170196875 0.40849609375 0.23275383593750001 0.40849609375 0.2563649484375 0.403125 0.26749650156250004 0.403125 0.269083803125 0.40693359375 0.32309528125 0.403125 0.3474320171875 0.403125 0.3983546359375 0.40537109375 0.41343672500000006 0.411840659375 0.428125 0.42446518749999995 0.428125 0.42724609375 0.4250453875 0.43193359375 0.38040994375000003
1 0.35211451562499996 0.4293175390625 0.361648359375 0.44375 0.3625 0.44375 0.3625 0.43002487812499995 0.35158677968749996 0.404923184375 0.35 0.4072664546875 0.35 0.41481023125 0.35211451562499996 0.4293175390625
1 0.3416401078125 0.5 0.3359375 0.4591159875 0.3375 0.4480958828125 0.34453125 0.43600540624999995 0.34296875 0.391469959375 0.34609375 0.37915196875 0.34609375 0.333318634375 0.340234375 0.3197829203125 0.3323154078125 0.31548219375 0.331459984375 0.31548219375 0.32265625 0.33334244375 0.32265625 0.34862022187499997 0.3296875 0.3851408578125 0.325 0.45986784218750004 0.33046875 0.49213080624999994 0.33445764843750003 0.5 0.3416401078125 0.5
1 0.3575484140625 0.5 0.3586528640625 0.44859190625 0.3486865703125 0.43521243906249996 0.3451009578125 0.38069700625 0.3410554546875 0.3995743609375 0.339801459375 0.4397793640625 0.3390625 0.44118111875 0.3390625 0.5 0.3575484140625 0.5
1 0.2483688375 0.5 0.24150390625 0.4312420046875 0.23642578125 0.4211211046875 0.22705078125 0.4188893578125 0.21689453125 0.4250364484375 0.2140625 0.43225000625 0.2140625 0.46495834062499997 0.22431640625 0.4947430625 0.2249783421875 0.5 0.2483688375 0.5
1 0.733000271875 0 0.7310064203125 0.025695759375 0.72889999375 0.0311983859375 0.720738725 0.0691294375 0.7015625 0.134663834375 0.7015625 0.47257065000000004 0.7070837734375 0.5 0.78092986875 0.5 0.7918386859375 0.46072838593750004 0.8098790625 0.3826601421875 0.818495521875 0.323863028125 0.8212105546874999 0.29310114375 0.8227255140625 0.24971838906250002 0.8223742640625 0.22062145625000001 0.8171369343749999 0.15915975468750002 0.8106864234375 0.1246079359375 0.7947574718749999 0.056070951562500006 0.789420228125 0.02096361875 0.7893490734374999 0 0.733000271875 0
1 0.5576512203124999 0 0.559408184375 0.029104209375000002 0.5552234765625 0.07170701562500001 0.55 0.0989207734375 0.55 0.319757340625 0.5513539109375001 0.32684633125 0.5691542375 0.393094371875 0.5881633015625 0.454447825 0.592824121875 0.46718171249999996 0.597021146875 0.4730552171875 0.606468496875 0.475 0.6295559859375001 0.475 0.6295559859375001 0.0917091953125 0.62453561875 0.0781058015625 0.617642390625 0.055447440625 0.6107196734375 0.026215215625 0.607463590625 0.001471684375 0.6074132953125 0 0.5576512203124999 0
1 0.6616655453125 0 0.6612504125 0.0166059515625 0.6583971859375 0.046758178125 0.6499455624999999 0.07885221249999999 0.6390625 0.1128231953125 0.6390625 0.4378963546875 0.645475559375 0.4390625 0.680753978125 0.4390625 0.68241114375 0.43497552031250003 0.68039721875 0.42717278125 0.680088396875 0.4183481828125 0.6757517234375 0.393918103125 0.6704069703125001 0.3397065921875 0.6697474046874999 0.294523515625 0.6711514000000001 0.2609999578125 0.6743741015625 0.22921302500000001 0.6793019109375 0.19640423125 0.6824849203125 0.18884354375 0.6846521421875 0.1751785203125 0.6928798765625 0.1469285296875 0.696333096875 0.130019571875 0.7073103953125 0.0969418984375 0.7108772171875 0.0827914265625 0.70626370625 0.048987596875 0.707024703125 0.0170860078125 0.7087765687500001 0 0.6616655453125 0
1 0.8679048078125 0 0.8688070031249999 0.031802471875 0.8680580140625 0.046712396875 0.863277759375 0.0767809578125 0.8462886749999999 0.1473831015625 0.8421875 0.17011382656250001 0.8421875 0.17131042968750002 0.8423289890625 0.177389484375 0.84945849375 0.22470945156250002 0.8523445546874999 0.2662996796875 0.8527510156249999 0.31908014218749997 0.849435521875 0.3649911171875 0.850767353125 0.3868948921875 0.87155421875 0.4703125 0.9333487 0.4703125 0.93485651875 0.467991653125 0.9476737390625001 0.4065075171875 0.9499894281250001 0.39197879375 0.9499894281250001 0.158576196875 0.9498286312499999 0.1576911859375 0.9418990109375001 0.12308454375 0.9273460421875 0.074676740625 0.9208862937500001 0.0443596625 0.9194598781250001 0.030164696875 0.918235409375 0.0011012609375 0.918270021875 0 0.8679048078125 0
1 0.94375 0.35946135468749996 0.94375 0.3852272796875 0.9543045671874999 0.427177775 0.9549345265625 0.428125 0.9601504140625 0.428125 0.9603220734375 0.42363768906250004 0.955398659375 0.3930859671875 0.9507487687499999 0.353736721875 0.9465091625 0.3459468140625 0.94375 0.35946135468749996
1 1 0 0.9718417765625 0 0.9721847968749999 0.0020746375 0.9746902515624999 0.0300397765625 0.9751368921874999 0.048223864062499996 0.970041621875 0.09332670937500001 0.9607235812500001 0.1409577703125 0.961573109375 0.14917427656249999 0.9696642265625 0.1783723328125 0.976547190625 0.2140625 0.9783904843750001 0.2140625 0.9799051296875 0.2068554328125 0.9825966078124999 0.17849649375 0.988387803125 0.139413559375 1 0.0756717234375 1 0
1 0.42803860625 1 0.429624428125 0.9545880140625 0.44230117812499997 0.8686421421875 0.4261660265625 0.8227330921875 0.41003699375 0.822826928125 0.3982110765625 0.8382300359375 0.3925619453125 1 0.42803860625 1
1 0.3283340015625 1 0.3160884640625 0.8250574359374999 0.30377090625 0.8097816734375 0.28694467968750004 0.8097816734375 0.2796875 0.82608525 0.2796875 0.8807496078125 0.2800571234375 0.8913219 0.28972917656249997 0.9283194375000001 0.29563331875 0.9958041 0.2947899765625 1 0.3283340015625 1
1 0.1785590609375 1 0.1752162390625 0.9852027609375 0.17800133125 0.9054481593750001 0.1870237984375 0.8320538234375 0.1844407046875 0.8135362671875 0.17136869375 0.79266545625 0.157122678125 0.79266545625 0.148956834375 0.8122971437500001 0.14401712656250001 0.86126425 0.1433866515625 0.9718063453125 0.134375 0.9983942609374999 0.134375 1 0.1785590609375 1
1 0.065224103125 1 0.051901546875 0.940932309375 0.0626311 0.8122481953125 0.054847103125 0.7542726390625 0.03804376875 0.7542726390625 0.028933834375000002 0.7799206625 0.0228692890625 0.939580109375 0.0140625 0.9576098734375 0.0140625 1 0.065224103125 1
1 0.399966396875 1 0.39648724375 0.85052139375 0.4048377921875 0.8149791875 0.4048377921875 0.8116236984375 0.4001122125 0.7980074984375 0.390292 0.7926058406250001 0.38061458125000003 0.7933391515625 0.372907046875 0.80928766875 0.3671694 0.8404513874999999 0.373393859375 0.96904130625 0.365598334375 1 0.399966396875 1
1 0.276649671875 1 0.276649671875 0.8784859609375001 0.2746579578125 0.8318163828125 0.276649671875 0.8011068343750001 0.276649671875 0.794717290625 0.262011103125 0.7725464000000001 0.249250671875 0.7775524828125 0.24154313749999998 0.7921843531249999 0.2481959765625 0.9397058390625 0.23774209062499999 1 0.276649671875 1
1 0.3586634078125 1 0.36550529374999996 0.9736968625 0.3687311 0.9428905750000001 0.36550529374999996 0.924617109375 0.3687311 0.9122157265624999 0.36550529374999996 0.9062121984375 0.36550529374999996 0.8264575984375 0.37840851875000003 0.7952569859375 0.37840851875000003 0.7768520765625 0.3735698078125 0.7678467859375 0.35421497031250004 0.7686354359375001 0.34292464843750003 0.7967028421875 0.34292464843750003 0.9439421078125001 0.33125 0.9932651124999999 0.33125 1 0.3586634078125 1
1 0.24920875625 1 0.2547187015625 0.9577164843750001 0.2589139140625 0.9481473749999999 0.276502471875 0.9448208859375 0.276502471875 0.791414815625 0.2552923671875 0.7572300125 0.2488407546875 0.7577188890625 0.24184873593749998 0.7736674046875001 0.2504287140625 0.8963667921875 0.248489903125 0.9150161359375 0.252144709375 0.92090666875 0.247949496875 0.930475778125 0.24289628749999997 0.9277749484375001 0.23858966874999998 0.9589386687499999 0.232996053125 0.9716974828125 0.230748840625 1 0.24920875625 1
1 0.21340830156249999 1 0.21430822031250002 0.9778029015625 0.23366305468749998 0.9053105578124999 0.2368888625 0.8441487468750001 0.23366305468749998 0.8378258953125 0.23366305468749998 0.8071510500000001 0.2368888625 0.8012039609375 0.2368888625 0.7705291140625 0.243340478125 0.7524999703125 0.24011467187500002 0.7277722125 0.243340478125 0.7218251234374999 0.2386701515625 0.7126708984375 0.23747715937499997 0.7126708984375 0.2223727359375 0.7175364078124999 0.20785660625000002 0.7504332703125 0.2110824125 0.8733205390624998 0.19375 0.943731925 0.19375 1 0.21340830156249999 1
1 0.3195440015625 0.7440265390625 0.315625 0.75434433125 0.315625 0.9872178890625001 0.3248532859375 0.9669763312499999 0.3261402828125 0.9485714218750001 0.32979508750000003 0.9422862109375 0.3330042640625 0.8504119140625 0.33665906875 0.8441267015625 0.342665053125 0.7582371296874999 0.3356730328125 0.7432753171875 0.3195440015625 0.7440265390625
1 0.29668598749999997 0.724970125 0.2921875 0.733787534375 0.2921875 0.8041799203125001 0.303925453125 0.8109375 0.31175733437500003 0.8109375 0.3144279234375 0.8006238906250001 0.3144279234375 0.7576791046875 0.3176537296875 0.7513562515625 0.3176537296875 0.7329513453125001 0.31281501875 0.724030715625 0.29668598749999997 0.724970125
1 0.09909778281250001 1 0.1015625 0.9484375 0.09833669375000001 0.94230253125 0.09511088749999999 0.8809528375 0.0854334671875 0.856412959375 0.08865927343749999 0.850277990625 0.08865927343749999 0.7398485421875 0.08220766093750001 0.7275786046875 0.08220766093750001 0.6907687890625 0.0773689515625 0.681566334375 0.07898185468749999 0.7153086656250001 0.06930443593749999 0.721443634375 0.06930443593749999 0.6907687890625 0.07253024218750001 0.68463381875 0.0676915328125 0.681566334375 0.06285282187499999 0.6907687890625 0.0660786296875 0.7337135734375 0.059627015625 0.7459835125 0.06285282187499999 0.7950632671875 0.0660786296875 0.8011982359375001 0.0660786296875 0.8809528375 0.06285282187499999 0.8932227765625 0.0660786296875 0.8993577453124999 0.06285282187499999 0.9054927140625001 0.06285282187499999 0.9300325921875 0.0812474796875 1 0.09909778281250001 1
1 0.1431695234375 1 0.149949596875 0.9668424078125 0.14672379062500002 0.8318730828125 0.156401209375 0.7950632671875 0.156401209375 0.776658359375 0.14833669375 0.7613209359375 0.1354334671875 0.7674559046875 0.1273689515625 0.782793328125 0.1273689515625 0.9300325921875 0.11123991875000001 0.9607074390625 0.1080141125 0.9913822859374999 0.1080141125 1 0.1431695234375 1
1 0.09833669375000001 0.9238976234375 0.10478830624999999 0.94230253125 0.106401209375 0.9453700156250001 0.1176915328125 0.9238976234375 0.12091733906249999 0.9116276843750001 0.12091733906249999 0.8993577453124999 0.1241431453125 0.8932227765625 0.1241431453125 0.856412959375 0.11446572656250001 0.8257381140625 0.11446572656250001 0.7337135734375 0.11123991875000001 0.7275786046875 0.11123991875000001 0.7153086656250001 0.106401209375 0.7061062109374999 0.093497984375 0.7061062109374999 0.08865927343749999 0.7153086656250001 0.08865927343749999 0.7521184812499999 0.09188508125 0.7582534515624999 0.09188508125 0.8318730828125 0.08865927343749999 0.8380080515625 0.08865927343749999 0.8625479296874999 0.09833669375000001 0.8993577453124999 0.09833669375000001 0.9238976234375
1 0.01123991875 0.7459835125 0.0144657265625 0.8257381140625 0.0305947578125 0.8257381140625 0.0305947578125 0.7705233890625001 0.0370463703125 0.7459835125 0.0370463703125 0.721443634375 0.028981854687500003 0.71224118125 0.0193044359375 0.71224118125 0.0144657265625 0.721443634375 0.0144657265625 0.7398485421875 0.01123991875 0.7459835125
1 0.0144657265625 0.9484375 0.0176915328125 0.9607074390625 0.0193044359375 0.9637749234375 0.0273689515625 0.9484375 0.0305947578125 0.9361675609375 0.028981854687500003 0.8288055984374999 0.016078629687500002 0.8288055984374999 0.0080141125 0.850277990625 0.0080141125 0.8993577453124999 0.01123991875 0.9054927140625001 0.01123991875 0.9238976234375 0.0144657265625 0.9300325921875 0.0144657265625 0.9484375
1 0.7174888484374999 1 0.7177423703125 0.9975898749999998 0.7176637484375 0.9401945890625001 0.7093557718750001 0.9096935765625 0.7077897828124999 0.89489088125 0.7087921390625 0.8661871781249999 0.7154231703125 0.8254161359375001 0.7149311828125 0.8096814546875001 0.709604446875 0.7907348187500001 0.701368115625 0.788005525 0.6933939453125 0.79268060625 0.68622068125 0.8116999640625 0.6878259812499999 0.8552003015625 0.68630628125 0.8987188187499999 0.6796875 0.9221336765625001 0.6796875 1 0.7174888484374999 1
1 0.7687894484375001 1 0.7687894484375001 0.9105292421875 0.76403780625 0.8947547890624999 0.7601498953125001 0.8087497593750002 0.7538653453124999 0.7933280125 0.7455667984375001 0.7875451359375 0.737117671875 0.7919171374999999 0.7359375 0.7958927734375 0.7359375 0.8367445 0.7412950671875 0.8663859765625 0.7432854828125001 0.8950745250000001 0.73744005 0.9410828812500001 0.7429251406249999 1 0.7687894484375001 1
1 0.6345057734374999 1 0.636357828125 0.9763492062499999 0.6352121828125 0.9494246015625001 0.6245875578125 0.8952843890625001 0.62659575625 0.8527099843749999 0.6312116125 0.825059521875 0.6314021265624999 0.8046709640625 0.6258813875 0.7910358765625001 0.617353159375 0.7875 0.6155501234375 0.7875 0.607767134375 0.7945750609375001 0.6035716234375 0.8101884859374999 0.6055719078124999 0.8723710265625 0.6043073921875 0.8936491359375001 0.596875 0.9224314281249999 0.596875 1 0.6345057734374999 1
1 0.599263165625 1 0.5970374546875 0.9736488796875001 0.5994943687500001 0.945218578125 0.6011041140625 0.9371978562500001 0.6011041140625 0.9061908750000001 0.595446275 0.88295370625 0.5977164375 0.8018367609375 0.5923698265625 0.7842742453125 0.5869001671875 0.7794662171875 0.5795572546875001 0.7794662171875 0.5734563890625 0.786777715625 0.5711108359375 0.7976609921875 0.5747422484375 0.88668658125 0.5666854765625 0.9201712015624999 0.565625 0.9301994953125 0.565625 0.9505433249999999 0.5692357218749999 0.9850771500000001 0.5746989515625 1 0.599263165625 1
1 0.6759191984374999 1 0.675 0.9853302765624999 0.6760416671875 0.9639915343750001 0.68125 0.9301092749999998 0.68125 0.9246180921875 0.6729166671875 0.8909707203125 0.6760416671875 0.8028804234375 0.67109375 0.7905820359375 0.6638020828125 0.7853235921875 0.6549479171875 0.7893880765625 0.6494791671875 0.8030368359375 0.6484375 0.8197459453124999 0.6515625 0.8501741687500001 0.6520833328125 0.889967759375 0.640625 0.9382607406249999 0.640625 0.9471013140625001 0.6427083328125 0.9736830953125001 0.6418714984375 1 0.6759191984374999 1
1 0.7941350968750001 1 0.7940291484374999 0.9856669890624999 0.799572646875 0.960114459375 0.8025488796874999 0.9540448265624999 0.8025488796874999 0.8934118296874999 0.8014874531249999 0.8901569531250001 0.7993707953125 0.8074732796875 0.794168175 0.792974196875 0.7866513218750001 0.78656255 0.7794244031249999 0.7880410031249999 0.775581471875 0.7929863640624999 0.7734375 0.8014444828125 0.7734375 0.8201806093750001 0.780783609375 0.8935874593750001 0.7751020515625 0.9396287593749999 0.7811435234375 0.9736117531249999 0.7821258562500001 1 0.7941350968750001 1
1 0.7214233171875 0.9359375 0.7255208328125 0.9316233578125 0.7260416671875001 0.923320359375 0.7166666671875 0.8829595125 0.7197916671875 0.7979563390625 0.7138020828125 0.7832556328125 0.707884803125 0.78125 0.7013826 0.78125 0.69921875 0.7824062515625 0.6973958328125 0.7892445218749999 0.7065104171875001 0.7911642750000001 0.7130208328125 0.8040434640624999 0.7145833328125 0.8291344687500001 0.7109375 0.8946628640625001 0.7213358249999999 0.9359375 0.7214233171875 0.9359375
1 0.8362604765625001 0.7853709078125 0.8270797156249999 0.7830297796875 0.822133228125 0.78695180625 0.8157256468749999 0.8006324421875 0.8127615640625001 0.88014078125 0.8125 0.8812549046875 0.8125 0.9325631828125001 0.8237528671875 0.934542015625 0.8314387312499999 0.94341314375 0.8382365484375001 0.9578125 0.8394286624999999 0.9578125 0.8420862937500001 0.9507619625 0.8325560875000001 0.88660211875 0.8411817328125 0.8003697171875 0.8362604765625001 0.7853709078125
0 0.8572832874999999 1 0.8542317703125001 0.967628221875 0.8435546875 0.9446389796875 0.8263671875 0.9308252249999999 0.8076171875 0.9374728421875 0.7930338546875 0.9549888921874998 0.7849609375 0.9744405671875 0.7828125 0.9874129203125002 0.7828125 1 0.8572832874999999 1