1 0.10736409843750001 0 0.1083056953125 0.0233449671875 0.09491433437499999 0.0978329953125 0.0972347265625 0.16451784375 0.10922600625000001 0.2227511796875 0.12054245156250001 0.2559754234375 0.12865521093750001 0.2625 0.14744082187500002 0.2625 0.15 0.259750928125 0.15 0.053767235937500005 0.143728628125 0.03481 0.1421240453125 0 0.10736409843750001 0
1 0.2476753 0 0.23111618906250003 0.06680534375 0.23044373125 0.080821778125 0.23304463593750002 0.1336633296875 0.24423928906249998 0.18580337656249998 0.25561505625000003 0.203125 0.2692731140625 0.203125 0.2765625 0.1987623125 0.2765625 0 0.2476753 0
1 0.232645975 0 0.2305712765625 0.0153645828125 0.23379992343749997 0.0612616890625 0.23839511249999998 0.0734375 0.2391979453125 0.0734375 0.2537700671875 0 0.232645975 0
0 0.3316235265625 0.2203125 0.37987135625 0.2203125 0.38252082187499997 0.2183436984375 0.40149840000000003 0.18431822343749998 0.4046875 0.16977493125 0.4046875 0.09440776875 0.4031954203125 0.087096003125 0.3941840671875 0.065552271875 0.379325459375 0.0428701046875 0.3631616421875 0.0277380234375 0.3412866421875 0.026080434375 0.320731709375 0.038430134375 0.30343785 0.0656295671875 0.2967493296875 0.0898746234375 0.2967493296875 0.15164247343749998 0.3082872171875 0.19116236250000002 0.3147702609375 0.2006933375 0.3316235265625 0.2203125
1 0.906072059375 0 0.9074467531250001 0.0174361609375 0.89228375625 0.092663428125 0.8901039562499999 0.1357735265625 0.898294321875 0.14888161093750002 0.9192383515625 0.1515625 0.940625 0.1515625 0.940625 0.044850006250000005 0.9371619390625 0.030988695312499998 0.9338394109374999 0 0.906072059375 0
2 1 0.51875 1 0.11223975312500001 0.41875 0.0193223515625 0.41875 0.3485508234375 0.9111481187500001 0.48231604843750003 0.9143356765625 0.51875 1 0.51875
1 0.18281634687499998 1 0.18275087343750002 0.99887585625 0.1846156078125 0.9414078453125001 0.1826386890625 0.9164139046875001 0.173406296875 0.896600434375 0.16278471249999998 0.89375 0.15945108125000002 0.89375 0.15104665625 0.90195665625 0.14691690625 0.9205357781250001 0.1475825125 0.940912209375 0.155972659375 0.9954812343749999 0.15616711562500002 1 0.18281634687499998 1
1 0.1215149375 1 0.11935693750000001 0.9864319359374999 0.1207677640625 0.9267475234375 0.119165690625 0.9017475234375001 0.1114982234375 0.8842234078125 0.1042135890625 0.8828497453124999 0.096812759375 0.8828497453124999 0.08928699375 0.8930172656250001 0.0867092078125 0.9099815390625 0.0887727796875 0.9340130984374999 0.0930845 0.9522765249999999 0.096642903125 1 0.1215149375 1
1 0.075 1 0.075 0.9845770203124999 0.0735595171875 0.979919740625 0.0716158 0.9157332453125001 0.06866472500000001 0.8879979812500001 0.0616625390625 0.8769128328125 0.0573266015625 0.8750833078125 0.050429340625 0.8750833078125 0.0437574046875 0.8821045703125 0.0413845890625 0.8939549937500001 0.051927542187499995 0.9844831593750001 0.049774832812499996 1 0.075 1
1 0.4430217109375 0.8491854312499999 0.46148826718749997 0.9249318875 0.46657164062499995 0.93125 0.48542059687499994 0.93125 0.4859375 0.9312181718750001 0.4859375 0.74468225625 0.4787613484375 0.7206141500000001 0.476592296875 0.7031065875 0.47764710624999995 0.637866621875 0.47588021718749995 0.618464690625 0.46827208281250005 0.601866503125 0.46030929218749994 0.5989114343749999 0.45390978437499996 0.5989114343749999 0.4494627484375 0.6024711265625 0.44364788749999995 0.6220265640625 0.454163509375 0.7207605156250001 0.44121524843750004 0.8046559562500001 0.4430217109375 0.8491854312499999
1 0.832953225 0.7665063890624999 0.833068546875 0.8037985171875001 0.8397231140624999 0.8498822390624999 0.8571298171875 0.9109414234375001 0.8613850828124999 0.9171875 0.8703125 0.9171875 0.8703125 0.7192351312499999 0.86739826875 0.7105399671875 0.8624219937500002 0.6596565578125 0.8627927218749999 0.6279199859375 0.8603276953125001 0.6057402765625 0.854043146875 0.5908663953125 0.8457582703125001 0.5886654171875 0.8390798390625 0.5886654171875 0.8313695031249999 0.5955148421875001 0.8272373859375 0.6112390328125 0.8407547609375001 0.711782321875 0.832953225 0.7665063890624999
1 0.7455424203125001 0.7299361578125 0.7317563734375 0.797690396875 0.7306032890624999 0.83279369375 0.734647765625 0.8672440234375 0.7472733796875 0.9234273796875 0.753417875 0.93125 0.7774093625 0.93125 0.782636175 0.9206538609375 0.790625 0.8810128578124999 0.790625 0.796429340625 0.7899819640625 0.79148825625 0.7725395625 0.7239481265625 0.77199008125 0.6767259046875 0.7752049484375 0.6398799390625001 0.7739262531250001 0.6194549765625 0.7682797296875 0.60389059375 0.7609234171875 0.5979528984375 0.7546734171875 0.59762535 0.74744639375 0.6027987625 0.7411568484375 0.6214390515625 0.7478772328125001 0.7069244875 0.7455424203125001 0.7299361578125
1 0.6553076578125 0.652437890625 0.6585009546875 0.6786400828125 0.6581813578125 0.7268276953124999 0.6512526984375 0.7552712859375 0.6512526984375 0.7645713609375 0.6648463484375 0.7931604343750001 0.670252275 0.81211308125 0.672957059375 0.8364239546875 0.6724883593750001 0.8632758062500001 0.6695447859375 0.88252291875 0.6586917421875 0.9067335921874999 0.6512526984375 0.9297212125 0.6512526984375 0.937120646875 0.653879671875 0.9390625 0.679983559375 0.9390625 0.682165215625 0.9363268234375 0.694593275 0.8816395281249999 0.6953125 0.8748577109375001 0.6953125 0.7932549640625 0.6918290640625 0.7710991453125 0.6849576109375001 0.746472540625 0.68132429375 0.71560125625 0.6866384671875 0.650176246875 0.6865701734374999 0.6242108515625 0.679333253125 0.6055830359375001 0.674173403125 0.6024105921875 0.6689650703125001 0.6020159281249999 0.662097265625 0.6070584203125 0.6580698015625 0.61370686875 0.6552393656250001 0.6264724984375001 0.6553076578125 0.652437890625
1 0.6940104171874999 0.92725694375 0.6984375 0.9277199078125001 0.7065104171875 0.9254050921874999 0.7135416671874999 0.9064236109374999 0.7208333328125001 0.8592013890625001 0.7234375 0.8027199078125001 0.71875 0.7684606484375001 0.70625 0.7203125 0.7046875 0.699016203125 0.7083333328125001 0.61383101875 0.7052083328125001 0.6017939812499999 0.70078125 0.5957754625 0.68984375 0.5929976859374999 0.6841145828125 0.5967013890625 0.68125 0.6027199078125001 0.6869791671875 0.617534721875 0.6885416671875 0.6304976859375 0.6848958328125001 0.6869791671875001 0.6854166671874999 0.729571759375 0.6953125 0.7656828703125 0.7026041671875 0.8129050921874998 0.7015625 0.8684606484374999 0.6927083328125001 0.9212384265625001 0.6940104171874999 0.92725694375
1 0.6106770828125 0.5976273140625 0.5986979171875 0.605034721875 0.5932291671875001 0.6212384265625 0.5932291671875001 0.6453125 0.596875 0.6712384265625 0.5984375 0.7082754625 0.5973958328125 0.7258680562500001 0.5875 0.7675347218749999 0.5869791671875 0.7777199078125 0.6080729171875 0.7578125 0.6270833328125001 0.749016203125 0.6223958328125001 0.7267939812499999 0.6208333328125001 0.7073495375000001 0.625 0.6221643515624999 0.6190104171874999 0.6041087968750001 0.6106770828125 0.5976273140625
1 0.4859375 0.879571759375 0.4859375 0.9082754625 0.48802083281249997 0.9221643515625001 0.49140625 0.929108796875 0.5052083328125 0.9379050921874998 0.5072916671875001 0.9351273140625 0.4994791671875 0.8943865734375 0.4994791671875 0.879571759375 0.503125 0.8730902781250001 0.5036458328125 0.8277199078125002 0.5088541671875 0.811053240625 0.5078125 0.8036458328125 0.5119791671875 0.7906828703125 0.5333333328125 0.7443865734375 0.53125 0.711053240625 0.5354166671875 0.6314236109375 0.5322916671875 0.61383101875 0.52421875 0.6013310187500001 0.51171875 0.6059606484375 0.5046875 0.6221643515624999 0.5036458328125 0.6397569437499999 0.5072916671875001 0.691608796875 0.50625 0.7119791671875 0.5015625 0.7351273140625001 0.48645833281249995 0.7814236109375 0.4895833328125 0.8342013890625001 0.4859375 0.879571759375
0 0.6567708328125 0.936053240625 0.6625 0.9129050921874999 0.6755208328125001 0.8786458328125001 0.678125 0.8443865734375 0.6744791671874999 0.8119791671875 0.6682291671874999 0.7916087968750001 0.6575520828125001 0.7707754625 0.6518229171875 0.7624421296875 0.64140625 0.755034721875 0.6252604171874999 0.75133101875 0.61015625 0.7559606484375 0.5859375 0.7814236109375 0.5744791671875 0.8092013890625 0.5713541671875 0.8304976859375 0.5708333328124999 0.8564236109374999 0.5755208328125 0.8934606484375 0.5888020828125 0.923553240625 0.61015625 0.942071759375 0.628125 0.9443865734374999 0.6424479171874999 0.9429976859375 0.6567708328125 0.936053240625