2 0.4296875 0.5390625 0.4296875 0.3432614890625 0.046831621875 0.5390625 0.4296875 0.5390625
1 0.0890625 0 0.0890625 0.1648516015625 0.09212829375 0.16875 0.11035946875 0.16875 0.12080163906250001 0.1573321 0.1322633046875 0.1009339609375 0.13477520468749998 0.049490440625 0.13186778593749998 0.0213848796875 0.1267660890625 0 0.0890625 0
1 0.707086259375 0 0.712661559375 0.062058817187500004 0.7015625 0.12419426250000001 0.7015625 0.1892039 0.7101342984375 0.23049637031249998 0.7175955203125 0.250364678125 0.7204999421875 0.2515625 0.7395857984375 0.2515625 0.7436259125 0.245826034375 0.7454006828124999 0.2361054828125 0.7454006828124999 0.104972078125 0.7338119015625 0.06258819843749999 0.7347799953124999 0 0.707086259375 0
1 0.620519978125 0 0.6189916109375 0.023849828125 0.621256215625 0.0738498265625 0.6185168765625 0.10440538125000001 0.6109375 0.1292432265625 0.6109375 0.3140625 0.630440325 0.3140625 0.636861290625 0.305794271875 0.6513589515625 0.250238715625 0.6560168078124999 0.21412760468749997 0.6555619281249999 0.172460940625 0.64438713125 0.10301649531249998 0.6561232515625 0 0.620519978125 0
2 1 0.5390625 1 0.418273784375 0.4296875 0.418273784375 0.4296875 0.5349705578124999 0.49398427187500005 0.5390625 1 0.5390625
1 0.3420061703125 1 0.342236275 0.99813368125 0.343858134375 0.96063368125 0.34061448437499997 0.9259114578125001 0.3275903890625 0.87313368125 0.3251972078125 0.8495225703125 0.3328119828125 0.755078125 0.3274718109375 0.7286892359375 0.3227052 0.723828125 0.30141365468750003 0.739105903125 0.2954009875 0.7536892359375 0.29787324531250003 0.8370225703124999 0.296073378125 0.877300346875 0.2953125 0.8799049921875 0.2953125 1 0.3420061703125 1
1 0.23492601093749998 1 0.23823770937500002 0.9851337953125 0.2426483421875 0.9407986109375 0.23976070625 0.9001384203124999 0.223364384375 0.8376069218750001 0.220694334375 0.76905969375 0.214016490625 0.7671875 0.199401828125 0.7671875 0.198819334375 0.7675300453125 0.19663380625 0.77714300625 0.1974051265625 0.8385818984375 0.1921875 0.8581742546875001 0.1921875 1 0.23492601093749998 1
1 0.9451058124999999 0.7637437171875 0.9466403 0.7173804890625 0.9300387375 0.71805695 0.9277830265624999 0.722713721875 0.9323574453125001 0.7629589296875 0.9234375 0.7971737703125 0.9234375 0.8354273093749999 0.9237689890624999 0.8402593484375 0.93058336875 0.8634581000000001 0.9343765453125 0.8671875 0.94824470625 0.8671875 0.9511442375 0.8639245515624999 0.9551363937499999 0.8461546453125 0.9551363937499999 0.793291896875 0.9451058124999999 0.7637437171875
1 0.878024865625 0.7357421875 0.8756637765625002 0.7878255218750001 0.86875 0.8068150875000001 0.86875 0.890625 0.8837733546875001 0.890625 0.8869003640625 0.8867838546875 0.8990857875 0.8490234375 0.8998614906250001 0.8216796875 0.8920984578125001 0.7904296875 0.8994258 0.737044271875 0.8928108328125 0.7259765625 0.8839383281250001 0.727278646875 0.878024865625 0.7357421875
1 0.8337406937499999 0.7440368515625 0.8238916265625 0.74465605625 0.81903816875 0.7515102203125 0.8163433140624999 0.8088701734375 0.809375 0.8283332718749999 0.809375 0.9141776671875 0.8170633046875 0.9200935609374999 0.82442924375 0.919954678125 0.83034270625 0.91186671875 0.84286189375 0.8695808484375 0.8433038328125001 0.8473771453125 0.8339214390624999 0.81009935625 0.8403556609375 0.75561671875 0.8337406937499999 0.7440368515625
1 0.75771484375 0.94765625 0.7650390625 0.9509114578125001 0.77431640625 0.9515625 0.7796875 0.945703125 0.79140625 0.8962239578125001 0.7884765625 0.8649739578125001 0.7787109375 0.8350260421875 0.7826171875 0.7803385421875 0.7796875 0.769921875 0.77138671875 0.7640625 0.76552734375 0.7653645828125001 0.7591796875 0.7751302078125001 0.7611328125 0.8337239578125001 0.746484375 0.8766927078125001 0.746484375 0.898828125 0.7533203125 0.9352864578125001 0.75771484375 0.94765625
1 0.7083984375 0.8858072921875 0.7181640625 0.9118489578125001 0.73232421875 0.9125 0.7357421875 0.9079427078125001 0.746484375 0.8649739578125001 0.7455078125 0.8389322921875 0.734765625 0.8063802078125001 0.738671875 0.7529947921875 0.73134765625 0.7380208328125 0.72255859375 0.7393229171875 0.7162109375 0.7490885421875 0.7181640625 0.8063802078125001 0.70546875 0.8506510421875 0.7083984375 0.8858072921875
1 0.6712890625 0.848046875 0.68203125 0.8779947921875 0.69423828125 0.8786458328125001 0.6986328125 0.8740885421875 0.7083984375 0.8311197921875 0.7064453125 0.8037760421875 0.69765625 0.777734375 0.7005859375 0.7243489578125 0.69228515625 0.7145833328125 0.680078125 0.7243489578125 0.68203125 0.7686197921875 0.6703125 0.820703125 0.6712890625 0.848046875
1 0.646875 0.8454427078125001 0.6517578125 0.8493489578125001 0.66005859375 0.85 0.66640625 0.844140625 0.67421875 0.793359375 0.6634765625 0.750390625 0.66640625 0.7139322921875 0.66103515625 0.7041666671875 0.6478515625 0.7061197921875 0.648828125 0.7516927078125001 0.6390625 0.785546875 0.641015625 0.824609375 0.646875 0.8454427078125001
1 0.734765625 0.8024739578125001 0.7484375 0.8532552078125001 0.7552734375 0.848046875 0.7611328125 0.8259114578125001 0.7591796875 0.7673177078125001 0.7552734375 0.750390625 0.7591796875 0.7178385421875 0.75478515625 0.709375 0.74208984375 0.709375 0.738671875 0.7126302078125 0.740625 0.7412760421875 0.734765625 0.8024739578125001
1 0.83828125 0.8076822921875 0.8509765625 0.8493489578125001 0.8578125 0.828515625 0.8587890625 0.7998697921875 0.8490234375 0.766015625 0.8509765625 0.7165364578125 0.83388671875 0.71328125 0.832421875 0.7412760421875 0.8412109375 0.758203125 0.83828125 0.8076822921875
1 0.7787109375 0.8272135421875 0.7923828125 0.8845052078125001 0.797265625 0.8805989578125001 0.8041015625 0.8571614578125001 0.80703125 0.8272135421875 0.7962890625 0.7829427078125001 0.7982421875 0.7282552078125 0.78603515625 0.7197916671875 0.777734375 0.7295572921875 0.78359375 0.785546875 0.7787109375 0.8272135421875