1 0.6858754953124999 0 0.6734375 0.04609375 0.671875 0.09140625 0.68125 0.14140625 0.690625 0.17109375 0.7 0.17578125 0.73125 0.17265625 0.7546875 0.08046875 0.7515625 0.01640625 0.74636051875 0 0.6858754953124999 0
1 0.6452919406250001 0 0.6484375 0.03984375 0.6640625 0.07890625 0.671875 0.07421875 0.675 0.02578125 0.6830208328125 0 0.6452919406250001 0
1 0.7522338875 0 0.759375 0.09140625 0.765625 0.11171875 0.78125 0.11953125 0.79609375 0.1171875 0.8046875 0.10703125 0.81875 0.04140625 0.8164496531250001 0 0.7522338875 0
1 0.8360156249999999 0 0.81875 0.05078125 0.8109375 0.09453125 0.8234375 0.20234375 0.8359375 0.24140625 0.8484375 0.24765625 0.86953125 0.2484375 0.884375 0.23828125 0.9 0.18671875 0.9046875 0.13984375 0.9015625 0.06796875 0.8868359375000001 0 0.8360156249999999 0
1 0.9498008578124999 0 0.9546875 0.02265625 0.95625 0.10859375 0.96640625 0.1078125 0.975 0.09609375 0.9875 0.03671875 0.9875 0 0.9498008578124999 0
1 0.8887952296874999 0 0.9015625 0.05390625 0.9046875 0.16015625 0.9109375 0.16484375 0.92890625 0.1640625 0.9421875 0.15078125 0.95625 0.07265625 0.9546875 0.02734375 0.9483774031250001 0 0.8887952296874999 0
1 0.4023721734375 1 0.40443254062499995 0.9947833109375 0.4134641484375 0.935571271875 0.4081148 0.89888620625 0.40322824687500003 0.8859397953125001 0.40354670156249994 0.8622649124999999 0.40875171093749996 0.8515364375000001 0.408288915625 0.8277977796875 0.4029147046875 0.8169028171875 0.40085233125 0.8167344671875 0.3964712875 0.8167344671875 0.39025547656250004 0.8277198921875 0.39059887031249996 0.8876972078125 0.3859375 0.9037601593750001 0.3859375 0.9995265109375 0.386721615625 1 0.4023721734375 1
1 0.5228873218750001 0.8266645968749999 0.5221205875 0.782138265625 0.5172777984375 0.7719467890625 0.5118090484375 0.77223339375 0.5078125 0.7802993140625001 0.5078125 0.7872058625 0.5118042453125 0.8244600281250001 0.5078125 0.8581738906249999 0.5078125 0.8856259078125 0.5134832921875 0.9162904703125001 0.5180115468750001 0.9234375 0.528615021875 0.9234375 0.528615021875 0.84570433125 0.5228873218750001 0.8266645968749999
1 0.46875 0.9251736109375 0.4765625 0.948784721875 0.48984375 0.9432291671874999 0.4953125 0.9098958328125001 0.4953125 0.886284721875 0.4859375 0.836284721875 0.48828125 0.7960069437499999 0.483203125 0.785590278125 0.476171875 0.7869791671875 0.471875 0.7973958328124999 0.47421875 0.8473958328125001 0.465625 0.8932291671874999 0.46875 0.9251736109375
1 0.434375 0.9696180562500001 0.44375 0.9751736109374999 0.453125 0.9682291671875 0.45859375 0.936284721875 0.45859375 0.9029513890625 0.4484375 0.866840278125 0.45 0.80850694375 0.439453125 0.80225694375 0.43359375 0.816840278125 0.43671875 0.866840278125 0.428125 0.9029513890625 0.42734375 0.9210069437499999 0.434375 0.9696180562500001
1 0.4484375 0.8640625 0.45625 0.89461805625 0.45859375 0.8848958328125001 0.45703125 0.8626736109375 0.45390625 0.84600694375 0.449609375 0.8411458328125001 0.4484375 0.8640625
1 0.43671875 0.8029513890625001 0.44921875 0.80711805625 0.4515625 0.7960069437499999 0.45 0.7807291671875001 0.446484375 0.7744791671875 0.439453125 0.77586805625 0.4359375 0.78350694375 0.43671875 0.8029513890625001
1 0.40625 0.8876736109374999 0.41796875 0.936284721875 0.42265625 0.9237847218749999 0.42421875 0.8890625 0.41484375 0.848784721875 0.415625 0.7973958328124999 0.406640625 0.7869791671875 0.4 0.7960069437499999 0.39921875 0.80850694375 0.4 0.816840278125 0.40859375 0.83211805625 0.40625 0.8876736109374999
1 0.37578125 0.8876736109374999 0.37890625 0.9251736109375 0.384375 0.9237847218749999 0.38984375 0.8876736109374999 0.38828125 0.8626736109375 0.38046875 0.8348958328125 0.38203125 0.7890625 0.378515625 0.7786458328125 0.373828125 0.77586805625 0.3671875 0.78350694375 0.36640625 0.8029513890625001 0.37109375 0.8196180562500001 0.36875 0.8612847218749999 0.37578125 0.8876736109374999
1 0.35625 0.973784721875 0.3609375 0.9779513890625001 0.37421875 0.973784721875 0.3796875 0.936284721875 0.378125 0.9029513890625 0.36953125 0.8682291671875 0.3703125 0.8140625 0.365234375 0.8036458328125 0.358203125 0.805034721875 0.353125 0.816840278125 0.35703125 0.8640625 0.3484375 0.9140625 0.34921875 0.9404513890625001 0.35625 0.973784721875
1 0.3265625 0.948784721875 0.33046875 0.9529513890625001 0.34375 0.948784721875 0.34921875 0.90850694375 0.3484375 0.8835069437499999 0.3390625 0.848784721875 0.340625 0.804340278125 0.334765625 0.7911458328125 0.327734375 0.792534721875 0.3234375 0.8015625 0.3265625 0.854340278125 0.31953125 0.8904513890625001 0.3203125 0.91961805625 0.3265625 0.948784721875
1 0.296875 0.9223958328125 0.30390625 0.93211805625 0.313671875 0.930034721875 0.31796875 0.9182291671874999 0.3203125 0.873784721875 0.31015625 0.83211805625 0.3109375 0.7890625 0.303515625 0.7786458328125 0.2953125 0.7904513890625 0.2984375 0.8390625 0.29296875 0.8598958328125 0.2921875 0.8779513890625001 0.296875 0.9223958328125
1 0.9165728468750001 0.541874859375 0.9079444671875001 0.541874859375 0.9037567375 0.5424973625 0.8976626671875 0.555476878125 0.896471771875 0.6371709359375 0.8921875 0.6528946015624999 0.8921875 0.8015625 0.9090652328125 0.8015625 0.9108860265625001 0.7991417625 0.9211600171875001 0.7581553390625 0.92432149375 0.7351772515625 0.9255256859375001 0.6980976984374999 0.91574260625 0.638744 0.9230109984375 0.5612638296875 0.9214451718750001 0.54998265625 0.9165728468750001 0.541874859375
1 0.8922566609375 0.809375 0.8922566609375 0.6762390359375 0.882314009375 0.639444665625 0.8820777843750001 0.565179521875 0.8763777171875 0.5510869796875 0.8693642578125 0.5468121953125 0.8622181671875 0.549972109375 0.859375 0.556712878125 0.859375 0.5958458531249999 0.8636610609375 0.642279165625 0.859375 0.6685636109375 0.859375 0.7007940343750001 0.862771515625 0.7249595281250001 0.8645572906249999 0.788930303125 0.8691251140624999 0.8063318265625 0.8712563937500001 0.809375 0.8922566609375 0.809375
1 0.8182291671874999 0.8156828703125001 0.821875 0.8203125 0.8361979171874999 0.8207754625 0.8421875 0.817534721875 0.8505208328125 0.7814236109375 0.853125 0.7527199078125 0.8515625 0.7036458328125 0.8401041671874999 0.6406828703125 0.84375 0.5693865734375001 0.8377604171874999 0.55225694375 0.8309895828125 0.548553240625 0.82265625 0.5531828703125 0.8171875 0.567534721875 0.8208333328125 0.6462384265625 0.8109375 0.691608796875 0.8078125 0.7267939812499999 0.8114583328125 0.7832754625 0.8182291671874999 0.8156828703125001
1 0.7872395828125 0.660590278125 0.809375 0.6869791671875 0.8119791671875 0.6832754624999999 0.8130208328125 0.6721643515625 0.8057291671875 0.641608796875 0.8078125 0.5564236109375 0.8028645828125001 0.5448495375 0.7934895828124999 0.5411458328125 0.784375 0.55086805625 0.7822916671875 0.561053240625 0.7859375 0.62679398125 0.7838541671875 0.65179398125 0.7872395828125 0.660590278125
0 0.6903645828125 0.804108796875 0.6973958328125 0.8064236109374999 0.71640625 0.8068865734374999 0.7247395828125 0.80225694375 0.7369791671875 0.7851273140624999 0.746875 0.75179398125 0.7473958328125 0.7267939812499999 0.7416666671875001 0.6934606484375 0.7299479171875001 0.6689236109375 0.7169270828125 0.6587384265624999 0.7002604171875 0.6568865734375 0.68828125 0.6642939812499999 0.6729166671875 0.686053240625 0.665625 0.7101273140625001 0.6630208328125 0.7406828703125 0.6671875 0.7592013890625 0.6731770828125 0.773553240625 0.6809895828125 0.7754050921875 0.6854166671875 0.7804976859375 0.6903645828125 0.804108796875
2 1 0.3755427296875 0.8815104171874999 0.3698495375 0.79921875 0.3726273140625 0.6705729171875 0.37077546250000004 0.6390625 0.3687983390625 0.6390625 0.4332075203125 0.78515625 0.442071759375 0.89765625 0.4439236109375 0.96328125 0.45040509218749997 0.9903645828125001 0.4457754625 1 0.44615332187499995 1 0.3755427296875