1 0.13262186250000002 0.559375 0.1277618453125 0.5429898390625 0.12406269375000001 0.512516175 0.124194096875 0.4246886265625 0.1210862390625 0.380244178125 0.107437934375 0.3196243921875 0.088455846875 0.2892546796875 0.074598375 0.27934303125 0.0464630734375 0.27934303125 0.028299596875 0.2924073328125 0.013785054687500001 0.3259265078125 0.0118255015625 0.34275695 0.0150390515625 0.3662861765625 0.01864536875 0.3842189 0.0233792859375 0.3902437078125 0.0473066734375 0.38480779374999996 0.055554075 0.39622438125000004 0.05759360625 0.4253910484375 0.0510943765625 0.43897445625 0.03995835 0.4479219484375 0.0368754828125 0.4655082453125 0.042238540625 0.486136859375 0.046583976562500004 0.4866061140625 0.051364310937500005 0.4989014 0.059223228125000006 0.5047624328125 0.07229738125 0.534744778125 0.073325453125 0.559375 0.13262186250000002 0.559375
1 0.3089716515625 0 0.31751739218749997 0.051728131249999997 0.3374852265625 0.13324410312499999 0.3390024453125 0.179302409375 0.33222751562499997 0.24066103593750002 0.33712553125 0.3169525703125 0.3458205171875 0.36559394218749997 0.3785407625 0.442159434375 0.38185705625 0.4796875 0.40615558125 0.4796875 0.40665169062499995 0.479404240625 0.409375 0.471620865625 0.409375 0.23815469375 0.40919582187500003 0.23695815156250002 0.4000658328125001 0.20425847187500001 0.38773901093749996 0.1722964125 0.37674544375 0.155421815625 0.3657424640625 0.1175763671875 0.3605141765625 0.0632265296875 0.3600553390625 0 0.3089716515625 0
1 0.5319613203125 0 0.5310468265624999 0.014422928125000001 0.5310468265624999 0.05218134375 0.5345177203125 0.10443950312500001 0.533629559375 0.144589346875 0.5310468265624999 0.1556602359375 0.5310468265624999 0.4265625 0.533171528125 0.4265625 0.5666552625 0.40526050312499995 0.5714173640625 0.394535215625 0.5817862609375 0.3429847453125 0.584375 0.31445896093750003 0.584375 0.22510206562500001 0.5819836421875 0.1982355296875 0.5683264578125 0.151036784375 0.5710332296875 0.08688694218750001 0.579491665625 0 0.5319613203125 0
1 0.7708378875 0 0.7784015375 0.0857843171875 0.7594002234375 0.183131946875 0.7598545171875 0.26139398593749996 0.7696095390625 0.3291319453125 0.78410738125 0.37755171718749997 0.8025787671875001 0.384375 0.8109375 0.384375 0.8109375 0.0692170734375 0.8108541359375 0.0680249125 0.8109375 0.067030528125 0.8109375 0 0.7708378875 0
1 1 0 0.98003759375 0 0.9794642859374999 0.01525 0.9744642859375 0.061250000000000006 0.9662499999999999 0.09225 0.9430357140625001 0.14125000000000001 0.9344642859375 0.18525 0.93875 0.20325000000000001 0.9380357140625 0.25325000000000003 0.9333928578125 0.26625 0.9316071421875 0.26325 0.9337500000000001 0.25125000000000003 0.9316071421875 0.23725000000000002 0.9344642859375 0.23125 0.9326785718749999 0.22025 0.92875 0.23525000000000001 0.9280357140625 0.27925 0.9330357140625001 0.36324999999999996 0.9405357140625 0.39025 0.9476785718750002 0.40225 0.9566071421875 0.40525 0.9676785718750001 0.39025 0.9966071421875 0.32525 1 0.3076749984375 1 0
1 0.8150000000000001 0 0.8230357140625 0.07125000000000001 0.8305357140625 0.08625000000000001 0.8358928578124999 0.08725000000000001 0.8476785718750002 0.08425 0.8558928578125 0.06725 0.875178571875 0.0032500000000000003 0.8756988921875 0 0.8150000000000001 0
1 0.629472709375 0 0.6294642859375 0.00125 0.6480357140625 0.08725000000000001 0.657678571875 0.11025 0.6680357140625001 0.11325 0.677678571875 0.10425 0.68875 0.06525 0.6994642859375 0.0072499999999999995 0.7000618140625 0 0.629472709375 0
1 0.45786785781250006 0 0.4608928578125 0.01925 0.48375 0.10725 0.49124999999999996 0.11825000000000001 0.5016071421875 0.11725000000000001 0.515178571875 0.08925 0.5223214281249999 0.03525 0.5244919953125 0 0.45786785781250006 0
1 0.49031876875 0.559375 0.4893336234375 0.6148695890625 0.4981606875000001 0.703427765625 0.501262234375 0.761931159375 0.5008832140624999 0.7998090906249999 0.4906370375 0.8683182015625001 0.458379271875 0.9868084906250001 0.457478990625 1 0.628501253125 1 0.6067432531250001 0.9351214796875 0.6033111734375 0.91727379375 0.5922965109375 0.8821642296875 0.5827473734374999 0.8416266546875001 0.5786166765624999 0.813551271875 0.576747096875 0.795831134375 0.57624971875 0.737540315625 0.5826920859375 0.6298872265625001 0.5819486296875 0.587294634375 0.57880463125 0.559375 0.49031876875 0.559375
1 0.4250079234375 1 0.42040003437499995 0.959739253125 0.4221945625 0.9291472765625001 0.430430653125 0.8757349359375001 0.44172157968750003 0.823467040625 0.44375 0.8025014046875001 0.44375 0.7957101921875 0.440752690625 0.7740651843749999 0.43428812656249993 0.7591852390625 0.4284591015625 0.7531926421875 0.41974525781250005 0.750721646875 0.4060929640625 0.7581444734375 0.396792203125 0.7737836640625 0.3938669203125 0.78474909375 0.38372305781250005 0.9255262546875 0.3795753171875 0.945714525 0.366381846875 0.9885410578125 0.36442644687500003 1 0.4250079234375 1
1 0.721875 1 0.721875 0.99323458125 0.7105522703125 0.9592039296875001 0.699175828125 0.9161221453125 0.6940522390625 0.8652781046874999 0.691347146875 0.7892157 0.688683946875 0.7735568453124999 0.685302815625 0.7625822140625 0.6755759921875 0.7468288890625 0.6646575234375 0.7403150640625 0.6627460187499999 0.7403150640625 0.65383334375 0.7423924578125 0.6446497296875 0.7530962625 0.639010540625 0.7733721609374999 0.638222146875 0.7919998625 0.6418565515625 0.8215476046875001 0.6531006453125 0.87021224375 0.6586212859375 0.9043077296875 0.6621204859375001 0.9468730265625 0.655151234375 1 0.721875 1
1 0.38394614843749997 1 0.39635416718750005 0.9075231484374999 0.3958333328125 0.8667824078125002 0.3893229171875 0.85335648125 0.38255208281249997 0.8487268515625 0.3705729171875 0.8524305562500001 0.36354166718750003 0.8714120375000001 0.36302083281249997 0.8908564812499999 0.36614583281249996 0.9260416671874999 0.36510416718750005 0.9834490734374999 0.36065765 1 0.38394614843749997 1
1 0.7276795125 1 0.7197916671875 0.9695601859374999 0.7197916671875 0.86585648125 0.71328125 0.846875 0.70703125 0.8422453703125001 0.6986979171875001 0.843171296875 0.6901041671875 0.8547453703125001 0.6869791671875001 0.8695601859375 0.6875 0.8973379625 0.6921875 0.9353009265625 0.7015625 0.9853009265625001 0.705788484375 1 0.7276795125 1
1 0.36020972812499996 1 0.36614583281249996 0.9760416671875 0.3645833328125 0.9112268515625 0.3606770828125 0.899652778125 0.35390625 0.90335648125 0.35 0.913078703125 0.34947916718750005 0.9964120375000001 0.3484890921875 1 0.36020972812499996 1
1 0.5973958328125001 0.913078703125 0.6130208328125001 0.96585648125 0.6171875 0.9714120375 0.6197916671874999 0.9464120375 0.6192708328125001 0.9140046296875 0.61171875 0.899652778125 0.6018229171874999 0.899652778125 0.596875 0.906597221875 0.5973958328125001 0.913078703125
1 0.7411764703125 1 0.7380208328125 0.988078703125 0.7359375 0.906597221875 0.7309895828124999 0.894097221875 0.72265625 0.8913194437499999 0.7203125 0.8954861109374999 0.71875 0.9103009265625 0.7192708328124999 0.9677083328125 0.7276692703125 1 0.7411764703125 1