1 0.2688011484375 0.239716046875 0.266882746875 0.1832891546875 0.2652652453125 0.1772024 0.25820325781250003 0.17129199687500002 0.253661334375 0.1738241140625 0.2515625 0.1815968203125 0.2515625 0.190842121875 0.254761275 0.2195892078125 0.25488422499999996 0.2417568390625 0.2515625 0.25687540468750003 0.2515625 0.30078886875 0.2612347453125 0.3140625 0.2751273078125 0.3140625 0.2751273078125 0.26324846874999996 0.2688011484375 0.239716046875
1 0.1700214296875 0.18179015468749998 0.1696622734375 0.24194503125 0.1640625 0.2681643046875 0.1640625 0.3109375 0.18911501718749998 0.3109375 0.19107035625 0.30609303906249996 0.190718328125 0.27649371718750004 0.1832039375 0.24155100937500001 0.186059509375 0.1859499890625 0.18519025312499998 0.17857289062499998 0.179861584375 0.17271349687499998 0.17356848281249998 0.1747472046875 0.1700214296875 0.18179015468749998
0 0.33514635312499996 0.2659514140625 0.334375 0.26869184218750003 0.334375 0.309375 0.3811125625 0.309375 0.3833427484375 0.300314728125 0.3823158140625 0.2742674625 0.3754239828125 0.2576239 0.3663508109375 0.24967045937500001 0.359098071875 0.2481170546875 0.3527331890625 0.2481170546875 0.34428716875 0.253026015625 0.33514635312499996 0.2659514140625
2 0.4 0.3137493 0.0296875 0.3137493 0.0296875 0.35472853125000003 0.03154453125 0.38437957031250003 0.2452532 0.3859375 0.4 0.3859375 0.4 0.3137493
1 0.799937021875 0 0.8044002109375 0.0430523125 0.8040176984375 0.0930295796875 0.790625 0.14681093437499998 0.790625 0.28599888125 0.7908982046874999 0.287724078125 0.8031126734375 0.33317096562500004 0.8133825890625002 0.3421875 0.8250794265625 0.3421875 0.8303594421875001 0.3365420109375 0.84093053125 0.2848803375 0.85593050625 0.24419338281249997 0.8591147515625 0.208014075 0.8540608421875 0.1568070421875 0.8376437750000001 0.0906632125 0.8351329859375 0.0643652515625 0.8374922187500001 0 0.799937021875 0
1 0.8355412703125001 0 0.8321206359375001 0.072757771875 0.8479278062500001 0.1460720578125 0.8535752453125 0.21875 0.8536066734375 0.21875 0.8594436265625 0.20939110625000001 0.868784134375 0.17234613125 0.874399221875 0.1114170296875 0.8706282578125 0.06943184531249999 0.85799163125 0.014400628125 0.8585784125 0 0.8355412703125001 0
1 0.8749044578125 0 0.8764389453125 0.013151865625 0.898482475 0.0829963546875 0.8988681156249999 0.085715884375 0.8988681156249999 0 0.8749044578125 0
1 0.7188836343749999 0 0.71015625 0.049131943750000004 0.71015625 0.064409721875 0.725 0.1171875 0.72890625 0.1796875 0.7328125 0.18663194375 0.747265625 0.1859375 0.75625 0.1755208328125 0.76328125 0.13524305625 0.765625 0.0907986109375 0.7625 0.053298610937500004 0.74835826875 0 0.7188836343749999 0
1 0.671681315625 0 0.6734375 0.014409721875 0.67421875 0.051909721875 0.6640625 0.10607638906250001 0.6609375 0.176909721875 0.66640625 0.2157986109375 0.67890625 0.26163194375 0.690625 0.27690972187499996 0.705078125 0.2776041671875 0.71640625 0.2671875 0.72734375 0.20052083281250002 0.728125 0.1588541671875 0.72265625 0.11024305625 0.7015625 0.03663194375 0.7010599281250001 0 0.671681315625 0
1 0.564675071875 0 0.56640625 0.013020832812499999 0.565625 0.0380208328125 0.55625 0.0880208328125 0.55625 0.13663194375 0.559375 0.16579861093749998 0.5734375 0.2171875 0.5859375 0.2296875 0.601171875 0.22760416718749998 0.6109375 0.2088541671875 0.61640625 0.17135416718750002 0.61796875 0.1088541671875 0.609375 0.0657986109375 0.59296875 0.021354167187500002 0.5922180171875 0 0.564675071875 0
0 1 0.282999465625 0.99765625 0.27274305625 0.966015625 0.21788194375 0.935546875 0.1984375 0.912890625 0.1998263890625 0.873828125 0.23315972187499998 0.853125 0.2796875 0.84453125 0.314409721875 0.8421875 0.3421875 0.84375 0.389409721875 0.8515625 0.4282986109375 0.86015625 0.4546875 0.871875 0.47413194374999995 0.87890625 0.5005208328124999 0.897265625 0.51788194375 0.9234375 0.5255208328125 0.942578125 0.526215278125 0.959765625 0.5109375 0.99296875 0.4407986109375 1 0.41517361093750005 1 0.282999465625
1 0 0.5296875 0 0.7359375 0.0060572578124999995 0.7359375 0.015565399999999998 0.72514640625 0.025698209374999996 0.6686569875 0.027010895312499998 0.6172225984375 0.023455253125 0.5891718 0.0078505296875 0.5296875 0 0.5296875
1 0.6886959125000001 0.5296875 0.699021359375 0.579950128125 0.7083899546875 0.649694828125 0.7089981625 0.68112171875 0.7069892546875 0.7022542375 0.6946413781249999 0.7837881828125 0.6944667703125 0.8696536328125 0.6990119640625 0.90682715 0.7183734453125 0.9789423156249999 0.7258784921875 1 0.78563865625 1 0.78563865625 0.760674609375 0.7604636109375 0.6819721421875 0.7562225203125 0.660512071875 0.7517970015625 0.6058005546875 0.7522384234375 0.5296875 0.6886959125000001 0.5296875
1 0.5921875 0.5296875 0.5921875 0.590653978125 0.5937025015625 0.6029767406250001 0.59617138125 0.6448860875 0.5952658921875 0.6671083109375 0.5921875 0.6832163546875 0.5921875 0.87042820625 0.6026439625 0.9088501078125001 0.608377203125 0.9140625 0.6141618234375 0.9140625 0.6294102859375 0.9118012546875001 0.63639230625 0.9006063703125001 0.6450192109375 0.8426370578124999 0.6485969515625 0.8317079578125 0.6518268765624999 0.778064921875 0.64820314375 0.7388726828125 0.6278593921875 0.661581678125 0.6251567687499999 0.638221184375 0.629065075 0.5296875 0.5921875 0.5296875
1 0.4 0.5296875 0.4 0.8107414984375 0.41012908281250005 0.8530736125 0.41668853125 0.8948251375 0.42291236874999993 1 0.59003488125 1 0.5560633390625 0.9322726218749999 0.5276837984375 0.888318459375 0.50773280625 0.8508773390625001 0.49786998281250006 0.8213745124999999 0.49375505156250005 0.7997089640625 0.4841032875 0.78561803125 0.47889971718749996 0.77317133125 0.500132325 0.7793661078125 0.47619240312500005 0.7592420328125 0.49695115 0.75618159375 0.4911629484375 0.74033175 0.4877789609375 0.7365553109375 0.4855042421875 0.726333759375 0.481272828125 0.7253108515625 0.4626885890625 0.5296875 0.4 0.5296875
1 0.46588541718750004 0.7564236109375 0.47239583281249997 0.7596643515625 0.47291666718750003 0.754108796875 0.46848958281249997 0.749016203125 0.46484375 0.7462384265625 0.459375 0.748553240625 0.46067708281249997 0.7582754625 0.46588541718750004 0.7564236109375