1 0.8984375 0 0.8984375 0.0048502499999999995 0.9230369281249999 0.118422128125 0.91404066875 0.25 0.9627750453124999 0.25 0.9694096359375 0.246605009375 0.9890960609375 0.1544545859375 0.9890960609375 0.00854314375 0.987994865625 0 0.8984375 0
1 0.8175006343749999 0 0.8078125 0.040929934375 0.8078125 0.06545356875 0.831586103125 0.1844308046875 0.8319669890625001 0.25 0.9033255125 0.25 0.9033255125 0.016655540625 0.899760146875 0.004536625 0.8997813687499999 0 0.8175006343749999 0
1 0.6933894640625 0 0.6923801734375 0.017328859375 0.6640625 0.09494891562499999 0.6640625 0.25 0.771392065625 0.25 0.7748718312499999 0.138027428125 0.7582550749999999 0.039069718749999996 0.7630233609375 0 0.6933894640625 0
1 0.5522412609374999 0 0.5531951109375 0.0445950609375 0.515625 0.197882284375 0.515625 0.25 0.6627242984375 0.25 0.6210727 0.0334362125 0.6259016203125001 0 0.5522412609374999 0
1 0.41875 0 0.41875 0.25 0.5177302078125 0.25 0.5288396171875 0.1695026140625 0.48279612031249997 0 0.41875 0
1 0.6561431359375 0 0.6474367984375 0.031431878125 0.654927434375 0.153125 0.7072545359375 0 0.6561431359375 0
1 0.4827380953125 0 0.5275866109375 0.14783399531250002 0.542567884375 0.031431878125 0.533465803125 0 0.4827380953125 0
1 0.3077527375 0.5864860921874999 0.3047816109375 0.513569425 0.3083257875 0.5008019109375 0.3083257875 0.43814710156250003 0.305903759375 0.4262058171875 0.281192921875 0.39427385625 0.287766571875 0.3257966421875 0.2823999578125 0.3089935828125 0.2669195375 0.29293667343749996 0.23748670624999998 0.29832285625 0.223704071875 0.32393261406249996 0.23706887031249999 0.42212206406249997 0.2135119890625 0.45681130468750003 0.2131976296875 0.4682469046875 0.22396535156250003 0.4643984875 0.22660621406249998 0.4717583484375 0.2125 0.5299313078125 0.2125 0.55626355625 0.21823130000000002 0.61093250625 0.2379654796875 0.6739326109375 0.2517136203125 0.6857773921875 0.253447325 0.6859375 0.277479665625 0.6859375 0.28600373125 0.6846942687500001 0.2978843078125 0.6507057125 0.3077527375 0.5864860921874999
1 0.358332753125 0.25 0.36144366875 0.2818359375 0.373837253125 0.3068359375 0.3786610171875 0.3360026046875 0.35381220625 0.3922526046875 0.35 0.42449734687500007 0.35 0.430483728125 0.3607286078125 0.5110026078125001 0.3738502328125 0.5485026078125 0.3810530484375 0.553125 0.4115351171875 0.553125 0.41875 0.54787236875 0.41875 0.38239755625000005 0.3957271765625 0.333919275 0.40547651875 0.25 0.358332753125 0.25
1 0.117543 0.291947159375 0.114752171875 0.33986382812500004 0.1207296421875 0.397541596875 0.1 0.44504920312500007 0.1 0.6359375 0.13101496562499998 0.6359375 0.1428343421875 0.6325286015625 0.17365867968749998 0.5307804328125 0.1744016453125 0.49130635937499995 0.151130259375 0.40993971875 0.16261281875 0.2929452671875 0.1447196640625 0.26618602812500003 0.127046803125 0.275721228125 0.117543 0.291947159375
1 0.021035775 0.25 0.01411498125 0.25935652187499997 0.024422215625 0.3673716046875 0 0.42289604999999997 0 0.5604616546875001 0.002177575 0.5640625 0.015435965625 0.5640625 0.0334694421875 0.5577010890625 0.0476410265625 0.5385419109375 0.055441406250000005 0.540397921875 0.064283625 0.49743953750000003 0.0784430890625 0.4803636921875 0.0771351203125 0.436659159375 0.050984715624999996 0.3665987140625 0.06410286093749999 0.2599850015625 0.0583380578125 0.25 0.021035775 0.25
1 0.14375 0.25 0.14375 0.2536570734375 0.166514565625 0.28854166718749996 0.171240096875 0.334375 0.16542660625 0.346875 0.165828403125 0.403125 0.193374709375 0.47604166718749996 0.20453869375 0.46168430625 0.20453869375 0.39015441093750003 0.177490096875 0.334375 0.189661059375 0.2802083328125 0.189864840625 0.25 0.14375 0.25
1 0.6994369015624999 0.45811955312499997 0.70094415 0.36105645468750003 0.69365270625 0.344891009375 0.6862012875 0.34036775937499997 0.6815193328125 0.34036775937499997 0.6764086140625001 0.343002015625 0.66969415 0.360147171875 0.6782865593749999 0.45611689999999994 0.6671875 0.517301890625 0.6671875 0.582126821875 0.6757592984375 0.62389966875 0.6832205203124999 0.64423178125 0.6887161265625 0.646875 0.7052736015625 0.646875 0.7092509124999999 0.6415210828125 0.7110256828124999 0.63195190625 0.7110256828124999 0.5011910765625001 0.6994369015624999 0.45811955312499997
1 0.6099632421875001 0.7054470484375 0.6155773890624999 0.7109375 0.6369182015625 0.7109375 0.6369182015625 0.5380290421874999 0.62611599375 0.49989149531250004 0.625194153125 0.3901692703125 0.6191048578125 0.37280816093749997 0.607601103125 0.3630859390625 0.595424678125 0.3686414921875 0.5890625 0.3858711828125 0.5890625 0.38683579999999995 0.5910363109375 0.420724828125 0.5994172296875 0.47072482656250003 0.6004156375 0.50128038125 0.5897506671875 0.5596137156250001 0.5890625 0.5703597453125 0.5890625 0.6036990375 0.5942275 0.64989149375 0.6099632421875001 0.7054470484375
2 0.41875 1 1 1 1 0.8374026375 0.9626404828125 0.8403843890625 0.5960192375 0.8563384187499998 0.41875 0.8728125 0.41875 1