1 0.4160409546875 0.1447924359375 0.41567675625 0.2115136453125 0.4078125 0.2395013484375 0.4078125 0.377900365625 0.42034025625 0.37699141875 0.437891953125 0.3104702015625 0.43953130937499996 0.2785166671875 0.4313463015625 0.22142677187499998 0.4407252234375 0.149250003125 0.4363311828125 0.14016313593750002 0.41914368281250003 0.13996314062499998 0.4160409546875 0.1447924359375
1 0.3748682109375 0.3578125 0.37890625 0.3521035265625 0.3890625 0.2919022828125 0.3890625 0.2712673609375 0.38828125 0.25526330625 0.37578125 0.1991984140625 0.37890625 0.140992415625 0.37408585156249996 0.1375 0.3714271859375 0.1375 0.35625 0.1386803546875 0.35859375 0.19849807656250001 0.3453125 0.26485505468750004 0.3453125 0.2793457953125 0.3484375 0.321695353125 0.3578125 0.3567995765625 0.370151590625 0.3578125 0.3748682109375 0.3578125
1 0.315069128125 0.1860155421875 0.31613063124999996 0.14296907812499998 0.3133396921875 0.138092059375 0.2965832203125 0.141466559375 0.297897790625 0.1873044375 0.2890625 0.23194802343749998 0.2890625 0.29718292343749997 0.2972994484375 0.33729080312500004 0.299300128125 0.3390625 0.3167369078125 0.3390625 0.3199395375 0.33603372343750004 0.3281915234375 0.2865882921875 0.3281915234375 0.25198930937499997 0.327337359375 0.23330594218749998 0.315069128125 0.1860155421875
0 0.498423815625 0.20897135156250002 0.47386550625 0.2177274234375 0.4671875 0.2301101921875 0.4671875 0.33275413125000003 0.4747877671875 0.34375 0.51004371875 0.34375 0.5176057968750001 0.3321597234375 0.5286564828125 0.32919102968749997 0.5334909921875 0.315921584375 0.5279532578125 0.2410715890625 0.5173891375 0.22251932187499998 0.498423815625 0.20897135156250002
1 0.8799022437499999 0.45 0.883405825 0.4185879296875 0.8792647765625 0.40788220781250006 0.8757592671874999 0.40598793281249995 0.8676661187500001 0.40960072968750005 0.8637544828125 0.41650578125 0.8620111906249999 0.4257529203125 0.8616895343750001 0.45 0.8799022437499999 0.45
1 0.9236056218750001 0.45 0.9257922546875001 0.42226141406249995 0.9223953406250001 0.40982959843750005 0.9146960249999999 0.4071881890625 0.9079403750000001 0.41332034531249995 0.9049211921874999 0.4235509875 0.9051098109375 0.45 0.9236056218750001 0.45
1 0.8427222078125001 0.45 0.8432291671875 0.42251157343749995 0.8388020828125 0.4109375 0.8361979171874999 0.4109375 0.8349696328124999 0.45 0.8427222078125001 0.45
1 0.6 0.46071718125 0.5991683531249999 0.45872822968750004 0.5917708703125 0.4578125 0.5862095734375 0.4578125 0.5765625 0.4683932484375 0.5765625 0.7839121984374999 0.5771262484374999 0.784375 0.5776168890625 0.784375 0.5935018125 0.781168628125 0.6 0.7721258609375 0.6 0.5814926687499999 0.599725153125 0.5803696421875 0.6 0.57352543125 0.6 0.46071718125
1 0.21328125 0.75506051875 0.230349846875 0.834375 0.23189141562499999 0.834375 0.241796875 0.8305279984375 0.246875 0.818929359375 0.253125 0.7636284718749999 0.253125 0.7205729156249999 0.246875 0.6814293593749999 0.22734375 0.629244634375 0.225 0.518038021875 0.219140625 0.5032159375 0.207083071875 0.4984375 0.202347478125 0.4984375 0.19296875 0.5097884046875001 0.190625 0.522192903125 0.19453125 0.5612409609375 0.20390625 0.6074562953125 0.203125 0.64631335 0.19765625 0.676646071875 0.2046875 0.69776590625 0.21328125 0.75506051875
0 0.45562550625 0.6340275281250001 0.44155768125000006 0.599920209375 0.42181633593749995 0.581751025 0.397613746875 0.5829990140625 0.3840088109375 0.6019744499999999 0.3765625 0.64125619375 0.3765625 0.6500112390625 0.3839174421875 0.6815237640625 0.39762820468750004 0.7045716453124999 0.40928192656249995 0.7078125 0.43325940625000003 0.7078125 0.43966093125 0.705457584375 0.453847396875 0.6826250015625 0.45826015625 0.6590411625 0.45562550625 0.6340275281250001
1 0.9385690578125001 1 0.9462976140624999 0.8595443015625002 0.9160697156250001 0.6923789484375 0.9318494140624999 0.5313093953125 0.912213415625 0.48381704843750006 0.8720857515624999 0.49447103124999997 0.8640625 0.5134100671875 0.8640625 1 0.9385690578125001 1
1 0.7680334625 0.45 0.7566964281249999 0.4867683125 0.7709821421875 0.6317948531249999 0.753125 0.78106723125 0.7674107140624999 0.8594271062499999 0.7654450671874999 1 0.8762983375000001 1 0.878125 0.8750494796874999 0.8352678578124999 0.6844142953125 0.8388392859374999 0.4845598203125 0.823261446875 0.45 0.7680334625 0.45
1 0.63744149375 0.45 0.648933025 0.6420582765625 0.621875 0.752106328125 0.621875 0.7600905250000001 0.629339315625 1 0.7608429953125 1 0.7608429953125 0.8070465875 0.7165315890625 0.6202308359375 0.7206312968749999 0.45 0.63744149375 0.45
1 0.6138392859375 0.536284721875 0.624553571875 0.7140625 0.6459821421874999 0.641840278125 0.637053571875 0.4890625 0.6138392859375 0.536284721875