1 0.47148832343749997 0.2561564328125 0.4581387546875 0.203900478125 0.45791611249999997 0.10497208437500001 0.451549384375 0.08834954843750001 0.4449173359375 0.083791078125 0.43730160781249994 0.083791078125 0.4327562828125 0.08518656875 0.42616683125000004 0.103676378125 0.42659785625 0.122194896875 0.433641640625 0.179077 0.43415886875 0.201299221875 0.4221257859375 0.2651671109375 0.421875 0.26896976562499997 0.421875 0.30239174687500003 0.42309198124999997 0.3290195796875 0.430789515625 0.36930785781250003 0.43879236875 0.40037329687499995 0.44585036093749997 0.40625 0.463558346875 0.40625 0.46893605000000005 0.399707890625 0.47148832343749997 0.3900089625 0.47148832343749997 0.2561564328125
1 0.20439155156250002 0.459375 0.21068819374999997 0.453616859375 0.22254392968749998 0.4105329421875 0.23134705156250002 0.3574549109375 0.2319771859375 0.3288058 0.229446846875 0.2920144234375 0.217740209375 0.2344726671875 0.21793891250000003 0.2132309609375 0.22645537500000001 0.147244559375 0.2273366953125 0.12319778125 0.22193182500000003 0.104557496875 0.21444289843750003 0.0994113765625 0.20172718281250002 0.103770178125 0.1925487203125 0.12317474218749999 0.1906257328125 0.1472761125 0.19243653593750001 0.20533648906250002 0.19098045156250001 0.2303364890625 0.187135915625 0.2517692625 0.184375 0.26115586875 0.184375 0.459375 0.20439155156250002 0.459375
1 0.181887896875 0.2995688515625 0.1789191171875 0.2724619109375 0.1671985203125 0.227039615625 0.16319345937500002 0.198921715625 0.1676725671875 0.14555813281250002 0.1673402734375 0.11310820937499999 0.16247046874999999 0.099278390625 0.15458264375 0.0939418484375 0.15057224687499998 0.0939418484375 0.14320501875 0.0967793984375 0.1365949484375 0.11337758906249999 0.1369434 0.14304973125 0.1413238484375 0.1962101484375 0.140684503125 0.21653800156249997 0.1289406640625 0.26467674375 0.128125 0.2724375921875 0.128125 0.353352546875 0.13092533906249998 0.3713708 0.13960174218750002 0.40264911249999996 0.1491407890625 0.41875 0.163962121875 0.41875 0.1692407578125 0.41340581875 0.17189879218749998 0.4043591359375 0.1783750421875 0.365980428125 0.181887896875 0.2995688515625
0 0.37496316093750004 0.3869837 0.38095605312499997 0.366586059375 0.38348111875 0.34343185 0.38284823437500004 0.30456114218749997 0.3802111125 0.2888416125 0.3735853328125 0.2703685453125 0.3589756421875 0.2505535578125 0.3518619828125 0.24781820156249998 0.315865146875 0.24895320468749998 0.3004511078125 0.26200101249999996 0.290818978125 0.2782547125 0.2859375 0.2912408359375 0.2859375 0.40485673125000005 0.2902519078125 0.41709511875 0.297062290625 0.42862525625 0.3077102953125 0.4359375 0.3441295109375 0.4359375 0.351453109375 0.4329367234375 0.364144309375 0.42175591875 0.3745939546875 0.40086955937499996 0.37496316093750004 0.3869837
1 0.3884780765625 0.2799224984375 0.3950266296875 0.29784877656250003 0.4007026984375 0.33049886562499997 0.4012925640625 0.3484375 0.40129501718749994 0.3484375 0.40129501718749994 0.28561605624999997 0.390136803125 0.248623028125 0.365541559375 0.20009639687499997 0.360469253125 0.180409271875 0.35319421093750003 0.1245807015625 0.3487289890625 0.10677576250000001 0.3396812609375 0.092219478125 0.3207465828125 0.092219478125 0.3161354421875 0.0984135046875 0.315625 0.10752355 0.315625 0.1210999828125 0.3346830140625 0.19552885 0.3369355265625 0.21043466875 0.3362322140625 0.2399429578125 0.33877003125 0.2442461328125 0.35799773749999997 0.24444260468749998 0.3686731578125 0.2506048625 0.3757458734375 0.2574807 0.3884780765625 0.2799224984375
1 0.40030001875 0.39414343125 0.4015625 0.39410995312499997 0.4015625 0.3771934671875 0.40030001875 0.39414343125
1 0.51875 0 0.51875 0.23992349062499999 0.5308773703125 0.27066899375000003 0.5351137609375 0.2734375 0.548777934375 0.2734375 0.555586428125 0.2599171640625 0.5611173109375 0.230049934375 0.5611173109375 0.15634443125 0.556583271875 0.135190315625 0.544282640625 0.1093708609375 0.5406404109375 0.08693011875 0.53938035 0 0.51875 0
0 0.7470276734375 0.14809030625 0.7399370984375 0.1307769203125 0.7261463765625 0.11741460156250001 0.7131471578124999 0.1101072109375 0.688856540625 0.1151210984375 0.6711673109375 0.14367235 0.6640625 0.1578731796875 0.6640625 0.2652181765625 0.67477315625 0.2765625 0.7034775546875001 0.2765625 0.71123843125 0.273946103125 0.730364234375 0.255786009375 0.7368911406249999 0.245335253125 0.745010225 0.216132225 0.749054925 0.178787434375 0.7470276734375 0.14809030625
1 0.24726227500000003 0.6765544703125 0.2414401484375 0.6825053546875 0.23517128281250002 0.6980132187500001 0.24049450156250002 0.7926761859375 0.2353166921875 0.8047937718749999 0.241696 0.81078636875 0.24201926718750003 0.824675259375 0.2265625 0.9043837625 0.2265625 0.9328125 0.244739465625 0.9328125 0.28687642812499997 0.9255692796874999 0.2885239375 0.9239500109375001 0.2885239375 0.88264641875 0.27925524375 0.84946510625 0.272687384375 0.8018604734375 0.2750150328125 0.7007993640625 0.26572880468750004 0.6765544703125 0.24726227500000003 0.6765544703125
1 0.684375 0.6627958390625001 0.684375 0.6890625 0.716835878125 0.6890625 0.716835878125 0.66867609375 0.70706751875 0.6299025125 0.7087378156249999 0.5676210328125 0.70357973125 0.5624381703125 0.6915068062499999 0.5624381703125 0.6885222953125 0.5703673109375 0.6929080390625 0.6247524999999999 0.684375 0.6627958390625001
2 0.555078125 0.7609375 0.7953125 0.7671875 0.976171875 0.75538194375 0.98046875 0.7519097218749999 0.98203125 0.7060763890625 0.975390625 0.6984375 0.544140625 0.695659721875 0.5375 0.7171875 0.5390625 0.744965278125 0.555078125 0.7609375