1 0.2421875 0.32283944375 0.24162709062499999 0.3200106625 0.23951734375 0.30275169375 0.24078631874999998 0.283792240625 0.2421875 0.276711915625 0.2421875 0.2658564359375 0.235413334375 0.2630910890625 0.23210043281249998 0.27208705 0.23185030625 0.286185403125 0.23248609375 0.302669878125 0.228416075 0.312365496875 0.2264734609375 0.32018908281249997 0.2264734609375 0.37413499687499996 0.23174249531250002 0.378125 0.233916846875 0.378125 0.2389733921875 0.372241590625 0.2421875 0.354483340625 0.2421875 0.32283944375
1 0.21875 0.3413758890625 0.21875 0.3146582140625 0.2183184890625 0.3110550875 0.214480340625 0.296138984375 0.2167610546875 0.2804142703125 0.21875 0.26920805312499996 0.21875 0.2665983375 0.21557020312500003 0.26289824687499996 0.2103314984375 0.26336371718749996 0.20656111250000003 0.268143003125 0.20709529531249998 0.27706639375000003 0.20725712812500002 0.30080429531249997 0.202555390625 0.31593553750000003 0.202555390625 0.3676749890625 0.2028100453125 0.3695682578125 0.2064392390625 0.371875 0.21147270312500002 0.371875 0.2146015828125 0.3684521265625 0.21875 0.3413758890625
1 0.522301296875 0.31110202187499997 0.525 0.275074403125 0.525 0.2711246328125 0.523535459375 0.2645992765625 0.516552709375 0.2636609703125 0.5127703296874999 0.27152515 0.513168803125 0.3047583546875 0.5083738359375001 0.3242635140625 0.5083738359375001 0.3758865109375 0.50920214375 0.38125 0.5146343843750001 0.38125 0.5206574953125 0.3804964015625 0.525 0.3596545453125 0.525 0.3239907078125 0.522301296875 0.31110202187499997
1 0.475 0.34341790156249996 0.47875309374999997 0.3699973671875 0.48226260937500004 0.375 0.489736246875 0.375 0.4953125 0.3463369046875 0.4953125 0.32637747968749997 0.49515934375 0.3222977703125 0.48969059374999996 0.29745689375 0.4908201 0.2777812859375 0.4901180375 0.265325275 0.4866075859375 0.261684496875 0.4823950703125 0.26180706875 0.47923564843750005 0.267513378125 0.4809908515625 0.28056256875 0.48109684374999995 0.3032625015625 0.477480446875 0.3199654875 0.475 0.3410324578125 0.475 0.34341790156249996
1 0.06709262499999999 0.2944679859375 0.0703125 0.26790334374999997 0.0703125 0.265633546875 0.0679966453125 0.2606900890625 0.0608722578125 0.260329765625 0.0564054109375 0.2645578984375 0.0549985359375 0.281148140625 0.055362753125 0.29335069375 0.051656171875000004 0.307956909375 0.051656171875000004 0.3703125 0.060486603125 0.3703125 0.067828659375 0.347120634375 0.07020895625 0.3291809109375 0.0686164609375 0.3112107625 0.06709262499999999 0.2944679859375
1 0.03877179375 0.3734375 0.0421295203125 0.363480753125 0.0421875 0.3623831234375 0.0421875 0.3210270515625 0.0387061984375 0.30216523125 0.0387888921875 0.2660538140625 0.035301548437500004 0.26100845625 0.029832798437500002 0.2607218515625 0.02669971875 0.2619469671875 0.023912821875 0.270831440625 0.026670303125 0.303831590625 0.0196348765625 0.3345156109375 0.0202787609375 0.358167665625 0.02255786875 0.36940160781250003 0.024409140625 0.3734375 0.03877179375 0.3734375
1 0 0.38224373749999996 0.00625 0.3667129859375 0.00625 0.3215960484375 0.0036079515625000004 0.30521885000000004 0.00625 0.27481921875 0.00625 0.2727507734375 0.0040562453125 0.2656457859375 0 0.2647213484375 0 0.38224373749999996
1 0.6242721453125 0 0.62362016875 0.0349079953125 0.6021175515625 0.097035946875 0.6021175515625 0.3743305953125 0.6225827515625 0.3875 0.6574661468749999 0.3875 0.6820117609375 0.3296209671875 0.7 0.1614093640625 0.7 0.1426858828125 0.6780045453125 0.030382332812500003 0.682023575 0 0.6242721453125 0
1 0.749244475 0 0.749422228125 0.0318435234375 0.714472403125 0.1383223765625 0.714472403125 0.3549693921875 0.724698928125 0.40887445468749994 0.7563253609375 0.4125 0.78121975 0.4125 0.7402420265625 0.294730121875 0.74276208125 0.22256517343749999 0.7723091656250001 0.148668253125 0.824482259375 0.08875070625 0.809903303125 0 0.749244475 0
1 0.8647706046875001 0 0.8647706046875001 0.078125 0.8904187499999999 0.078125 0.9234375 0.07440914374999999 0.9234375 0.057546128125 0.9149636531249999 0.012540607812499998 0.9159331937499999 0 0.8647706046875001 0
1 1 0 0.952743384375 0 0.9520333921875 0.0367594359375 0.9449163546874999 0.05719498125 0.9449163546874999 0.09729087187499999 0.9910155453125 0.1421875 0.9983578187500001 0.1421875 1 0.12212584687500001 1 0
0 1 0.13836012343749998 0.9890667203125 0.11842237656250001 0.93202110625 0.0782757640625 0.8711505828125 0.0782757640625 0.8078696828125 0.11854789375000001 0.7724847890625 0.1684718875 0.7566046609375 0.22428109218749998 0.7566046609375 0.3351388078125 0.76940106875 0.37443276718749996 0.8258698390625 0.437124428125 0.8287993296874999 0.4390625 0.9228666593749999 0.4390625 0.9703478406249999 0.402039875 1 0.3596712953125 1 0.13836012343749998
1 0.158775584375 0.4390625 0.15919190625 0.47207662812500006 0.156363565625 0.5040119828125 0.14821490312500002 0.5341633859375 0.14821490312500002 0.575 0.1859375 0.575 0.1859375 0.5562876265625001 0.1784165734375 0.5014887421875 0.1795934109375 0.47092409531249996 0.18408313125 0.4390625 0.158775584375 0.4390625
2 0 0.688117 0.1544647859375 0.6816057453125 0.4531206515625 0.6843852890625 0.4669647859375 0.6888792640625001 0.470715746875 0.69939594375 0.4711595625 0.709375 0.5428801062499999 0.709375 0.546875 0.621653721875 0.546875 0.6016631203125 0.5411739296875 0.5863127718750001 0.23555960312500002 0.5819806859375001 0 0.5891112984375 0 0.688117
1 0.73125 0.781390609375 0.73125 0.7637904984375 0.72992724375 0.7410302796874999 0.7200973656249999 0.6992181609375001 0.713076009375 0.6928818 0.698232259375 0.6927090781249999 0.6783548859375 0.75384246875 0.6783548859375 0.8824843296874999 0.6802040453125 0.894733321875 0.684758840625 0.8984375 0.705320125 0.8984375 0.7125023078125 0.8909393734375 0.7276922156250001 0.836909065625 0.73125 0.781390609375
2 0.56875 0.4390625 0.56875 0.6394886203125 1 0.7570970453125 1 0.48445514218749997 0.7949435078125 0.4390625 0.56875 0.4390625