1 0.10814917500000001 0.5755237828124999 0.137511259375 0.5765625 0.140625 0.5765625 0.140625 0.506233384375 0.13391034531249998 0.4815134796875 0.1330199296875 0.40776597499999995 0.129052759375 0.4016522546875 0.1286838609375 0.4016522546875 0.10882345156249999 0.40359819375 0.10567617968750001 0.4085615984375 0.10725483437500001 0.42939493281249996 0.11478391562500001 0.466758540625 0.11558132031249999 0.48761460312500005 0.10750155624999999 0.54631165 0.10814917500000001 0.5755237828124999
1 0.271875 0.57766229375 0.271875 0.4955514359375 0.2604047390625 0.450136040625 0.26031820156249996 0.4028501515625 0.2426188265625 0.400094184375 0.238491703125 0.40513037812499997 0.2422472171875 0.42305859999999995 0.2424359890625 0.4508682109375 0.2305075359375 0.5125523249999999 0.232156571875 0.5597745468750001 0.2349853328125 0.5735679359375 0.23959272031249998 0.578125 0.2644374703125 0.578125 0.271875 0.57766229375
2 0 0.65 0.1547023796875 0.65 0.251481475 0.6443151109375 0.292742265625 0.63381176875 0.329485259375 0.633276309375 0.33125 0.6279379234375 0.33125 0.5767501265625 0 0.5767501265625 0 0.65
1 0.5265625 0.65 0.5265625 0.5418921078125 0.519714503125 0.5194000359375 0.5171778828125 0.472147503125 0.5179173593749999 0.44057509375 0.515712628125 0.4183680265625 0.5063417046875001 0.40147329374999996 0.4955546953125 0.3982179515625 0.49498156406250005 0.3982179515625 0.4878021921875 0.40479664218750006 0.48394179375 0.41929246249999996 0.48625715468749997 0.44984801875 0.49277964999999996 0.4877048984375 0.494995153125 0.5238311640625 0.48449201249999996 0.591878396875 0.4867182859375 0.6419238625 0.48813602968750003 0.65 0.5265625 0.65
1 0.5859375 0.65 0.5859375 0.56718436875 0.575109453125 0.5264640125 0.5734534390625 0.5089138640625 0.576398390625 0.44388682656249995 0.5751985421875 0.4244636046875 0.56808994375 0.407599253125 0.55702701875 0.402993984375 0.5552940953125 0.402993984375 0.5493076109375 0.40743733281249994 0.5429392078124999 0.426705315625 0.5505656203125 0.525609609375 0.53521418125 0.6087598 0.535687303125 0.65 0.5859375 0.65
1 0.9703125 0.65 0.9703125 0.5620271515625 0.9585926078125 0.5172664671875 0.9571828609375 0.4663678390625 0.9597583484375001 0.4347225828125 0.958849625 0.41252765468749997 0.953635034375 0.39750918749999997 0.9425155546875 0.394159134375 0.939797534375 0.394159134375 0.9307668546875 0.4014879765625 0.9255647781250002 0.41705235937499996 0.9320139468749999 0.5177326250000001 0.9204513500000001 0.572091425 0.91797283125 0.6092922359374999 0.9209820718749999 0.65 0.9703125 0.65
1 0.8891419484374999 0.65 0.890625 0.6240740734375 0.8869791671874999 0.5935185187500001 0.8703125 0.5268518515625 0.8703125 0.4796296296875 0.8739583328125 0.44259259218749997 0.8729166671874999 0.42222222187499997 0.8674479171874999 0.40694444374999994 0.86015625 0.40138888906250003 0.85390625 0.40138888906250003 0.8466145828125 0.40694444374999994 0.8401041671874999 0.42592592656250006 0.8458333328125001 0.5111111109375 0.8432291671875 0.534259259375 0.8286458328125 0.602777778125 0.8270833328125 0.6379629625 0.8283643015625 0.65 0.8891419484374999 0.65
1 0.802483975 0.65 0.8010416671874999 0.60555555625 0.7953125 0.5731481484375001 0.7880208328125 0.5490740734374999 0.7838541671875 0.51851851875 0.7880208328125 0.45277777812500003 0.7875 0.4268518515625 0.7799479171875 0.408796296875 0.7747395828125001 0.40601851875 0.76953125 0.40601851875 0.7627604171875 0.41157407343749997 0.7588541671875 0.41851851875 0.75625 0.43148148124999997 0.7567708328125 0.4574074078125 0.7604166671874999 0.48333333281249996 0.7609375 0.5314814812499999 0.753125 0.5666666671875 0.76875 0.597222221875 0.7744791671875 0.615740740625 0.7776041671874999 0.6398148140625 0.7776041671874999 0.65 0.802483975 0.65
1 0.8214737015625001 0.65 0.8234375 0.6074074078125 0.81875 0.5731481484375001 0.80625 0.525 0.8046875 0.503703703125 0.8083333328125001 0.41851851875 0.8052083328125 0.40648148125 0.80078125 0.40046296249999996 0.78984375 0.3976851859375 0.7841145828125 0.40138888906250003 0.78125 0.4074074078125 0.7869791671875 0.42222222187499997 0.7885416671875001 0.43518518593750005 0.7848958328125 0.4916666671875 0.7854166671875 0.534259259375 0.7953125 0.5703703703125 0.8026041671874999 0.6175925921875 0.801996528125 0.65 0.8214737015625001 0.65
1 0.7106770828125001 0.40231481406249997 0.6986979171875 0.40972222187499996 0.6932291671874999 0.42592592656250006 0.6932291671874999 0.45 0.696875 0.47592592656250005 0.6984375 0.5129629625 0.6973958328125001 0.5305555562500001 0.6875 0.5722222218749999 0.6869791671875 0.5824074078125 0.7080729171875 0.5625 0.7270833328125 0.553703703125 0.7223958328125001 0.5314814812499999 0.7208333328125001 0.5120370375000001 0.725 0.4268518515625 0.7190104171874999 0.408796296875 0.7106770828125001 0.40231481406249997
1 0.6034438765625 0.65 0.6036458328125001 0.6324074078125 0.6088541671875 0.615740740625 0.6078125 0.6083333328125 0.6119791671874999 0.5953703703125 0.6333333328125 0.5490740734374999 0.63125 0.515740740625 0.6354166671874999 0.4361111109375 0.6322916671875 0.41851851875 0.62421875 0.40601851875 0.61171875 0.4106481484375 0.6046875 0.4268518515625 0.6036458328125001 0.44444444375 0.6072916671874999 0.49629629687500004 0.60625 0.5166666671875 0.6015625 0.5398148140625 0.5864583328125 0.5861111109375 0.5895833328125001 0.6388888890625 0.5886904765625001 0.65 0.6034438765625 0.65
0 0.7780546171875 0.65 0.778125 0.6490740734375 0.7744791671875 0.6166666671875001 0.7682291671874999 0.5962962968750001 0.7575520828125001 0.5754629625 0.7518229171874999 0.5671296296875 0.74140625 0.559722221875 0.7252604171874999 0.55601851875 0.71015625 0.5606481484375 0.6859375 0.5861111109375 0.6744791671874999 0.6138888890625 0.6713541671875 0.6351851859375001 0.6710565468749999 0.65 0.7780546171875 0.65
1 0.1976900421875 1 0.19411156875 0.987310346875 0.190772159375 0.91224215 0.168243425 0.9094177921875 0.17536156875 0.9878559171875001 0.17321268750000002 1 0.1976900421875 1
1 0.23940344531250002 1 0.239758553125 0.9218789875000001 0.23421966875 0.9088914609375 0.22538658437499998 0.908207328125 0.222335209375 0.908207328125 0.215491303125 0.9214769374999999 0.2211383578125 0.9935718250000001 0.21987558125 1 0.23940344531250002 1
1 0.29027568125 1 0.29173042968749996 0.9397839546875 0.28554377343750004 0.9213410328125 0.27765854375 0.9175838031250001 0.26961299843750003 0.9270414859375 0.26746319218750003 0.938275428125 0.27121989375 1 0.29027568125 1
1 0.350138775 1 0.35234375 0.9255208328125001 0.346484375 0.9081597218749999 0.333203125 0.9081597218749999 0.328125 0.9185763890625 0.32734375 0.932465278125 0.34375 0.951909721875 0.3411489640625 1 0.350138775 1
1 0.303555215625 1 0.29765625 0.97413194375 0.3020184546875 0.934550390625 0.3013331703125 0.9101949406250001 0.278490559375 0.90938309375 0.278125 0.9185763890625 0.285546875 0.9220486109374999 0.29140625 0.9380208328125 0.288775059375 1 0.303555215625 1