1 0.4203125 0.4390625 0.4203125 0.4190061421875 0.4087802296875 0.353160515625 0.407775321875 0.3212888453125 0.41804184843750003 0.2250552515625 0.4151835234375 0.20992302343749997 0.4094817296875 0.20116815 0.4048382078125 0.2005133234375 0.39337655625 0.2005133234375 0.3847390171875 0.2099532390625 0.3797605984375 0.2268382296875 0.38011641093750004 0.34061795625 0.35927603124999996 0.4165276390625 0.35834621875 0.42392537968750005 0.35834621875 0.4390625 0.4203125 0.4390625
1 0.51875 0.194382234375 0.5155619390624999 0.1935392734375 0.5029396968750001 0.1935392734375 0.4993411109375 0.1969576625 0.493202940625 0.21337388124999998 0.4907004265625 0.3120441921875 0.487236021875 0.331725434375 0.4674678109375 0.391479559375 0.4666286140625 0.401092084375 0.4666286140625 0.4390625 0.51875 0.4390625 0.51875 0.35075948437500004 0.5152882937500001 0.333760915625 0.515918615625 0.2976498046875 0.51875 0.274741140625 0.51875 0.194382234375
1 0.6503099156250001 0 0.6503099156250001 0.1286163859375 0.6546596453125 0.1478516484375 0.666630665625 0.1609375 0.6861964734375 0.1609375 0.6997158453125 0.153740875 0.70863380625 0.1381619328125 0.7157966046875 0.104441021875 0.7203125 0.0451847 0.7203125 0.02610399375 0.7183444999999999 0 0.6503099156250001 0
1 0.7526041671874999 0 0.7482291671875 0.016875 0.7573958328125 0.128125 0.7490625 0.169375 0.7473958328125001 0.22937500000000002 0.7532291671875 0.281875 0.7665625 0.335625 0.7778125 0.35125 0.7878125 0.35625 0.8015625 0.35562499999999997 0.8186458328124999 0.34500000000000003 0.8273958328125 0.325625 0.8348958328125 0.275625 0.8348958328125 0.206875 0.8240624999999999 0.143125 0.8157291671875001 0.123125 0.8140625 0.008125 0.80970274375 0 0.7526041671874999 0
1 0.8754745359375 0 0.8748958328124999 0.003125 0.8740625 0.068125 0.8807291671874999 0.118125 0.8890625 0.148125 0.9053125 0.16125 0.9173958328125 0.161875 0.9328125 0.155 0.9415625000000001 0.138125 0.9507291671874999 0.08562499999999999 0.9532291671875001 0.035625000000000004 0.9502604171875 0 0.8754745359375 0
1 0.96875 0.4390625 0.9623958328125 0.381875 0.9532291671875001 0.350625 0.9582291671875 0.230625 0.9453125 0.20249999999999999 0.9319791671874998 0.1925 0.9178124999999999 0.19 0.8978125 0.20125 0.8832291671875 0.23312499999999997 0.8865624999999999 0.350625 0.8748958328124999 0.398125 0.8722114062500002 0.4390625 0.96875 0.4390625
1 0.3199186671875 0.4390625 0.3177854484375 0.5216158656250001 0.313176146875 0.56207558125 0.29021020468750003 0.625594425 0.2828125 0.6666606078124999 0.2828125 0.78140885625 0.2875974140625 0.8200024828125001 0.294090265625 0.828125 0.318639075 0.828125 0.327416921875 0.81953561875 0.34223095937500003 0.7758250921875 0.35701528437499996 0.6890953953125 0.3568885984375 0.651631784375 0.3466001953125 0.5702331484375 0.3515489 0.5103289906249999 0.3625 0.45269808281249996 0.3625 0.4390625 0.3199186671875 0.4390625
1 0.2960723046875 0.4390625 0.295424365625 0.4632294109375 0.286884571875 0.5054880734375 0.28127036250000004 0.514235803125 0.26686476406250004 0.569625453125 0.26686476406250004 0.6835762875 0.268695265625 0.6982795312500001 0.2732329421875 0.70625 0.27323978125 0.70625 0.277361746875 0.6934616703125001 0.28545969531250004 0.6318177625 0.3092068859375 0.5676009750000001 0.316208425 0.524071821875 0.31769226875 0.4390625 0.2960723046875 0.4390625
1 0.2693606890625 0.4390625 0.26829407656250004 0.4497114203125 0.2594135265625 0.46633263437499994 0.2531796859375 0.48526345156249995 0.2531796859375 0.5703125 0.2535891078125 0.5703125 0.277233915625 0.5053396984375 0.2867572765625 0.46649171562499997 0.2892501203125 0.4390625 0.2693606890625 0.4390625
1 0.4620251890625 0.4390625 0.45546875 0.5517361109375 0.4296875 0.628125 0.421875 0.687847221875 0.421875 0.7114583328125 0.4296875 0.7739583328125 0.441796875 0.7899305562500001 0.45859375 0.790625 0.46640625 0.780902778125 0.478125 0.750347221875 0.4921875 0.68506944375 0.49296875 0.63506944375 0.48359375 0.57256944375 0.484375 0.5253472218749999 0.49609375 0.4767361109375 0.499016703125 0.4390625 0.4620251890625 0.4390625
1 0.41781213125 0.4390625 0.4171875 0.45868055625000004 0.4125 0.500347221875 0.39609375 0.5392361109375 0.38828125 0.578125 0.3875 0.628125 0.39296875 0.6767361109375 0.401171875 0.68993055625 0.4140625 0.6920138890625 0.42109375 0.6892361109375 0.428125 0.6322916671875001 0.4453125 0.5711805562500001 0.4375 0.5045138890625 0.4445126484375 0.4390625 0.41781213125 0.4390625
0 0.2640625 0.743402778125 0.25234375 0.690625 0.234765625 0.6454861109375 0.206640625 0.6204861109375 0.165234375 0.621875 0.141015625 0.6413194437499999 0.11875 0.675347221875 0.11015625 0.715625 0.1109375 0.7892361109375 0.121875 0.8350694437499999 0.144140625 0.8927083328125001 0.164453125 0.9052083328125 0.19765625 0.90868055625 0.220703125 0.896875 0.235546875 0.87743055625 0.25234375 0.8420138890625001 0.2640625 0.780902778125 0.2640625 0.743402778125
1 0.7901018687500001 0.7743481953125 0.790625 0.7675058406249999 0.790625 0.7442232703125 0.789803659375 0.7318041187500001 0.7835176890625 0.704341696875 0.7860822390625 0.6468615171875 0.7828503609374999 0.6382228984375 0.7766488484374999 0.63573621875 0.772954528125 0.638683803125 0.769399409375 0.6485637046875 0.7705615046875 0.7012444484375 0.7612913359375 0.737785365625 0.7612913359375 0.775 0.7888649640625001 0.775 0.7901018687500001 0.7743481953125
2 1 0.7752019328124999 0.51875 0.7752019328124999 0.51875 0.8500363249999999 1 0.8209086624999999 1 0.7752019328124999