2 0.4890625 0.0817691578125 0.2606457328125 0.08448367968750001 0.252969096875 0.089344790625 0.2515625 0.144242671875 0.2515625 0.2013306671875 0.327185028125 0.2046875 0.381160003125 0.2046875 0.47101052968749996 0.199761459375 0.4890625 0.20041101249999999 0.4890625 0.0817691578125
1 1 0.41875 1 0 0.75576093125 0 0.727724815625 0.023466696875 0.7039234406249999 0.032234200000000005 0.6956742953124999 0.0419275375 0.654103225 0.0638953796875 0.6474165765625 0.07352504843749999 0.6252504796875 0.080666384375 0.53000644375 0.1500477375 0.49375 0.190146365625 0.49375 0.41875 1 0.41875
1 0.384509665625 0.547834971875 0.3844699140625 0.632398028125 0.3765625 0.6620347515624999 0.3765625 0.7375 0.4088767 0.7375 0.411943115625 0.7373269375 0.41509796718749997 0.7281877421875 0.41521736875000004 0.6921402984375 0.4041305421875 0.6288244125 0.411918103125 0.5453319109375 0.40374233593750003 0.528336884375 0.3911129578125 0.5316239984375 0.384509665625 0.547834971875
2 0.4890625 0.7696706 0.423602628125 0.7760301999999999 0.398144953125 0.783841321875 0.3736835203125 0.7817935203124999 0.255014415625 0.7935716875 0.245019953125 0.7972380234375 0.24375 0.805422509375 0.24375 0.8108479531249999 0.24587128749999998 0.8703125 0.41937140156249997 0.8703125 0.4890625 0.8634714171875 0.4890625 0.7696706
1 0.6768365562499999 0.5788105609375 0.6747217109375 0.582362365625 0.6745376203125 0.6197986984374999 0.6703125 0.6354991328125 0.6703125 0.6859375 0.6798690046875 0.6859375 0.6865300859375 0.663670140625 0.687435728125 0.6442256953125 0.6822854312500001 0.620869253125 0.6859229515624999 0.592995975 0.685529834375 0.584694475 0.6830865562499999 0.5785558921875 0.6808074953125 0.5772625031249999 0.6768365562499999 0.5788105609375
1 0.7073664375 0.5756089984375 0.6995539375 0.576292503125 0.6978839406249999 0.581324490625 0.70192645625 0.61028610625 0.696875 0.6402689171875 0.696875 0.6434831171875001 0.6985886234375001 0.6608329125 0.7038759171875 0.678125 0.712414228125 0.678125 0.712414228125 0.621018678125 0.7088768125 0.6082820625 0.7103307328125 0.5927992328125 0.7096026906249999 0.5802992328125 0.7073664375 0.5756089984375
1 0.4890625 0.6625 0.49230382656250005 0.6625 0.4981225859375 0.6374337156250001 0.49906883750000003 0.619378159375 0.49738018593750005 0.606878159375 0.4941290328125 0.5943781593749999 0.4958565375 0.5763226046875001 0.49479384218750005 0.5742392734375 0.49010634218750004 0.5742392734375 0.4890625 0.5752937578124999 0.4890625 0.6625
1 1 0.5778219578125 0.999609375 0.576909721875 0.991015625 0.576909721875 0.9898238546875 0.5857968203125 0.990377353125 0.5998130609375 0.9910692296875 0.613583403125 0.9887168578125 0.62169806875 0.9863644765625 0.632025828125 0.984375 0.6470486109375 0.984375 0.6595486109375 0.9859375 0.670659721875 0.9890625 0.6817708328125001 0.99140625 0.683159721875 0.998828125 0.682465278125 1 0.6791007234374999 1 0.6151041671875 1 0.6067708328125 1 0.5778219578125
1 0.9428410187499999 0.682776725 0.9455753937499999 0.68347116875 0.9490910187499999 0.682776725 0.9510441437499999 0.679304503125 0.9544462265625 0.6593194546875 0.9540957031249999 0.6359608031249999 0.9518253937499999 0.6195822812499999 0.9502399421875001 0.6119792562499999 0.95094099375 0.59360378125 0.9518253937499999 0.579304503125 0.9498722687499999 0.5772211687500001 0.9420597687499999 0.5772211687500001 0.9401066437499999 0.579304503125 0.9413015921875001 0.5928251625 0.94244079375 0.6069960765625 0.9416521140625 0.61415939375 0.9408878937499999 0.6181933921875 0.9384973999999999 0.631911971875 0.9368324078124999 0.6463943265625 0.9375334593750001 0.6605652453124999 0.9408878937499999 0.679304503125 0.9428410187499999 0.682776725
1 0.912109375 0.6727430562500001 0.9171875 0.6734375 0.919921875 0.6727430562500001 0.921875 0.6692708328125001 0.925 0.6526041671874999 0.92421875 0.6234375 0.91953125 0.608159721875 0.921875 0.5928819437499999 0.921875 0.5789930562500001 0.919921875 0.576909721875 0.911328125 0.576909721875 0.91015625 0.5789930562500001 0.91015625 0.5859375 0.9125 0.5970486109375 0.9125 0.60399305625 0.90625 0.626215278125 0.90546875 0.6359375 0.90625 0.6526041671874999 0.91015625 0.6692708328125001 0.912109375 0.6727430562500001
1 0.88125 0.663715278125 0.8828125 0.66649305625 0.891015625 0.6671875 0.89296875 0.663715278125 0.896875 0.6373263890625 0.896875 0.6234375 0.890625 0.5942708328124999 0.8921875 0.5873263890625 0.8921875 0.5789930562500001 0.891015625 0.576909721875 0.883984375 0.576909721875 0.8828125 0.5789930562500001 0.8828125 0.5845486109375 0.88515625 0.5928819437499999 0.8796875 0.6095486109375 0.878125 0.6178819437499999 0.87734375 0.633159721875 0.878125 0.6345486109375 0.878125 0.645659721875 0.88125 0.663715278125
1 0.961328125 0.67413194375 0.96484375 0.6748263890625 0.969921875 0.67413194375 0.971875 0.6692708328125001 0.9703125 0.6623263890625 0.9703125 0.651215278125 0.96875 0.6414930562500001 0.96875 0.6276041671874999 0.97109375 0.620659721875 0.97109375 0.613715278125 0.96796875 0.5998263890625 0.9703125 0.5859375 0.9703125 0.5789930562500001 0.966015625 0.5755208328125 0.962109375 0.5755208328125 0.959375 0.5789930562500001 0.959375 0.5901041671875 0.9609375 0.601215278125 0.95703125 0.613715278125 0.95546875 0.6234375 0.9546875 0.6401041671875 0.95625 0.6484375 0.95625 0.6609375 0.95859375 0.670659721875 0.961328125 0.67413194375
1 0.92734375 0.6567708328125 0.9308955906249998 0.664776465625 0.934925075 0.66751881875 0.9381829609375 0.6685852890625 0.9360396187500001 0.65456883125 0.9368969578125 0.6408570765625 0.9386116265624999 0.6266882593750001 0.9404120359375 0.6175470875 0.941269365625 0.610691209375 0.941183634375 0.6052065093750001 0.93984375 0.5942708328124999 0.9401548328124999 0.5799159406250001 0.938671875 0.576909721875 0.932421875 0.576909721875 0.93125 0.5789930562500001 0.93203125 0.5928819437499999 0.9288379875 0.6055112140625 0.9264374406249999 0.61724238125 0.9253229093750001 0.6312588421875001 0.9265625 0.6498263890625 0.92734375 0.6567708328125
1 0.9788874609375 0.6174228796875 0.980017415625 0.6013909921875 0.9805600984375001 0.5898184703125 0.9786607 0.583550028125 0.9736408687499999 0.5796925265625 0.9707917796875 0.5830678421875 0.96963003125 0.604236371875 0.9709274453125001 0.6165799109375 0.9694350640625 0.629840084375 0.9684853640625001 0.64599339375 0.9697064046874999 0.6638343499999999 0.9713344625000001 0.6758890484375 0.9805600984375001 0.6758890484375 0.9819168062500001 0.6643165359375001 0.9824594984375 0.6491276171875 0.9827308390624999 0.63466196875 0.9788874609375 0.6174228796875
0 0.733984375 0.9310763890625001 0.740625 0.933159721875 0.754296875 0.9310763890625001 0.7671875 0.8998263890625001 0.76484375 0.870659721875 0.751171875 0.851909721875 0.734765625 0.8546875 0.72265625 0.8776041671874999 0.72421875 0.9095486109375 0.733984375 0.9310763890625001