1 0.33298133750000003 0.067786584375 0.3231466578125 0.078360075 0.3190012921875 0.090914621875 0.3156639734375 0.170026740625 0.3125 0.18071793593750002 0.3125 0.2687766296875 0.330724403125 0.275 0.34062594375 0.275 0.3406412984375 0.2749959171875 0.3436900296875 0.2472045015625 0.33518285468750003 0.1793944078125 0.34790754218750003 0.09041006093750001 0.341461715625 0.06902546875 0.33298133750000003 0.067786584375
1 0.534375 0.0508185390625 0.534375 0.19375 0.5573244828125 0.19375 0.557788084375 0.1932241515625 0.575276540625 0.1318948515625 0.5800135125 0.0929786890625 0.5798115015625 0.0763392953125 0.5759128109375 0.041272296874999996 0.571019175 0.027950918749999998 0.5423733421875 0.028450932812500003 0.534375 0.0508185390625
1 0.6114583328125 0.17945601875 0.615625 0.1859375 0.6388020828125 0.1845486109375 0.65 0.132233796875 0.6526041671874999 0.10723379687500001 0.6526041671874999 0.0757523140625 0.6458333328125 0.0350115734375 0.6408854171875 0.0252893515625 0.6190104171875 0.026215278125 0.6106770828125 0.029918981249999997 0.6010416671875001 0.059085648437500006 0.5989583328125 0.0979745375 0.6010416671875001 0.12482638906250001 0.6114583328125 0.17945601875
1 0.6786458328125 0.16741898125000002 0.6859375 0.1739004625 0.7044270828125001 0.1715856484375 0.7145833328125001 0.1276041671875 0.7182291671875 0.0979745375 0.7182291671875 0.063715278125 0.7140625 0.0350115734375 0.7096354171874999 0.024363426562500002 0.6747395828125 0.026215278125 0.6708333328125 0.032233796875 0.6677083328125001 0.0479745375 0.6661458328125001 0.09241898125 0.66875 0.1183449078125 0.6786458328125 0.16741898125000002
1 0.7453125 0.15630787031249999 0.7515625 0.1618634265625 0.76953125 0.1595486109375 0.7729166671875 0.151678240625 0.7796875 0.113715278125 0.7833333328125001 0.08038194374999999 0.7833333328125001 0.056307870312499994 0.7796875 0.025752314062499997 0.7752604171874999 0.0188078703125 0.73984375 0.0252893515625 0.7359375 0.02945601875 0.7333333328125 0.040567129687499995 0.734375 0.1007523140625 0.7453125 0.15630787031249999
1 0.4734375 0.1785300921875 0.47864583281249995 0.1877893515625 0.4955729171875 0.1882523140625 0.50234375 0.1845486109375 0.5135416671875 0.132233796875 0.5161458328124999 0.1063078703125 0.5161458328124999 0.076678240625 0.5140625 0.055381943749999996 0.5065104171875 0.0336226859375 0.49296875 0.02899305625 0.47369791718750004 0.029918981249999997 0.46979166718750004 0.0350115734375 0.46510416718750003 0.056307870312499994 0.4625 0.07760416718749999 0.46302083281249995 0.11741898125000001 0.4734375 0.1785300921875
2 0.45 0 0.45 0.032696759375 0.46692708281249995 0.032696759375 0.49296875 0.027141203125000003 0.5075520828125 0.0308449078125 0.53671875 0.0308449078125 0.54765625 0.022511573437499998 0.5752604171875 0.029918981249999997 0.6065104171875 0.029918981249999997 0.6169270828125 0.024363426562500002 0.6315104171875 0.022511573437499998 0.6669270828125 0.027141203125000003 0.6825520828125 0.020659721875000002 0.7346354171874999 0.0234375 0.7658854171874999 0.01788194375 0.7690104171875 0.013252314062500001 0.7856770828125 0.01788194375 0.78828125 0.0215856484375 0.8143229171874999 0.020659721875000002 0.8166666671874999 0.0155671296875 0.816498271875 0 0.45 0
1 0.2528177078125 0.5 0.2578125 0.5951388890625 0.24140625 0.678472221875 0.24140625 0.7145833328125001 0.25 0.76875 0.25859375 0.7979166671875 0.265625 0.803472221875 0.278515625 0.8041666671875 0.2875 0.7979166671875 0.2953125 0.7673611109375 0.3015625 0.7201388890625 0.29921875 0.6576388890625 0.284375 0.6020833328124999 0.28046875 0.5729166671875 0.28372395781250004 0.5 0.2528177078125 0.5
1 0.9470562937499999 1 0.9502411531250001 0.9165830203125 0.926385978125 0.8282371796875001 0.9431655140625 0.6770484890625 0.9256833265625 0.6544572015625001 0.8883562171874999 0.6551087484375 0.8596261953125002 0.6591618109375 0.8409432921875 0.678832784375 0.8286082 0.8299438953125 0.8109375 0.8713404796875001 0.8109375 1 0.9470562937499999 1
1 0.6911111109375 0.9386111109375002 0.7311111109375 0.965277778125 0.7866666671875 0.9630555562499999 0.8066666671875 0.9386111109375002 0.827329021875 0.8117299203125 0.8006667828125 0.7281490578125001 0.802222221875 0.609722221875 0.7688888890625 0.5630555562499999 0.71555555625 0.5630555562499999 0.69555555625 0.59194444375 0.70444444375 0.7208333328125001 0.6777777781250001 0.8541666671874999 0.6911111109375 0.9386111109375002
1 1 0.5641666671875 0.9688888890625 0.57194444375 0.9533333328125 0.6008333328125 0.9677501781250001 0.7050309640625001 0.9444444437499999 0.7608333328125 0.9444444437499999 0.8363888890625001 0.97555555625 0.9608333328124999 0.9888888890625 0.965277778125 1 0.96601851875 1 0.5641666671875
1 0.473440171875 0.5 0.477777778125 0.5563888890625 0.45555555625000005 0.62305555625 0.4688888890625 0.7430555562500001 0.50444444375 0.765277778125 0.557777778125 0.7563888890625 0.58 0.645277778125 0.5488888890625 0.5475 0.5510479796875 0.5 0.473440171875 0.5
1 0.5942521359375 0.5 0.58444444375 0.5075000000000001 0.5888888890625 0.6363888890625 0.562222221875 0.7430555562500001 0.5711111109375 0.8141666671875001 0.6111111109375 0.8586111109375001 0.6733333328125 0.849722221875 0.7011277781249999 0.7281490578125001 0.6957954140625 0.687247809375 0.672688084375 0.6250067515625 0.6815754984375 0.52186444375 0.663606365625 0.5 0.5942521359375 0.5
1 0.8468055578125 0.5 0.8177777781250001 0.505277778125 0.802222221875 0.529722221875 0.81555555625 0.645277778125 0.797777778125 0.729722221875 0.821996653125 0.7779418890625001 0.837777778125 0.8230555562500002 0.837777778125 0.6808333328125 0.8955555562499999 0.645277778125 0.9 0.5341666671875 0.889540915625 0.502302928125 0.8806336781249999 0.5 0.8468055578125 0.5
1 0.7109 0.5 0.7133333328125 0.5608333328125 0.7711111109375001 0.565277778125 0.7888888890625 0.5608333328125 0.7914236109375 0.5 0.7109 0.5
1 1 0.5 0.9261640203125001 0.5 0.9311111109375 0.55194444375 0.9044444437500001 0.645277778125 0.94819789375 0.6516814890625 0.9577777781249999 0.5830555562499999 1 0.55618686875 1 0.5
0 0.45 1 0.6774074078125001 1 0.6599999999999999 0.9608333328124999 0.6088888890625 0.9141666671875001 0.5688888890625 0.9008333328125001 0.5111111109375 0.8963888890625 0.502222221875 0.909722221875 0.45 0.945233334375 0.45 1
0 0.45 0.9450362328124999 0.497777778125 0.909722221875 0.5066666671875 0.8963888890625 0.5311111109375 0.889722221875 0.5266666671875 0.885277778125 0.5311111109375 0.849722221875 0.5266666671875 0.8408333328125 0.497777778125 0.8163888890625 0.462222221875 0.80305555625 0.45 0.80305555625 0.45 0.9450362328124999