2 0 0.5388409671875001 0.046570265625 0.540625 0.1828125 0.540625 0.1828125 0.460911021875 0.1806549515625 0.4515161703125 0.1693529171875 0.4467762921875 0 0.44006454531249994 0 0.5388409671875001
1 0.8333039734375 0 0.83371399375 0.0041285546875 0.8167603734375 0.10239709062499999 0.838577109375 0.15625 0.8861702000000001 0.15625 0.8921875 0.12541004375 0.8921875 0.042870571875 0.8733019890625 0.0003393640625 0.8732994218750001 0 0.8333039734375 0
1 0.6010190578125 0 0.5924488671875 0.10686353281250001 0.6139871390625 0.15 0.6265625 0.15 0.6265625 0 0.6010190578125 0
1 0.6550100828125001 0 0.64150995625 0.1200952921875 0.65699668125 0.153727578125 0.690182521875 0.1514854265625 0.7034568578125 0.11561098593750001 0.6942074265625 0 0.6550100828125001 0
1 0.729076653125 0 0.712306415625 0.11112668125 0.7322179203125 0.1582118828125 0.7654037609375 0.15596973125 0.791952434375 0.11561098593750001 0.791952434375 0.0707679375 0.7654037609375 0.0124719734375 0.76608745 0 0.729076653125 0
1 0.9159915140624999 0 0.902571903125 0.09767376718750001 0.9158462390625001 0.1514854265625 0.9556692484374999 0.15596973125 0.9777931421874999 0.0752522421875 0.9556692484374999 0.0214405828125 0.9567827203124999 0 0.9159915140624999 0
1 1 0 0.9931576249999999 0 0.9777931421874999 0.09767376718750001 0.9866426984375 0.14251681562500002 1 0.1455250375 1 0
1 0.24977143906250002 0.6890625 0.24797982031250002 0.7500712765625 0.2847943484375 0.8796875 0.3226218890625 0.8796875 0.356723896875 0.87630001875 0.375 0.8727787499999999 0.375 0.6890625 0.24977143906250002 0.6890625
1 0.08231671562500001 0.6890625 0.08402885156249999 0.7157800140624999 0.117830434375 0.7953125 0.1445871109375 0.7953125 0.1872180765625 0.793958575 0.1921875 0.7883086296874999 0.1921875 0.6890625 0.08231671562500001 0.6890625
1 0.5 0.6890625 0.40234657812499997 0.6890625 0.41381944375 0.7636458328125 0.429375 0.7969791671875 0.48048611093750004 0.8036458328125 0.5 0.797141203125 0.5 0.6890625
0 0 1 0.2404861109375 1 0.2404861109375 0.9592013890625001 0.227152778125 0.9192013890625 0.1804861109375 0.872534721875 0.131597221875 0.85475694375 0.091597221875 0.85475694375 0.03381944375 0.8769791671875 0.00048611093750000004 0.9058680562500001 0 0.906840278125 0 1
1 0.6578125 1 0.6578125 0.9930782078125 0.6521249546875 0.97379205625 0.652556778125 0.9224577140625 0.6470390703125 0.9109375 0.6396107296875 0.9109375 0.6352964890624999 0.920768815625 0.6411874546874999 0.973601140625 0.636014896875 1 0.6578125 1
1 0.621875 1 0.621875 0.9735766578125 0.6182957640625 0.9595207312499999 0.6173463640625 0.9079816468749999 0.6079997359375 0.9010133875000002 0.6078041390625 0.9010133875000002 0.6010291171875 0.9104218968750001 0.6006928859375 0.9174164046875 0.6068242375 0.9518883046875001 0.601196040625 1 0.621875 1
1 0.95 1 0.95 0.9725174953125 0.949789684375 0.971963103125 0.9467869046875 0.9109748234375001 0.9371342140625 0.9028650828125 0.9303806546875 0.9101150078125 0.9372203500000001 0.9616267281249999 0.931251465625 1 0.95 1
1 0.90625 1 0.90625 0.9970486109374999 0.896875 0.9526041671875 0.9 0.9026041671874999 0.894921875 0.8977430562500001 0.885546875 0.8991319437499999 0.88359375 0.90399305625 0.88515625 0.9595486109374999 0.8765625 0.9942708328125001 0.876930803125 1 0.90625 1