1 0.302209984375 0.4328125 0.3109375 0.396462684375 0.3109375 0.371623715625 0.3104596984375 0.3548406328125 0.3015048890625 0.31812874375 0.3045112484375 0.26133449375 0.3026146875 0.2563482203125 0.2877709375 0.25539698906249997 0.2856481203125 0.2698551609375 0.288207478125 0.31866652968750003 0.27839593749999997 0.3608442265625 0.27839593749999997 0.36615678125 0.27874102500000003 0.3931158171875 0.28686956406249997 0.4328125 0.302209984375 0.4328125
1 0.258514928125 0.4131041890625 0.2609375 0.3871594625 0.2609375 0.3755461109375 0.25249874375000003 0.324392578125 0.258275975 0.267393584375 0.2544642640625 0.257051921875 0.24726246093749998 0.25457598593749997 0.24669094375 0.25457598593749997 0.239525975 0.2677208671875 0.24084468281250002 0.323208240625 0.231546765625 0.35809333125 0.231546765625 0.42803766718749997 0.2336123625 0.44375 0.247807128125 0.44375 0.258514928125 0.4131041890625
1 0.0516407203125 0.42980438593750003 0.053125 0.4214197171875 0.053125 0.34686230625 0.0472228265625 0.3185841453125 0.0489039671875 0.261721546875 0.046894278125 0.25679223125 0.0382843671875 0.2551032421875 0.030153967187500002 0.26106678125 0.033160326562499995 0.318093071875 0.024302484375 0.362210134375 0.0246257078125 0.3899879125 0.0329392046875 0.4333162875 0.037067067187500004 0.434375 0.047448596875 0.434375 0.0516407203125 0.42980438593750003
1 0.08145229375 0.44375 0.089589121875 0.4134381171875 0.090625 0.390745046875 0.090625 0.3839941953125 0.0825469328125 0.32409885156249996 0.0858846515625 0.2672772375 0.0817211140625 0.25941315781249996 0.0747141078125 0.257655778125 0.067891659375 0.267724421875 0.0691444671875 0.3303472515625 0.059968881249999995 0.3632302078125 0.059473671875 0.3706726375 0.059473671875 0.40545018906249997 0.064885509375 0.439946646875 0.0672646015625 0.44375 0.08145229375 0.44375
1 0.1734375 0.33824379375 0.170416521875 0.32658984687500003 0.1719250203125 0.2712528125 0.16494088906249998 0.2589829 0.1586908890625 0.2585458578125 0.1530941953125 0.2671639078125 0.157916521875 0.3257157625 0.14925553593750002 0.37639445781249997 0.1514570625 0.403125 0.152541340625 0.403125 0.1635268046875 0.37115511875 0.1734375 0.3643977640625 0.1734375 0.33824379375
1 0.20859375 0.3992327046875 0.209375 0.428426653125 0.203125 0.44904173125 0.204387246875 0.453125 0.20895418124999998 0.453125 0.21875 0.40792070156250004 0.2171875 0.3814772484375 0.20625 0.3310953015625 0.21328125 0.2785630625 0.208984375 0.26660745625 0.199609375 0.26489118437500003 0.194140625 0.2688668796875 0.190625 0.279160778125 0.19375 0.33621434843750003 0.1890625 0.35966176875 0.2015625 0.378153834375 0.20859375 0.3992327046875
1 0.21864236093749997 0.40625 0.21975233125 0.40625 0.2234375 0.394621396875 0.2234375 0.3566096421875 0.214914409375 0.31565007343749996 0.2190576203125 0.257079940625 0.20847993593749997 0.256504203125 0.20298359531250001 0.256504203125 0.201016140625 0.2626081984375 0.209915665625 0.26678851406250004 0.2132252234375 0.27832767187499996 0.205490921875 0.3191382453125 0.20520000624999998 0.3358049125 0.21538596718749997 0.3780316734375 0.215706596875 0.4043613625 0.21864236093749997 0.40625
0 0.194462253125 0.46622420781249996 0.206977109375 0.44499646249999997 0.209375 0.4237184015625 0.209375 0.4016937171875 0.20595889843749998 0.3866631296875 0.192692503125 0.36483531875 0.1738697734375 0.3602322421875 0.1630534890625 0.3669221125 0.155861925 0.379943809375 0.1500967875 0.40757611718750003 0.15050892031250002 0.43118722812500004 0.15226536562499998 0.44233470781250006 0.167094259375 0.4641988859375 0.1739005671875 0.4703125 0.1884557265625 0.4703125 0.194462253125 0.46622420781249996
1 0.58665353125 0 0.5867256859375 0.0009230562499999999 0.5796875 0.035259028125 0.5796875 0.05849918125 0.6039941875 0.0852943640625 0.6125745265625 0.11222955781249999 0.6150272234374999 0.1296875 0.615625 0.1296875 0.615625 0.0435116890625 0.6064185859375 0.0078443703125 0.6063939453125 0 0.58665353125 0
1 0.65223955625 0 0.64208984375 0.04475539375 0.64130859375 0.08222811249999999 0.65224609375 0.1451100578125 0.65405425625 0.146875 0.678080621875 0.146875 0.67880859375 0.146037640625 0.68583984375 0.11711651249999999 0.6875 0.1048770328125 0.6875 0.03634480625 0.67978885625 0 0.65223955625 0
1 0.7118943484375 0 0.70844494375 0.01464518125 0.707613659375 0.031753381250000004 0.707613659375 0.07889932968749999 0.7100668703124999 0.10051949375 0.7166375031250001 0.12637558437500002 0.7206203328124999 0.1265625 0.7396665609374999 0.1265625 0.7441024671875 0.1173591546875 0.7515625 0.07678333125 0.7515625 0.0078335984375 0.750802146875 0.0017261812500000001 0.7503513265625 0 0.7118943484375 0
1 0.6048292703125 0 0.6048292703125 0.019987115625 0.612496521875 0.0646923140625 0.6126039890625 0.1064226484375 0.608018725 0.125707928125 0.610071221875 0.1296875 0.611467246875 0.1296875 0.625977009375 0.081931984375 0.6296875 0.0373875875 0.6296875 0.031378140625 0.6245949609375 0 0.6048292703125 0
0 0.5796875 0.21057919531249997 0.588671875 0.20208333281250002 0.60390625 0.175 0.609375 0.14444444375 0.609375 0.125 0.6046875 0.097222221875 0.595703125 0.0770833328125 0.583203125 0.06319444375 0.5796875 0.0620370359375 0.5796875 0.21057919531249997
1 0.35930122343750004 0.9177734421875 0.36121926875 0.8873180171874999 0.35538413593749996 0.8848591984375 0.35182810781249996 0.8881061296875 0.35306738437499996 0.9159840359375 0.34796024062500003 0.94811355625 0.34796024062500003 0.9571914781249999 0.3514621671875 0.975 0.360146834375 0.975 0.3625 0.967110403125 0.3625 0.9316319046875 0.35930122343750004 0.9177734421875
1 0.378125 0.9667805484375 0.378125 0.9299773124999999 0.37517717500000003 0.9174776265624999 0.378125 0.9007271578125 0.378125 0.8894612453124999 0.3763067296875 0.8848455546875 0.37402766875000004 0.8834975765624999 0.3716192296875 0.8849273765625 0.36859375625 0.8912251046874999 0.369579046875 0.9203508609375 0.3678871703125 0.9231559109375 0.3654258328125 0.932552740625 0.3654258328125 0.9773281624999999 0.3655963640625 0.978125 0.37397972031250004 0.978125 0.37473931718750003 0.9771589390625 0.378125 0.9667805484375
1 0.3908980140625 0.9890625 0.399492340625 0.9890625 0.399564553125 0.9890001875 0.400264996875 0.982083025 0.4015625 0.9778174968750001 0.4015625 0.946476225 0.40140730625 0.9460264781250001 0.398023728125 0.9236951281250001 0.40009273749999996 0.9001658625000001 0.397253315625 0.891042596875 0.392565815625 0.8908789046875001 0.389122915625 0.8970061375 0.38930068906250004 0.9122839140625001 0.390992478125 0.923449590625 0.390292034375 0.9303667546875 0.3857661453125 0.9440919515624999 0.385275796875 0.9690646703125001 0.3908980140625 0.9890625
1 0.415201509375 0.9828640312499999 0.415625 0.9813019703125001 0.415625 0.9010652625000001 0.41392362031249996 0.8949015375 0.409187634375 0.897433653125 0.4079551515625 0.9008444593749999 0.40771272031250005 0.9147333484375 0.40900854531249997 0.9300930140624999 0.40300629375 0.9522410734375001 0.40300629375 0.9779337765625 0.40413256875 0.9854438515625 0.40561849375000003 0.9890625 0.411840190625 0.9890625 0.413129065625 0.985220259375 0.415201509375 0.9828640312499999
1 0.4337049390625 0.9791207906249999 0.43584563750000005 0.984375 0.44392185937499995 0.984375 0.4446424390625 0.9798856140625001 0.4453125 0.9769587171874999 0.4453125 0.9422852562500001 0.44396883750000005 0.9299402453125 0.4422446875 0.9242754281250001 0.44208303750000005 0.9187198734375001 0.4447635 0.9036606171875 0.4423456296875 0.8875518187499999 0.4384393796875 0.887278665625 0.43358352343749995 0.8945624593750001 0.4330043359375 0.9014522734374999 0.43599468750000003 0.9238383859375 0.430512525 0.94979023125 0.430997475 0.9664568984375 0.4337049390625 0.9791207906249999
1 0.45791015625 0.9779653421875001 0.4579982328125 0.978125 0.467727296875 0.978125 0.4703125 0.9690234421875001 0.4703125 0.9356322374999999 0.46962890625 0.9311523484374999 0.46572265625 0.9226826046875001 0.46806640625 0.8963755625000001 0.46728515625 0.888014946875 0.46533203125 0.8844745203125001 0.46064453125 0.88431083125 0.45791015625 0.8918542328125 0.45947265625 0.9224643499999999 0.45556640625 0.93621683125 0.45400390625 0.9569956 0.45712890625 0.9696047296875001 0.45791015625 0.9779653421875001
1 0.488960909375 0.971875 0.490581703125 0.9650760999999999 0.490625 0.9646839921874999 0.490625 0.9228164234375 0.48759669531250005 0.9125943187499999 0.48964405624999996 0.88469814375 0.48834500625 0.8837948140625 0.48191500468750004 0.8837948140625 0.48105030624999995 0.8853493390625001 0.48085636093749995 0.89646045 0.48229764687500004 0.9032864937499999 0.4821764296875 0.9102309375000001 0.476396140625 0.9338454859375 0.476396140625 0.9572445046875 0.479548325 0.971875 0.488960909375 0.971875
1 0.4202995453125 0.9829448656249999 0.42201939531250005 0.984375 0.4265625 0.984375 0.4265625 0.9310973734375001 0.42407340624999995 0.9227098734375 0.42507831406249996 0.8908017984375001 0.42384583124999997 0.8873023015625 0.4183285953125 0.8843972375 0.4156548296875 0.8878058156249999 0.41497054999999994 0.8933431859375001 0.41828949531250004 0.9045270343749999 0.41877435781249994 0.9323048109375 0.4228697921875 0.9575707359375001 0.42292684375 0.9716276687500001 0.4202995453125 0.9829448656249999
1 0.40073582031250005 0.9152738359375 0.4018294296875 0.9277738359375001 0.40478073906249995 0.9348137796875001 0.4055098109375 0.9431471140625 0.4065271640625 0.946875 0.4078125 0.946875 0.4078125 0.92164310625 0.4064475953125 0.9182744484375001 0.40535398593750005 0.9057744484375 0.40601372500000005 0.9044173921875001 0.4053368296875 0.8877825578125 0.40229867500000005 0.8841989203124999 0.398392425 0.8840397531249999 0.3959618296875 0.8874005562499999 0.398670115625 0.8916627234375 0.40096168906249996 0.900059725 0.4015692484375 0.9070041703125 0.40073582031250005 0.9152738359375
1 0.443686325 0.964797175 0.4441132828125 0.965625 0.446070865625 0.965625 0.446875 0.9597122531250001 0.446875 0.9315449875 0.4445541109375 0.9175431203125001 0.446875 0.8913733171875 0.446875 0.8879357499999999 0.44530326093749995 0.8848883140625 0.4406157609375 0.8846973124999999 0.4370940734375 0.8879208453124999 0.4370940734375 0.8882111968749999 0.441423878125 0.89516173125 0.4412298734375 0.9007172859375 0.44196262343750004 0.9021380078125001 0.43806160624999996 0.9242328953125 0.43943010156250006 0.9298521187500001 0.44031358593750003 0.9493602296875 0.44314757968749996 0.9578208984375 0.443686325 0.964797175
1 0.207421875 0.8911458328125 0.20546875 0.8932291671874999 0.20390625 0.9001736109374999 0.20546875 0.9265625 0.2015625 0.9460069437499999 0.2015625 0.9751736109374999 0.20234375 0.98211805625 0.205078125 0.98836805625 0.2109375 0.9890625 0.213671875 0.98836805625 0.2171875 0.9779513890625001 0.2171875 0.948784721875 0.21328125 0.9223958328125 0.2140625 0.89461805625 0.212109375 0.8911458328125 0.207421875 0.8911458328125
1 0.2390625 0.8973958328125 0.23984375 0.89600694375 0.2390625 0.8890625 0.237890625 0.8869791671874999 0.233203125 0.8869791671874999 0.2296875 0.8932291671874999 0.23125 0.9237847218749999 0.22890625 0.93350694375 0.22734375 0.948784721875 0.22734375 0.9640625 0.230078125 0.980034721875 0.233203125 0.9828125 0.23984375 0.98211805625 0.24140625 0.9807291671874999 0.24375 0.9626736109374999 0.24375 0.9404513890625001 0.2390625 0.9182291671874999 0.2390625 0.8973958328125
1 0.257421875 0.885590278125 0.25625 0.8876736109374999 0.25625 0.9029513890625 0.2578125 0.9154513890625001 0.253125 0.9390625 0.253125 0.954340278125 0.25546875 0.9723958328125001 0.258984375 0.9772569437499999 0.26328125 0.9765625 0.26640625 0.9723958328125001 0.26796875 0.95711805625 0.26796875 0.9348958328125001 0.2640625 0.911284721875 0.26484375 0.8876736109374999 0.263671875 0.885590278125 0.257421875 0.885590278125
1 0.17109375 0.89461805625 0.169140625 0.8911458328125 0.162890625 0.8911458328125 0.1609375 0.8932291671874999 0.159375 0.9001736109374999 0.16015625 0.9307291671875 0.1578125 0.954340278125 0.15859375 0.979340278125 0.159375 0.9862847218749999 0.161328125 0.98975694375 0.16953125 0.9890625 0.171875 0.9862847218749999 0.17421875 0.9723958328125001 0.17421875 0.9446180562500001 0.17109375 0.929340278125 0.171875 0.9015625 0.17109375 0.89461805625
1 0.147265625 0.8869791671874999 0.1457601578125 0.8907088640625 0.1448435046875 0.8984463328124999 0.14453125 0.9223958328125 0.14140625 0.9432291671874999 0.14140625 0.9654513890625 0.14296875 0.979340278125 0.146484375 0.9842013890625001 0.1515625 0.9835069437499999 0.154296875 0.9828125 0.15703125 0.973784721875 0.1578125 0.9446180562500001 0.15390625 0.9223958328125 0.1546875 0.89461805625 0.152734375 0.88836805625 0.147265625 0.8869791671874999
0 0.823813703125 0.72499358125 0.7980846296874999 0.715641575 0.7816086906249999 0.736421265625 0.7813999812500001 0.769627265625 0.7857400999999999 0.7836434890625 0.7987086390625 0.8028550750000001 0.8059584531249999 0.8046875 0.8176149171875 0.8046875 0.8262260796875001 0.7970566328124999 0.8296875 0.7891031109375 0.8296875 0.7428259234375 0.823813703125 0.72499358125