1 0.7609375 0 0.7609375 0.031676115625 0.7627636140625 0.048568271875 0.7616329359374999 0.09997534062499999 0.7609375 0.10293037499999999 0.7609375 0.322337334375 0.76375655 0.325 0.7875141328125 0.325 0.78933070625 0.3247399765625 0.7976624375 0.3074652265625 0.8080225375 0.258945021875 0.8113708140625 0.1950561328125 0.8083574500000001 0.16305714531249998 0.790413034375 0.08780260625 0.7932910453125 0 0.7609375 0
1 0.6552334875 0 0.66328125 0.044965278125 0.6640625 0.0713541671875 0.653125 0.1435763890625 0.653125 0.1838541671875 0.66796875 0.2560763890625 0.676953125 0.27899305625 0.6828125 0.282465278125 0.699609375 0.28038194375000003 0.70859375 0.26857638906250003 0.7140625 0.232465278125 0.71640625 0.1671875 0.70859375 0.12413194375 0.68984375 0.07274305625000001 0.68643391875 0 0.6552334875 0
1 0.8137945406250001 0 0.8171875 0.044965278125 0.809375 0.0838541671875 0.8078125 0.11024305625 0.8234375 0.1671875 0.82890625 0.20190972187499998 0.84140625 0.1838541671875 0.85859375 0.1463541671875 0.8625 0.1213541671875 0.85703125 0.0880208328125 0.84140625 0.039409721875 0.8403115359375001 0 0.8137945406250001 0
1 0.9579522031250001 0 0.95859375 0.007465278125 0.95234375 0.058854167187499994 0.9578125 0.1463541671875 0.962890625 0.145659721875 0.976953125 0.1234375 0.996484375 0.1109375 1 0.1058779765625 1 0.057243054687499996 0.9828125 0.0046875 0.98232421875 0 0.9579522031250001 0
0 1 0.1099551140625 0.973828125 0.13038194375 0.95859375 0.15607638906250001 0.946875 0.2088541671875 0.9484375 0.24913194375 0.9578125 0.28663194375 0.976171875 0.3192708328125 0.990234375 0.3373263890625 1 0.3418274171875 1 0.1099551140625
1 0 0.96646535 0.0122729890625 0.9159548234375 0.0160061984375 0.8844975828125001 0.016433253125 0.8465164375 0.0027040265625 0.7703844578125001 0.0058937765625 0.7194645921875 0.0112865359375 0.68617368125 0.012596729687499999 0.66117368125 0.0110471796875 0.6509642546875 0.0056641671875 0.6393204859375 0 0.6357883390625 0 0.96646535
1 0.04296875 0.9400462968750001 0.0713541671875 0.946990740625 0.08203125 0.946527778125 0.08645833281250001 0.9423611109374999 0.08854166718749999 0.884953703125 0.1020833328125 0.8340277781250001 0.09895833281250001 0.80069444375 0.0880208328125 0.7506944437499999 0.0875 0.734953703125 0.09322916718749999 0.68125 0.09427083281250001 0.65069444375 0.08984375 0.63726851875 0.08151041718749999 0.6289351859375 0.0731770828125 0.6298611109375 0.06640625 0.6363425921875 0.0609375 0.65069444375 0.0557291671875 0.7284722218749999 0.05208333281250001 0.7479166671874999 0.0328125 0.7942129625 0.0270833328125 0.8229166671874999 0.0302083328125 0.86273148125 0.0296875 0.9182870375000001 0.04296875 0.9400462968750001
0 0.175427175 1 0.1942708328125 0.9738425921874999 0.2036458328125 0.9442129625 0.2036458328125 0.921990740625 0.1953125 0.8710648140625 0.1747395828125 0.8270833328125 0.16484375 0.8141203703125001 0.1565104171875 0.8085648140625 0.1356770828125 0.8085648140625 0.11171875 0.8233796296874999 0.09635416718749999 0.859027778125 0.0895833328125 0.8858796296874999 0.0875 0.9386574078125001 0.0947916671875 0.9756944437499999 0.1074317015625 1 0.175427175 1
1 0.3825222734375 0.6946376765625001 0.3827029859375 0.6597222296874999 0.3787351953125 0.6340691375 0.3616932796875 0.6357515921875 0.3560126625 0.65594110625 0.35506586093750003 0.6845429484375 0.35411912343749996 0.7282868828125 0.34843844218750003 0.766983453125 0.33613040625 0.8292345031250001 0.3399175484375 0.901580225 0.3408642859375 0.9520540921875 0.3474917046875 0.9671961265625001 0.38630935312500003 0.9739260578125 0.39767065156250003 0.9470066703125 0.39767065156250003 0.8965329171875001 0.3986173890625 0.8561538921875 0.37968193437500003 0.7871729671875001 0.3758948546875 0.75184130625 0.3787351953125 0.7215570640625 0.3825222734375 0.6946376765625001
1 0.8296875 0.4796875 0.8296875 0.5921875 0.845281540625 0.5921875 0.8469436078125 0.5900626484375 0.8592301515624999 0.534616184375 0.860268615625 0.49988487031249995 0.8566758312499999 0.4796875 0.8296875 0.4796875
1 0.885 0.4796875 0.88046875 0.5048611109375 0.88359375 0.5520833328125 0.8890625 0.5826388890625 0.89296875 0.5895833328125 0.9109375 0.5868055562500001 0.9203125 0.534027778125 0.9203125 0.49513888906250003 0.9172222218750001 0.4796875 0.885 0.4796875
1 0.7794477984375 0.4796875 0.77265625 0.51875 0.7765625 0.5673611109375 0.7828125 0.5951388890625 0.7875 0.6006944437499999 0.80625 0.596527778125 0.815625 0.5423611109375 0.815625 0.509027778125 0.8101236984375 0.4796875 0.7794477984375 0.4796875
1 0.7269152578125 0.4796875 0.71875 0.5215277781250001 0.721875 0.56875 0.73203125 0.6048611109375 0.75234375 0.6020833328124999 0.76328125 0.53680555625 0.7625 0.49791666718750005 0.75859375 0.4796875 0.7269152578125 0.4796875
1 0.671200284375 0.4796875 0.6640625 0.5145833328125 0.6671875 0.5645833328125 0.6734375 0.5951388890625 0.67890625 0.6020833328124999 0.694140625 0.6013888890625 0.69765625 0.596527778125 0.7078125 0.534027778125 0.70703125 0.49375 0.7038244296875 0.4796875 0.671200284375 0.4796875
1 0.6181184890625 0.4796875 0.6140625 0.49513888906250003 0.6125 0.5145833328125 0.6140625 0.5451388890625 0.62109375 0.5826388890625 0.626171875 0.597222221875 0.63046875 0.5979166671875 0.64375 0.5951388890625 0.6546875 0.5395833328124999 0.6546875 0.503472221875 0.649743121875 0.4796875 0.6181184890625 0.4796875
1 0.5672241203125 0.4796875 0.5625 0.5020833328125 0.56484375 0.553472221875 0.575 0.590972221875 0.591015625 0.5916666671875 0.59375 0.5868055562500001 0.603125 0.5243055562500001 0.6 0.48541666718750004 0.5986188609375 0.4796875 0.5672241203125 0.4796875
0 0.626171875 0.8444444437499999 0.63984375 0.8534722218749999 0.662109375 0.8513888890625001 0.680859375 0.83194444375 0.69453125 0.803472221875 0.70234375 0.76319444375 0.70234375 0.73819444375 0.69609375 0.7104166671875 0.680078125 0.6791666671875001 0.661328125 0.6611111109375 0.644921875 0.659722221875 0.612109375 0.6777777781250001 0.5921875 0.7284722218749999 0.59375 0.76875 0.6078125 0.8118055562500001 0.626171875 0.8444444437499999