1 0.45124003437500004 0.56875 0.4671875 0.50067283125 0.4671875 0.444007371875 0.45164821875000005 0.3651999140625 0.4541077140625 0.3138473921875 0.46239960937499996 0.2417888234375 0.459541284375 0.22643830937499998 0.44768646093750003 0.211573128125 0.43355123281249996 0.2154124859375 0.4241910890625 0.23673115 0.4228522453125 0.2686574109375 0.4258615 0.3201372203125 0.42374140625 0.3520452953125 0.40198030625000003 0.4329354328125 0.40198030625000003 0.5437189078125 0.406218221875 0.56875 0.45124003437500004 0.56875
1 0.744501059375 0.56875 0.7452708328125001 0.555125 0.7466041671875 0.545375 0.7462708328125001 0.532125 0.7445208328125 0.5277499999999999 0.7401875 0.52525 0.7326874999999999 0.52975 0.7302708328125 0.532875 0.7286041671875 0.537375 0.7292708328125 0.549125 0.7312708328124999 0.561125 0.7313948171875 0.56875 0.744501059375 0.56875
1 0.978543403125 0.56875 0.9784375000000001 0.561125 0.9792708328125 0.556125 0.9792708328125 0.546875 0.9804375000000001 0.533375 0.9801041671874999 0.526625 0.9792708328125 0.521875 0.9783541671875 0.52025 0.9711874999999999 0.5157499999999999 0.9661875 0.5185 0.9632708328125 0.5233749999999999 0.9627708328125 0.530125 0.9631041671875 0.538375 0.9652708328124999 0.5493750000000001 0.9656041671875 0.5546249999999999 0.9647708328124999 0.564875 0.9649987734375 0.56875 0.978543403125 0.56875
1 0.9843015359375 0.56875 0.9831041671874999 0.563875 0.9802708328125 0.559625 0.9791875000000001 0.5547500000000001 0.9781041671875 0.560375 0.978542075 0.56875 0.9843015359375 0.56875
1 0.9646538124999999 0.56875 0.9644375000000001 0.561125 0.9652708328124999 0.5546249999999999 0.9635208328125 0.54375 0.9629375 0.552625 0.9614375 0.559125 0.9594374999999999 0.561375 0.9591041671875 0.565875 0.958465278125 0.56875 0.9646538124999999 0.56875
1 0.9636041671874999 0.5198750000000001 0.9708541671875001 0.516 0.9750208328125 0.518 0.9791041671875 0.5181250000000001 0.9796041671874999 0.502125 0.9776875 0.4965 0.9750208328125 0.49375 0.9713541671874999 0.492 0.9676874999999999 0.493 0.9647708328124999 0.496375 0.9626041671875001 0.502375 0.9636041671874999 0.5198750000000001
1 0.1671875 1 0.1671875 0.9721770812500001 0.1582359734375 0.9295991859375 0.15876932187499998 0.8990436296875 0.16333639687499998 0.8463507109374999 0.161065375 0.8421294921874999 0.138669540625 0.8416082234375001 0.13568374218749998 0.84848599375 0.1354413109375 0.8623748828125001 0.1374026390625 0.929114284375 0.12486442812500001 0.9847553 0.12486442812500001 1 0.1671875 1
1 0.2171875 1 0.2171875 0.957617115625 0.21391963125000002 0.9462630421875 0.21061498125 0.9223558515625001 0.212024653125 0.8452703640625 0.2098309328125 0.839415775 0.18877998125 0.839415775 0.183899653125 0.847072696875 0.1901947140625 0.9199538328125 0.18961105625000002 0.9357613265625 0.17955369062499998 0.98464375625 0.1792503421875 1 0.2171875 1
1 0.262309896875 1 0.25 0.9434027781250001 0.2494791671875 0.9221064812499999 0.2536458328125 0.868402778125 0.2526041671875 0.844328703125 0.24609375 0.8392361109375 0.23046875 0.8401620375000001 0.2260416671875 0.84618055625 0.2244791671875 0.8591435187500001 0.2286458328125 0.915625 0.228125 0.9434027781250001 0.2192708328125 0.9767361109374999 0.21578124999999998 1 0.262309896875 1
2 0.4890625 0.747534721875 0.46848958281249997 0.7447916671875 0.46484375 0.7484953703125 0.37838541718749996 0.749421296875 0.3736979171875 0.74664351875 0.35546875 0.7512731484375 0.3111979171875 0.7512731484375 0.2763020828125 0.7577546296875 0.24609375 0.7586805562500001 0.1638020828125 0.7559027781250001 0.09817708281250001 0.7605324078125 0 0.7613715265625001 0 0.8304472421875 0.09140625 0.8234953703125001 0.13203125 0.82256944375 0.1591145828125 0.8271990734375001 0.1783854171875 0.82256944375 0.18984375 0.8262731484374999 0.22630208281250003 0.82256944375 0.24609375 0.8262731484374999 0.26796875 0.8197916671875 0.28515625 0.82164351875 0.2986979171875 0.8179398140625 0.46171875 0.8170138890625 0.46510416718750003 0.819328703125 0.4682291671875 0.8387731484375 0.4760416671875 0.8582175921874999 0.4890625 0.8768120078124999 0.4890625 0.747534721875
1 0.7382233125 0.56875 0.7382009937499999 0.571167328125 0.7404909203125 0.5960671984375 0.7487412515624999 0.6240638046875 0.77725306875 0.6328125 0.7825335265625 0.6328125 0.79084121875 0.6318020046874999 0.7953125 0.6245800390625 0.7953125 0.56875 0.7382233125 0.56875
2 0.4890625 0.56875 0.4890625 0.9122785921875 0.6703610046875 1 1 1 1 0.721839509375 0.56800396875 0.56875 0.4890625 0.56875