1 0.74912025625 0 0.7376183765625 0.040177371875 0.7376183765625 0.28141901874999997 0.742175078125 0.2875 0.7496687703125 0.2875 0.76546040625 0.286685340625 0.777772015625 0.2822246390625 0.785423809375 0.26432145937499996 0.8055256406249999 0.1728319953125 0.8109375 0.10531697343749999 0.8109375 0.0985567640625 0.80709463125 0.0524450734375 0.7964703890625 0 0.74912025625 0
1 0.8866308203125 0 0.8816274828124999 0.017685575000000002 0.8816274828124999 0.084375 0.8824221453125001 0.084375 0.8958132671874999 0.06102620156250001 0.9182013140624999 0.039172171875 0.946875 0.02279603125 0.946875 0.004055818750000001 0.946053859375 0 0.8866308203125 0
1 0.6736207734375 0 0.66484375 0.0421875 0.680078125 0.053993056250000004 0.708984375 0.095659721875 0.73515625 0.101909721875 0.740625 0.089409721875 0.74453125 0.0546875 0.73984375 0.021354167187500002 0.7345504500000001 0 0.6736207734375 0
0 1 0.0472380046875 0.980859375 0.0317708328125 0.952734375 0.02899305625 0.920703125 0.0470486109375 0.906640625 0.06510416718749999 0.89453125 0.089409721875 0.8859375 0.11996527812499999 0.88359375 0.20190972187499998 0.88984375 0.23663194375000002 0.9015625 0.2532986109375 0.915234375 0.2901041671875 0.9286592359375 0.3 0.9944844281249999 0.3 1 0.292465278125 1 0.0472380046875
1 0 0.9177387359375 0.0196790015625 0.9203125 0.0356190984375 0.9203125 0.0662963296875 0.8229244171874999 0.0703125 0.75396944375 0.0703125 0.7256686671875 0.048011315625 0.6361272921875 0.0638377078125 0.4895833328125 0.03784240625 0.46045633124999996 0.0323312453125 0.46045633124999996 0.004914821875 0.49977287031250006 0.007718276562499999 0.6394163859375 0 0.6624044109375 0 0.9177387359375
1 0.309100275 0.5049831078125 0.29261675781249996 0.5293074328125 0.299942765625 0.6428209453125 0.28162774687500003 0.756334459375 0.299942765625 0.8536317562499999 0.3329097984375 0.8590371625 0.3548878203125 0.7293074328125 0.3292467953125 0.6428209453125 0.3329097984375 0.5239020265625 0.309100275 0.5049831078125
1 0.255986721875 0.6374155406249999 0.2633127296875 0.518496621875 0.2358402015625 0.494172296875 0.21935668437500003 0.513091215625 0.22668269218749998 0.6374155406249999 0.2010416671875 0.7239020265625 0.2010416671875 0.7887668921875 0.21935668437500003 0.8698479734374999 0.259649725 0.880658784375 0.28162774687500003 0.7347128374999999 0.255986721875 0.6374155406249999
1 0.193715659375 0.74011824375 0.1644116296875 0.6374155406249999 0.17173763749999998 0.5076858109375 0.136939103125 0.48336148593750006 0.12045558593750001 0.513091215625 0.12778159375 0.6428209453125 0.1021405671875 0.799577703125 0.12411858906249999 0.8914695953125001 0.168074634375 0.9022804046874999 0.193715659375 0.8049831078124999 0.193715659375 0.74011824375
1 0.08748855312500001 0.718496621875 0.0948145609375 0.8266047296875 0.11312957812499999 0.8536317562499999 0.1021405671875 0.7455236484375 0.12778159375 0.6374155406249999 0.11862408437500001 0.5103885140625 0.1021405671875 0.5239020265625 0.105803571875 0.65363175625 0.08748855312500001 0.718496621875
1 0.546538896875 0.768362228125 0.5703125 0.6496790046875001 0.5703125 0.6251304375 0.5429124375 0.5087760937500001 0.55184925 0.355336940625 0.533253078125 0.3205858453125 0.5035986968749999 0.3147718421875 0.47725105 0.348738440625 0.478364853125 0.587095178125 0.4747994875 0.59916418125 0.4747994875 0.8745577359375 0.48433988437500003 0.9171875 0.5390474843749999 0.9171875 0.545709053125 0.9113501203125001 0.546538896875 0.768362228125
1 0.7125 1 0.7125 0.6451876921874999 0.689947809375 0.5883706671875 0.673910671875 0.3767304546875 0.6484215671875 0.34093895937499996 0.6124671 0.34093895937499996 0.5919145953125 0.3863397046875 0.62453671875 0.6183588015625 0.60968245 0.7200656046875 0.6163612703125001 0.8578280265625 0.6604932734375 0.9936276093749999 0.66677411875 1 0.7125 1
1 0.8522212 1 0.8617743453125 0.8470486109375 0.816830525 0.6354084 0.8280664796874999 0.41318617656250006 0.814957865625 0.37879464218750003 0.7662687265624999 0.3682126328125 0.745669475 0.3867311515625 0.7306882015625 0.45551422031249994 0.74941479375 0.619535384375 0.7007256546875 0.8364666 0.7007256546875 0.995196759375 0.7022711312500001 1 0.8522212 1
1 0.9420349281250001 1 0.9741338953125 0.94228670625 0.9891151687499999 0.8311755953125001 0.9891151687499999 0.7306464953125 0.962897940625 0.619535384375 0.9778792140625001 0.3867311515625 0.95353464375 0.34175760625 0.9198267796875002 0.34175760625 0.895482209375 0.37614914062500004 0.8992275281250001 0.561334325 0.8467930718750001 0.751810515625 0.87973395 1 0.9420349281250001 1
1 0.649884309375 0.3 0.633309925 0.33382109843749996 0.667017790625 0.3655671296875 0.6745084265625 0.39731316093749997 0.6707631093749999 0.582498346875 0.723197565625 0.7359375 0.7306882015625 0.614244378125 0.6969803375 0.49255125624999996 0.7007256546875 0.3444031078125 0.6838717234375 0.30472056875 0.6537979843749999 0.3 0.649884309375 0.3
1 0.9124473343750001 0.3 0.8823735953125 0.30472056875 0.8655196625 0.3444031078125 0.8692649812500001 0.4978422625 0.8355571156250001 0.614244378125 0.8505383890625 0.7306464953125 0.895482209375 0.582498346875 0.8879915734375 0.41318617656250006 0.8992275281250001 0.3655671296875 0.9329353937499999 0.33382109843749996 0.916361009375 0.3 0.9124473343750001 0.3
1 0.7625234078125 0.32059358437499996 0.7419241578125 0.37614914062500004 0.8205758421875 0.3814401453125 0.7962312734375001 0.31530257968750003 0.7625234078125 0.32059358437499996