1 0.0406406 0.4995633828125 0.052790475 0.45802398593750004 0.05625 0.43493630781250003 0.05625 0.3663271078125 0.0548246921875 0.33439469375 0.0481437421875 0.2954148984375 0.04927529375 0.25652600937500003 0.05625 0.19360896249999998 0.05625 0.1629162046875 0.051976228125 0.1502714640625 0.042722465625 0.1459957078125 0.032485390625 0.1486553078125 0.022874621875 0.17007854375 0.02128494375 0.27843005781249996 0.0013212671875 0.3578602890625 0.0013212671875 0.4792508765625 0.0045818625000000005 0.503311878125 0.01216318125 0.5125 0.0314885390625 0.5125 0.0344377171875 0.5113007578125 0.0406406 0.4995633828125
1 0.124011640625 0.43501731718750003 0.13271583125 0.4564496421875 0.1411320296875 0.4609375 0.1552559734375 0.4609375 0.1588715421875 0.4554506625 0.1671875 0.4216393625 0.1671875 0.2902699296875 0.160595796875 0.260933490625 0.159787628125 0.22621126875000003 0.1666034078125 0.1497223828125 0.1615279859375 0.1331102609375 0.155523140625 0.126928440625 0.143804390625 0.1270648015625 0.133693928125 0.14593752499999998 0.1354341640625 0.2542799484375 0.1173576171875 0.317007215625 0.1148144984375 0.342043578125 0.1176377421875 0.39619206406249996 0.124011640625 0.43501731718750003
1 0.6772429296875 0 0.6795037484374999 0.016030284375000002 0.6755176390625 0.033847935937500004 0.6759747234375 0.0495090890625 0.6833513109375 0.078125 0.6875 0.078125 0.6875 0.022616875 0.68687511875 0.0200332984375 0.6865493046875001 0.0013571453125 0.6865426765625 0 0.6772429296875 0
1 0.6558553859374999 0 0.6565023203125 0.01044716875 0.6524457328125 0.0298544203125 0.6499349828125001 0.0485133359375 0.6499349828125001 0.050402315625000006 0.6514558218750001 0.060352499999999996 0.6545007359375 0.071548821875 0.662041228125 0.0713764234375 0.6647895578125 0.060528771875 0.665625 0.057079925 0.665625 0.026798525 0.6655078265625 0.0260888875 0.6619387484375 0.013065821875 0.6641223890625 0 0.6558553859374999 0
1 0.6978553515625 0 0.6985569046875 0.014774990625000001 0.6938762 0.030777925 0.6938762 0.0619302578125 0.6966843562499999 0.071875 0.7034915859374999 0.071875 0.709184515625 0.052411348437500005 0.709375 0.045864864062499996 0.709375 0.0344634125 0.7055073296875 0.017634584375 0.7061052906249999 0 0.6978553515625 0
1 0.7204925328125 0 0.7203705796875 0.0069866734375 0.7162635093749999 0.024075075 0.7156563765625 0.0400144125 0.7156563765625 0.0477192609375 0.7191490421875001 0.0640625 0.7272536421875 0.0640625 0.7317408140625 0.050051882812500004 0.7328125 0.030520921875000002 0.7328125 0.028875104687499997 0.7270720859375001 0.004441384375 0.7273413109375 0 0.7204925328125 0
1 0.7420215453125 0 0.7388358546875 0.012909703125 0.7379285203125 0.0206710484375 0.7379285203125 0.04569605 0.7400353781250001 0.05570193125 0.744542428125 0.0578125 0.7458756609374999 0.0578125 0.748629128125 0.055301670312499995 0.7530416640625 0.0370496234375 0.753125 0.036299975 0.753125 0.0201877953125 0.7516230234375 0.009495762500000001 0.749398753125 0 0.7420215453125 0
1 0.6384037484375 0 0.6385909 0.0095592234375 0.634120965625 0.0234039078125 0.633171271875 0.028632225 0.633171271875 0.057898440625000006 0.6342565796875 0.065625 0.643692696875 0.065625 0.6474583671875 0.0541945828125 0.6484375 0.042222140625 0.6484375 0.028130490624999997 0.6441243390625 0.0082657921875 0.6451305765625 0 0.6384037484375 0
1 0.6202688593750001 0 0.6202754421875 0.0027067625000000003 0.6180234656250001 0.0151539421875 0.6173692671875 0.03832520625 0.6209468421875 0.057733287499999994 0.6257598796874999 0.059375 0.62900478125 0.059375 0.63125 0.0463948890625 0.63125 0.014455968750000001 0.6306365328125001 0.011055039062499999 0.6272323500000001 0 0.6202688593750001 0
1 0.8363696421875 0 0.8346050890625001 0.0110794703125 0.8331092765625 0.0228195796875 0.8326106734375 0.0361102640625 0.83585160625 0.0578183875 0.8402143953125 0.058039896875 0.84569905625 0.0578183875 0.8492854390625 0.0374700921875 0.8474441796875001 0.0155097015625 0.8439769734375 0 0.8363696421875 0
1 0.44921875 0 0.44921875 0.00069444375 0.4515625 0.009027778125 0.4515625 0.014583332812499999 0.44921875 0.021527778125 0.44765625 0.03125 0.44609375 0.05069444375 0.446875 0.05208333281250001 0.446875 0.060416667187499995 0.44921875 0.0701388890625 0.451171875 0.0736111109375 0.45625 0.07291666718749999 0.459375 0.06875 0.46227385156250006 0.05745406875 0.4625 0.03819444375 0.4578125 0.014583332812499999 0.459375 0.0020833328125000002 0.459375 0 0.44921875 0
1 0.47547432968750003 0 0.4765625 0.009027778125 0.475 0.01180555625 0.47265625 0.0229166671875 0.471875 0.04930555625 0.476953125 0.0666666671875 0.479296875 0.06805555625000001 0.48359375 0.0673611109375 0.4859375 0.0645833328125 0.48828125 0.053472221875 0.4890625 0.0298611109375 0.484375 0.010416667187500001 0.4828125 0.009027778125 0.4834895828125 0 0.47547432968750003 0
1 0.5006640625000001 0 0.50078125 0.0020833328125000002 0.496875 0.0173611109375 0.4953125 0.028472221875 0.49609375 0.0451388890625 0.50078125 0.060416667187499995 0.50390625 0.06319444375 0.507421875 0.0625 0.51015625 0.059027778125 0.51171875 0.053472221875 0.51171875 0.0479166671875 0.51328125 0.0395833328125 0.5125 0.0173611109375 0.5078125 0.0020833328125000002 0.50751953125 0 0.5006640625000001 0
1 0.459765625 0 0.4578125 0.010416667187500001 0.4578125 0.0173611109375 0.46171875 0.03819444375 0.46171875 0.05625 0.4609375 0.0576388890625 0.462109375 0.061111110937500004 0.46640625 0.060416667187499995 0.46953125 0.05625 0.4703125 0.05208333281250001 0.4703125 0.046527778125 0.47109375 0.0451388890625 0.47109375 0.01875 0.466171875 0 0.459765625 0
1 0.43515625 0 0.43515625 0.0048611109375000005 0.43125 0.0229166671875 0.434375 0.0298611109375 0.434375 0.036805556249999996 0.43671875 0.05208333281250001 0.4359375 0.0645833328125 0.439453125 0.06805555625000001 0.44140625 0.0673611109375 0.44453125 0.06319444375 0.44609375 0.0548611109375 0.446875 0.02569444375 0.44296875 0.010416667187500001 0.44140625 0.007638889062499999 0.44140625 0 0.43515625 0
0 0.672265625 0.2236111109375 0.665234375 0.22777777812500002 0.6578125 0.24236111093749999 0.65703125 0.2673611109375 0.669140625 0.29305555625 0.68046875 0.29375 0.6921875 0.27569444375 0.69453125 0.25069444375 0.688671875 0.23194444375 0.672265625 0.2236111109375
0 0.359375 0.6774801593750001 0.344140625 0.669097221875 0.327734375 0.6704861109375 0.308984375 0.6885416671875 0.29296875 0.7197916671875 0.28671875 0.74756944375 0.28671875 0.7725694437499999 0.29453125 0.812847221875 0.308203125 0.84131944375 0.326953125 0.8607638890625001 0.34921875 0.862847221875 0.359375 0.856140871875 0.359375 0.6774801593750001
1 0.40706286093750005 0.65 0.40686943906249995 0.6503940109374999 0.4081928875 0.8504771250000001 0.36996921562499996 1 0.4984375 1 0.4984375 0.9747974687500001 0.47540343125 0.8734889359375 0.492583721875 0.6513913859375 0.4919884859375 0.65 0.40706286093750005 0.65
1 0.5548258500000001 0.65 0.5565958140625 0.7920464265625 0.5481923125 0.864559696875 0.5074548921875 0.9915116578125 0.5074548921875 1 0.669743734375 1 0.6315958140625 0.7889904109375 0.6381697484375 0.65 0.5548258500000001 0.65
1 0.7029419109375 0.65 0.711968184375 0.8254285765624999 0.6829109171875001 0.9498800890625001 0.6829109171875001 1 0.8021623578125 1 0.7808103531249999 0.9109906265625 0.788404403125 0.65 0.7029419109375 0.65
1 0.91006865 1 0.89277891875 0.9175211421875 0.9031290859375 0.6952989203125 0.8815967015624999 0.6587826015625 0.8565967015624999 0.6583462250000001 0.8217671875000001 0.708298425 0.8217671875000001 0.729565890625 0.8293205984375 0.821892246875 0.8217671875000001 0.8776553500000001 0.8217671875000001 1 0.91006865 1
1 1 1 1 0.7366610796875 0.9569348078125 0.7133495265625001 0.9312482046875001 0.76088343125 0.9448072437499999 0.88298098125 0.9415147421875 1 1 1
1 0.49263392812499995 0.71875 0.48370535781249996 0.871527778125 0.505133928125 0.94375 0.5158482140625 0.765972221875 0.49263392812499995 0.71875
1 0.7069196421875 0.71875 0.6837053578125 0.7715277781250001 0.697991071875 0.94930555625 0.7158482140625 0.8548611109375 0.7069196421875 0.71875