1 0.45548174374999995 0 0.399486546875 0.15491903437500001 0.4083025078125 0.26291903437499997 0.4417551125 0.3480027265625 0.5244523484375 0.46875 0.7189448687500001 0.46875 0.736172534375 0.44770661875 0.7421875 0.43492303750000005 0.7421875 0.0782090171875 0.6923877953125 0 0.45548174374999995 0
1 0.35 0 0.35 0.1976963953125 0.3974957109375 0.2578125 0.3977752859375 0.2578125 0.39331274843749997 0.137967128125 0.434375 0.0315409015625 0.434375 0 0.35 0
1 0.6854474406250001 0 0.7576415484375 0.136919740625 0.7626816703125 0.28125 0.79665454375 0.28125 0.810263115625 0.2748703890625 0.8453125 0.21538374375 0.8453125 0 0.6854474406250001 0
1 0.8382528171875 0 0.8559840421875 0.0460625 0.8559840421875 0.1660625 0.9091755312500001 0.09406250000000001 0.9198138296875001 0.0260625 0.9118920968750001 0 0.8382528171875 0
1 0.2527580546875 0.46875 0.24416456250000002 0.482769859375 0.266625796875 0.62375816875 0.24570531562500003 0.7252668250000001 0.25188266718749996 0.8009425015625 0.28180299999999997 0.8991353343749999 0.3168903234375 0.9078125 0.31875 0.9078125 0.31875 0.656685396875 0.3069188375 0.625399984375 0.3023313828125 0.47975255 0.292054265625 0.46875 0.2527580546875 0.46875
1 0.0828125 0.7304189359375 0.0828125 0.7114978609375 0.0639966734375 0.624958 0.075973134375 0.495079015625 0.0576679109375 0.47758214531250004 0.056436098437500005 0.47758214531250004 0.0316707 0.502275490625 0.031029640625 0.6263013046875 0.0175888546875 0.666848615625 0.0175888546875 0.8547146124999999 0.0415883703125 0.8609375 0.0494173703125 0.8609375 0.07993866250000001 0.7752645609375 0.0828125 0.7304189359375
1 0.143939996875 0.46875 0.130219909375 0.49240487968749996 0.14857689999999998 0.6272415062500001 0.13087818281250002 0.72558359375 0.1357318171875 0.7850430515625 0.1652109078125 0.8760394109374999 0.198767525 0.884375 0.2 0.884375 0.2 0.6484998140625 0.192532946875 0.6254504328125 0.1914754046875 0.5224492171875 0.176956475 0.47965374218749995 0.159181121875 0.46875 0.143939996875 0.46875
1 0.35 0.49253472187499997 0.33651556718750003 0.5035895265625 0.340178571875 0.63331925625 0.321863553125 0.7035895265625 0.3291895609375 0.8008868249999999 0.343841575 0.8279138515625 0.33651556718750003 0.7252111484375 0.35 0.668357865625 0.35 0.49253472187499997
1 0.59717954375 0.8824053656250002 0.606499575 0.8980120921874999 0.60770844375 0.9015625 0.6078125 0.9015625 0.6078125 0.8562364 0.6056942750000001 0.8499912765625 0.6030571281249999 0.8240441281249999 0.602260075 0.7824835734375 0.6004625812500001 0.7731818703125001 0.59651029375 0.766099478125 0.5883954625 0.7620774421875 0.5849007953124999 0.7637807359375 0.5808220796875 0.7742272734375 0.5876671218749999 0.83264549375 0.582877928125 0.8693641984374999 0.59717954375 0.8824053656250002
1 0.4734375 0.7931028953125 0.4734375 0.7709652609375001 0.4718942078125 0.7659441250000001 0.46736597968750004 0.7640625 0.46524800625000007 0.7640625 0.45938761093749997 0.770609515625 0.4571526046875 0.8298051078124999 0.45122033906250003 0.8501137546875001 0.45122033906250003 0.9399318328125 0.46030763750000003 0.9421875 0.4609624171875 0.9421875 0.464793621875 0.9375442171875001 0.4702656796875 0.9170040671875 0.4734375 0.8955655109375 0.4734375 0.852317875 0.4694152609375 0.8329994765625 0.4734375 0.7931028953125
1 0.5081100609375 0.7615903375 0.5044474078125 0.7609375 0.503751496875 0.7609375 0.49948264375000007 0.7647288953125 0.49689084375 0.7745890624999999 0.5039543890625 0.8291125812499999 0.4981991109375 0.8674363234375001 0.49808917187499996 0.898097990625 0.5112515515625 0.9505149890624999 0.5147841 0.953125 0.5203125 0.953125 0.5203125 0.8416550468749999 0.517798384375 0.8322645046874999 0.5144480109375 0.7720156515625 0.5081100609375 0.7615903375
1 0.5461035671875 0.8790774515625 0.5609375 0.8709656640624999 0.5609375 0.8341601843750001 0.5584056078125 0.8217906968750001 0.558969240625 0.7783570671875 0.5560093984375 0.76806576875 0.5492888109375 0.7617819734375 0.5415733140625 0.7642414140625 0.538103571875 0.7765822468750001 0.5420946140625 0.8312967656250001 0.540625628125 0.8488044703125001 0.5339124859375 0.8799676171874999 0.5339688859375 0.8953125 0.5382240031250001 0.8953125 0.5461035671875 0.8790774515625
1 0.6552083328125 0.8920138890625001 0.6520833328125001 0.868865740625 0.6453125 0.8420138890625001 0.6463541671874999 0.77164351875 0.6419270828125001 0.7637731484375 0.63671875 0.761921296875 0.6315104171874999 0.7646990734375001 0.6276041671874999 0.7771990734375 0.628125 0.800347221875 0.6302083328125001 0.80868055625 0.6302083328125001 0.8410879625 0.621875 0.8762731484374999 0.61875 0.9170138890625001 0.6208333328125001 0.93460648125 0.6286458328125001 0.9633101859375 0.6325520828125001 0.9674768515625001 0.6416666671875 0.9670138890625001 0.6463541671874999 0.9633101859375 0.653125 0.931828703125 0.6552083328125 0.8920138890625001
1 0.6848958328125001 0.7734953703125 0.6794270828125001 0.7646990734375001 0.6736979171874999 0.7637731484375 0.6677083328125001 0.7707175921875 0.6677083328125001 0.806828703125 0.6703125 0.828125 0.6609375 0.868865740625 0.6583333328125001 0.8984953703125 0.6671875 0.950347221875 0.6721354171874999 0.9545138890625001 0.6807291671875 0.9540509265625001 0.6848958328125001 0.9484953703125001 0.6901041671874999 0.925347221875 0.6932291671874999 0.893865740625 0.690625 0.8679398140625001 0.6822916671874999 0.8299768515625001 0.6848958328125001 0.7734953703125
1 0.70859375 0.765625 0.70390625 0.768402778125 0.7015625 0.7753472218749999 0.703125 0.828125 0.6942708328125 0.8707175921874999 0.69375 0.89664351875 0.7015625 0.9401620375 0.70390625 0.9434027781250001 0.7125 0.943865740625 0.7177083328125 0.9392361109374999 0.7244791671874999 0.903125 0.725 0.8827546296875 0.7161458328125001 0.83368055625 0.7171875 0.774421296875 0.71484375 0.768402778125 0.70859375 0.765625
1 0.6252604171874999 0.765625 0.6208333328125001 0.7771990734375 0.621875 0.83368055625 0.6130208328125001 0.8799768515625 0.6135416671874999 0.8975694437499999 0.6177083328125 0.9225694437499999 0.6229166671874999 0.868865740625 0.6302083328125001 0.8401620375000001 0.6278645828125 0.765625 0.6252604171874999 0.765625
0 0.5827473968750001 1 0.5877604171874999 0.99618055625 0.596875 0.9799768515625 0.6015625 0.9642361109375 0.6041666671874999 0.937384259375 0.6 0.9077546296874999 0.5903645828125 0.88506944375 0.5731770828125 0.869328703125 0.55859375 0.868402778125 0.54296875 0.8776620375 0.5328125 0.893865740625 0.525 0.9179398140625 0.5239583328124999 0.943865740625 0.528125 0.9734953703125001 0.5372395828125 0.993402778125 0.5446614578125 1 0.5827473968750001 1