1 0.028125 0.19535596093750002 0.021081084375 0.155350171875 0.027993784375000004 0.10101972968749999 0.025246973437499997 0.092597865625 0.017063565625 0.092597865625 0.0133906921875 0.092790353125 0.0079726453125 0.09791759531250001 0.006727223437500001 0.16025382187499998 0.000085165625 0.182465265625 0.000085165625 0.221875 0.027298340625 0.221875 0.028125 0.201405228125 0.028125 0.19535596093750002
1 0.36875 0.08737538593750001 0.3648189515625 0.08708995625 0.3646001 0.08708995625 0.3606992859375 0.0921407828125 0.3595284421875 0.13505983125 0.3497963140625 0.1653945625 0.3497963140625 0.2640625 0.36367375 0.2640625 0.3663989078125 0.2604476609375 0.36875 0.2521342015625 0.36875 0.08737538593750001
1 0.3359375 0.172848109375 0.33099745 0.1304545375 0.33462028125 0.09295908281250001 0.320430265625 0.089402775 0.31743278125 0.0928590890625 0.31646943125 0.1262015140625 0.30833404531249997 0.1516262453125 0.30833404531249997 0.2546037953125 0.3177245109375 0.2540429234375 0.3236142359375 0.248519184375 0.330977371875 0.223551 0.3359375 0.1912229140625 0.3359375 0.172848109375
2 0 0.2904579171875 0.1633920625 0.2833518203125 0.1765625 0.269750415625 0.1765625 0.22817454062500003 0.17552858124999998 0.225019340625 0 0.225019340625 0 0.2904579171875
1 0.5359445453125 0 0.5301025828125 0.012290312500000001 0.527695996875 0.10236337343749999 0.5177418359375 0.136756428125 0.5177418359375 0.2203125 0.5204929390624999 0.2203125 0.5517126578125 0.20973293593750003 0.5551754359375 0.1991729671875 0.5560366640625001 0.1534624640625 0.54752289375 0.108243284375 0.55625 0.022218267187499998 0.55625 0.0069198953125 0.5527379109374999 0 0.5359445453125 0
1 0.9833556234374999 0.4 0.9858902203125 0.3941791640625 0.9921875 0.3487356390625 0.9921875 0.27103176875 0.9912206046875 0.26208916875 0.9716102781250001 0.201275328125 0.9684556328125 0.16490950625 0.9705620859374999 0.0953558984375 0.964856003125 0.08046327343750001 0.95114951875 0.0742527484375 0.9446325078125 0.078128315625 0.9358706421874998 0.0974627484375 0.9358706421874998 0.12706264375 0.9360387218749999 0.1327529078125 0.9447115484375 0.193057328125 0.9433764874999999 0.213890659375 0.9358706421874998 0.2503166328125 0.9358706421874998 0.3522912546875 0.9485889015625 0.4 0.9833556234374999 0.4
1 0.64225130625 0.22974360312500003 0.6476400218749999 0.1739877875 0.6828125 0.08921481875000001 0.6828125 0.0687170953125 0.677971653125 0.059773496875 0.6580142921875 0.059773496875 0.6535035812500001 0.068332103125 0.6307465359375 0.1487503890625 0.5884692921875001 0.21102591406250001 0.573551240625 0.2581907328125 0.573551240625 0.34842546875 0.5830163374999999 0.3515625 0.5865326609375 0.3515625 0.6142180609375 0.315348421875 0.6326844265625 0.27329980625 0.64225130625 0.22974360312500003
1 0.037405198437499995 0.4 0.0322925640625 0.453929234375 0.040662803125 0.6013840890625 0.0359645953125 0.6685715890624999 0 0.73997103125 0 1 0.19129956875 1 0.1919425359375 0.9982170671875 0.2015625 0.9016521375 0.2015625 0.8804376015625 0.1979297296875 0.8235446156249999 0.14388635624999999 0.6613588734375 0.148693825 0.5926088734375 0.1868708046875 0.44738490625000005 0.190184278125 0.4 0.037405198437499995 0.4
1 0.7456510296875 0.8385563796875001 0.7515625 0.7540184296875 0.7515625 0.75174425 0.7344421515625 0.6426443515625 0.7480561734375 0.492480578125 0.7409192328125 0.47209762343749995 0.728879934375 0.46608331875 0.724886575 0.46608331875 0.7041119328125001 0.4975511953125 0.7024066140625 0.633252871875 0.69223464375 0.6709023375000001 0.69223464375 0.9359375 0.7164419890625 0.9359375 0.723810315625 0.9282641390624999 0.7456510296875 0.8385563796875001
1 0.6825685140625 0.7186324953125001 0.6736682500000001 0.63742196875 0.6828125 0.5507002359375 0.6828125 0.5158333625 0.6770109 0.4996672578125 0.6615639078125 0.4961617328125 0.64502908125 0.5218592625 0.6425566843749999 0.658261471875 0.6311285343749999 0.6994070499999999 0.6311285343749999 0.9305477015625 0.6379241734375001 0.9328125 0.6613088671874999 0.9328125 0.66261189375 0.9322302859375 0.6727384984375 0.896483046875 0.6718683140625 0.787785840625 0.6825685140625 0.7186324953125001
1 0.825 0.7310385531250001 0.825 0.730402171875 0.8108840531249999 0.656584840625 0.81944196875 0.5230512484375 0.8130332390625 0.508224053125 0.79969870625 0.5042802640625 0.7972417734375 0.5042802640625 0.781828784375 0.5282321359375001 0.7829854218750001 0.6528316171874999 0.7718816578125 0.6971259453125 0.7718816578125 0.91875 0.8036693421875001 0.91875 0.8215978609375 0.8526055078125001 0.825 0.7310385531250001
1 0.8797576406250001 0.9248155718749999 0.8907400859374999 0.9265625 0.9109375 0.9265625 0.9109375 0.6940820406249999 0.8981157140625001 0.6472107906250001 0.8931513578124999 0.508085103125 0.8831824156250001 0.4851251875 0.8727995265625001 0.4792193453125 0.86828065 0.4792193453125 0.8581824156250001 0.487019575 0.8511256453125 0.514059659375 0.866703928125 0.6468009953125 0.851568615625 0.7372290749999999 0.8523265078125 0.804132540625 0.8797576406250001 0.9248155718749999
1 0.6290713046875 0.717183175 0.623093834375 0.6585224593750001 0.634375 0.5429620125 0.634375 0.5380147875000001 0.6301592609375 0.52377295625 0.615019621875 0.5148939859375 0.59723818125 0.5379321781249999 0.5970166953125 0.64926154375 0.5845306484374999 0.7018682140625 0.5845306484374999 0.9231287968749999 0.5928655453125 0.925 0.6079676359375 0.925 0.61774620625 0.9116276203125 0.61338660625 0.825189125 0.6164605625 0.7724113484374999 0.6290713046875 0.717183175
1 0.57930840625 0.5390831640625 0.5631973578125 0.5334367046875 0.5519818125 0.5569705468749999 0.567466725 0.662562465625 0.55906240625 0.7985554015625 0.5880373890625 0.9171875 0.5890625 0.9171875 0.5890625 0.582115425 0.5881623359375 0.5599574046875 0.57930840625 0.5390831640625
1 0.75234375 0.5324770078125 0.7453125 0.6314976421875 0.752307959375 0.6609375 0.75331309375 0.6609375 0.759375 0.5501230406250001 0.75234375 0.5324770078125
1 0.925603265625 0.5179301875 0.913103265625 0.5186582296875 0.9014270312499999 0.5394449890625 0.9014270312499999 0.9125 0.9051783375 0.9125 0.9245148765625 0.84559526875 0.9328125 0.74394518125 0.9328125 0.73361359375 0.9222927453124999 0.66326299375 0.9328125 0.5644620671875 0.9328125 0.5324310624999999 0.925603265625 0.5179301875
1 1 0.5052311859375 0.996453625 0.49792113593750004 0.982391125 0.497839321875 0.9666892687499999 0.5297065 0.9632568484374999 0.6575206375 0.9534980296875 0.6891074343750001 0.9534980296875 0.9200718671875 0.9637802718749999 0.9234375 0.9673904062500001 0.9234375 0.9833754812500001 0.907747896875 0.9985227296874999 0.8522559749999999 1 0.8417589624999999 1 0.7125512328125 0.9929443484375 0.6576933546875 1 0.5859081140625 1 0.5052311859375