1 0.3455729171875 0.4453703703125 0.3372395828125 0.440740740625 0.33255208281250004 0.44351851875000003 0.32864583281250004 0.45416666718750004 0.33125 0.5236111109375 0.321875 0.5643518515625 0.31979166718749996 0.5930555562500001 0.3223958328125 0.6208333328125 0.32864583281250004 0.6541666671875 0.3330729171875 0.6620370375 0.34322916718749996 0.6625 0.3473958328125 0.6587962968750001 0.3541666671875 0.6273148140625 0.35885416718749996 0.571759259375 0.3479166671875 0.5236111109375 0.35 0.45601851875 0.3455729171875 0.4453703703125
1 0.3890625 0.516203703125 0.3916666671875 0.459722221875 0.38723958281250004 0.4481481484375 0.37890625 0.44351851875000003 0.37265625 0.4481481484375 0.3697916671875 0.459722221875 0.3723958328125 0.5254629625 0.3619791671875 0.571759259375 0.3609375 0.60694444375 0.3661458328125 0.64305555625 0.3723958328125 0.666203703125 0.3885416671875 0.6671296296875 0.3927083328125 0.6569444437499999 0.3984375 0.628240740625 0.4015625 0.5875 0.4 0.5726851859375001 0.39010416718749996 0.5319444437499999 0.3890625 0.516203703125
1 0.4302083328125 0.5097222218749999 0.43333333281249997 0.4865740734375 0.43333333281249997 0.4606481484375 0.4283854171875 0.4481481484375 0.41953125 0.44629629687500005 0.4145833328125 0.45416666718750004 0.4125 0.46527777812500004 0.415625 0.5291666671875 0.40416666718750005 0.578240740625 0.4036458328125 0.6199074078125 0.41197916718750005 0.665277778125 0.41588541718750005 0.6703703703125 0.4296875 0.6699074078125 0.4348958328125 0.6615740734375 0.4390625 0.6356481484375001 0.4421875 0.6106481484375 0.4421875 0.584722221875 0.43125 0.5263888890625 0.4302083328125 0.5097222218749999
1 0.64375 0.5226851859375 0.6453125 0.4495370375 0.64140625 0.43981481406249995 0.6330729171875 0.4379629625 0.6265625 0.446759259375 0.625 0.45416666718750004 0.6276041671875 0.521759259375 0.6182291671875 0.565277778125 0.6171875 0.584722221875 0.6197916671875 0.6143518515624999 0.6276041671875 0.653240740625 0.63203125 0.659259259375 0.6375 0.6587962968750001 0.64453125 0.6574074078125001 0.65 0.64305555625 0.6546875 0.603240740625 0.6546875 0.5754629625 0.6520833328125 0.5523148140624999 0.64375 0.5226851859375
1 0.5880208328125 0.521759259375 0.5895833328125 0.45416666718750004 0.5861979171875 0.4453703703125 0.5794270828125 0.44166666718750003 0.5736979171875001 0.4453703703125 0.5692708328125 0.4578703703125 0.5723958328125 0.5254629625 0.5614583328125 0.5736111109375 0.5604166671875 0.603240740625 0.5708333328124999 0.659722221875 0.5768229171875 0.6648148140625 0.5859375 0.6643518515625 0.5903645828124999 0.6620370375 0.59375 0.6523148140624999 0.5994791671875 0.6199074078125 0.6010416671875001 0.5875 0.5973958328125 0.5615740734375 0.5880208328125 0.521759259375
1 0.44635416718750004 0.5226851859375 0.4479166671875 0.45231481406249996 0.44348958281249995 0.44351851875000003 0.43515625 0.43981481406249995 0.4296875 0.44768518593750006 0.43385416718750003 0.4606481484375 0.4322916671875 0.5310185187500001 0.4427083328125 0.583796296875 0.4421875 0.6171296296875 0.4359375 0.6550925921874999 0.43723958281249997 0.6620370375 0.44114583281249997 0.6615740734375 0.44713541718750005 0.6601851859375001 0.44947916718750003 0.653240740625 0.44427083281249996 0.5865740734375 0.45104166718750005 0.553240740625 0.45104166718750005 0.54398148125 0.44635416718750004 0.5226851859375
1 0.48229166718750005 0.5708333328124999 0.47291666718750003 0.5310185187500001 0.475 0.4763888890625 0.4739583328125 0.45601851875 0.46796875 0.447222221875 0.46119791718750003 0.44629629687500005 0.45520833281249995 0.45416666718750004 0.453125 0.4625 0.45677083281249997 0.5236111109375 0.44635416718750004 0.5745370375000001 0.4447916671875 0.5912037031249999 0.44635416718750004 0.6236111109375 0.4526041671875 0.66898148125 0.45494791718750005 0.6740740734374999 0.46510416718750003 0.6745370375 0.46770833281249996 0.6708333328125 0.4635416671875 0.6449074078125 0.46510416718750003 0.6180555562500001 0.4734375 0.5912037031249999 0.4817708328125 0.5791666671875 0.48229166718750005 0.5708333328124999
1 0.48828125 0.4453703703125 0.4809895828125 0.44259259218749997 0.4739583328125 0.45231481406249996 0.4739583328125 0.5356481484375 0.48229166718750005 0.5726851859375001 0.4875 0.5745370375000001 0.49921875 0.5694444437499999 0.5010416671875 0.565277778125 0.4916666671875 0.528240740625 0.49375 0.47361111093749997 0.4927083328125 0.45324074062499997 0.48828125 0.4453703703125
1 0.5216145828125 0.44444444375 0.51640625 0.44907407343749994 0.5130208328125 0.458796296875 0.5161458328124999 0.508796296875 0.515625 0.5310185187500001 0.5078125 0.566203703125 0.52890625 0.584259259375 0.5354166671875 0.5976851859375001 0.5411458328125 0.61898148125 0.5416666671875 0.6458333328125 0.5432291671875 0.5856481484375 0.5380208328125 0.553240740625 0.5317708328124999 0.5310185187500001 0.5333333328125 0.4606481484375 0.5294270828125 0.4481481484375 0.5216145828125 0.44444444375
1 0.5458333328125 0.508796296875 0.5484375 0.45324074062499997 0.54296875 0.440740740625 0.5356770828124999 0.4388888890625 0.5302083328125 0.4458333328125 0.5338541671875 0.4671296296875 0.53125 0.5171296296875 0.5328125 0.5356481484375 0.5427083328125 0.5791666671875 0.5416666671875 0.6569444437499999 0.5453125 0.6587962968750001 0.5494791671875 0.6523148140624999 0.55625 0.6208333328125 0.5583333328125 0.58194444375 0.5557291671875 0.5606481484375 0.546875 0.5236111109375 0.5458333328125 0.508796296875
0 0.5294270828125 0.5861111109375 0.5184895828125 0.5731481484375001 0.50234375 0.56851851875 0.48463541718750003 0.5759259265625001 0.4734375 0.5912037031249999 0.46510416718750003 0.61898148125 0.4635416671875 0.6449074078125 0.46875 0.6745370375 0.47890625 0.69351851875 0.49453125 0.70648148125 0.5067708328125 0.7078703703125 0.52421875 0.696296296875 0.5333333328125 0.6828703703125 0.540625 0.6560185187500001 0.5416666671875 0.6273148140625 0.5364583328125 0.6004629625 0.5294270828125 0.5861111109375