1 0.36640625 0.5604166671875 0.36796875 0.5020833328125 0.37578125 0.4298611109375 0.375 0.3951388890625 0.364453125 0.36805555624999997 0.347265625 0.3583333328125 0.32890625 0.3770833328125 0.32265625 0.4048611109375 0.3234375 0.446527778125 0.3296875 0.4895833328125 0.33125 0.5604166671875 0.30546875 0.66180555625 0.3 0.73125 0.29921875 0.7881944437499999 0.30703125 0.8451388890624999 0.321875 0.91180555625 0.331640625 0.91805555625 0.36484375 0.9173611109375001 0.3734375 0.9020833328125001 0.38828125 0.8298611109375 0.39296875 0.7895833328124999 0.39453125 0.7298611109375 0.38984375 0.6673611109375 0.36640625 0.5604166671875
1 0.2078125 0.559027778125 0.21640625 0.40208333281249997 0.207421875 0.3736111109375 0.19375 0.36319444375 0.192578125 0.26527777812500003 0.18828125 0.28819444375000003 0.18828125 0.36319444375 0.171875 0.38125 0.1671875 0.40208333281249997 0.1671875 0.446527778125 0.17265625 0.49513888906250003 0.171875 0.559027778125 0.1484375 0.6451388890625 0.140625 0.70069444375 0.1421875 0.76875 0.1578125 0.8645833328125001 0.164453125 0.88055555625 0.1828125 0.8826388890624999 0.201953125 0.8819444437499999 0.2109375 0.871527778125 0.2296875 0.77569444375 0.23203125 0.71875 0.22890625 0.65069444375 0.2078125 0.559027778125
1 0.279296875 0.3861111109375 0.26796875 0.37569444375 0.266796875 0.3166666671875 0.26328125 0.33541666718749996 0.265625 0.3423611109375 0.2625 0.37430555625 0.25078125 0.38680555625 0.24296875 0.415972221875 0.2484375 0.53125 0.24453125 0.56875 0.228125 0.6354166671875 0.23359375 0.6923611109375 0.23046875 0.7881944437499999 0.2375 0.8326388890624999 0.242578125 0.8458333328125001 0.2765625 0.846527778125 0.28515625 0.8326388890624999 0.296875 0.77569444375 0.303125 0.66180555625 0.28046875 0.546527778125 0.2875 0.4076388890625 0.279296875 0.3861111109375
1 0.559375 0.5840277781250001 0.5609375 0.49652777812500004 0.56796875 0.43680555625000006 0.5671875 0.3923611109375 0.555859375 0.3638888890625 0.539453125 0.3513888890625 0.522265625 0.365277778125 0.51171875 0.3923611109375 0.51015625 0.4270833328125 0.51796875 0.49791666718750005 0.51796875 0.578472221875 0.48828125 0.6979166671875 0.4828125 0.7395833328125 0.48203125 0.78680555625 0.48515625 0.8368055562500001 0.503125 0.9451388890624999 0.513671875 0.95694444375 0.55390625 0.9590277781250001 0.565625 0.92569444375 0.58203125 0.8298611109375 0.58671875 0.76180555625 0.58515625 0.7256944437499999 0.578125 0.678472221875 0.559375 0.5840277781250001
1 0.658984375 0.3958333328125 0.648828125 0.40416666718750005 0.64609375 0.41180555625000004 0.6421875 0.5798611109375 0.66171875 0.66180555625 0.66640625 0.73819444375 0.67109375 0.7493055562500001 0.6921875 0.6881944437499999 0.69375 0.65625 0.675 0.5645833328125 0.68203125 0.42569444375 0.673828125 0.40416666718750005 0.658984375 0.3958333328125
1 0.06484375 0.55069444375 0.06640625 0.48125 0.07265625 0.4270833328125 0.071875 0.39930555624999997 0.062890625 0.3763888890625 0.045703125 0.365277778125 0.033203125 0.3763888890625 0.02578125 0.396527778125 0.0296875 0.54930555625 0.00546875 0.659027778125 0.003125 0.7326388890625 0.01328125 0.815972221875 0.021875 0.8479166671874999 0.027734375 0.852777778125 0.06015625 0.8520833328125 0.06953125 0.840972221875 0.0859375 0.7604166671875 0.08984375 0.721527778125 0.08984375 0.67569444375 0.08203125 0.61875 0.06484375 0.55069444375
1 0.446875 0.64375 0.43125 0.55625 0.440625 0.41041666718750003 0.43515625 0.39097222187499997 0.419140625 0.372222221875 0.404296875 0.38055555625 0.39296875 0.40625 0.3921875 0.4451388890625 0.3984375 0.49513888906250003 0.3984375 0.5548611109375 0.38203125 0.6201388890625 0.3921875 0.678472221875 0.3953125 0.715972221875 0.39375 0.7951388890625 0.3859375 0.86319444375 0.391796875 0.875 0.4171875 0.8770833328125001 0.427734375 0.8763888890624999 0.4359375 0.86180555625 0.44375 0.79375 0.4546875 0.73680555625 0.4515625 0.6548611109375 0.446875 0.64375
1 0.481640625 0.3958333328125 0.467578125 0.3861111109375 0.455859375 0.39444444375 0.4484375 0.409027778125 0.44609375 0.42291666718750004 0.4515625 0.5354166671875 0.45078125 0.559027778125 0.44140625 0.6076388890625 0.446875 0.64375 0.45234375 0.65625 0.45625 0.7326388890625 0.4515625 0.7743055562500001 0.4453125 0.7951388890625 0.44296875 0.83125 0.448046875 0.840277778125 0.458203125 0.8444444437499999 0.4796875 0.84375 0.48359375 0.8354166671875 0.48203125 0.73680555625 0.49921875 0.6326388890625 0.4828125 0.559027778125 0.4890625 0.4173611109375 0.481640625 0.3958333328125
1 0.6078125 0.6104166671875 0.60234375 0.57569444375 0.6078125 0.40069444374999996 0.597265625 0.377777778125 0.583984375 0.3708333328125 0.572265625 0.377777778125 0.5671875 0.3895833328125 0.56875 0.4298611109375 0.5640625 0.47291666718750003 0.56640625 0.5604166671875 0.5625 0.596527778125 0.5765625 0.6645833328124999 0.58671875 0.73819444375 0.58515625 0.8173611109375001 0.5703125 0.90069444375 0.575390625 0.9111111109375001 0.59765625 0.9104166671874999 0.6046875 0.9020833328125001 0.6109375 0.8798611109375001 0.6234375 0.8104166671874999 0.62890625 0.746527778125 0.62421875 0.67569444375 0.6078125 0.6104166671875
1 0.66328125 0.7104166671875001 0.66328125 0.696527778125 0.65859375 0.70069444375 0.66015625 0.68125 0.65625 0.640972221875 0.640625 0.571527778125 0.64609375 0.41180555625000004 0.640234375 0.3958333328125 0.627734375 0.384722221875 0.609375 0.39791666718749996 0.60546875 0.48819444375 0.60703125 0.559027778125 0.6046875 0.5854166671875001 0.6234375 0.66875 0.6296875 0.7298611109375 0.62734375 0.784027778125 0.61484375 0.859027778125 0.616015625 0.8666666671875 0.62109375 0.86875 0.637890625 0.8666666671875 0.64375 0.859027778125 0.6609375 0.7298611109375 0.6578125 0.7118055562500001 0.658984375 0.70694444375 0.66328125 0.7104166671875001
0 0.92578125 0.990972221875 0.918359375 0.9791666671874999 0.915234375 0.984722221875 0.901953125 0.98055555625 0.878515625 0.9861111109375 0.870703125 0.977777778125 0.867578125 0.9861111109375 0.854296875 0.98055555625 0.85078125 0.98819444375 0.851171875 0.9708333328125001 0.859765625 0.972222221875 0.867578125 0.9666666671874999 0.871484375 0.972222221875 0.878125 0.96319444375 0.857421875 0.95555555625 0.851171875 0.9611111109375001 0.84921875 0.94930555625 0.855078125 0.9416666671874999 0.874609375 0.9444444437499999 0.882421875 0.9375 0.886328125 0.9444444437499999 0.897265625 0.9472222218749999 0.916796875 0.9472222218749999 0.92421875 0.9423611109375001 0.892578125 0.9305555562500001 0.887109375 0.9236111109375 0.862890625 0.9277777781250001 0.8578125 0.9229166671875 0.858984375 0.9166666671874999 0.863671875 0.9208333328125 0.87109375 0.9145833328125 0.86484375 0.9076388890624999 0.868359375 0.8916666671875 0.890234375 0.8875 0.89453125 0.8673611109375001 0.89296875 0.7881944437499999 0.87734375 0.73125 0.852734375 0.6861111109375 0.830859375 0.6638888890625 0.812890625 0.652777778125 0.751171875 0.6361111109375 0.722265625 0.6361111109375 0.698046875 0.6458333328125 0.6953125 0.653472221875 0.69453125 0.684027778125 0.6765625 0.7173611109375 0.6671875 0.74375 0.646875 0.871527778125 0.6515625 0.9020833328125001 0.655078125 0.909722221875 0.658984375 0.897222221875 0.662890625 0.9083333328125001 0.6671875 0.9104166671874999 0.6921875 0.98680555625 0.701953125 0.9986111109375001 0.84375 0.9979166671874999 0.851171875 0.9916666671875 0.856640625 0.997222221875 0.863671875 0.9930555562500001 0.872265625 0.997222221875 0.923046875 0.997222221875 0.92578125 0.990972221875