1 0.0297805609375 0 0.0297805609375 0.082586165625 0.0304057671875 0.0884548609375 0.0417420046875 0.13845486093749998 0.045154475 0.1421875 0.07062973593750001 0.1421875 0.0753357546875 0.13845486093749998 0.0864618078125 0.09678819375 0.09563203125 0.0384548609375 0.096875 0.0136257515625 0.096875 0.0067305046875 0.0963035953125 0 0.0297805609375 0
1 0.44686287812500003 0.1567146609375 0.45427670156249994 0.2003038203125 0.45798548281249996 0.2046875 0.4816893234375 0.2046875 0.482304721875 0.2044704875 0.4890625 0.1782419953125 0.4890625 0.1502550828125 0.4480347531250001 0.1496093765625 0.44686287812500003 0.155169209375 0.44686287812500003 0.1567146609375
1 0.4589368703125 0 0.46005930937499995 0.0212200609375 0.45597906093749996 0.0453125 0.484375 0.0453125 0.484375 0.0284597828125 0.48192622968750004 0.01804553125 0.4808498109375 0 0.4589368703125 0
2 0.3296875 0.150345759375 0.436309103125 0.153559028125 0.446497675 0.14800347187500001 0.4746145984375 0.149392359375 0.48010758906250006 0.14522569375 0.4957245078125 0.1466145828125 0.5128392859375 0.1591145828125 0.7347062046875 0.160503471875 0.759778925 0.14800347187500001 0.76875 0.133577959375 0.76875 0.1331842421875 0.7665367171875 0.1278645828125 0.766714484375 0.097309028125 0.767600778125 0.07925347187500001 0.76875 0.078574790625 0.76875 0.070228415625 0.7665622296875 0.05633680625 0.73846955 0.05078125 0.5103687921875 0.0466145828125 0.49939896875 0.052170139062499996 0.47048463749999997 0.053559028125 0.44786879218750003 0.0466145828125 0.3296875 0.0466145828125 0.3296875 0.150345759375
1 0.2534951640625 0.7548394078125 0.2559762796875 0.731228296875 0.2485826859375 0.7263671875 0.246560878125 0.7381727421875001 0.24880766406250002 0.7548394078125 0.24194206093749998 0.7877967578125 0.24194206093749998 0.7915852453125 0.246593534375 0.8171875 0.255128284375 0.8171875 0.2578125 0.8078370375 0.2578125 0.7722967921875 0.2534951640625 0.7548394078125
1 0.23046875 0.8286458328125 0.2375 0.8092013890625 0.2390625 0.7939236109375 0.23203125 0.7619791671874999 0.234375 0.7342013890625 0.231640625 0.7279513890625 0.226953125 0.7279513890625 0.22421875 0.7342013890625 0.22578125 0.7647569437499999 0.21953125 0.8036458328125 0.2234375 0.8244791671874999 0.23046875 0.8286458328125
1 0.21283691562499998 0.7948552921875001 0.20889090000000002 0.7802913609375001 0.2078285078125 0.7635698078125 0.208283821875 0.7444209421875 0.2060072640625 0.737948084375 0.2023647875 0.73659956875 0.1984375 0.7411458328125 0.1984375 0.7480902781250001 0.20078125 0.7592013890625 0.20078125 0.7703125 0.19453125 0.7939236109375 0.19453125 0.8119791671875 0.19609375 0.8189236109374999 0.1978116921875 0.8288377828125 0.2 0.8328125 0.201171875 0.8348958328125 0.20703125 0.8342013890625001 0.2109375 0.8286458328125 0.21298867968750002 0.8094192140625001 0.21283691562499998 0.7948552921875001
1 0.1847594765625 0.7837974921875001 0.18430416249999998 0.765188028125 0.1841523984375 0.7498149921875 0.1817240765625 0.7436118281249999 0.17747452187499999 0.7398359953125 0.17421875 0.7453125 0.17578125 0.77586805625 0.172921428125 0.78946124375 0.17003779218749998 0.8026766656250001 0.16953125 0.8078125 0.170948409375 0.8258710562499999 0.177734375 0.8390625 0.18046875 0.83975694375 0.18515625 0.8342013890625001 0.18809841562500001 0.82452255625 0.18809841562500001 0.8150829749999999 0.1873395625 0.8018675515625 0.1847594765625 0.7837974921875001
1 0.163815228125 0.770042665625 0.1619939859375 0.7573666546875 0.162297525 0.7471179671874999 0.1619939859375 0.7349813578125 0.157289115625 0.7344419453125 0.153125 0.73975694375 0.15546875 0.7689236109375 0.14921875 0.792534721875 0.15 0.817534721875 0.155859375 0.83350694375 0.16171875 0.8342013890625001 0.1640625 0.8328125 0.1670023921875 0.8172405875 0.16745770625 0.795124984375 0.1656364625 0.7832580874999999 0.16328125 0.7689236109375 0.163815228125 0.770042665625
1 0.135546875 0.729340278125 0.13359375 0.7328125 0.13359375 0.7494791671875 0.13515625 0.76336805625 0.1296875 0.7869791671874999 0.12890625 0.8036458328125 0.134375 0.8272569437499999 0.136328125 0.829340278125 0.14140625 0.8286458328125 0.14296875 0.8272569437499999 0.14765625 0.8064236109374999 0.14765625 0.7883680562500001 0.14140625 0.7619791671874999 0.14375 0.7342013890625 0.141796875 0.729340278125 0.135546875 0.729340278125
1 0.121875 0.755034721875 0.1234375 0.7439236109375 0.1234375 0.7314236109375 0.120703125 0.7279513890625 0.116796875 0.7279513890625 0.1140625 0.7314236109375 0.1140625 0.7439236109375 0.115625 0.755034721875 0.109375 0.7814236109375 0.109375 0.80086805625 0.1125 0.8189236109374999 0.117578125 0.823784721875 0.12109375 0.823090278125 0.1234375 0.8189236109374999 0.1265625 0.8064236109374999 0.128125 0.7953125 0.128125 0.785590278125 0.121875 0.755034721875