1 0.6317708328125 0.5273148140624999 0.6317708328125 0.48379629687500003 0.6348958328125 0.440277778125 0.6283854171875001 0.42129629687500003 0.6205729171875001 0.4166666671875 0.6122395828125 0.41944444374999995 0.60625 0.4384259265625 0.6052083328125 0.45416666718750004 0.6104166671875 0.49490740781250003 0.6104166671875 0.5236111109375 0.6083333328125 0.5384259265625 0.5989583328125 0.56898148125 0.596875 0.6263888890625 0.5994791671875 0.6634259265625 0.6078125 0.7004629625 0.6143229171875 0.70555555625 0.6302083328125 0.7050925921875 0.6348958328125 0.6986111109375 0.6421875 0.6625 0.6453125 0.6347222218749999 0.6458333328125 0.5986111109375 0.6395833328125 0.558796296875 0.6317708328125 0.5273148140624999
1 0.5875 0.49583333281249997 0.590625 0.4625 0.590625 0.4356481484375 0.58515625 0.42129629687500003 0.5763020828125 0.4166666671875 0.5684895828125 0.42222222187499997 0.5635416671875 0.4375 0.5671875 0.5236111109375 0.5552083328124999 0.5791666671875 0.5536458328125 0.6263888890625 0.55625 0.6569444437499999 0.5645833328125 0.6976851859375001 0.5674479171875 0.7009259265625001 0.5822916671875 0.7013888890625 0.5872395828125 0.7009259265625001 0.5901041671875 0.696759259375 0.5973958328125 0.6634259265625 0.5979166671875 0.5708333328124999 0.5880208328125 0.5245370375 0.5875 0.49583333281249997
1 0.7140625 0.5226851859375 0.7135416671875 0.5013888890625 0.7177083328125 0.4393518515625 0.7140625 0.4236111109375 0.7059895828125 0.415740740625 0.69609375 0.41944444374999995 0.6901041671875 0.4328703703125 0.6895833328125 0.45324074062499997 0.6932291671875 0.48101851875 0.69375 0.5236111109375 0.68125 0.5773148140625 0.6791666671875001 0.6041666671875 0.6807291671875 0.640277778125 0.6890625 0.6856481484375 0.69453125 0.7 0.7005208328125 0.7004629625 0.7153645828124999 0.7 0.71875 0.6949074078125 0.7234375 0.6736111109375 0.7286458328125 0.6226851859375 0.7265625 0.5791666671875 0.7140625 0.5226851859375
1 0.7903645828125 0.4148148140625 0.7794270828125 0.41203703750000004 0.7723958328125 0.4199074078125 0.7692708328125 0.4328703703125 0.7739583328124999 0.516203703125 0.7619791671875 0.56805555625 0.759375 0.6041666671875 0.7606770828125 0.6083333328125 0.79765625 0.6074074078125 0.8033854171874999 0.6129629624999999 0.8083333328125001 0.6236111109375 0.8104166671874999 0.6143518515624999 0.8088541671874999 0.5773148140625 0.79375 0.516203703125 0.7973958328124999 0.434722221875 0.7947916671875 0.42268518593750004 0.7903645828125 0.4148148140625
1 0.871875 0.508796296875 0.8739583328125 0.44768518593750006 0.8729166671874999 0.41898148125 0.8674479171874999 0.40833333281249995 0.8591145828125001 0.40555555625000006 0.8510416671875 0.4143518515625 0.8479166671874999 0.42731481406249994 0.8520833328125 0.5106481484375001 0.840625 0.5634259265625 0.8385416671874999 0.6013888890625 0.8442708328125 0.6513888890625 0.8505208328125 0.678240740625 0.8549479171875 0.6861111109375 0.8651041671874999 0.6865740734375 0.8736979171874999 0.6851851859375 0.8786458328125001 0.678240740625 0.8875 0.6226851859375 0.8880208328125001 0.5791666671875 0.8848958328125001 0.55601851875 0.871875 0.508796296875
1 0.7583333328124999 0.5513888890625 0.7494791671875001 0.5171296296875 0.7510416671875 0.428240740625 0.7484375 0.4171296296875 0.74140625 0.40833333281249995 0.73515625 0.40833333281249995 0.7294270828125 0.4129629625 0.7244791671875 0.43009259218749996 0.7286458328125 0.5115740734374999 0.7213541671875 0.54398148125 0.7213541671875 0.5523148140624999 0.7260416671875001 0.5736111109375 0.7291666671875 0.6023148140625 0.725 0.6699074078125 0.7302083328125 0.678240740625 0.7307291671875 0.6625 0.7356770828125 0.6555555562500001 0.7440104171875 0.6537037031249999 0.7572916671875001 0.616203703125 0.7609375 0.571759259375 0.7583333328124999 0.5513888890625
1 0.6703125 0.4773148140625 0.6734375 0.446759259375 0.6723958328124999 0.43009259218749996 0.6669270828125 0.4166666671875 0.6580729171875 0.4129629625 0.65078125 0.41851851875 0.6458333328125 0.43101851875 0.6489583328124999 0.51898148125 0.6401041671875001 0.5550925921875 0.6458333328125 0.5921296296875 0.646875 0.6134259265625001 0.6432291671875 0.671759259375 0.6458333328125 0.6856481484375 0.6513020828125 0.69351851875 0.6677083328125 0.69305555625 0.6734375 0.6865740734375 0.6807291671875 0.6495370375 0.6791666671875001 0.6004629625 0.6817708328125 0.5671296296875 0.6697916671875 0.5171296296875 0.6703125 0.4773148140625
1 0.5505208328125 0.4328703703125 0.54609375 0.41944444374999995 0.5419270828125 0.4148148140625 0.5346354171875001 0.4138888890625 0.5276041671875 0.42083333281249996 0.5234375 0.4356481484375 0.5270833328125 0.51805555625 0.51875 0.5513888890625 0.5182291671875 0.5606481484375 0.5338541671875 0.5875 0.5411458328125 0.6125 0.54375 0.6541666671875 0.5390625 0.6865740734375 0.5432291671875 0.6884259265625 0.5515625 0.6791666671875001 0.5552083328124999 0.6634259265625 0.553125 0.5995370375 0.5567708328125 0.565277778125 0.5479166671875 0.5199074078125 0.5505208328125 0.4328703703125
1 0.62265625 0.41203703750000004 0.61796875 0.409259259375 0.6080729171875 0.41203703750000004 0.6020833328124999 0.4263888890625 0.6052083328125 0.5115740734374999 0.5958333328125 0.5513888890625 0.5963541671875 0.559722221875 0.6005208328125 0.5643518515625 0.6109375 0.5236111109375 0.6072916671875 0.4578703703125 0.6088541671875001 0.4328703703125 0.6153645828125 0.4203703703125 0.6244791671875001 0.41898148125 0.62265625 0.41203703750000004
1 0.49973958281249997 0.4138888890625 0.49505208281249996 0.41018518593750003 0.4856770828125 0.4129629625 0.4796875 0.428240740625 0.48229166718750005 0.5143518515625 0.4682291671875 0.5791666671875 0.47083333281249995 0.5875 0.47942708281249996 0.571296296875 0.4877604171875 0.5620370375 0.5109375 0.55694444375 0.5026041671875 0.5069444437499999 0.5052083328125 0.42731481406249994 0.49973958281249997 0.4138888890625
0 0.5294270828125 0.5796296296875 0.51484375 0.5629629625 0.49609375 0.5574074078125 0.47890625 0.5722222218749999 0.4682291671875 0.5958333328125 0.4640625 0.640277778125 0.46510416718750003 0.6773148140624999 0.4682291671875 0.69305555625 0.47578125 0.70648148125 0.49817708281249995 0.7240740734375 0.509375 0.7245370375 0.5216145828125 0.7175925921874999 0.5369791671875 0.690277778125 0.5427083328125 0.6625 0.5432291671875 0.6328703703125 0.5375 0.5986111109375 0.5294270828125 0.5796296296875