1 0.236751075 0 0.2385501921875 0.08117498281249999 0.2308106453125 0.1266634875 0.2121236203125 0.2044649609375 0.2068522125 0.26952545781250004 0.208706615625 0.309340275 0.21131979374999998 0.3296875 0.296875 0.3296875 0.296875 0.14499999218749998 0.2925741828125 0.12709317343749998 0.288414165625 0.104615859375 0.286815190625 0.0814251953125 0.2859991296875 0.052764009375 0.28831471249999996 0.00222071875 0.28864296875 0 0.236751075 0
1 0.34770249375 0 0.3477726875 0.000637965625 0.35061584218749997 0.056175340625 0.3489152765625 0.0764911640625 0.3303956953125 0.1538507453125 0.3284275734375 0.1926578140625 0.3331598203125 0.2454537765625 0.3473261015625 0.314135934375 0.3500907078125 0.320195365625 0.3571218421875 0.3265625 0.3782858328125 0.3265625 0.381762990625 0.32306019375 0.3828125 0.3188801515625 0.3828125 0.08473679375 0.3802357375 0.063165928125 0.381424040625 0.0206460640625 0.3828125 0.00935045625 0.3828125 0 0.34770249375 0
1 0.7782893671875 0 0.78151204375 0.0292219375 0.7742070765625 0.0729011078125 0.7745902203125 0.097837334375 0.7844727546875 0.1429195078125 0.787808359375 0.14375 0.8 0.14375 0.8 0.0598478375 0.7940767328125 0.031631192187500004 0.793971771875 0 0.7782893671875 0
1 0.7319929890625 0 0.7374648234375 0.0434089921875 0.7312990890625001 0.077981209375 0.7333343359375 0.1182453515625 0.7423507953125 0.1515625 0.7546875 0.1515625 0.7546875 0.053226242187499995 0.7506489546875 0.042251928125 0.747035209375 0 0.7319929890625 0
1 0.6976252015625001 0 0.7017977265625 0.02995478125 0.69500384375 0.0695221640625 0.6947764046875 0.090237096875 0.706285915625 0.140625 0.71875 0.140625 0.71875 0.0535583453125 0.7138724921875 0.03639833125 0.7125121765625 0 0.6976252015625001 0
1 0.6584861265624999 0 0.6586091140624999 0.02027734375 0.6528475703125001 0.0389103875 0.6528475703125001 0.13125 0.664268675 0.13125 0.6741669921875 0.1004264703125 0.675 0.0941544546875 0.675 0.059042457812500004 0.66944949375 0.022175656250000002 0.6719176156250001 0 0.6584861265624999 0
1 0.625832190625 0 0.6259662734375 0.012249809375 0.6182316875 0.0363608640625 0.6182316875 0.1234375 0.630044571875 0.1234375 0.6381497625 0.10190010468749999 0.6421875 0.08014189375 0.6421875 0.0520421578125 0.6372597921875001 0.006312306249999999 0.63823390625 0 0.625832190625 0
1 0.8225300109375 0 0.8234375 0.022048610937499998 0.8140625 0.063715278125 0.8140625 0.09149305625000001 0.82109375 0.13038194375 0.834375 0.13454861093749998 0.83828125 0.1317708328125 0.84453125 0.101215278125 0.84609375 0.070659721875 0.83515625 0.0192708328125 0.835949409375 0 0.8225300109375 0
1 0.8662283765625001 0 0.8671875 0.0095486109375 0.85703125 0.053993056250000004 0.8578125 0.0845486109375 0.865625 0.120659721875 0.87890625 0.1220486109375 0.8828125 0.11649305624999999 0.8875 0.0859375 0.88828125 0.052604167187499995 0.878125 0.0095486109375 0.87856049375 0 0.8662283765625001 0
1 0.7924124046875 0 0.790625 0.026215278125 0.79921875 0.0692708328125 0.8015625 0.11788194375000001 0.81015625 0.0817708328125 0.81015625 0.0595486109375 0.8 0.013715278124999999 0.8005786140625 0 0.7924124046875 0
1 0.7460611984375 0 0.7453125 0.0359375 0.75546875 0.08315972187500001 0.75390625 0.1317708328125 0.75859375 0.133159721875 0.76640625 0.076215278125 0.7625 0.0470486109375 0.75625 0.0276041671875 0.7569722015625 0 0.7460611984375 0
1 0.7109518609375 0 0.709375 0.0317708328125 0.7234375 0.09288194375 0.72890625 0.056770832812500005 0.72109375 0.013715278124999999 0.7216872000000001 0 0.7109518609375 0
1 0.45 0 0.45 0.013715278124999999 0.45 0.1203510796875 0.452734375 0.12413194375 0.4625 0.1234375 0.4671875 0.11510416718750001 0.46953125 0.076215278125 0.4680795953125 0.036287362499999996 0.4640625 0.013715278124999999 0.4643380296875 0 0.45 0
1 0.1136500390625 0.3296875 0.1151904359375 0.3517162140625 0.0989409921875 0.4150099140625 0.099633125 0.470395803125 0.11451288125 0.52397845625 0.1497931984375 0.5963751390625001 0.16400663437500002 0.5984375 0.1858857953125 0.5984375 0.1859375 0.5984035328124999 0.1859375 0.3833475515625 0.161956028125 0.3381763390625 0.1612657609375 0.3296875 0.1136500390625 0.3296875
1 0.29039014375 0.799135446875 0.2969634234375 0.803125 0.34174219843750003 0.803125 0.347451809375 0.7993724859375 0.3484375 0.796416478125 0.3484375 0.57978948125 0.324778896875 0.5197497234374999 0.320962871875 0.46020146875000006 0.326582709375 0.374803796875 0.309415721875 0.341829996875 0.278766184375 0.3333772625 0.258256271875 0.34714874375 0.2518735328125 0.3711860921875 0.27024400625 0.5094870625000001 0.2492402625 0.5773716734375001 0.24481801875000003 0.6567298390625 0.2565958265625 0.716881403125 0.29039014375 0.799135446875
1 0.1416370515625 1 0.1484375 0.9754167390624999 0.1484375 0.8982102218750001 0.139902696875 0.8546778796875 0.103526965625 0.7808810015625001 0.1122599625 0.6103014609375 0.090965628125 0.5835587140625 0.0782267734375 0.5829653921875 0.06940346875 0.5949148937500001 0.0566646171875 0.594321571875 0.0447872828125 0.581407921875 0.0267034609375 0.6001363734374999 0.019485415625 0.6348214765625 0.03706584375 0.7489444656249999 0.0350685296875 0.80035333125 0.015169921875 0.840714646875 0.015169921875 1 0.1416370515625 1
1 0.45 0.3296875 0.4059433140625 0.3296875 0.405871815625 0.3305633984375 0.3756170375 0.39627181718750004 0.3676552546875 0.457873459375 0.37402468125 0.5153683265625 0.39472531875 0.5810767453125 0.431349521875 0.5892902984375 0.4456807328125 0.5810767453125 0.45 0.5699371156249999 0.45 0.3296875
1 0.45 0.3296875 0.45 0.9681915359375001 0.48707987187499996 1 0.8492398765625 1 0.8597892421874999 0.9759679625000001 0.878125 0.9477221468749999 0.878125 0.696204725 0.8728156671875 0.6875112390625 0.8392925359374999 0.6528653015625 0.6814371859375 0.5388033171875 0.6277813390625 0.4729393296875 0.6197381703125 0.3296875 0.45 0.3296875