1 0.458766759375 0 0.4608291734375 0.0184724234375 0.474354215625 0.0737734046875 0.4822612546875 0.084017325 0.485831684375 0.084375 0.5003531484375 0.084375 0.50625 0.07780516875 0.50625 0 0.458766759375 0
2 0.5390625 0.21318935468750003 0.4861520265625 0.2098154625 0.1197012328125 0.204575940625 0 0.1985142109375 0 0.36215968125 0.0885804765625 0.36945993125 0.369980265625 0.3726184921875 0.5390625 0.3805627140625 0.5390625 0.21318935468750003
1 0.8206715921875001 0.6 0.8144638546875 0.5875992984375 0.8278536421875 0.45840000312500007 0.8149065343749999 0.44132515625 0.7847223953125 0.436053565625 0.781572225 0.436053565625 0.7521428828125 0.46548290468750003 0.7566860765625 0.5896169437500001 0.7505134890624999 0.6 0.8206715921875001 0.6
1 0.7046875 0.162069246875 0.6861986609375 0.1273366796875 0.688351953125 0.0388099875 0.6753885515625 0.0139128 0.6439406609375 0.0082006734375 0.625119390625 0.0229412921875 0.6420909953125 0.1299701546875 0.61980246875 0.18666134843749999 0.6245173859375 0.2488835703125 0.63714400625 0.2693363125 0.676470446875 0.26207729999999996 0.7046875 0.2744594984375 0.7046875 0.162069246875
1 0.77506944375 0.23965277812500002 0.7526309734375 0.287834778125 0.7419661062499999 0.318066159375 0.7366337375 0.36074576875000003 0.752847221875 0.40854166718749996 0.768402778125 0.441875 0.8195138890625 0.444097221875 0.850625 0.324097221875 0.8195138890625 0.244097221875 0.828402778125 0.13298611093749999 0.8219528265625 0.12600806250000002 0.7861805562499999 0.11743055625000001 0.7661805562499999 0.13743055625 0.7704058 0.1597960890625 0.77506944375 0.23965277812500002
1 0.9132943390625 0 0.9039583328124999 0.01743055625 0.908402778125 0.119652778125 0.8772916671875001 0.19965277812499999 0.8717223953125 0.24693352812499997 0.8950694437500001 0.3107638890625 0.9261805562500001 0.3152083328125 0.97506944375 0.2352083328125 0.97506944375 0.1729861109375 0.952847221875 0.119652778125 0.96618055625 0.0129861109375 0.9503086421875 0 0.9132943390625 0
1 0.6770172624999999 0.6 0.6904190796874999 0.5865919015625 0.7039583328125 0.524097221875 0.7039583328125 0.46631944374999995 0.668402778125 0.399652778125 0.6817361109375 0.279652778125 0.6395138890625 0.2552083328125 0.610625 0.279652778125 0.6195138890624999 0.399652778125 0.5795138890625 0.46187500000000004 0.5784377562499999 0.504789328125 0.5795138890625 0.541875 0.5802152140625 0.5777003203125 0.5857875203125 0.6 0.6770172624999999 0.6
1 1 0.280164140625 0.9817361109375 0.2685416671875 0.9481540671875 0.271829978125 0.93506944375 0.2929861109375 0.9395138890624999 0.399652778125 0.8995138890625001 0.46187500000000004 0.8995138890625001 0.5552083328124999 0.9261805562500001 0.5685416671875 1 0.5298743390625 1 0.41840277812500004 0.9928472218749999 0.404097221875 1 0.3397222234375 1 0.280164140625
1 0.27216890781249997 0.8440335625 0.2684998515625 0.849217071875 0.267411734375 0.8594386249999999 0.2691334359375 0.9075988953125 0.2612247109375 0.9392985828124999 0.25900534999999997 0.9588157625000001 0.2651823484375 0.9850894875 0.28125 0.9857980171874999 0.28125 0.8485978515625 0.28002453437499997 0.8447776484375 0.27216890781249997 0.8440335625
1 0.1953125 0.9828125 0.1953125 0.914676725 0.192040690625 0.9033289765625 0.19092624687499998 0.8543610140624999 0.1863534546875 0.84540555 0.1795124578125 0.8442037359375 0.17509075937500002 0.8509465671875001 0.1745402296875 0.8573856046875001 0.180061525 0.9028408625000001 0.17450499375 0.9459986031250001 0.17665033593749999 0.9811625656249999 0.1792246015625 0.9828125 0.1953125 0.9828125
1 0.71895208125 1 0.7189771890625 0.9994066078125 0.7133524687499999 0.9593743671875 0.7136382421875 0.9288460953125 0.728125 0.8522244234375 0.728125 0.8456971265625001 0.72558115 0.8390569140625 0.7167194734375 0.8390569140625 0.6908640593750001 0.8436352843750001 0.689414259375 0.9074968921875 0.6848342281249999 0.9492726843749999 0.666680509375 1 0.71895208125 1