1 0.45933925625 0.4390625 0.45933925625 0.357187328125 0.458409025 0.354155296875 0.45517485625000004 0.2806533484375 0.44620467656249996 0.265011696875 0.44375332500000003 0.22763180468750002 0.44348934531250006 0.22763180468750002 0.4409748015625 0.237088371875 0.44307967656249997 0.2648661484375 0.434375 0.2822817953125 0.434375 0.2831967515625 0.4415817984375 0.347835609375 0.4354086546875 0.3793797921875 0.435169778125 0.40704840937500003 0.43915249375 0.4390625 0.45933925625 0.4390625
1 0.41372256875 0.4390625 0.41372256875 0.43123161874999993 0.4061805484375 0.40568019375000003 0.40596122343749996 0.3350743734375 0.40297032499999996 0.3238267546875 0.393810321875 0.3136040015625 0.39011690468750004 0.2635585 0.3863990453125 0.259881515625 0.38834157187499996 0.31328548437500003 0.381795684375 0.32120929375 0.3796875 0.33204326093750003 0.3796875 0.3356688609375 0.38899304843750004 0.40467913437499997 0.38382877187500003 0.4390625 0.41372256875 0.4390625
1 0.409787059375 0.6893431359375001 0.40453583593750003 0.668640415625 0.4033174546875 0.6422879125 0.399902321875 0.6401988750000001 0.3993675234375 0.6401988750000001 0.3953125 0.6425170828125 0.3953125 0.655258909375 0.3968285796875 0.66966543125 0.3953125 0.679288784375 0.3953125 0.713266325 0.395824609375 0.7180582187500001 0.401024153125 0.7328125 0.409288034375 0.7328125 0.409787059375 0.732670975 0.409787059375 0.6893431359375001
1 0.38231757499999997 0.6774904390625001 0.37651401875 0.6583830234375 0.3765673828125 0.6444804968750001 0.375286325 0.64241761875 0.37059882499999997 0.6424994406250001 0.36953613281250003 0.644603228125 0.3704095953125 0.6612698953124999 0.3671875 0.676676746875 0.3671875 0.704234071875 0.36734286875 0.7071986859375 0.369560465625 0.7196714125 0.3735492171875 0.7286378250000001 0.3763199859375 0.729284540625 0.3780464140625 0.7296875 0.37925223125 0.7296875 0.38231757499999997 0.7250601734375 0.38231757499999997 0.6774904390625001
1 0.43311548593750004 0.6885304953125 0.42893838281249996 0.6753968421875 0.428721225 0.6449322921875 0.42656586562500004 0.6413463125 0.4227443578125 0.6401705859375 0.4206471234375 0.6401705859375 0.41875 0.6429033546875 0.41875 0.6531556999999999 0.42112588281249996 0.6749418171875 0.41875 0.6871515015625 0.41875 0.7186820734375 0.42226055625000003 0.7345275296875 0.4266326375 0.740625 0.43276624999999996 0.740625 0.43311548593750004 0.7399551140625 0.43311548593750004 0.6885304953125
1 0.45005328437500003 0.647925496875 0.44694926874999996 0.6471135765625 0.4430934171875 0.651308965625 0.4426722984375 0.6642385875000001 0.441775703125 0.6796468499999999 0.440625 0.6843989625 0.440625 0.7453125 0.4448366484375 0.7453125 0.44683910625 0.744404596875 0.4508472046875 0.734428859375 0.4539883609375 0.7135045203124999 0.453012778125 0.6955854718750001 0.45072972812499995 0.6846563703124999 0.45374688125 0.6606154625 0.45361765312499996 0.650034190625 0.45005328437500003 0.647925496875
1 0.4640625 0.738715278125 0.46796875 0.7428819437499999 0.473046875 0.7421875 0.47578125 0.7373263890625 0.4796875 0.7192708328125 0.4796875 0.6998263890625 0.47265625 0.6748263890625 0.475 0.6567708328125 0.475 0.645659721875 0.472265625 0.6421875 0.466796875 0.6421875 0.46442553281250004 0.64828006875 0.46484375 0.65399305625 0.46640625 0.676215278125 0.46484375 0.6789930562500001 0.46171875 0.69288194375 0.460684875 0.7091031984375 0.46171875 0.73038194375 0.4640625 0.738715278125
1 0.48125 0.71649305625 0.4859375 0.7359375 0.494140625 0.73663194375 0.496875 0.73038194375 0.50078125 0.7109375 0.5 0.6901041671874999 0.49453125 0.6692708328125001 0.49609375 0.6470486109375 0.493359375 0.6421875 0.487890625 0.6421875 0.4859375 0.6442708328125001 0.48515625 0.6484375 0.48671875 0.6581597218749999 0.48671875 0.670659721875 0.48125 0.695659721875 0.48125 0.71649305625
1 0.50234375 0.7095486109375 0.50703125 0.72899305625 0.512890625 0.7296875 0.515625 0.726215278125 0.5173054546875 0.7215434296875 0.51953125 0.7109375 0.5203125 0.70538194375 0.5203125 0.6873263890625 0.51875 0.6776041671874999 0.5140625 0.6623263890625 0.515625 0.6470486109375 0.513671875 0.6435763890625 0.508203125 0.6435763890625 0.50703125 0.645659721875 0.50703125 0.6526041671874999 0.50859375 0.6609375 0.50703125 0.663715278125 0.5015625 0.6901041671874999 0.50234375 0.7095486109375
1 0.457421875 0.7032986109375 0.4596820828125 0.71650423125 0.4609375 0.7039930562500001 0.4609375 0.6998263890625 0.46159929843749997 0.6940433921875 0.4620963546875 0.691519709375 0.46337449375000006 0.686346140625 0.46422659062499994 0.6806678390625001 0.46640625 0.676215278125 0.4662148109375 0.6696897890625 0.46640625 0.66788194375 0.46640625 0.663715278125 0.46484375 0.6595486109375 0.46484375 0.6526041671874999 0.4642976015625 0.648238428125 0.465234375 0.644965278125 0.462890625 0.644965278125 0.46015625 0.6470486109375 0.4609375 0.6526041671874999 0.46088921718750003 0.6587117421875 0.45975309375 0.668301759375 0.45584765781250003 0.6836962671875 0.45546875 0.69288194375 0.45625 0.6998263890625 0.457421875 0.7032986109375
1 0.23711627656249998 0.7162841125 0.24145197343749997 0.7335795968750001 0.2488738484375 0.7342740421875 0.25238947343749996 0.7280240421874999 0.2555144734375 0.708579596875 0.2555144734375 0.69191293125 0.24926447343749997 0.6696907078125001 0.25034784062500004 0.6549820890625 0.2500457234375 0.64191293125 0.24653009843749998 0.6398295968750001 0.23988947343749997 0.64191293125 0.24067072343749998 0.6710795968750001 0.23782511718750002 0.6845834125 0.2356986140625 0.6984393499999999 0.23711627656249998 0.7162841125
1 0.2629001265625 0.7220486109375 0.2652438765625 0.726215278125 0.27032200156249997 0.726909721875 0.2738376265625 0.7234375 0.27350305625 0.7217425234375 0.2768109515625 0.700538734375 0.2768109515625 0.68521323125 0.275157003125 0.67408649375 0.2714938765625 0.6553819437499999 0.2730304859375 0.643225540625 0.2711032515625 0.6407986109375 0.26641575156249997 0.6407986109375 0.26452447968750004 0.6421758484375 0.26446262656249997 0.6442708328125001 0.26446262656249997 0.6595486109375 0.2589938765625 0.6845486109375 0.2597751265625 0.708159721875 0.2629001265625 0.7220486109375
1 0.640234375 0.7296875 0.64375 0.73038194375 0.645703125 0.7310763890625 0.64921875 0.726215278125 0.653125 0.713715278125 0.65390625 0.70538194375 0.65390625 0.6873263890625 0.6515625 0.6734375 0.64921875 0.66649305625 0.64921875 0.645659721875 0.644921875 0.6421875 0.640625 0.6470486109375 0.64140625 0.6595486109375 0.63515625 0.6845486109375 0.63515625 0.7039930562500001 0.6375 0.7234375 0.640234375 0.7296875
0 0.5144714359375 1 0.51328125 0.988715278125 0.500390625 0.9671875 0.489453125 0.9657986109374999 0.481640625 0.9713541671874999 0.4703125 0.9970486109374999 0.470673403125 1 0.5144714359375 1
1 0.7135573281250001 0.4390625 0.71497619375 0.46613605781249995 0.6962062625 0.5556076578125 0.6921875 0.600149525 0.6921875 0.6281328640625 0.694780959375 0.677619028125 0.7127673999999999 0.7820883390625 0.7197543843750001 0.7960417468750001 0.7264829546875 0.8 0.7511167343749999 0.8 0.7589774203124999 0.787326184375 0.7589774203124999 0.5085452234375001 0.7514050171875 0.4748837671875 0.7514130265625 0.4390625 0.7135573281250001 0.4390625
1 0.9252147328125 0.4390625 0.9279198984375 0.5057150187499999 0.90625 0.6245316421875 0.90625 0.6563229796875 0.9171923140625001 0.7760429296875 0.9278259765625 0.8249354546875001 0.9435155203125 0.840625 0.964582140625 0.840625 0.9676972171875 0.8355339703125001 0.9676972171875 0.538765021875 0.9626589203125 0.513967134375 0.9637484468749999 0.4390625 0.9252147328125 0.4390625