1 0.43515625 0.22569444375 0.4359375 0.2520833328125 0.4296875 0.28680555625 0.43515625 0.31597222187499996 0.44375 0.31875 0.4484375 0.3020833328125 0.44921875 0.2770833328125 0.44375 0.25347222187499996 0.44453125 0.2270833328125 0.438671875 0.2236111109375 0.43515625 0.22569444375
1 0.46796875 0.2270833328125 0.466796875 0.225 0.462109375 0.225 0.4609375 0.2270833328125 0.46171875 0.24097222187499998 0.45546875 0.26597222187499997 0.45546875 0.28680555625 0.459375 0.30763888906250003 0.462890625 0.3125 0.465625 0.31180555625 0.468359375 0.3111111109375 0.471875 0.3020833328125 0.4734375 0.28958333281250004 0.4734375 0.2645833328125 0.46796875 0.24375 0.46796875 0.2270833328125
1 0.4203125 0.228472221875 0.416796875 0.2236111109375 0.411328125 0.225 0.409375 0.228472221875 0.4109375 0.259027778125 0.4046875 0.2826388890625 0.4046875 0.30069444375 0.4078125 0.31875 0.412109375 0.3263888890625 0.4140625 0.32569444375 0.416796875 0.325 0.42109375 0.31875 0.425 0.2951388890625 0.425 0.284027778125 0.41875 0.259027778125 0.4203125 0.228472221875
1 0.39402217500000003 0.2463814421875 0.3945832796875 0.2334191390625 0.39102965312500004 0.22943072656250002 0.3878500796875 0.2304278359375 0.384109415625 0.23275439687500002 0.383174259375 0.2433901375 0.384375 0.2673611109375 0.38125 0.278472221875 0.37890625 0.29652777812500003 0.38046875 0.31736111093749997 0.38373535 0.3271465921875 0.388671875 0.3291666671875 0.390625 0.32847222187499997 0.394921875 0.3263888890625 0.3984375 0.31875 0.3992591125 0.2942422703125 0.39609375 0.27569444375 0.39375 0.26180555625 0.39402217500000003 0.2463814421875
1 0.37109375 0.259027778125 0.37265625 0.23680555625 0.37307446718750004 0.23109256875 0.370703125 0.225 0.365234375 0.225 0.3625 0.228472221875 0.3625 0.23958333281250002 0.36484375 0.2576388890625 0.3578125 0.2826388890625 0.3578125 0.3020833328125 0.36171875 0.3201388890625 0.364453125 0.325 0.36953125 0.32569444375 0.3734375 0.321527778125 0.37578125 0.31319444375 0.376815125 0.2919156984375 0.37578125 0.27569444375 0.37265625 0.26180555625 0.37109375 0.259027778125
1 0.3515625 0.2270833328125 0.349609375 0.225 0.344140625 0.225 0.34140625 0.2298611109375 0.34296875 0.2520833328125 0.3375 0.27291666718749996 0.33671875 0.29375 0.340625 0.31319444375 0.343359375 0.31944444375000003 0.3515625 0.31875 0.35625 0.29930555625 0.35625 0.278472221875 0.35078125 0.25347222187499996 0.35078125 0.24097222187499998 0.35234375 0.23125 0.3515625 0.2270833328125
1 0.33046875 0.228472221875 0.329296875 0.22638888906250001 0.323828125 0.22638888906250001 0.321875 0.2298611109375 0.3234375 0.2451388890625 0.31875 0.2604166671875 0.3171875 0.2701388890625 0.3171875 0.28819444375000003 0.31796875 0.29375 0.3201945453125 0.30435592968749997 0.321875 0.30902777812500004 0.324609375 0.3125 0.33046875 0.31180555625 0.33515625 0.2923611109375 0.3359375 0.27291666718749996 0.33046875 0.246527778125 0.32890625 0.24375 0.33046875 0.23541666718749998 0.33046875 0.228472221875
1 0.3766107828125 0.2415242421875 0.3765625 0.23541666718749998 0.37734375 0.2298611109375 0.374609375 0.22777777812500002 0.372265625 0.22777777812500002 0.3732023984375 0.231050928125 0.37265625 0.23541666718749998 0.37265625 0.24236111093749999 0.37109375 0.246527778125 0.37109375 0.25069444375 0.3712851890625 0.2525022890625 0.37109375 0.259027778125 0.373273409375 0.2634803390625 0.37412550625 0.269158640625 0.3754036453125 0.27433220937499997 0.3759007015625 0.2768558921875 0.3765625 0.2826388890625 0.3765625 0.28680555625 0.3778179171875 0.29931673124999997 0.380078125 0.28611111093749997 0.38125 0.2826388890625 0.38203125 0.27569444375 0.3816523421875 0.2665087671875 0.37774690624999996 0.251114259375 0.3766107828125 0.2415242421875
1 0.5909699015625 0.22264209687499997 0.5874542765624999 0.22472543125 0.587152159375 0.2377945890625 0.5882355265625 0.2525032078125 0.5819855265625 0.27472543125 0.5819855265625 0.291392096875 0.5851105265625 0.3108365421875 0.5886261515625 0.3170865421875 0.5960480265625 0.316392096875 0.6003837234375 0.29909661249999997 0.6018013859375 0.28125184999999997 0.5996748828125 0.2673959125 0.5968292765625 0.253892096875 0.5976105265625 0.22472543125 0.5909699015625 0.22264209687499997
1 0.5729755203125 0.2249883484375 0.5710842484375 0.2236111109375 0.5663967484375 0.2236111109375 0.5644695140625 0.226038040625 0.5660061234375 0.23819444375 0.562342996875 0.25689899375 0.5606890484375 0.26802573125 0.5606890484375 0.283351234375 0.56399694375 0.30455502343749996 0.5636623734375 0.30625 0.5671779984375 0.309722221875 0.5722561234375 0.30902777812500004 0.5745998734375 0.3048611109375 0.5777248734375 0.290972221875 0.5785061234375 0.2673611109375 0.5730373734375 0.24236111093749999 0.5730373734375 0.2270833328125 0.5729755203125 0.2249883484375
1 0.168359375 0.22638888906250001 0.163671875 0.225 0.160546875 0.22638888906250001 0.159375 0.2298611109375 0.1609375 0.25625 0.15625 0.2798611109375 0.15625 0.29930555625 0.1578125 0.30625 0.162890625 0.31805555625 0.1703125 0.31875 0.17421875 0.30625 0.17578125 0.2854166671875 0.1734375 0.26597222187499997 0.16875 0.24930555625 0.1703125 0.23125 0.168359375 0.22638888906250001
1 0.196875 0.2298611109375 0.192578125 0.225 0.18828125 0.228472221875 0.18828125 0.24930555625 0.1859375 0.25625 0.18359375 0.2701388890625 0.18359375 0.28819444375000003 0.184375 0.29652777812500003 0.18828125 0.30902777812500004 0.191796875 0.3138888890625 0.19375 0.31319444375 0.197265625 0.3125 0.2 0.30625 0.20234375 0.28680555625 0.20234375 0.2673611109375 0.19609375 0.24236111093749999 0.196875 0.2298611109375
1 0.140625 0.2520833328125 0.1421875 0.2451388890625 0.1421875 0.2298611109375 0.140234375 0.22638888906250001 0.133984375 0.22638888906250001 0.13203125 0.2298611109375 0.13359375 0.2604166671875 0.12890625 0.28125 0.128125 0.3048611109375 0.13125 0.321527778125 0.133984375 0.3263888890625 0.13828125 0.3270833328125 0.14140625 0.32569444375 0.14453125 0.31319444375 0.14609375 0.2923611109375 0.1421875 0.2645833328125 0.140625 0.2604166671875 0.140625 0.2520833328125
1 0.0765625 0.228472221875 0.073046875 0.225 0.069140625 0.225 0.066796875 0.22638888906250001 0.06484375 0.23125 0.0672091 0.25227246875 0.0625 0.27291666718749996 0.0625 0.3020833328125 0.06328125 0.30902777812500004 0.066796875 0.31944444375000003 0.068359375 0.32083333281250004 0.0765625 0.3201388890625 0.078125 0.31875 0.0796875 0.31319444375 0.08125 0.3020833328125 0.08125 0.271527778125 0.07578125 0.25069444375 0.0765625 0.228472221875
1 0.0871528625 0.3286069875 0.0957998125 0.3281113109375 0.0998443546875 0.31819773281249997 0.1008206234375 0.306549278125 0.10012328749999999 0.292918121875 0.0985891515625 0.27829559531250003 0.0966366109375 0.2673906640625 0.0956603421875 0.25623789375 0.09691554375 0.2371542640625 0.0956603421875 0.227488534375 0.0909184703125 0.22649717656249999 0.08701340156250001 0.22947124687499998 0.0857581984375 0.2411196984375 0.087292334375 0.26069900625 0.083666190625 0.2758172015625 0.0821320546875 0.2906875671875 0.0833872578125 0.310266865625 0.0871528625 0.3286069875
1 0.10918863125 0.34694709375 0.11699878281250001 0.34446870625 0.118393446875 0.33381160625 0.1189513140625 0.32067611875 0.1185329203125 0.3077884796875 0.11769612031250001 0.2934138 0.11393051093749999 0.27333880625 0.1146278484375 0.2641687546875 0.1150462421875 0.24805919531249998 0.113791040625 0.23368451562499998 0.110164903125 0.22897556875 0.104307290625 0.23442803125 0.1044467625 0.249298396875 0.10650735 0.26982549218749996 0.1034704921875 0.2802783125 0.102075828125 0.2968835484375 0.1029126265625 0.3184455640625 0.1036099640625 0.3407511046875 0.10918863125 0.34694709375
1 0.0502673859375 0.30652355781249996 0.051450164062500005 0.3149309984375 0.060025328125 0.3138800734375 0.062390881249999995 0.28497952656250003 0.063277975 0.2618590890625 0.0594398296875 0.2467590328125 0.058546846875 0.23085667187499997 0.058811556249999994 0.22749988124999998 0.0498586546875 0.22805811718750002 0.051450164062500005 0.240840503125 0.051450164062500005 0.24977340625000002 0.046719034375 0.27079197499999996 0.0458319609375 0.2797248796875 0.048197515625 0.30179439218750004 0.0502673859375 0.30652355781249996
1 0.1246981390625 0.2298611109375 0.12196376406250001 0.22638888906250001 0.1188387640625 0.22638888906250001 0.1129793890625 0.23125 0.1153231390625 0.23680555625 0.1153231390625 0.25069444375 0.1150420703125 0.26127318125 0.11472793437499999 0.27271703125 0.1180263671875 0.29030146874999996 0.11912585 0.30649033124999997 0.120382403125 0.3196088734375 0.1258700140625 0.31944444375000003 0.1272934171875 0.313189165625 0.127607553125 0.3017453078125 0.128864096875 0.2738335 0.12391688906250001 0.2520833328125 0.1231356390625 0.24375 0.1246981390625 0.2298611109375
1 0.15078125 0.23125 0.148046875 0.22638888906250001 0.144140625 0.22638888906250001 0.1421875 0.228472221875 0.1421875 0.246527778125 0.140625 0.2604166671875 0.1453125 0.2923611109375 0.14453125 0.30902777812500004 0.145703125 0.3125 0.14921875 0.31319444375 0.1546875 0.303472221875 0.15625 0.2701388890625 0.1546875 0.259027778125 0.15 0.2451388890625 0.14921875 0.23819444375 0.15078125 0.23125
0 0.32421875 0.571527778125 0.321875 0.59375 0.32578125 0.61180555625 0.337109375 0.63055555625 0.35 0.6326388890625 0.36328125 0.61180555625 0.3671875 0.5798611109375 0.355859375 0.5541666671875001 0.348046875 0.5486111109375 0.337109375 0.55 0.32421875 0.571527778125