1 0.333203125 0.21805555625 0.315234375 0.20555555625 0.298828125 0.2138888890625 0.290625 0.2298611109375 0.2875 0.2520833328125 0.29921875 0.38680555625 0.2984375 0.42152777812500003 0.29296875 0.4576388890625 0.30625 0.4604166671875 0.346484375 0.4583333328125 0.35 0.45347222187499997 0.33984375 0.39375 0.34609375 0.30069444375 0.3453125 0.24930555625 0.333203125 0.21805555625
1 0.369140625 0.525 0.287890625 0.525 0.278515625 0.527777778125 0.275 0.53680555625 0.2703125 0.5826388890625 0.2703125 0.621527778125 0.2765625 0.6701388890625 0.30078125 0.76875 0.310546875 0.7833333328125 0.3203125 0.7826388890625 0.333984375 0.7791666671875 0.350390625 0.765277778125 0.36015625 0.74375 0.37734375 0.6173611109375 0.37578125 0.5520833328125 0.369140625 0.525
1 0.596484375 0.1763888890625 0.586328125 0.16944444375 0.576171875 0.16944444375 0.561328125 0.1833333328125 0.55078125 0.2201388890625 0.55078125 0.25347222187499996 0.56015625 0.36319444375 0.559375 0.39375 0.5515625 0.44236111093749997 0.5578125 0.446527778125 0.6109375 0.44236111093749997 0.6015625 0.39791666718749996 0.60078125 0.37013888906250003 0.609375 0.21597222187499998 0.60390625 0.1895833328125 0.596484375 0.1763888890625
1 0.624609375 0.5125 0.537109375 0.515277778125 0.5328125 0.5229166671875001 0.53046875 0.54375 0.5296875 0.6201388890625 0.54609375 0.7201388890625 0.5546875 0.75625 0.559765625 0.765277778125 0.570703125 0.7736111109375 0.59375 0.77569444375 0.604296875 0.772222221875 0.6109375 0.76319444375 0.6296875 0.671527778125 0.63671875 0.6034722218749999 0.63203125 0.52569444375 0.624609375 0.5125
1 0.90546875 0.22430555624999998 0.90546875 0.17430555625 0.894921875 0.14861111093749999 0.879296875 0.140277778125 0.859765625 0.1458333328125 0.845703125 0.1611111109375 0.83359375 0.1854166671875 0.83125 0.20208333281250002 0.83125 0.2451388890625 0.83828125 0.290972221875 0.84140625 0.3479166671875 0.84140625 0.3826388890625 0.8328125 0.42569444375 0.8640625 0.4270833328125 0.902734375 0.425 0.90703125 0.4201388890625 0.896875 0.3770833328125 0.8953125 0.34930555625 0.8984375 0.2798611109375 0.90546875 0.22430555624999998
1 0.914453125 0.5 0.842578125 0.497222221875 0.812109375 0.5013888890625 0.80625 0.5173611109375 0.803125 0.5451388890625 0.803125 0.6006944437499999 0.809375 0.6493055562500001 0.83046875 0.74375 0.837890625 0.7597222218749999 0.855859375 0.772222221875 0.873046875 0.7791666671875 0.90234375 0.7798611109375 0.91640625 0.746527778125 0.94140625 0.6465277781250001 0.94453125 0.5618055562500001 0.93671875 0.51319444375 0.930078125 0.502777778125 0.914453125 0.5
1 0.46484375 0.31597222187499996 0.4609375 0.3298611109375 0.465625 0.44930555625 0.4890625 0.45069444374999995 0.49765625 0.36319444375 0.49765625 0.33541666718749996 0.491015625 0.3111111109375 0.483203125 0.30416666718749996 0.473828125 0.30416666718749996 0.46484375 0.31597222187499996
1 0.454296875 0.5138888890625 0.45 0.5354166671875 0.4515625 0.5618055562500001 0.448828125 0.5527777781250001 0.446875 0.55625 0.44765625 0.571527778125 0.451171875 0.5666666671875 0.45234375 0.5701388890625 0.451171875 0.5888888890625 0.448046875 0.5736111109375 0.446875 0.5798611109375 0.446875 0.6173611109375 0.45078125 0.6520833328125 0.458984375 0.6861111109375 0.469140625 0.6916666671875 0.484375 0.690972221875 0.49375 0.68125 0.50625 0.6145833328125 0.50859375 0.57569444375 0.50703125 0.5243055562500001 0.500390625 0.5097222218749999 0.454296875 0.5138888890625
1 0.647265625 0.28055555625 0.63828125 0.30069444375 0.64375 0.43819444374999994 0.64921875 0.43958333281249995 0.666796875 0.4375 0.6703125 0.42430555625000005 0.665625 0.3826388890625 0.6640625 0.278472221875 0.659765625 0.272222221875 0.647265625 0.28055555625
1 0.694140625 0.5041666671875 0.685546875 0.5013888890625 0.666015625 0.5097222218749999 0.634765625 0.5111111109375 0.6328125 0.5215277781250001 0.6375 0.5673611109375 0.6359375 0.63680555625 0.63984375 0.6576388890625 0.645703125 0.672222221875 0.651953125 0.6763888890625 0.6765625 0.6770833328125 0.680859375 0.675 0.6859375 0.66180555625 0.69765625 0.59930555625 0.7 0.54375 0.696875 0.51319444375 0.694140625 0.5041666671875
1 0.41484375 0.37430555625 0.4203125 0.45208333281249996 0.43828125 0.45347222187499997 0.44453125 0.38680555625 0.44296875 0.365972221875 0.437109375 0.34861111093749997 0.426171875 0.3458333328125 0.41875 0.3548611109375 0.41484375 0.37430555625
1 0.40703125 0.5298611109375 0.40703125 0.5631944437499999 0.4125 0.6034722218749999 0.419921875 0.6291666671875 0.43671875 0.63125 0.44609375 0.6243055562500001 0.44453125 0.559027778125 0.44765625 0.515972221875 0.443359375 0.5111111109375 0.412109375 0.5083333328124999 0.40703125 0.5298611109375
1 0.5109375 0.5520833328125 0.509375 0.6006944437499999 0.51640625 0.6006944437499999 0.52578125 0.55069444375 0.52578125 0.5201388890625 0.522265625 0.515277778125 0.511328125 0.515277778125 0.5078125 0.5201388890625 0.5109375 0.5520833328125
1 0.49375 0.39097222187499997 0.4953125 0.4451388890625 0.497265625 0.45 0.509375 0.44930555625 0.5125 0.446527778125 0.51484375 0.384027778125 0.512109375 0.3763888890625 0.501171875 0.3708333328125 0.49609375 0.3770833328125 0.49375 0.39097222187499997
1 0.12421875 0.2798611109375 0.111328125 0.2513888890625 0.091796875 0.2375 0.074609375 0.2388888890625 0.068359375 0.24444444375000002 0.05859375 0.26597222187499997 0.059375 0.3145833328125 0.0703125 0.4048611109375 0.06953125 0.43263888906250003 0.059375 0.471527778125 0.0734375 0.47430555625000004 0.113671875 0.47222222187499996 0.12265625 0.465972221875 0.115625 0.4076388890625 0.11796875 0.36319444375 0.12421875 0.3201388890625 0.12421875 0.2798611109375
1 0.14921875 0.546527778125 0.143359375 0.5333333328125 0.057421875 0.5333333328125 0.043359375 0.5375 0.0375 0.5479166671875 0.03046875 0.5951388890625 0.03046875 0.6326388890625 0.03671875 0.6798611109375 0.0609375 0.76319444375 0.066796875 0.772222221875 0.07421875 0.7729166671875001 0.113671875 0.7638888890625 0.1296875 0.7479166671875 0.1484375 0.6659722218749999 0.153125 0.6256944437499999 0.153125 0.571527778125 0.14921875 0.546527778125