2 0 0.22238288437499998 0.234785796875 0.24131292656249997 0.26837774531249997 0.2539765625 0.280098296875 0.2434233890625 0.287997003125 0.247490965625 0.2942128734375 0.25749215937500003 0.293886 0.2658012328125 0.29964569218750003 0.27855594375 0.3269876390625 0.29092848125000004 0.35958136406249996 0.3109375 0.3666432140625 0.3109375 0.3787225484375 0.3007374515625 0.39055771250000004 0.2767621046875 0.39055771250000004 0.2263690828125 0.38678653125 0.22249465468750002 0.3463680703125 0.2182998296875 0.34397228750000003 0.1377200140625 0.3416303390625 0.1265118703125 0.3371278265625 0.12306493593750001 0.21197696875 0.11076148593749999 0 0.0979207015625 0 0.22238288437499998
1 0.7706124859375001 0.359375 0.7706124859375001 0.3469607125 0.7618422453125 0.3070547203125 0.7638896875000001 0.2609039703125 0.75971405 0.24914796093749997 0.7555042796875 0.24710204375 0.75033905 0.2487113125 0.7471368171874999 0.25642400625 0.7498846312499999 0.30742270625 0.74375 0.3482357375 0.74375 0.359375 0.7706124859375001 0.359375
1 0.7330461078124999 0.359375 0.7239583328125001 0.3070601859375 0.7276041671875 0.271875 0.7270833328125 0.2579861109375 0.72421875 0.24918981406250001 0.7158854171875 0.2464120375 0.7127604171874999 0.24826388906250002 0.7088541671874999 0.2579861109375 0.7109375 0.3144675921875 0.703125 0.350578703125 0.7023518875000001 0.359375 0.7330461078124999 0.359375
1 0.69140033125 0.359375 0.6822916671874999 0.321875 0.6854166671874999 0.25891203749999997 0.6815104171874999 0.24826388906250002 0.6768229171875 0.2454861109375 0.6690104171875 0.24826388906250002 0.6645833328124999 0.2598379625 0.6661458328125 0.3135416671875 0.6572916671875 0.35335648124999997 0.6571506078125 0.359375 0.69140033125 0.359375
1 0.6489637593750001 0.359375 0.6395833328125 0.3172453703125 0.6421875 0.256134259375 0.63828125 0.2464120375 0.6341145828125 0.243634259375 0.62578125 0.2464120375 0.6213541671875 0.2570601859375 0.6234375 0.32743055625 0.6159232953125 0.359375 0.6489637593750001 0.359375
1 0.5992982 0.359375 0.5916666671875 0.3172453703125 0.5947916671875 0.2570601859375 0.5919270828125 0.24826388906250002 0.58671875 0.2445601859375 0.5794270828125 0.2464120375 0.575 0.25891203749999997 0.5776041671875001 0.3209490734375 0.5697916671875001 0.350578703125 0.5686274515624999 0.359375 0.5992982 0.359375
1 0.5621048859375 0.359375 0.5619791671875001 0.356134259375 0.5520833328125 0.306134259375 0.5557291671875 0.2570601859375 0.55234375 0.24826388906250002 0.54765625 0.2454861109375 0.5393229171875 0.24918981406250001 0.5375 0.256134259375 0.5385416671875001 0.31631944375 0.53046875 0.359375 0.5621048859375 0.359375
1 0.5274779031250001 0.359375 0.5270833328125 0.3478009265625 0.51875 0.306134259375 0.5213541671875 0.25891203749999997 0.51953125 0.25011574062499997 0.5143229171875 0.2464120375 0.5080729171875 0.24826388906250002 0.5052083328125 0.256134259375 0.50625 0.3135416671875 0.49791666718750005 0.3515046296875 0.49736328125 0.359375 0.5274779031250001 0.359375
1 0.470829278125 0.7576941296874999 0.4675139234375 0.7270172828125 0.4698163734375 0.7141756109375 0.47055992968749993 0.6790632015625 0.476654634375 0.63130515625 0.476654634375 0.6013679734374999 0.4696961203125 0.586068290625 0.4665490265625 0.5831839703125 0.453572434375 0.5831839703125 0.45142385156250003 0.5833674015625 0.44216558125 0.599122328125 0.43866699843749996 0.6276319671875 0.439396134375 0.6813114125 0.436113065625 0.719080309375 0.4150534046875 0.7754446140625 0.412251671875 0.789187953125 0.4109375 0.8495530546874999 0.4109375 0.9091847546875 0.4145719875 0.93358388125 0.4214811015625 0.9510167375 0.4390251671875 0.9609375 0.4551811984375 0.9609375 0.46385358749999994 0.949753040625 0.476654634375 0.9034715734375001 0.476654634375 0.7851415515625 0.470829278125 0.7576941296874999
1 0.3369791671875 0.8039930562500001 0.3395833328125 0.814178240625 0.3528645828125 0.7905671296875 0.3674479171875 0.7776041671875 0.37838541718749996 0.7739004625 0.3893229171875 0.7739004625 0.3986979171875 0.77945601875 0.3994791671875 0.777141203125 0.3984375 0.7651041671875001 0.3828125 0.7012152781250001 0.3854166671875 0.5965856484375001 0.37942708281250004 0.5813078703125 0.3721354171875 0.5748263890625 0.3669270828125 0.5748263890625 0.35703125 0.582233796875 0.3494791671875 0.6030671296875 0.3541666671875 0.6901041671874999 0.35208333281250004 0.707696759375 0.3390625 0.7595486109375 0.3369791671875 0.8039930562500001
1 0.27786458281250004 0.97945601875 0.2848958328125 0.982696759375 0.30130208281250004 0.98038194375 0.3104166671875 0.9688078703125 0.3182291671875 0.9289930562500001 0.3255208328125 0.8715856484375 0.3255208328125 0.8401041671874999 0.3229166671875 0.814178240625 0.3072916671875 0.752141203125 0.3020833328125 0.71695601875 0.3067708328125 0.6410300921875 0.30625 0.6123263890625 0.30026041718749996 0.595196759375 0.28984375 0.5859375 0.28359375 0.5859375 0.2763020828125 0.59149305625 0.2682291671875 0.6104745375 0.2682291671875 0.645659721875 0.275 0.71695601875 0.2723958328125 0.7428819437499999 0.25729166718749996 0.8058449078125001 0.2541666671875 0.8373263890625001 0.2552083328125 0.8780671296874999 0.2625 0.926215278125 0.2734375 0.9725115734374998 0.27786458281250004 0.97945601875
1 0.2046875 0.9243634265625001 0.21197916718749998 0.9317708328125001 0.22786458281250002 0.9313078703125001 0.2359375 0.9234375 0.246875 0.8715856484375 0.2510416671875 0.8289930562500001 0.2484375 0.7854745375000001 0.23125 0.714178240625 0.23072916718749997 0.6771412031249999 0.234375 0.6067708328125001 0.22890625 0.588715278125 0.21953125 0.5813078703125 0.20703125 0.5859375 0.2 0.60491898125 0.20052083281250002 0.6354745375 0.20572916718749998 0.69288194375 0.2052083328125 0.714178240625 0.190625 0.77899305625 0.1885416671875 0.8049189812499999 0.1890625 0.84195601875 0.1942708328125 0.877141203125 0.2046875 0.9243634265625001
1 0.7442994328125 1 0.7442994328125 0.886940653125 0.743609634375 0.8810204593750001 0.72239739375 0.80788855625 0.7175698921875 0.667538003125 0.7080844515625 0.6455917703124999 0.6979062953125 0.6421258671875 0.69239855625 0.6421258671875 0.681309125 0.6519752999999999 0.678125 0.6661017171875001 0.678125 0.687913284375 0.6878338421875 0.764657234375 0.6890945828125 0.818823903125 0.678125 0.8767034828125 0.678125 0.9551642265625 0.6811903890625001 0.98216698125 0.6854629 1 0.7442994328125 1
1 0.5947033109375 1 0.59609375 0.99774305625 0.6046875 0.9463541671875 0.60625 0.9060763890625001 0.60234375 0.86163194375 0.578125 0.769965278125 0.57578125 0.6560763890625 0.568359375 0.6401041671875 0.554296875 0.6359375 0.548046875 0.6387152781250001 0.53984375 0.66024305625 0.5390625 0.676909721875 0.5484375 0.7380208328125001 0.55078125 0.7949652781250001 0.54140625 0.8380208328125001 0.5390625 0.91163194375 0.5515625 0.9824652781250001 0.5586732375000001 1 0.5947033109375 1
1 0.60703125 0.9213541671875 0.609375 0.92413194375 0.625390625 0.9234375 0.6328125 0.914409721875 0.63984375 0.8713541671874999 0.64140625 0.8130208328125 0.63671875 0.7796875 0.61953125 0.719965278125 0.6171875 0.6171875 0.608203125 0.6026041671875 0.598046875 0.6026041671875 0.5890625 0.614409721875 0.58671875 0.6241319437499999 0.5953125 0.7102430562500001 0.5953125 0.739409721875 0.5875 0.7782986109375 0.5875 0.7977430562500001 0.6015625 0.8505208328125 0.60703125 0.9213541671875
1 0.73828125 0.88524305625 0.74453125 0.951909721875 0.74921875 0.9463541671875 0.759375 0.88524305625 0.7578125 0.82274305625 0.75234375 0.789409721875 0.7375 0.7407986109375 0.7375 0.6213541671874999 0.727734375 0.60399305625 0.716015625 0.60399305625 0.7078125 0.614409721875 0.7046875 0.63663194375 0.71640625 0.6685763890625 0.7171875 0.801909721875 0.7203125 0.82274305625 0.73828125 0.88524305625
1 0.75703125 0.81024305625 0.7609375 0.8769097218749999 0.765625 0.8741319437499999 0.77265625 0.839409721875 0.77578125 0.7782986109375 0.77265625 0.7519097218749999 0.75703125 0.694965278125 0.75703125 0.5963541671874999 0.749609375 0.5789930562500001 0.737890625 0.5776041671875 0.73046875 0.5866319437499999 0.72890625 0.59913194375 0.73671875 0.614409721875 0.73828125 0.6255208328125 0.7375 0.7005208328125001 0.74140625 0.7046875 0.7375 0.7116319437499999 0.73828125 0.7310763890625 0.75703125 0.81024305625
1 0.9233897984375 1 0.9241470625 0.9616319437499999 0.9202408125 0.926909721875 0.9108658125 0.88663194375 0.899137003125 0.8403925375 0.8968033125 0.7880208328125 0.8960703125 0.7511740015624999 0.8998546078124999 0.6885483828125001 0.8903938515625001 0.65912698125 0.8778583125000001 0.6536630046875 0.8681610281250001 0.6561848328125001 0.8594098171875 0.6608081984374999 0.8546158125 0.6630208328125 0.8499283125 0.6810763890625 0.8536256046874999 0.7286101687500001 0.8555023578125001 0.7719663437500001 0.8573791125 0.8228265359375001 0.8526871953124999 0.862070625 0.8475261062499999 0.88708385 0.8413345624999999 0.9130208328125 0.8358658125 0.9782986109374999 0.8377438171874999 1 0.9233897984375 1