1 0.1721283703125 0.3703125 0.1868956359375 0.3703125 0.18876608749999998 0.3649714328125 0.1962732296875 0.32835908593749996 0.1984375 0.31193537656250003 0.1984375 0.27968340468749997 0.195646353125 0.25700211875 0.187517721875 0.2213315734375 0.1900266171875 0.14830476406249998 0.1861823171875 0.1374291046875 0.17630803125 0.13314903281249998 0.17079887968750002 0.1397749578125 0.1681354578125 0.14980846875 0.1703194484375 0.222182365625 0.15909644375 0.2706194015625 0.157817753125 0.311299475 0.167900434375 0.369313584375 0.1721283703125 0.3703125
1 0.2453125 0.14703669218749998 0.2434396828125 0.1398502203125 0.23683791875 0.1328125 0.2339824046875 0.1328125 0.22789726093749998 0.134936409375 0.2228973546875 0.148425971875 0.2275350765625 0.221549878125 0.2203334359375 0.25405425312499996 0.217104459375 0.2809545875 0.21891865156249998 0.3179855640625 0.2272582828125 0.3515625 0.2274713765625 0.3515625 0.23252847499999998 0.30485896874999996 0.2438967859375 0.2723061109375 0.2453125 0.2698894703125 0.2453125 0.14703669218749998
1 0.28164742343750004 0.13237888125 0.2760217828125 0.138939496875 0.2736731953125 0.1535540515625 0.2791759546875 0.19912468125 0.280340571875 0.221346903125 0.2789931921875 0.2390625 0.2984375 0.2390625 0.2984375 0.1478332953125 0.2927305 0.135857565625 0.28164742343750004 0.13237888125
1 0.3588922109375 0.320320740625 0.3609375 0.3355703359375 0.3609375 0.24372089843750003 0.3546265875 0.2213072875 0.35190370312499997 0.14636790625 0.345053746875 0.1327677015625 0.3359622375 0.1288063671875 0.32937600625 0.1355462234375 0.3270223734375 0.14749233125 0.3345382421875 0.216101778125 0.32915851875 0.2538374203125 0.32969254375 0.26217075625 0.3377489828125 0.27026086718750003 0.35045996874999996 0.294197803125 0.3588922109375 0.320320740625
1 0.386281496875 0.3671875 0.40732935000000003 0.3671875 0.415625 0.32984899375 0.415625 0.26460283281249997 0.4042356234375 0.2176661453125 0.40663875781250003 0.15541058593749998 0.40544625312499993 0.142520465625 0.40036366093750003 0.13129238125 0.3914771734375 0.129133746875 0.383517384375 0.1394204828125 0.38155256406250004 0.1497513484375 0.38549639999999996 0.21990319687499998 0.3756076625 0.2660019734375 0.3744869015625 0.304074196875 0.3779351265625 0.3316334515625 0.386281496875 0.3671875
0 0.2183911109375 0.3123519984375 0.2183911109375 0.4216859125 0.22662528124999998 0.4391737296875 0.24077686874999998 0.4579815046875 0.25367513750000004 0.4625 0.27839518281250003 0.4625 0.2878920515625 0.45975397500000004 0.31232259687499997 0.4319895640625 0.3278841265625 0.40135580156249995 0.3374614609375 0.36404287343749997 0.3375 0.36330722656250003 0.3375 0.3075969265625 0.33422029062499997 0.2903295796875 0.3253323515625 0.2671535265625 0.3179259765625 0.25868617656250004 0.315628078125 0.24447227031250002 0.306509575 0.2389761421875 0.282524971875 0.2389761421875 0.26448655312499997 0.241017725 0.2508342578125 0.24988161718750002 0.244192978125 0.2621520984375 0.2372265078125 0.26843589687499997 0.22616760781249998 0.29104012031250004 0.2183911109375 0.3123519984375
1 0.6421875 0.5796875 0.6421875 0.5322621468750001 0.63339148125 0.507889284375 0.6408415328125 0.37271271562499997 0.6178747031249999 0.35047756875 0.5952491921874999 0.35456455781249996 0.5866748671875 0.3692415578125 0.592497953125 0.48035266875 0.558610165625 0.5796875 0.6421875 0.5796875
1 0.4734375 0.4296875 0.4734375 0.25141034375000004 0.472093153125 0.1793391921875 0.4555517328125 0.148359303125 0.4469974859375 0.0635461515625 0.4473964078125 0.15089460625 0.4337031140625 0.1643591625 0.43357786875000004 0.1948541 0.45159612187500003 0.281328921875 0.454549775 0.3923187984375 0.46257985625 0.42027842968750007 0.4727515765625 0.4296875 0.4734375 0.4296875
1 0.496875 0.267632790625 0.496875 0.23890630625 0.48279022187500004 0.179614365625 0.4859225734375 0.090434115625 0.47023209218749995 0.054867401562499994 0.4697606671875 0.054867401562499994 0.4670109625 0.077856353125 0.4526215578125 0.0955427875 0.45307407343749995 0.1344316765625 0.466123553125 0.1807798125 0.46292655937500005 0.2644045078125 0.4822892140625 0.3265625 0.4825222125 0.3265625 0.496875 0.267632790625
1 0.612445046875 0.128125 0.6113514312499999 0.128125 0.5967277125 0.1435409828125 0.5986026640625 0.2240965375 0.575025040625 0.28651784375 0.5766413781249999 0.35596228750000003 0.58271221875 0.3609375 0.583138121875 0.3609375 0.5949388046874999 0.3355351984375 0.5969719046875 0.243650165625 0.6170293953125 0.20922500312499998 0.6203125 0.16241056250000002 0.6203125 0.14008025468750002 0.612445046875 0.128125
1 0.6231962171875 0.35 0.6359375 0.2516415796875 0.6359375 0.2444844953125 0.626845584375 0.225 0.626615253125 0.225 0.6206235015624999 0.27591219843750003 0.6206235015624999 0.3467864515625 0.6223506828125001 0.35 0.6231962171875 0.35
1 0.6045099234375 0.320344371875 0.615625 0.2418315453125 0.615625 0.2231675640625 0.61122131875 0.218406053125 0.60662773125 0.218406053125 0.5927060078124999 0.2294417109375 0.5682943890625001 0.27751282499999996 0.5636421234375 0.366316825 0.557455284375 0.3823204203125 0.557455284375 0.484375 0.558765796875 0.484375 0.5660602703125 0.47144793281249997 0.5738483046875 0.36867015625 0.59886984375 0.3399585984375 0.6045099234375 0.320344371875
1 0.7270833328125 0.43958333281249995 0.7395833328125001 0.48125 0.7520833328125001 0.4895833328125 0.79375 0.41180555625000004 0.7916666671874999 0.2923611109375 0.8083333328125001 0.23125 0.80625 0.20069444375 0.796875 0.19097222187500001 0.778125 0.18819444375 0.7666666671875 0.20347222187499997 0.7625 0.28680555625 0.725 0.38125 0.7270833328125 0.43958333281249995
1 0.8388617609375 0.5796875 0.8395833328125001 0.578472221875 0.8416666671874999 0.55069444375 0.83125 0.43680555625000006 0.8541666671874999 0.32847222187499997 0.846875 0.31319444375 0.821875 0.3020833328125 0.8 0.32569444375 0.7916666671874999 0.428472221875 0.7625 0.4701388890625 0.7479166671874999 0.5201388890625 0.7479166671874999 0.5796875 0.8388617609375 0.5796875
1 0.045077810937500004 0.5796875 0.03975899375 0.6161660906249999 0.0614086984375 0.66875 0.0617210703125 0.66875 0.0764441765625 0.5923964078124999 0.074968528125 0.5796875 0.045077810937500004 0.5796875
1 0.1820806640625 0.5796875 0.1986190890625 0.6373809421875001 0.2130485171875 0.6453125 0.21951471718749999 0.6453125 0.2234375 0.609942421875 0.2234375 0.5796875 0.1820806640625 0.5796875
1 0.0756024171875 0.5796875 0.07805285625 0.5966078109375 0.0638203171875 0.68602586875 0.09544221875 0.790086628125 0.116543653125 0.8015625 0.12433910937499999 0.8015625 0.128125 0.7983459796875 0.128125 0.626539534375 0.1124120265625 0.5876262046875 0.111903290625 0.5796875 0.0756024171875 0.5796875
1 0.215129221875 0.5796875 0.20939208593749997 0.5994091593750001 0.21001267499999998 0.6527424953125001 0.23051424062499998 0.7203125 0.25634536093750004 0.7203125 0.2765625 0.60995929375 0.2765625 0.586209628125 0.27434026093749997 0.5796875 0.215129221875 0.5796875
1 0.3319134203125 0.5796875 0.32987390625 0.5931237874999999 0.3438480046875 0.6558020250000001 0.35574849375 0.6578125 0.3746664671875 0.6578125 0.3890625 0.5908787578125 0.3890625 0.5796875 0.3319134203125 0.5796875
1 0.4296875 0.5796875 0.3920979609375 0.5796875 0.389354290625 0.58630253125 0.389354290625 0.7409137375 0.399521375 0.74375 0.4175454 0.74375 0.4296875 0.7196068546875 0.4296875 0.5796875
1 0.283340371875 0.5796875 0.2846875 0.6129166671874999 0.25968749999999996 0.69625 0.2646875 0.7729166671875001 0.2846875 0.8229166671874999 0.3046875 0.7629166671875 0.3446875 0.7029166671875 0.32218749999999996 0.61625 0.325234375 0.5796875 0.283340371875 0.5796875
1 0.7999249609375 1 0.8 0.9992268546874999 0.8 0.90838120625 0.787883003125 0.8485826281250001 0.7881981359375001 0.7944159609375 0.79809835625 0.7046842124999999 0.7927588906249999 0.682143471875 0.779936946875 0.6695871234374999 0.76585020625 0.6729347421874999 0.7567405875000001 0.693939240625 0.7543619749999999 0.8341260125 0.7344105484375 0.9052106703125 0.7295503625 0.953756940625 0.7295503625 1 0.7999249609375 1
1 0.934375 1 0.934375 0.8419822578125 0.9282826937500002 0.8179309515625001 0.9286379015625 0.760959234375 0.934375 0.7124536984375001 0.934375 0.6827449718749999 0.9255606984375 0.661649134375 0.9202247828125 0.659375 0.9178287843749999 0.659375 0.9052967015625001 0.66327438125 0.8984325875 0.6793329640625 0.9000659265625 0.793249125 0.8790482453124999 0.8851976015625 0.8766940312500001 0.9296875 0.8796630624999999 0.9699470968749999 0.8857501156249998 1 0.934375 1
1 0.884723496875 0.8768751203124999 0.8859375 0.8713001015625 0.8859375 0.7693118609375 0.8851504109375 0.7661645265625 0.8836218500000002 0.7369978609375 0.8859375 0.6884472984375 0.8859375 0.645329778125 0.8848494390624999 0.641565046875 0.8752463609374999 0.6291837453125 0.8650901109374999 0.628532903125 0.856870015625 0.642540490625 0.8599126203124999 0.7451680749999999 0.8458550296875 0.803788871875 0.8429144562499999 0.8368218171875 0.8475340765624999 0.8952552796875001 0.8568217718749999 0.9387614171875001 0.863562178125 0.946875 0.8829790031249999 0.946875 0.884723496875 0.8768751203124999
1 0.7579491125000001 0.6888356109375 0.76875 0.6576487046875 0.76875 0.6525200109375 0.7659125765624999 0.634068009375 0.7595651140624999 0.6265625 0.7450648828124999 0.6265625 0.7363058828125 0.6430884078125 0.7376957453124999 0.7625328515625001 0.7234176359375001 0.8121819374999999 0.7183367546875 0.8458976843749999 0.7175015078125 0.9085069453125 0.7283688500000001 0.9689078625 0.7324863781250001 0.9734375 0.7331779484375 0.9734375 0.7385952578125 0.9070319265624999 0.7558367546875 0.8432754296875 0.7587193375 0.8222235734375 0.7579491125000001 0.6888356109375
1 0.7397906484375 0.7329354593749999 0.7357227640625 0.7261957328124999 0.7395320359374999 0.7218243484375 0.7370051390625 0.6468652921875 0.7383090250000001 0.63567229375 0.740625 0.6308001390625 0.740625 0.603845790625 0.7372274187500001 0.6 0.7300269875 0.6 0.72459406875 0.600931196875 0.717576278125 0.618681271875 0.7198714765625001 0.7172923828125001 0.7055718734375 0.7750556984375 0.70306108125 0.8016083625 0.7076084578125 0.8625556984375 0.7154478765625 0.896909428125 0.7183156890625 0.8984375 0.720235384375 0.8984375 0.722554596875 0.8325701609374999 0.7394619718750001 0.7524208484375 0.7397906484375 0.7329354593749999
1 0.6139373796875 1 0.6131308359375 0.94150918125 0.6087529828125 0.9152477125 0.605340990625 0.8899640078125 0.6033932859375 0.8504740249999999 0.6088265328125 0.799712190625 0.6137350453125 0.7564543703125001 0.61875 0.7226412328125 0.61875 0.698394059375 0.6173312890625 0.6908131390625 0.612692009375 0.6883492640625001 0.6042640953125 0.683267265625 0.5947431546875 0.6802372234374999 0.581825534375 0.685044240625 0.570307434375 0.7139698265625001 0.5697125187500001 0.7767937703125 0.5664029375 0.8136021859374999 0.5604070625 0.8658515874999999 0.5479580234375 0.9038128859375 0.5479580234375 1 0.6139373796875 1