1 0.336445503125 0.1386975375 0.336176775 0.1110107671875 0.3415658734375 0.062217643749999996 0.3233682203125 0.059814734375 0.318909621875 0.0635372203125 0.318541440625 0.138355209375 0.30932189062500004 0.17231577343749999 0.30932189062500004 0.2109375 0.33013581406250003 0.2109375 0.34375 0.20963190625 0.34375 0.18343310156249998 0.336445503125 0.1386975375
1 0.5368200515625 0.365913021875 0.54462731875 0.38760245000000004 0.5491497453124999 0.390625 0.5504119328125 0.390625 0.5578125 0.358925515625 0.5578125 0.29375 0.542705515625 0.29375 0.5386191218749999 0.2940596484375 0.5332690078125 0.30908697812499997 0.5368200515625 0.365913021875
1 0.56875 0.139788203125 0.5602108234375 0.1026960375 0.5615551546875001 0.06521421875 0.5587924984375 0.060321290625 0.5470737484375 0.06018493125 0.542797075 0.0636071546875 0.5453751546875 0.103912203125 0.5346962234375 0.1482293796875 0.5325625625 0.18431321875 0.536775440625 0.2125 0.56875 0.2125 0.56875 0.139788203125
2 0.56875 0.24966010156250001 0.56870483125 0.249705196875 0.54448608125 0.24829461562500002 0.525250478125 0.24025810937499997 0.427885590625 0.23873694687499997 0.39859085781250003 0.23149779375 0.11362884843750001 0.2176671109375 0.10903846875 0.218782984375 0.1070324984375 0.22904039062499998 0.1104317171875 0.27765150156249996 0.114185859375 0.2923940953125 0.1253218859375 0.28474330000000003 0.1636031359375 0.2869729296875 0.18460618906249998 0.29375 0.56875 0.29375 0.56875 0.24966010156250001
1 0.6459735265625 0.32075619375 0.661436153125 0.24605634062499998 0.6557852515625 0.2244451484375 0.6625 0.1547622546875 0.6625 0.14293966875 0.6495430484375 0.12672586875 0.6477478156250001 0.12672586875 0.6395156890625 0.1306504515625 0.6328090421875 0.146000378125 0.6330883234375 0.22576709374999998 0.6207482078125001 0.2643845453125 0.6207482078125001 0.3621326796875 0.6232454296875 0.3799226171875 0.6414353390625 0.384375 0.6433701234375 0.384375 0.647184321875 0.380522909375 0.6459735265625 0.32075619375
1 0.7859375 0.3890625 0.7859375 0.3320979421875 0.775576734375 0.2994967484375 0.7776346359375 0.2050920734375 0.7696280171875 0.186648503125 0.7656231234375 0.185761390625 0.7547384562499999 0.185761390625 0.7427820015625001 0.2037224640625 0.7500000531250001 0.2954189578125 0.7358644140624999 0.3506329828125 0.734521175 0.388835321875 0.7384987656249999 0.3890625 0.7859375 0.3890625
1 0.8921875 0.33154637187499997 0.8787101937500001 0.2797677375 0.8835154046875001 0.1878298796875 0.8667275812499999 0.1706356859375 0.8501608375 0.1914414921875 0.8546665109375 0.2774881 0.8376940125000001 0.3432861375 0.83664979375 0.39327060468749997 0.842721796875 0.40434051406249993 0.868214184375 0.40625 0.890737796875 0.40625 0.8921875 0.40229585781250005 0.8921875 0.33154637187499997
1 0.94375 0.40625 0.94375 0.24825920468749998 0.9409586015624999 0.2399920125 0.9402853499999999 0.1543030578125 0.9293629515624999 0.140719846875 0.9200171562499999 0.1401755140625 0.9099973015625 0.15851454375000001 0.9184015249999999 0.2406700671875 0.9089028703124999 0.2759702125 0.9053040828124999 0.31958140625000003 0.9229142484375 0.400281259375 0.9271513531250001 0.40625 0.94375 0.40625
1 0.9398447937500001 0.37693750000000004 0.94852303125 0.41193749999999996 0.9865737656250001 0.4149375 0.9972546734375001 0.38093750000000004 0.9999248999999999 0.3309375 0.982568425 0.2649375 0.9879088781250001 0.1769375 0.9805657546875001 0.1599375 0.9672146187500001 0.1559375 0.9545310406249999 0.17293750000000002 0.9585363812499998 0.2589375 0.9398447937500001 0.3269375 0.9398447937500001 0.37693750000000004
1 0.810338784375 0.2529375 0.792982309375 0.3169375 0.792982309375 0.3609375 0.7989903203125 0.3979375 0.8330357140625001 0.40093750000000006 0.8343708281250001 0.3429375 0.8423815093750001 0.29693749999999997 0.8330357140625001 0.2549375 0.83837616875 0.16893750000000002 0.83103304375 0.1559375 0.8203521359374999 0.1519375 0.809003671875 0.1629375 0.8063334453125 0.1749375 0.810338784375 0.2529375
1 0.7903120828125 0.3609375 0.792982309375 0.3129375 0.8023281046875 0.2789375 0.792982309375 0.23293750000000002 0.7983227640624999 0.1549375 0.7923147531250001 0.1379375 0.7776285046875 0.1339375 0.767615153125 0.1489375 0.7689502671875 0.1869375 0.7769609484375 0.2049375 0.77028538125 0.29293749999999996 0.7903120828125 0.3609375
1 0.724891521875 0.3909375 0.7395777703124999 0.3189375 0.7288968625 0.2729375 0.7342373171875 0.1849375 0.725559078125 0.16793750000000002 0.7135430578124999 0.16593750000000002 0.70352970625 0.1769375 0.7008594796875001 0.1929375 0.7061999328125 0.2609375 0.691513684375 0.3249375 0.690178571875 0.38493750000000004 0.724891521875 0.3909375
1 0.67015186875 0.24693749999999998 0.656800734375 0.30293749999999997 0.6554656203125 0.3569375 0.66147363125 0.3879375 0.6888434578125 0.3869375 0.6888434578125 0.3389375 0.7008594796875001 0.28693749999999996 0.6928487984375 0.2509375 0.6968541390625 0.16493750000000001 0.6895110140625 0.1499375 0.6801652203125 0.1459375 0.66881675625 0.1549375 0.664811415625 0.17093750000000002 0.67015186875 0.24693749999999998
2 1 0.4796875 1 0.42377664531250003 0.6961865828125 0.3919375 0.56875 0.392302509375 0.56875 0.471543078125 0.7052152875 0.4796875 1 0.4796875
1 0.022234675000000002 1 0.0265625 0.9530671296875 0.0265625 0.932696759375 0.0190104171875 0.914641203125 0.0080729171875 0.9127893515625001 0.0033854171875 0.91649305625 0 0.9249189828125001 0 0.928235478125 0.0052083328125 0.9484375 0.0046875 0.9780671296874999 0.0026312937500000003 1 0.022234675000000002 1
1 0.6541398984375 0.4796875 0.65579066875 0.5071845265625 0.6772038546875 0.58867369375 0.686510009375 0.608304371875 0.70202865625 0.6109375 0.7071420078124999 0.6109375 0.735513396875 0.606359453125 0.740625 0.5940355828125 0.740625 0.5603608609374999 0.7342347281249999 0.55075378125 0.7322345015625 0.531453659375 0.7381247609375 0.4796875 0.6541398984375 0.4796875