1 0.432421875 0.20972222187499998 0.425 0.22430555624999998 0.428125 0.27291666718749996 0.41875 0.31736111093749997 0.41796875 0.3423611109375 0.42578125 0.38680555625 0.4421875 0.3895833328125 0.44921875 0.36319444375 0.45078125 0.33541666718749996 0.440625 0.27430555624999997 0.44296875 0.2201388890625 0.439453125 0.21111111093749999 0.432421875 0.20972222187499998
1 0.3921875 0.22291666718749997 0.387109375 0.2208333328125 0.3796875 0.23263888906250002 0.3828125 0.28819444375000003 0.37421875 0.3229166671875 0.3734375 0.36319444375 0.380859375 0.4 0.396875 0.40069444374999996 0.4046875 0.3826388890625 0.40625 0.3395833328125 0.40234375 0.30763888906250003 0.39609375 0.28680555625 0.3953125 0.23680555625 0.3921875 0.22291666718749997
1 0.349609375 0.21111111093749999 0.34375 0.22291666718749997 0.34765625 0.27430555624999997 0.33828125 0.3145833328125 0.33671875 0.33541666718749996 0.3453125 0.38680555625 0.36015625 0.3895833328125 0.36875 0.36319444375 0.3703125 0.32847222187499997 0.359375 0.2798611109375 0.3609375 0.22152777812500002 0.356640625 0.21111111093749999 0.349609375 0.21111111093749999
1 0.309375 0.21458333281250003 0.31328125 0.26597222187499997 0.303125 0.30902777812500004 0.303125 0.33819444375 0.3109375 0.37569444375 0.314453125 0.38055555625 0.32578125 0.37986111093749997 0.334375 0.3451388890625 0.3359375 0.3201388890625 0.32421875 0.2673611109375 0.3265625 0.2104166671875 0.316015625 0.20277777812500003 0.309375 0.21458333281250003
1 0.278515625 0.20138888906250002 0.2765625 0.21597222187499998 0.2796875 0.2576388890625 0.2703125 0.29375 0.26953125 0.32430555625 0.2765625 0.3645833328125 0.279296875 0.36944444375 0.290625 0.37013888906250003 0.29765625 0.3479166671875 0.3015625 0.31597222187499996 0.290625 0.2520833328125 0.29453125 0.209027778125 0.292578125 0.20138888906250002 0.278515625 0.20138888906250002
1 0.483203125 0.20138888906250002 0.476171875 0.20138888906250002 0.47109375 0.2104166671875 0.4734375 0.2673611109375 0.4640625 0.30902777812500004 0.4640625 0.33680555624999997 0.47109375 0.37569444375 0.484375 0.37986111093749997 0.48828125 0.3770833328125 0.49453125 0.346527778125 0.49609375 0.31597222187499996 0.48515625 0.2645833328125 0.4875 0.2076388890625 0.483203125 0.20138888906250002
1 0.515234375 0.2 0.51328125 0.21597222187499998 0.5171875 0.25486111093749997 0.50703125 0.29930555625 0.5078125 0.3298611109375 0.515625 0.365972221875 0.52890625 0.3673611109375 0.5328125 0.36180555625 0.5375 0.33125 0.53828125 0.2979166671875 0.528125 0.25486111093749997 0.53046875 0.20347222187499997 0.515234375 0.2
1 0.43671875 0.20486111093749998 0.4421875 0.21180555625 0.44375 0.22569444375 0.440625 0.271527778125 0.44921875 0.3145833328125 0.4515625 0.36319444375 0.46015625 0.3270833328125 0.46015625 0.3048611109375 0.45 0.259027778125 0.45234375 0.20347222187499997 0.438671875 0.20138888906250002 0.43671875 0.20486111093749998
1 0.397265625 0.20138888906250002 0.3921875 0.2076388890625 0.390625 0.2201388890625 0.39609375 0.24375 0.3953125 0.28125 0.40546875 0.32847222187499997 0.40390625 0.3770833328125 0.40859375 0.37847222187499996 0.41640625 0.321527778125 0.4125 0.2923611109375 0.40625 0.27291666718749996 0.4078125 0.21319444375000002 0.404296875 0.20416666718749998 0.397265625 0.20138888906250002
1 0.36171875 0.2298611109375 0.359375 0.2770833328125 0.3734375 0.33819444375 0.37890625 0.3020833328125 0.37109375 0.259027778125 0.3734375 0.20486111093749998 0.359765625 0.20138888906250002 0.35625 0.209027778125 0.36171875 0.2298611109375
1 0.06484375 0.209027778125 0.061328125 0.20416666718749998 0.053515625 0.20555555625 0.0484375 0.21458333281250003 0.05078125 0.27291666718749996 0.04453125 0.3104166671875 0.04765625 0.37013888906250003 0.051171875 0.38055555625 0.05625 0.38125 0.063671875 0.38055555625 0.0703125 0.3729166671875 0.07421875 0.33819444375 0.0734375 0.3020833328125 0.06484375 0.26597222187499997 0.06484375 0.209027778125
1 0.01640625 0.21597222187499998 0.007421875 0.21111111093749999 0.002734375 0.2138888890625 0 0.22430555624999998 0.00234375 0.2673611109375 0 0.37847222187499996 0.002734375 0.39027777812500003 0.015625 0.39097222187499997 0.02109375 0.3854166671875 0.02265625 0.3770833328125 0.02109375 0.31875 0.01640625 0.28125 0.01796875 0.23680555625 0.01640625 0.21597222187499998
1 0.034825445312499995 0.22902378125 0.03359375 0.20347222187499997 0.019921875 0.2 0.01640625 0.2104166671875 0.021408434375 0.2449188875 0.017280140625000003 0.2809885140625 0.02265625 0.36180555625 0.02890625 0.36875 0.035546875 0.36666666718749996 0.0390625 0.35625 0.04140625 0.30763888906250003 0.0389537390625 0.27976581875 0.0328125 0.259027778125 0.034825445312499995 0.22902378125
1 0.111328125 0.20138888906250002 0.102734375 0.2 0.09609375 0.2076388890625 0.096405996875 0.2326918890625 0.1 0.259027778125 0.09375 0.2854166671875 0.0921875 0.321527778125 0.09921875 0.3645833328125 0.102734375 0.36944444375 0.1125 0.36875 0.1171875 0.3604166671875 0.11953125 0.321527778125 0.11807959531250001 0.2815998625 0.1140625 0.259027778125 0.11484375 0.2201388890625 0.111328125 0.20138888906250002
0 0.141015625 0.5513888890625 0.130078125 0.55694444375 0.1140625 0.5798611109375 0.10859375 0.621527778125 0.11171875 0.63680555625 0.124609375 0.6625 0.137890625 0.6736111109375 0.14921875 0.67430555625 0.159765625 0.66805555625 0.17265625 0.6479166671875001 0.18046875 0.6076388890625 0.17734375 0.5826388890625 0.163671875 0.559722221875 0.141015625 0.5513888890625