1 0.6291666671875 0.4921296296875 0.62421875 0.48148148125 0.6158854171875 0.4796296296875 0.6098958328124999 0.4875 0.6083333328125 0.49398148124999997 0.6119791671875 0.558796296875 0.6015625 0.6078703703125 0.6010416671875001 0.6375 0.6104166671875 0.690277778125 0.6138020828124999 0.69351851875 0.625 0.69305555625 0.6307291671875 0.6893518515625 0.6348958328125 0.6726851859375 0.6380208328125 0.6393518515625 0.6380208328125 0.6115740734374999 0.6276041671875 0.559722221875 0.6291666671875 0.4921296296875
1 0.7479166671875 0.5513888890625 0.7484375 0.48101851875 0.7455729171875001 0.475 0.7393229171875 0.471296296875 0.7341145828125 0.475 0.7296875 0.48842592656250006 0.7328125 0.5513888890625 0.7239583328125 0.590277778125 0.7223958328125 0.6245370375 0.73125 0.6800925921875 0.7346354171875 0.6888888890625 0.7421875 0.690277778125 0.74765625 0.6879629625 0.7515625 0.68101851875 0.7583333328124999 0.6365740734374999 0.759375 0.6041666671875 0.7572916671875001 0.5865740734375 0.7479166671875 0.5513888890625
1 0.6856770828125 0.4796296296875 0.67734375 0.4768518515625 0.671875 0.48379629687500003 0.6697916671875 0.49305555625 0.6729166671875 0.5550925921875 0.6630208328125 0.5986111109375 0.6619791671875 0.6236111109375 0.6638020828125 0.6259259265625 0.6825520828125 0.622222221875 0.69140625 0.625 0.6984375 0.6365740734374999 0.7 0.6208333328125 0.6984375 0.5986111109375 0.6880208328124999 0.5578703703125 0.6875 0.5375 0.690625 0.49490740781250003 0.6856770828125 0.4796296296875
1 0.6619791671875 0.6115740734374999 0.6598958328125 0.5726851859375001 0.6546875 0.5513888890625 0.6567708328124999 0.4865740734375 0.6533854171875 0.4768518515625 0.64765625 0.4731481484375 0.6408854171875 0.4768518515625 0.6369791671875 0.48842592656250006 0.6401041671875001 0.5458333328125 0.6338541671875 0.583796296875 0.6380208328125 0.60694444375 0.6385416671875 0.6384259265625001 0.6364583328125 0.6671296296875 0.6395833328125 0.6875 0.6416666671875 0.683796296875 0.6427083328125 0.6634259265625 0.64765625 0.6620370375 0.6536458328125 0.6495370375 0.6604166671875 0.628240740625 0.6619791671875 0.6115740734374999
1 0.5958333328125 0.49120370312499995 0.59140625 0.48055555625 0.58359375 0.477777778125 0.5794270828125 0.48055555625 0.575 0.4921296296875 0.5776041671875001 0.5578703703125 0.571875 0.5791666671875 0.5760416671875 0.6078703703125 0.5734375 0.6745370375 0.5783854171875 0.6888888890625 0.5927083328125 0.6893518515625 0.5963541671875 0.6828703703125 0.6015625 0.6606481484375 0.6005208328125 0.6199074078125 0.6020833328124999 0.5912037031249999 0.59375 0.55694444375 0.5958333328125 0.49120370312499995
1 0.52890625 0.48148148125 0.52109375 0.48055555625 0.51796875 0.4824074078125 0.5130208328125 0.49490740781250003 0.5161458328124999 0.5578703703125 0.5088541671875 0.596759259375 0.5166666671875 0.6199074078125 0.5203125 0.641203703125 0.5197916671875 0.6634259265625 0.515625 0.690277778125 0.5302083328125 0.69398148125 0.5338541671875 0.6921296296875 0.5395833328124999 0.6625 0.540625 0.5976851859375001 0.5322916671875 0.558796296875 0.5354166671875 0.49305555625 0.52890625 0.48148148125
1 0.56875 0.49490740781250003 0.56484375 0.48518518593750004 0.55703125 0.48148148125 0.5502604171875001 0.48703703750000005 0.546875 0.4986111109375 0.55 0.5615740734375 0.5411458328125 0.6023148140625 0.540625 0.6550925921874999 0.5453125 0.6875 0.5486979171875 0.696296296875 0.565625 0.6986111109375 0.56875 0.69398148125 0.5723958328125 0.6773148140624999 0.5755208328125 0.609722221875 0.571875 0.584722221875 0.5661458328125 0.5643518515625 0.56875 0.49490740781250003
1 0.55546875 0.47407407343749997 0.54609375 0.4768518515625 0.5416666671875 0.48842592656250006 0.54375 0.5513888890625 0.5380208328125 0.5791666671875 0.5416666671875 0.590277778125 0.5458333328125 0.58101851875 0.55 0.5578703703125 0.5479166671875 0.49398148124999997 0.5518229171875 0.48425925937500003 0.5588541671875 0.48101851875 0.55546875 0.47407407343749997
1 0.48541666718750004 0.48472222187499997 0.4828125 0.49490740781250003 0.4859375 0.5458333328125 0.48541666718750004 0.558796296875 0.4796875 0.583796296875 0.4966145828125 0.5870370375 0.5067708328125 0.5949074078125001 0.5088541671875 0.5791666671875 0.503125 0.558796296875 0.5057291671875 0.49398148124999997 0.5013020828125 0.48148148125 0.49192708281249997 0.477777778125 0.48541666718750004 0.48472222187499997
1 0.4692708328125 0.5449074078125 0.4713541671875 0.4875 0.46848958281249997 0.48055555625 0.46119791718750003 0.475 0.45338541718750003 0.477777778125 0.44947916718750003 0.4875 0.45104166718750005 0.5513888890625 0.4427083328125 0.590277778125 0.440625 0.609722221875 0.44166666718750003 0.6375 0.4484375 0.6773148140624999 0.4526041671875 0.683796296875 0.4515625 0.6921296296875 0.459375 0.690277778125 0.4546875 0.6486111109375 0.45625 0.6273148140625 0.4640625 0.603240740625 0.4760416671875 0.5856481484375 0.4692708328125 0.5449074078125
0 0.5033854171875001 0.5944444437499999 0.49401041718750005 0.5870370375 0.47890625 0.5861111109375 0.46848958281249997 0.597222221875 0.4604166671875 0.6125 0.45520833281249995 0.6356481484375001 0.4557291671875 0.6643518515625 0.45989583281249996 0.68194444375 0.46901041718750003 0.7018518515625 0.47942708281249996 0.7101851859375 0.4921875 0.7115740734375 0.5065104171875 0.7 0.5145833328125 0.684722221875 0.5192708328125 0.6615740734375 0.5192708328125 0.6384259265625001 0.5130208328125 0.6115740734374999 0.5033854171875001 0.5944444437499999