1 0.1548425296875 0.08347491875 0.15270301875 0.10666253437499999 0.1540151015625 0.1323516625 0.152334534375 0.1637936765625 0.1484375 0.18533796875 0.1484375 0.2484375 0.178977284375 0.2484375 0.181144146875 0.2481864640625 0.178787540625 0.21520832968749998 0.171870071875 0.1733655984375 0.181861115625 0.08234859375 0.1768751109375 0.0684506046875 0.1724466 0.0651020984375 0.1634629390625 0.067624878125 0.1548425296875 0.08347491875
1 0.143765953125 0.1922371328125 0.13834003749999998 0.1647569609375 0.1381619828125 0.08844839843749999 0.13368544531249998 0.07578304218750001 0.1250488359375 0.0676457328125 0.11486951406250001 0.072199740625 0.1125 0.0771721078125 0.1125 0.116186346875 0.1186077078125 0.16729846718750002 0.1170847796875 0.19255355937500002 0.1125 0.21933096875000002 0.1125 0.22811700468749999 0.115683090625 0.246875 0.146960921875 0.246875 0.146960921875 0.20151191562499998 0.143765953125 0.1922371328125
1 0.07023256875 0.249597696875 0.08495984375 0.25 0.08878062812500001 0.25 0.0907258578125 0.241375675 0.0824356046875 0.18516502343750002 0.0832181640625 0.16103635624999998 0.086154215625 0.1360909484375 0.0897406578125 0.1232644640625 0.0928575015625 0.0890325 0.09185630156249999 0.08154320468750001 0.0870540953125 0.0724603046875 0.0804587578125 0.0703125 0.0753474765625 0.0703125 0.07017694218750001 0.07436462031249999 0.0648026640625 0.08663260625 0.0628785828125 0.10512382812500001 0.063256478125 0.15534219375 0.0607710921875 0.181240825 0.0578125 0.19066286875 0.0578125 0.24812164218750002 0.07023256875 0.249597696875
2 0.40548734218750004 0.3796875 0.4066483359375 0.37544213593750003 0.4057952125 0.3429922859375 0.3998460296875 0.3358037828125 0.368069809375 0.335435146875 0.3662711328125 0.3311942015625 0.3640979171875 0.2570140171875 0.3612521875 0.253656553125 0.3414766828125 0.2500723265625 0.3046616625 0.24833758125 0 0.24833758125 0 0.344026471875 0.22469519531249998 0.35459900625 0.2527717140625 0.3640783453125 0.2704800484375 0.3647999046875 0.277223946875 0.369705425 0.28249692187500003 0.35880653749999997 0.30958564375000003 0.358984171875 0.3171080984375 0.3643844890625 0.3212155109375 0.3747394515625 0.321418275 0.3796875 0.40548734218750004 0.3796875
1 0.898948225 0 0.8948204578125001 0.133010784375 0.8859375 0.162639396875 0.8859375 0.3796875 0.926035553125 0.3796875 0.9310559999999999 0.36162516718750004 0.9415556890625 0.306305184375 0.9430867640624999 0.22513943281249998 0.9282573859374998 0.12900345625 0.9423664828125 0 0.898948225 0
1 0.8109375 0 0.8109375 0.00441843125 0.81206615625 0.0316105671875 0.8233847671875001 0.1036589640625 0.826137959375 0.146621928125 0.8109375 0.244873503125 0.8109375 0.3146543984375 0.8113173921874999 0.32058253593749997 0.8205684812499999 0.3734396953125 0.8223078953125 0.3796875 0.8770474078125 0.3796875 0.8770474078125 0.2009780078125 0.860304625 0.1438329265625 0.8568776343749999 0 0.8109375 0
1 0.7148887921875 0 0.7104510703125 0.0485127625 0.71168174375 0.1095592140625 0.7074806140625001 0.1539599859375 0.6984375 0.183322703125 0.6984375 0.3796875 0.7478644671875 0.3796875 0.75048184375 0.3703941125 0.756621678125 0.3335317671875 0.7590611171875 0.2682155625 0.7425928734375 0.1543127765625 0.744453778125 0.11871354687499999 0.7569579624999999 0.042025896875 0.7598767203125 0.0035073781249999997 0.758830296875 0 0.7148887921875 0
1 0.6743706875 0 0.6818174578124999 0.1079689578125 0.68084621875 0.1316387078125 0.671875 0.176618053125 0.671875 0.20310016874999998 0.6794354109375 0.23086401093750003 0.6874843187499999 0.28009245625 0.68782636875 0.3645708578125 0.6857498875 0.3796875 0.698629009375 0.3796875 0.6961597015625001 0.3649104140625 0.6940906515625 0.290734475 0.69850726875 0.2479412890625 0.7086882703125 0.2172376453125 0.7189985546875001 0.1643117828125 0.714369171875 0.10040434375 0.718361075 0 0.6743706875 0
1 0.6299254671875 0 0.6261458328125 0.008472221875 0.6244791671875001 0.0514351859375 0.6294791671875 0.10476851875 0.6303124999999999 0.166990740625 0.6094791671875 0.2588425921875 0.6044791671875 0.31217592656250004 0.6061458328125 0.3773611109375 0.6065122390625 0.3796875 0.687872178125 0.3796875 0.6894791671875 0.362546296875 0.6869791671875 0.26921296250000004 0.6644791671875 0.15958333281249998 0.6719791671875 0.0203240734375 0.666263021875 0 0.6299254671875 0
1 0.5911458328125 0 0.5911458328125 0.0366203703125 0.5969791671875 0.0988425921875 0.5961458328125 0.14773148125 0.5753125 0.23810185156250002 0.5711458328125 0.26921296250000004 0.578913575 0.3796875 0.6067572515624999 0.3796875 0.6044791671875 0.364027778125 0.6036458328125 0.30180555625 0.6119791671875 0.24402777812499998 0.6294791671875 0.165509259375 0.6294791671875 0.10773148125000001 0.6236458328125 0.02180555625 0.6261458328125 0.004027778125 0.6279995265625 0 0.5911458328125 0
1 0.4976953125 0 0.49614583281249997 0.0055092593750000005 0.5019791671875 0.1343981484375 0.5011458328125 0.1610648140625 0.4928125 0.204027778125 0.49489583281250005 0.20921296250000002 0.5307291671875001 0.2181018515625 0.5423958328125 0.229953703125 0.5536458328125 0.2514351859375 0.5561458328125 0.24699074062499998 0.5544791671875 0.23810185156250002 0.5353125000000001 0.1551388890625 0.5353125000000001 0.11662037031250001 0.5419791671875 0.0395833328125 0.5411458328125 0.002546296875 0.5399739578125 0 0.4976953125 0
1 0.4640113140625 0 0.46364583281250005 0.0188425921875 0.4686458328125 0.06476851875 0.4703125 0.1343981484375 0.4519791671875 0.21291666718750002 0.45114583281250004 0.22921296249999998 0.4907291671875 0.20625 0.49864583281249997 0.1714351859375 0.5011458328125 0.1121759265625 0.4953125 0.009953703125000001 0.4982239578125 0 0.4640113140625 0
0 0.4296875 0.3796875 0.576212278125 0.3796875 0.5719791671875 0.2943981484375 0.5619791671875001 0.26032407343749997 0.5482291671875 0.2343981484375 0.5298958328125 0.21662037031249998 0.4957291671875 0.20625 0.4657291671875 0.2195833328125 0.44406249999999997 0.2403240734375 0.4296875 0.2789545640625 0.4296875 0.3796875
1 0.24336544375 1 0.24289888906249998 0.9986108437500001 0.25762374062500004 0.9416521828125 0.24283584062500002 0.9227042093750001 0.2255572234375 0.9240135046875 0.2128807609375 0.936317153125 0.21136022968749998 0.9887850703125001 0.20462448906250003 1 0.24336544375 1
1 0.1574872703125 1 0.1640285859375 0.9845063234375001 0.1640285859375 0.9316629265625 0.15073341875 0.9118199515625001 0.1514554359375 0.855326990625 0.13907046875 0.8484019343749999 0.1167857734375 0.8563934875000001 0.12209353437499999 0.9053399890625 0.1015625 0.9562060984375 0.1015625 0.9567271999999999 0.1103237984375 0.9927153421875001 0.11830626875000001 1 0.1574872703125 1
1 0.028006884375000003 0.904632675 0.04960515625 0.9344572375 0.071203428125 0.930948465625 0.0841623921875 0.89761513125 0.0841623921875 0.8730537281250002 0.066883775 0.84147478125 0.071203428125 0.7976151312499999 0.06148420624999999 0.787966009375 0.04852524375 0.787966009375 0.0388060203125 0.7976151312499999 0.045285501562500004 0.8344572375 0.0258470578125 0.8748081140625 0.028006884375000003 0.904632675
0 0.08632221875 0.8204221484375 0.1122401453125 0.8432291671875 0.1457174671875 0.8423519734374999 0.168395653125 0.8186677625 0.1640759984375 0.7888432015625 0.137078159375 0.7704221484375 0.10036109687500001 0.77568530625 0.0841623921875 0.7923519734375 0.08632221875 0.8204221484375
1 0.7932223953124999 0.54973035625 0.7872313828124999 0.5465002484375 0.7770765625 0.550953815625 0.7710574625 0.5592385828124999 0.7669612562499999 0.5733642703124999 0.7647855703124999 0.67115721875 0.759375 0.689304825 0.759375 0.778125 0.7964320875 0.778125 0.7969567953125 0.7778602640625 0.7985502390624999 0.77359493125 0.7995747640624999 0.7293083515625 0.789523725 0.6655985953125001 0.7933466578124999 0.6183369078125001 0.7975695015625 0.5949914265625 0.79918531875 0.5644753375 0.7932223953124999 0.54973035625
2 1 0.753116690625 0.4296875 0.8565302625000001 0.4296875 0.946875 0.7991624859375 0.946875 1 0.9212459390625 1 0.753116690625