0 0.4862087984375 0.11133277187499999 0.48821913125 0.084989384375 0.48391477656250004 0.0596708671875 0.46597088906249995 0.032861606249999994 0.45938366718749996 0.0316907734375 0.4524045375 0.0316907734375 0.43589525625 0.0394658421875 0.426296340625 0.0521370046875 0.421875 0.0672919 0.421875 0.12812429218750002 0.4219572203125 0.12848039218750001 0.43091424062500006 0.146410284375 0.44410095 0.1576232484375 0.4454922234375 0.1578125 0.4546314390625 0.1578125 0.4667870515625 0.14989229531249998 0.47723190625 0.13587774531250002 0.4862087984375 0.11133277187499999
1 0.42171312656250004 0.585660109375 0.4141096796875 0.5869955703125 0.40717290312500004 0.5991467187499999 0.40514634687499995 0.660409503125 0.403125 0.6678086765625 0.403125 0.8 0.41186580156249997 0.8 0.41521512656250004 0.7967777578125 0.426956725 0.7453809328125001 0.42837074375000006 0.7129128546875 0.42170238437499996 0.6697438953124999 0.428907578125 0.6022726421875 0.427976540625 0.59384830625 0.42210649375 0.585660109375 0.42171312656250004 0.585660109375
1 0.3936324828125 0.669668584375 0.39102144375000003 0.6058706328125 0.3887031171875 0.596556809375 0.381222490625 0.5886451046875 0.38019263125 0.5886451046875 0.374409746875 0.5900563109375 0.3703125 0.598409421875 0.3703125 0.6096703671875 0.3770413984375 0.6700124953125 0.37070619531250004 0.7196487390625 0.375149084375 0.7613517796875 0.384716475 0.7958474843750001 0.38899335156250003 0.8046875 0.3995615140625 0.8046875 0.3995615140625 0.6884742968750001 0.3936324828125 0.669668584375
1 0.350087178125 0.6303465640624999 0.3496669640625 0.6062724890625 0.34505401562500004 0.595985721875 0.3418966921875 0.594388959375 0.3346211875 0.5959101 0.330852315625 0.6040993343750001 0.3302631875 0.6301102921874999 0.3340508328125 0.6678181625 0.3234375 0.7321469171875 0.3234375 0.7456811234374999 0.326110615625 0.780662990625 0.33071365625000004 0.8053228671875001 0.33294984375 0.809375 0.3534892015625 0.809375 0.3590720703125 0.775328471875 0.3590720703125 0.717868103125 0.347087828125 0.6676812078125 0.350087178125 0.6303465640624999
1 0.3308432359375 0.7388865078125 0.3330685125 0.7168840671875 0.3330685125 0.62935474375 0.3311268125 0.6118619234375 0.33291872499999997 0.59421478125 0.32529109375 0.58646714375 0.31873074687499997 0.5893631078125 0.3171875 0.59378350625 0.3171875 0.6246278234375 0.32179489375000003 0.66765385 0.3186509671875 0.688106040625 0.32854941718749997 0.7361450953124999 0.329013471875 0.7973289343750001 0.3320617671875 0.8 0.3330685125 0.8 0.3330685125 0.753723421875 0.3308432359375 0.7388865078125
1 0.3175888484375 0.686342896875 0.31498659687499997 0.677912684375 0.31091332031249996 0.607554434375 0.3053926296875 0.5950286796875 0.2977769296875 0.5912825546875 0.2921875 0.5956750140625 0.2921875 0.627983775 0.2973592703125 0.6787355875 0.2921875 0.7224968453124999 0.2921875 0.7273862984375 0.30059935625 0.7365953515625 0.3125782875 0.7574877718749999 0.31664600468750004 0.7703125 0.3175888484375 0.7703125 0.3175888484375 0.686342896875
1 0.29006294375 0.6025624703125001 0.29006294375 0.6010273406250001 0.289306984375 0.5950494625 0.2830843640625 0.5887994625 0.2828975859375 0.5887994625 0.27587479375 0.5911901375 0.2714659484375 0.6025337578125 0.2766974578125 0.6702233843750001 0.26875 0.7102988015625 0.26875 0.7202079218749999 0.26949864218749997 0.722089421875 0.27419056249999996 0.7234375 0.2848623203125 0.7234375 0.28636103749999997 0.7214889250000001 0.29006294375 0.6993989234375 0.29006294375 0.6289313234374999 0.2892140828125 0.615371315625 0.29006294375 0.6025624703125001
1 0.2338653984375 0.5958767609375 0.23003725625000002 0.6092799609374999 0.232986184375 0.6685543703125 0.2304789828125 0.6852058859375 0.2234375 0.7060852890625 0.2234375 0.769301071875 0.224230675 0.774981309375 0.23732069218750002 0.7421882078125 0.2582986234375 0.7224035203125 0.24755874218749999 0.6667873625 0.250333596875 0.6066203578125 0.2463600109375 0.5950235578124999 0.24113013125 0.591289553125 0.2338653984375 0.5958767609375
1 0.2217651484375 0.7066101124999999 0.2281174984375 0.6890902453125 0.2313556234375 0.6696821625 0.22962782499999998 0.608546809375 0.2338752953125 0.5947064046875 0.2294939984375 0.5867845203125001 0.2211498921875 0.588539403125 0.21612386562500002 0.6019077562499999 0.2178408921875 0.6648949609375 0.21090845156250002 0.692593953125 0.2078125 0.7125699703125 0.2078125 0.75767095 0.20838339375 0.7684956390625001 0.21241000312499997 0.79261819375 0.2159999109375 0.8015625 0.2187444484375 0.8015625 0.22122107343750003 0.80012863125 0.22232199531250002 0.7899555656249999 0.21938553593750001 0.7575117953125 0.2217651484375 0.7066101124999999
1 0.18050994843749998 0.5925969890625 0.17515785625 0.6045459937500001 0.1743599703125 0.6720201875 0.16875 0.6936602921875 0.16875 0.8078125 0.1847361125 0.8078125 0.18689136875 0.8040511296874999 0.198662575 0.7495975640625 0.1991440984375 0.7209333265625 0.18988796875 0.6736139734375 0.19537335312499998 0.605784584375 0.19361336093749998 0.5966831890625001 0.18734545 0.5902320734375 0.18050994843749998 0.5925969890625
1 0.12490174375 0.5843084890625 0.11897200000000001 0.592945659375 0.117202446875 0.6068042390625 0.11679801875 0.6642874203125 0.1125 0.6780682359375 0.1125 0.796875 0.1255458484375 0.796875 0.13838826875000002 0.7400300015625 0.1396143609375 0.7066815140625 0.13279827500000002 0.66753499375 0.1321577625 0.6498969359375 0.1385210359375 0.5981511671875 0.1356936671875 0.5874045140625 0.13120026875 0.58356441875 0.12490174375 0.5843084890625
0 0.29614477968749997 0.7578026515625 0.2844840671875 0.73344833125 0.27649574062500004 0.7255555625 0.268446315625 0.7237310031249999 0.2555018234375 0.7237310031249999 0.2429036515625 0.7291696734374999 0.22860894843750001 0.7501553875 0.2265625 0.7560499375 0.2265625 0.8337582953125 0.233173771875 0.8483714359375 0.25010505156249996 0.8625 0.26547054999999997 0.8625 0.2783137703125 0.8547142937500001 0.2892247203125 0.8391021234375 0.2976807796875 0.8145268140624999 0.3000593421875 0.78588378125 0.29614477968749997 0.7578026515625
1 1 0.41875 0.9973230187500001 0.41875 0.9829207859375 0.6088145796875 0.9703125 0.6397916968749999 0.9703125 0.9296875 0.9887532546875001 0.9296875 0.994695765625 0.9237647156250001 1 0.9035675484375 1 0.41875
1 0.8796875 0.41875 0.8796875 0.47629765781250005 0.888939353125 0.5125317875000001 0.8944480796875001 0.58001645 0.8806019640624999 0.6468252234375 0.8796875 0.6650954640625001 0.8796875 0.7144328078125 0.8841662156249999 0.769299315625 0.9008547374999999 0.8555268296874999 0.9143986296875 0.8835284609375 0.9227135437499999 0.8868775624999999 0.9266024734375 0.8875 0.93486286875 0.8875 0.93486286875 0.61275265 0.9277077296874999 0.593412865625 0.9165045640624999 0.41875 0.8796875 0.41875
1 0.749687665625 0.41875 0.7481149109375 0.4515067484375 0.753268271875 0.561672875 0.7411146484375 0.6056709421875001 0.7375 0.6377195890625 0.7375 0.766095584375 0.74486266875 0.8203948687499999 0.749969096875 0.8353373125000001 0.7539280875000001 0.8375 0.786084409375 0.8375 0.7964755718750001 0.81618174375 0.802053096875 0.773659371875 0.802053096875 0.6282457171875 0.7857405078124999 0.5713096109375 0.7843483875 0.491555009375 0.789421503125 0.41875 0.749687665625 0.41875
1 0.6373793984375 0.41875 0.6477947609375 0.527206434375 0.6372159374999999 0.55810650625 0.6335819609375 0.638030028125 0.63776588125 0.693244753125 0.6525569828125 0.7605604953125 0.6694772921875 0.79375 0.6857958875 0.79375 0.6857958875 0.5513121562500001 0.67682701875 0.5266996749999999 0.6713523640625 0.41875 0.6373793984375 0.41875
1 1 0.41875 0.9700363750000001 0.41875 0.9695983281250001 0.42231180625000003 0.9840956828125 0.5511649296875 0.9671875 0.6386557046875 0.9671875 0.6585449062500001 0.971702371875 0.7411800749999999 0.9792221 0.7902785953125 0.999483209375 0.8390625 1 0.8390625 1 0.732952109375 0.9980509296874999 0.7106741328125 1 0.7005887390625001 1 0.4381331765625 0.9997040671875 0.43475064999999996 1 0.4330661828125 1 0.41875
1 0.845152878125 0.41875 0.8524311000000001 0.525134128125 0.8375 0.6256923703125 0.8375 0.6883212515625 0.8384226765625 0.7081314984375 0.8512432437499999 0.7760668921875 0.8646146671875 0.8 0.87488960625 0.8 0.8692520375000001 0.6789590953125 0.8769501562500001 0.6374489640625 0.8769501562500001 0.42560576250000004 0.8764977421874999 0.41875 0.845152878125 0.41875
1 0.9435212156249999 0.41875 0.9441461578125001 0.5261684859375 0.93125 0.5813959625 0.93125 0.6604428953125 0.9353610437500001 0.67948641875 0.9386852453125 0.73125 0.9422359 0.73125 0.9448243078124999 0.6427329046875 0.9669052624999999 0.5569746999999999 0.9699526078125 0.526318621875 0.9666197265625 0.5078949484375 0.969774146875 0.495643778125 0.9665126484375 0.4894900375 0.966101096875 0.41875 0.9435212156249999 0.41875
1 0.839698528125 0.41875 0.8393552906250001 0.477747671875 0.8360224046875 0.49611504375 0.8392125203124999 0.502287546875 0.8343202734374999 0.5114336984375 0.8294994109375 0.5083099109375 0.8228693359375001 0.538909684375 0.8163463390625001 0.551104553125 0.8125 0.575709853125 0.8125 0.65528010625 0.8153062984374999 0.671875 0.818984715625 0.671875 0.8224053359375001 0.6186642859375 0.8389983687499999 0.5390973625 0.8438906156249999 0.5299512140625 0.8713278171875001 0.527202784375 0.8743355921875 0.41875 0.839698528125 0.41875
1 0.8057911687499999 0.41875 0.8054143734375 0.46232185625 0.79375 0.50511308125 0.79375 0.6609375 0.796247571875 0.6609375 0.7985587609375 0.658640875 0.7955471921875 0.652750340625 0.7989872390625 0.6463709375000001 0.8049981390625 0.5663718984375 0.8269238296874999 0.49128564375000006 0.8322920125 0.4296915140625 0.8292804453125001 0.42380097968749997 0.8294568296874999 0.41875 0.8057911687499999 0.41875
1 0.915625 0.41875 0.915625 0.5939828046875 0.9181773453125001 0.575803734375 0.9291408453125 0.551545440625 0.93010540625 0.5331405328125001 0.9336527312499999 0.5270994250000001 0.9352497265625 0.4349810234375 0.938797053125 0.428939915625 0.9393310843750001 0.41875 0.915625 0.41875
1 0.6660786296875 0.41875 0.6660786296875 0.4653278375 0.6628528218749999 0.4775977765625 0.6660786296875 0.4837327453125 0.6628528218749999 0.48986771406249996 0.6628528218749999 0.5144075921875 0.6822076609375001 0.5880272234375 0.6854334671875 0.6187020703125 0.690272178125 0.6217695546875 0.69833669375 0.6002971625 0.7015625 0.5328125 0.69833669375 0.52667753125 0.6951108875 0.4653278375 0.6854334671875 0.440787959375 0.6886592734375 0.43465299062499996 0.6886592734375 0.41875 0.6660786296875 0.41875
1 0.5796875 0.41875 0.5796875 0.66912385 0.5822076609375 0.6739167937499999 0.6031754031250001 0.6769842796875001 0.61123991875 0.66164685625 0.61123991875 0.6002971625 0.6144657265625 0.59416219375 0.6144657265625 0.52667753125 0.6015625 0.428518021875 0.6019293640625001 0.41875 0.5796875 0.41875
1 0.7273689515624999 0.41875 0.7273689515624999 0.5144075921875 0.71123991875 0.5450824390625 0.7080141125 0.5757572859375 0.7080141125 0.6677818249999999 0.7144657265625 0.7229965484375 0.7241431453125 0.759806365625 0.7305947578125 0.759806365625 0.7273689515624999 0.66164685625 0.749949596875 0.5512174078125 0.7467835875000001 0.41875 0.7273689515624999 0.41875
1 0.69056955625 0.41875 0.6886592734375 0.4223830515625 0.6886592734375 0.44692292968749997 0.69833669375 0.4837327453125 0.69833669375 0.5082726234375 0.70478830625 0.52667753125 0.706401209375 0.529745015625 0.7176915328125 0.5082726234375 0.7209173390625 0.49600268437499995 0.7209173390625 0.4837327453125 0.7241431453125 0.4775977765625 0.7241431453125 0.440787959375 0.717190525 0.41875 0.69056955625 0.41875
1 0.6139868953125001 0.41875 0.6080141125 0.43465299062499996 0.6080141125 0.4837327453125 0.61123991875 0.48986771406249996 0.61123991875 0.5082726234375 0.6144657265625 0.5144075921875 0.6144657265625 0.5328125 0.6176915328125 0.5450824390625 0.6193044359375 0.5481499234375 0.6273689515624999 0.5328125 0.6305947578125 0.5205425609375001 0.6290655234375 0.41875 0.6139868953125001 0.41875