2 0.459375 0.1882411125 0 0.206643875 0 0.3875 0.004764175 0.3875 0.459375 0.3671061953125 0.459375 0.1882411125
1 0.459375 0.609375 0.4943179875 0.609375 0.49037422812500003 0.567908653125 0.510950359375 0.4621394234375 0.47802855 0.3131009609375 0.4883343359375 0.1600428265625 0.4928229734375 0.1268160625 0.4759709359375 0.08954326875 0.459375 0.0863118484375 0.459375 0.609375
1 0.6884113203125001 0.609375 0.6843361874999999 0.530784528125 0.6302919234375001 0.317908653125 0.65086805625 0.1015625 0.6323495375 0.0655048078125 0.5829668203125 0.055889423437499995 0.5481822359375 0.07785014375 0.5438721703125 0.10637019218749999 0.5436937140625 0.14255501875 0.564448303125 0.317908653125 0.5027199078125 0.5150240390625 0.4962590015625 0.609375 0.6884113203125001 0.609375
1 0.8238832109375 0.609375 0.8278227874999999 0.5150240390625 0.778440071875 0.2938701921875 0.7965511171874999 0.1740330625 0.794900978125 0.10637019218749999 0.776382459375 0.0847355765625 0.7352301953125 0.07992788437500001 0.7043659984375 0.1159855765625 0.7167116765625 0.30829326875 0.7084812250000001 0.3563701921875 0.683789865625 0.3756009609375 0.6714441875 0.44771634687499995 0.69202031875 0.529447115625 0.6904654171875 0.609375 0.8238832109375 0.609375
1 0.941203325 0.609375 0.9471643515625001 0.4909855765625 0.9018968624999999 0.3131009609375 0.9183577671875 0.130408653125 0.895724021875 0.099158653125 0.8669174375 0.09435096093749999 0.8249787796875001 0.13031357187499998 0.8474217421875 0.2737135859375 0.8354521171875 0.31743311093750004 0.815477109375 0.41887019218750005 0.8319380140625 0.5150240390625 0.8281816750000001 0.609375 0.941203325 0.609375
1 1 0.609375 1 0.11521183906250002 0.99860468125 0.11358173125 0.9656828703125001 0.11358173125 0.9356975328124999 0.1373086875 0.9356975328124999 0.1845257890625 0.9553948046875 0.30829326875 0.9252239656250001 0.3803892640625 0.9307034468750001 0.4140625 0.9491632203125 0.48006972187499997 0.9461708703125 0.557016240625 0.9403736593750001 0.609375 1 0.609375
1 0.69202031875 0.33233173125 0.6673289609374999 0.40925480781249995 0.6755594140625 0.45733173125000004 0.683789865625 0.380408653125 0.7084812250000001 0.3563701921875 0.7167116765625 0.3131009609375 0.7064236109375 0.10877403906250001 0.683789865625 0.1592548078125 0.69202031875 0.33233173125
1 0.49654706718749997 0.1280048078125 0.47802855 0.317908653125 0.510950359375 0.47175480781249995 0.527411265625 0.40925480781249995 0.4944894546875 0.30829326875 0.510950359375 0.1784855765625 0.49654706718749997 0.1280048078125
1 0.364978465625 0.609375 0.3658991078125 0.6222191546875 0.35962277187499997 0.6785854875 0.3481974390625 0.7358171421875 0.3426529 0.77923869375 0.346173534375 0.8829060343750001 0.3531421859375 0.934800309375 0.369988409375 1 0.4296875 1 0.4296875 0.6910492296874999 0.4222743984375 0.665435971875 0.4141124546875 0.6274063453125 0.412754278125 0.609375 0.364978465625 0.609375
1 0.459375 0.609375 0.45014104218749995 0.609375 0.4510672171875 0.6517116859375001 0.44740157500000005 0.7007918203125 0.43540316093750003 0.743402978125 0.43540316093750003 1 0.4542680625 1 0.459375 0.9976559937499999 0.459375 0.609375
1 0.1549479171875 0.9335648140625 0.1666666671875 0.9331018515625 0.17526041718750002 0.9307870375 0.1770833328125 0.92569444375 0.1692708328125 0.8793981484375 0.1671875 0.8395833328125001 0.1682291671875 0.8182870375 0.1770833328125 0.771990740625 0.1744791671875 0.7497685187500001 0.1744791671875 0.7238425921875 0.178125 0.6664351859375 0.1736979171875 0.647453703125 0.1669270828125 0.6391203703125 0.15963541718750002 0.63819444375 0.15390625 0.640972221875 0.14791666718750002 0.65625 0.14791666718750002 0.6766203703125 0.1526041671875 0.7201388890625 0.1526041671875 0.7506944437499999 0.1385416671875 0.8099537031249999 0.1364583328125 0.8506944437499999 0.1390625 0.878472221875 0.1494791671875 0.927546296875 0.1549479171875 0.9335648140625
1 0.2414322921875 0.609375 0.24479166718749998 0.6442129624999999 0.24479166718749998 0.6942129625 0.2270833328125 0.7701388890625 0.2208333328125 0.82476851875 0.2203125 0.8673611109374999 0.2270833328125 0.9321759265624999 0.2390625 0.9895833328125001 0.24448784843750002 1 0.279526040625 1 0.284375 0.9886574078125001 0.3 0.909953703125 0.303125 0.8821759265625 0.3036458328125 0.852546296875 0.3010416671875 0.8071759265624999 0.296875 0.777546296875 0.2791666671875 0.6942129625 0.2791666671875 0.6451388890625 0.28291732812500003 0.609375 0.2414322921875 0.609375
1 0.1819997484375 0.609375 0.18125 0.61180555625 0.1817708328125 0.6479166671875001 0.1875 0.7071759265625001 0.18697916718750002 0.7256944437499999 0.17135416718750002 0.80069444375 0.1677083328125 0.846990740625 0.17135416718750002 0.88773148125 0.1838541671875 0.9516203703125001 0.1893229171875 0.9585648140625 0.20625 0.9590277781250001 0.21901041718749997 0.953009259375 0.22395833281250002 0.9349537031249999 0.2192708328125 0.83773148125 0.2244791671875 0.7831018515625 0.21354166718749998 0.72476851875 0.21458333281250003 0.671990740625 0.21770833281250002 0.6432870375 0.2171875 0.6173611109375 0.21415788593750001 0.609375 0.1819997484375 0.609375
1 0.3145833328125 0.7821759265624999 0.3088541671875 0.7553240734375001 0.3083333328125 0.7358796296875 0.3114583328125 0.6636574078125 0.3075520828125 0.6493055562500001 0.3028645828125 0.64375 0.2955729171875 0.6418981484375 0.2888020828125 0.647453703125 0.284375 0.6581018515625 0.2838541671875 0.6803240734375 0.28958333281250004 0.7423611109375 0.2994791671875 0.7821759265624999 0.3046875 0.8182870375 0.30416666718749996 0.88680555625 0.2979166671875 0.9303240734375 0.2997395828125 0.934490740625 0.309375 0.934027778125 0.3140625 0.9266203703125001 0.3125 0.8451388890625001 0.3145833328125 0.7821759265624999
1 0.4390625 0.92569444375 0.43359375 0.8891203703125001 0.42864583281249996 0.93125 0.43385416718750003 0.9349537031249999 0.43776041718750003 0.9335648140625 0.4390625 0.92569444375
1 0.43385416718750003 0.8164351859375 0.44166666718750003 0.7793981484375 0.4401041671875 0.73125 0.4447916671875 0.6701388890625 0.44322916718750005 0.6571759265625 0.43984375 0.65023148125 0.43515625 0.6456018515624999 0.42786458281249995 0.6456018515624999 0.41875 0.6581018515625 0.4171875 0.6951388890625 0.4192708328125 0.72476851875 0.43385416718750003 0.8164351859375
1 0.59463435625 0.609375 0.5933273 0.6264233640625 0.6136794437499999 0.761281946875 0.61512329375 0.7959950796874999 0.6119686484375 0.8320425546875001 0.615502675 0.8328125 0.65 0.8328125 0.65 0.6221788687500001 0.6442439453125 0.609375 0.59463435625 0.609375
1 0.6725998421874999 1 0.674322515625 0.99137610625 0.6765625 0.935596734375 0.6765625 0.924020428125 0.6721997281250001 0.9 0.5955901796875 0.9 0.590788159375 0.9000558765625 0.581235153125 0.9029427421874999 0.5771409999999999 0.912011428125 0.572038159375 0.942722221875 0.572038159375 1 0.6725998421874999 1
1 0.85390625 0.609375 0.85390625 0.628472221875 0.86328125 0.73819444375 0.8625 0.76875 0.8546875 0.8173611109374999 0.8609375 0.821527778125 0.9140625 0.8173611109374999 0.9046875 0.7729166671875001 0.90390625 0.7451388890625 0.9114741687500001 0.609375 0.85390625 0.609375
1 0.9376195796874999 1 0.93984375 0.9784722218749999 0.93515625 0.90069444375 0.927734375 0.8875 0.840234375 0.890277778125 0.8359375 0.8979166671875 0.83359375 0.91875 0.8328125 0.9951388890625001 0.8336100265624999 1 0.9376195796874999 1
1 0.786328125 0.6791666671875001 0.776953125 0.6791666671875001 0.76796875 0.690972221875 0.7640625 0.7048611109375 0.76875 0.82430555625 0.7921875 0.82569444375 0.80078125 0.73819444375 0.80078125 0.7104166671875001 0.794140625 0.6861111109375 0.786328125 0.6791666671875001
1 0.807421875 1 0.809375 0.9895833328125001 0.81171875 0.95069444375 0.81015625 0.8993055562500001 0.803515625 0.8847222218749999 0.757421875 0.8888888890625001 0.753125 0.9104166671874999 0.7546875 0.9368055562500001 0.751953125 0.9277777781250001 0.75 0.93125 0.75078125 0.946527778125 0.754296875 0.9416666671874999 0.75546875 0.9451388890625001 0.754296875 0.9638888890625001 0.751171875 0.9486111109375 0.75 0.9548611109374999 0.75 0.9923611109374999 0.750859375 1 0.807421875 1
1 0.9671875 0.653472221875 0.962890625 0.647222221875 0.950390625 0.6555555562500001 0.94140625 0.67569444375 0.946875 0.8131944437499999 0.95234375 0.8145833328125001 0.969921875 0.8125 0.9734375 0.79930555625 0.96875 0.7576388890625 0.9671875 0.653472221875
1 1 0.88819444375 0.997265625 0.8791666671874999 0.988671875 0.8763888890625001 0.969140625 0.8847222218749999 0.937890625 0.8861111109375 0.9359375 0.8965277781250001 0.940625 0.9423611109374999 0.9393281250000001 1 0.9959635421874999 1 1 0.9784722234375 1 0.88819444375
1 0.71796875 0.7493055562500001 0.7234375 0.8270833328125 0.74140625 0.828472221875 0.74765625 0.76180555625 0.74609375 0.740972221875 0.740234375 0.7236111109375 0.729296875 0.7208333328125 0.721875 0.7298611109375 0.71796875 0.7493055562500001
1 0.7482812515624999 1 0.74921875 0.9993055562500001 0.74765625 0.934027778125 0.75078125 0.890972221875 0.746484375 0.8861111109375 0.715234375 0.8833333328125 0.71015625 0.9048611109374999 0.71015625 0.9381944437499999 0.715625 0.9784722218749999 0.7218433281250001 1 0.7482812515624999 1
1 0.8140625 0.9270833328125001 0.8125 0.9756944437499999 0.81953125 0.9756944437499999 0.82890625 0.92569444375 0.82890625 0.8951388890625 0.825390625 0.890277778125 0.814453125 0.890277778125 0.8109375 0.8951388890625 0.8140625 0.9270833328125001
1 0.804296875 0.7458333328125 0.79921875 0.7520833328125 0.796875 0.765972221875 0.7984375 0.8201388890625001 0.800390625 0.825 0.8125 0.82430555625 0.815625 0.821527778125 0.81796875 0.759027778125 0.815234375 0.7513888890625 0.804296875 0.7458333328125