1 0.322487415625 0.5 0.3211841359375 0.49018097968749996 0.317119665625 0.4807591453125 0.324872875 0.408336665625 0.3335259859375 0.37043614687500004 0.34003313749999997 0.317458109375 0.33884644062499997 0.299552746875 0.32924878281250003 0.2868269234375 0.3168375609375 0.28341401875 0.3054465296875 0.2846115734375 0.294918590625 0.29697580625 0.2876893875 0.32081244999999997 0.29016563125 0.4039930515625 0.282103996875 0.47230921875 0.2769198984375 0.48886800625 0.2729125984375 0.5 0.322487415625 0.5
1 0.28646839375 0.5 0.289192925 0.48946642812499996 0.289192925 0.465176534375 0.27150607031249996 0.3859768375 0.27389316875 0.2555349421875 0.26543954531249997 0.233768478125 0.2501436390625 0.2265625 0.24945294062499998 0.2265625 0.23811195624999998 0.23436174531249998 0.23242227343750002 0.24877458749999998 0.23199657031249998 0.2793074109375 0.23903846875 0.3475448234375 0.238822859375 0.396133203125 0.221875 0.4642000265625 0.221875 0.5 0.28646839375 0.5
1 0.1847512375 0.5 0.1847512375 0.3971289859375 0.1647318390625 0.3347871734375 0.15976278906250002 0.22513330312500002 0.15035865312500002 0.20149895624999997 0.1431647015625 0.19742249843749998 0.129305309375 0.19742249843749998 0.126139903125 0.199380090625 0.1234375 0.20857924843750003 0.1234375 0.245134796875 0.1342242375 0.30170265 0.137189146875 0.3434376671875 0.12732896093749999 0.407553484375 0.1273872328125 0.45318176875000005 0.13018713906249998 0.47692957968750005 0.1363112859375 0.5 0.1847512375 0.5
1 0.3111363390625 0.1844624828125 0.3036512984375 0.1844624828125 0.2953125 0.2009985796875 0.2953125 0.20664521875 0.3038356109375 0.2828125 0.3045142125 0.2828125 0.32930019375 0.27509720312499997 0.3296875 0.24280429531249997 0.3296875 0.20718618281249998 0.32653563281250003 0.1959305375 0.31875 0.18499488125000002 0.3111363390625 0.1844624828125
0 0.609375 0.5 0.609375 0.438533421875 0.6075229125 0.43676973124999996 0.56631060625 0.426140425 0.5441689328125 0.44167274218749997 0.5205281 0.47596869374999995 0.5128139421875 0.5 0.609375 0.5
1 0.7992791421875001 0.147576928125 0.7955607921875 0.13882450625 0.791832515625 0.19093287187500002 0.7813004625 0.2095892046875 0.7838815125 0.2785830671875 0.78125 0.2880176125 0.78125 0.4328125 0.793383775 0.4328125 0.79761756875 0.42847001249999994 0.8098406984375 0.3834247890625 0.8131832796874999 0.3555468828125 0.8121053734375 0.32380269687499996 0.8014052421875 0.2843760203125 0.8077739578124999 0.209275890625 0.79817151875 0.189143465625 0.7992791421875001 0.147576928125
1 0.8965711421875 0.5 0.8965711421875 0.4794178640625 0.8960205468750001 0.47085119375 0.8846951796875 0.4371996125 0.8797006156249999 0.41067433124999997 0.8746144109374999 0.40983212656249995 0.8708536109375 0.42221846718749995 0.86732990625 0.421421728125 0.875487303125 0.38417178125 0.8840164093749999 0.37886627812499996 0.8815272078125 0.36629808124999996 0.8844259515624999 0.346944565625 0.8833861234375 0.3246996125 0.8785046890625001 0.307896553125 0.8709777656250001 0.29865282031249996 0.8655413390625 0.3012714734375 0.8630414125 0.2822909171875 0.8629415484375 0.2822909171875 0.862001471875 0.299085846875 0.8519906718750001 0.3112903296875 0.84827835625 0.32784333593750004 0.8547329390625 0.4127246828125 0.8533643734374999 0.429345884375 0.840625 0.4789536 0.840625 0.49591365625000006 0.8408290421875 0.5 0.8965711421875 0.5
1 0.8780393734375 0.3 0.8808085796875 0.3 0.8811990156249999 0.29985730781250003 0.8814360859375 0.2981312171875 0.8814360859375 0.2357721125 0.8734375 0.20865442656250002 0.8734375 0.2583297328125 0.8780393734375 0.3
1 0.8501174062500001 0.1349337125 0.856109203125 0.1949290859375 0.848679478125 0.2276614859375 0.8484375 0.25159363749999997 0.8484375 0.26272869375 0.8576699265624999 0.3015625 0.8634296203125 0.3015625 0.866778034375 0.299587425 0.8671412171874999 0.2955908515625 0.8671412171874999 0.150755078125 0.865187 0.1311876625 0.8649845046875001 0.1311876625 0.8501174062500001 0.1349337125
1 0.3953125 0.5 0.3953125 0.6 0.43080707656249995 0.6 0.430834640625 0.5999969187499999 0.45596655 0.5153952796875 0.45695312499999996 0.5 0.3953125 0.5
1 0.213521325 0.5 0.213813490625 0.5055748546875 0.250692475 0.6157162859375 0.2726894390625 0.61875 0.2883250484375 0.61875 0.293860165625 0.608432803125 0.2958005328125 0.5937479140625 0.2958005328125 0.5 0.213521325 0.5
1 0.0078981796875 0.5 0.011930175 0.537696803125 0.03787124375 0.6375 0.0842372453125 0.6375 0.09201068125 0.5854751546875 0.09201068125 0.5 0.0078981796875 0.5
1 0.8686594031249999 0.5 0.8856473093750001 0.6291883921875 0.8797020578125 0.6658656390625 0.8453125 0.7814522625 0.8453125 0.7840245484375 0.8486521843749999 0.8796606078125 0.884626028125 1 0.9556297171875 1 0.970278046875 0.9329821640624999 0.970278046875 0.7701002062500001 0.9333961046875 0.6593361890625 0.93838575625 0.5 0.8686594031249999 0.5
1 0.7230232812499999 0.5 0.71098105625 0.5193802921875 0.7151772359375 0.6733577937499999 0.6828125 0.779637365625 0.6828125 0.9282298515625002 0.7017811203125 1 0.7687048203125 1 0.803972421875 0.8939290312499999 0.805322040625 0.81660944375 0.7650103875 0.6933923 0.7758815046875001 0.5128900765625 0.7694077546875 0.5 0.7230232812499999 0.5
1 0.609375 1 0.6305249171875 1 0.6487777 0.9566582531249999 0.663374759375 0.8580057984374999 0.656498503125 0.7796286234375 0.6247647203125 0.6982119843750001 0.63634773125 0.5487274484375 0.6151122109375 0.5152222937500001 0.609375 0.516179728125 0.609375 1
1 1 0.7726109453125 0.9876990828124999 0.811614046875 0.9876990828124999 0.9043975515625 1 0.948972525 1 0.9008662624999999 0.9915600874999999 0.8683150765625001 1 0.8324632453125 1 0.7726109453125
1 0.7676218625 0.6054284796875 0.7753438703125 0.7033666234375 0.7849963796875 0.5564594078125 0.7676218625 0.6054284796875