1 0.580622459375 0 0.609900084375 0.05010925468750001 0.6271593624999999 0.09188757656249999 0.6400397171875001 0.179205721875 0.6350921078125 0.1965750765625 0.6095718890625 0.23176843125 0.55 0.29095476875 0.55 0.36875 1 0.36875 1 0.2185184515625 0.9734209015624999 0.1976923296875 0.9519477203125 0.16230039999999998 0.9479687703125 0.0684594703125 0.9700553765625 0 0.580622459375 0
1 0.534020296875 0.4990838078125 0.5358701421875 0.46436613125 0.5312210687500001 0.44842799843750003 0.521358278125 0.43946158124999996 0.5226596296875 0.4068295078125 0.5187756515624999 0.411711071875 0.5175572703125 0.43809541718750006 0.503013096875 0.454839353125 0.4989409046875 0.4673575328125 0.49624518906250004 0.5853767265625001 0.4921875 0.5972805187500001 0.4921875 0.825 0.5020128984375 0.825 0.5113767453125 0.8185191625 0.5265239953124999 0.7628999750000001 0.5344740484375 0.7198171484375 0.5366396234375 0.680932803125 0.534627759375 0.6559555296875 0.5220264390625 0.5852267375 0.52691219375 0.531055525 0.534020296875 0.4990838078125
1 0.44921875 0.789409721875 0.45859375 0.7977430562500001 0.481640625 0.795659721875 0.490625 0.7532986109375 0.4890625 0.6560763890625 0.49140625 0.6421875 0.47734375 0.5852430562500001 0.4765625 0.5657986109375 0.4796875 0.47274305625 0.4765625 0.46024305625000006 0.465625 0.44635416718750004 0.463671875 0.3817708328125 0.4609375 0.3907986109375 0.46171875 0.44635416718750004 0.44921875 0.46440972187499996 0.446875 0.47552083281249996 0.45234375 0.5796875 0.4375 0.651909721875 0.4421875 0.7560763890625 0.44921875 0.789409721875
1 0.388671875 0.8456597218749999 0.4 0.84913194375 0.416796875 0.8484375 0.42578125 0.8407986109374999 0.4390625 0.76024305625 0.4359375 0.66163194375 0.4171875 0.5921875 0.42265625 0.46163194374999994 0.415234375 0.44288194374999995 0.402734375 0.43315972187499996 0.391796875 0.44149305625 0.3828125 0.4671875 0.3890625 0.5449652781250001 0.3890625 0.5921875 0.371875 0.6755208328125001 0.36953125 0.7157986109375 0.371875 0.7727430562500001 0.38359375 0.8366319437499999 0.388671875 0.8456597218749999
1 0.33828125 0.8116319437499999 0.34375 0.8185763890625001 0.363671875 0.8192708328125 0.375 0.8088541671874999 0.36875 0.76163194375 0.36875 0.7005208328125001 0.37734375 0.6269097218749999 0.365625 0.5810763890625 0.37109375 0.47552083281249996 0.3671875 0.45885416718750005 0.355859375 0.4470486109375 0.353515625 0.438715278125 0.33828125 0.45885416718750005 0.33515625 0.4713541671875 0.34140625 0.5866319437499999 0.3265625 0.6560763890625 0.32265625 0.6935763890625 0.33203125 0.78524305625 0.33828125 0.8116319437499999
1 0.30234375 0.789409721875 0.31328125 0.7935763890625 0.326953125 0.79288194375 0.33125 0.7880208328125 0.3296875 0.757465278125 0.32265625 0.7157986109375 0.32265625 0.682465278125 0.33359375 0.6171875 0.3265625 0.5671875 0.33125 0.4810763890625 0.323046875 0.4595486109375 0.316015625 0.45399305625 0.305078125 0.4609375 0.2984375 0.4810763890625 0.303125 0.5852430562500001 0.29140625 0.63524305625 0.303125 0.707465278125 0.30234375 0.789409721875
1 0.2421875 0.8630208328125001 0.25078125 0.8769097218749999 0.277734375 0.8776041671874999 0.28828125 0.8685763890625001 0.3 0.8032986109374999 0.303125 0.76024305625 0.29921875 0.6838541671874999 0.278125 0.5963541671874999 0.278125 0.5505208328125 0.28359375 0.5032986109375 0.284375 0.46024305625000006 0.275390625 0.4359375 0.261328125 0.42621527812500004 0.250390625 0.43454861093749997 0.24140625 0.45746527812500004 0.2484375 0.594965278125 0.2375 0.657465278125 0.23046875 0.6755208328125001 0.2265625 0.7102430562500001 0.2265625 0.7630208328125001 0.2296875 0.789409721875 0.2421875 0.8630208328125001
1 0.15546875 0.78663194375 0.1625 0.7907986109375 0.17578125 0.7880208328125 0.16640625 0.7296875 0.165625 0.68524305625 0.1828125 0.594965278125 0.18046875 0.4713541671875 0.169921875 0.4609375 0.159765625 0.46649305625000004 0.153125 0.4838541671875 0.1578125 0.5852430562500001 0.14140625 0.6699652781250001 0.1421875 0.7171875 0.146875 0.74774305625 0.15546875 0.78663194375
1 0.2125 0.8421875 0.21796875 0.8435763890625001 0.232421875 0.8442708328125 0.2375 0.8366319437499999 0.22734375 0.7782986109375 0.2265625 0.7046875 0.24375 0.614409721875 0.24140625 0.5935763890625 0.24375 0.5157986109375 0.24140625 0.45746527812500004 0.238671875 0.4484375 0.226171875 0.4359375 0.21171875 0.4546875 0.209375 0.46579861093749997 0.21328125 0.5935763890625 0.19765625 0.664409721875 0.19375 0.7116319437499999 0.196875 0.7657986109375 0.2046875 0.8144097218749999 0.2125 0.8421875
1 0.17890625 0.8046875 0.18515625 0.8144097218749999 0.203125 0.8116319437499999 0.19453125 0.7505208328125 0.19375 0.69913194375 0.196875 0.6699652781250001 0.2109375 0.6046875 0.20859375 0.46302083281249995 0.197265625 0.451215278125 0.186328125 0.458159721875 0.18046875 0.47274305625 0.18359375 0.5880208328125001 0.16796875 0.6671875 0.165625 0.694965278125 0.16953125 0.7546875 0.17890625 0.8046875
1 0.939956896875 0.580497459375 0.9160338015624999 0.492108675 0.907041346875 0.48193069531250005 0.8969903421875 0.4836151 0.8921875 0.4947491484375 0.8921875 0.5208997453124999 0.9215833296875001 0.5963435374999999 0.9324356640625 0.68789654375 0.95372766875 0.74156310625 0.97311186875 0.7703125 0.9800882218750001 0.7703125 0.9800882218750001 0.6451708625 0.9734331718749999 0.629633640625 0.939956896875 0.580497459375
1 0.55 0.7484375 0.5936698296875 0.7484375 0.59473294375 0.7139023265625 0.5761973546875 0.6390432296874999 0.5808158437500001 0.526565953125 0.572471009375 0.5078727703125 0.559400246875 0.5051722578125 0.55 0.5143023765625 0.55 0.7484375
1 0.707421875 0.6463541671874999 0.7265625 0.65399305625 0.739453125 0.6505208328125001 0.73984375 0.6414930562500001 0.7265625 0.5970486109375 0.72578125 0.49704861093749997 0.720703125 0.482465278125 0.707421875 0.47552083281249996 0.698046875 0.482465278125 0.69375 0.49704861093749997 0.70078125 0.5817708328125001 0.6984375 0.633159721875 0.707421875 0.6463541671874999