1 0.1906324140625 0 0.1875 0.009342864062500001 0.1875 0.0137288171875 0.18849575937500002 0.0308253515625 0.2012682890625 0.08899504375 0.20582384999999997 0.1403566578125 0.1994419125 0.1919091890625 0.2025712390625 0.2724920171875 0.21973538124999997 0.3389268578125 0.22970432187499998 0.36238796562500003 0.231725390625 0.3640625 0.253125 0.3640625 0.253125 0.18395987656249999 0.23322080937499998 0.1273657359375 0.2239202125 0.0079622015625 0.2200235484375 0 0.1906324140625 0
1 0.0796875 0 0.0796875 0.0554143765625 0.0824706375 0.08117531875 0.081406596875 0.10760515156249999 0.0796875 0.11530926562499999 0.0796875 0.3156338484375 0.0797776953125 0.3159196078125 0.0839840578125 0.31875 0.098757775 0.31875 0.102336825 0.31849586093750004 0.112146725 0.30716115781250003 0.120140609375 0.27133665156250003 0.1270490265625 0.206181703125 0.1222472640625 0.1627167125 0.1070907265625 0.11034517656250001 0.10962815 0 0.0796875 0
1 0.2370776453125 0 0.24229582968750002 0.081977915625 0.2359375 0.11168552031250001 0.2359375 0.161437803125 0.2471236453125 0.20441839375 0.251922665625 0.2375 0.25350964375 0.2375 0.26489846093749997 0.2217125421875 0.2825223140625 0.1848127453125 0.286719465625 0.159949153125 0.2816385828125 0.1264248453125 0.266579225 0.077268096875 0.26533319375 0 0.2370776453125 0
1 0.51875 0 0.5053322484375 0 0.5066012 0.0085514640625 0.5061146375 0.0301935140625 0.5070901734375 0.050573650000000005 0.50249143125 0.08299326093750001 0.49611448593749996 0.11030340000000001 0.4921875 0.1476171421875 0.4921875 0.1577384421875 0.4930001328125 0.1781997890625 0.5067338968749999 0.21762984687500003 0.5102952484375 0.25525718125 0.5143604359375 0.2625 0.51875 0.2625 0.51875 0
1 0.38468817187500004 0 0.390269271875 0.0424127609375 0.386412746875 0.0932914671875 0.3956190609375 0.178125 0.402753903125 0.178125 0.414030140625 0.1598836453125 0.43077555 0.15024622031249998 0.43077555 0.0867261921875 0.4143586453125 0.0416119421875 0.40870580468749995 0.0037930781249999996 0.40857980156249996 0 0.38468817187500004 0
0 0.497891425 0.224344778125 0.4859397953125 0.184803984375 0.4755215265625 0.1680365546875 0.44912402812499996 0.1514140234375 0.43208210625000004 0.1495370046875 0.3987406609375 0.176215690625 0.382159696875 0.2027085359375 0.3734375 0.23485931875000002 0.3734375 0.32781684375000003 0.3745363203125 0.33330503437500003 0.39118516406250003 0.36498175 0.40350595 0.38125 0.44561378124999995 0.38125 0.45608227812499996 0.375431378125 0.48149478281249997 0.329084653125 0.497396421875 0.2783886125 0.497891425 0.224344778125
1 0.814745659375 0.146680028125 0.8076122265624999 0.146680028125 0.8011104765624999 0.1470167453125 0.7907178531250001 0.16668478281250002 0.7883198375 0.2794713875 0.7875 0.28217085625 0.7875 0.490625 0.8027373703125 0.490625 0.810271975 0.4813547921875 0.8220707031250001 0.4359718375 0.8281093203125 0.394468946875 0.8297518015625001 0.34855372500000004 0.8153679390624999 0.273919025 0.8240202406249999 0.172612021875 0.8212794375 0.1557406390625 0.814745659375 0.146680028125
1 0.691501 0.475676453125 0.692903259375 0.4765625 0.7150437843749999 0.4765625 0.72407640625 0.46361420625000005 0.7292487421875 0.42211123125 0.7307895671875 0.3568607359375 0.72717421875 0.33172432500000004 0.7053421890625 0.26009981875 0.7033807953125 0.159990690625 0.695379684375 0.14234312031250002 0.687771965625 0.1404817671875 0.6809792921875 0.1404817671875 0.671875 0.151394709375 0.671875 0.192956646875 0.6790221078125 0.238338903125 0.68880665 0.2706380109375 0.6886288765625 0.28591578906250004 0.6723089468750001 0.345092375 0.671875 0.3567458625 0.671875 0.380271075 0.682783284375 0.452446046875 0.691501 0.475676453125
1 0.14714728906250002 0.5890625 0.1681104203125 0.7126848890625 0.12134744374999999 0.8552380109375001 0.103125 0.9394813640624999 0.103125 0.9505263046875001 0.10509060156250001 1 0.2889036171875 1 0.2889036171875 0.8659119671875001 0.237216315625 0.71738434375 0.2468128796875 0.5890625 0.14714728906250002 0.5890625
1 0.2545283734375 0.5890625 0.2562830765625 0.6589915625 0.2390625 0.695633934375 0.2390625 0.8339136890625 0.24753154843749997 0.8687399765624999 0.2576792484375 0.94920969375 0.25306552031249996 1 0.3453731875 1 0.3591133546875 0.93676165 0.35920138437500004 0.85090704375 0.3218430765625 0.68019139375 0.335351278125 0.5890625 0.2545283734375 0.5890625
1 0.37510174375 0.5890625 0.374657921875 0.6272044421875 0.3703854015625 0.6565657546875 0.353125 0.6904947531250001 0.353125 0.721891646875 0.38935340625000003 0.8844590703125 0.3885296140625 0.9552555312500001 0.38051226250000003 1 0.4575083828125 1 0.468873765625 0.9757675171875 0.479452090625 0.9112137953125 0.47493116718749995 0.7930138765625 0.4314607578125 0.6439432968750001 0.43200995000000003 0.5967456578125 0.4343620046875 0.5890625 0.37510174375 0.5890625
1 0.51875 0.5890625 0.4692412015625 0.5890625 0.4546875 0.64318368125 0.4546875 0.6643817953125 0.49323074531250005 0.8229891578125 0.48708842968750005 0.9701615734375 0.496141628125 0.98125 0.50342863125 0.98125 0.51875 0.9785812593750001 0.51875 0.5890625
1 0 0.5890625 0 0.9585881046875 0.0090752703125 0.9671456203125001 0.022228165624999997 0.96875 0.050388449999999994 0.96875 0.07217030625000001 0.95613351875 0.087908746875 0.9117051296875001 0.087908746875 0.7165314703125001 0.08456910625 0.6970762203125 0.038503034375 0.590463571875 0.038698118749999996 0.5890625 0 0.5890625
1 0.9961648359375002 1 0.9840991171875 0.96160330625 0.9821949359375001 0.9429997562500001 0.982523415625 0.8609324718749999 0.9792790124999999 0.8246938140625 0.9694097296875 0.8077460953125 0.9642111234375002 0.8063080812500001 0.94862388125 0.8063080812500001 0.943474215625 0.8134694453125 0.9421875 0.819954909375 0.9421875 0.8629115703125001 0.9493492843750001 0.9061895828125 0.9526799390625001 0.9442800890624999 0.9514126671875001 0.9727712187499999 0.9472971328125 1 0.9961648359375002 1
1 0.8997395640625001 1 0.8874520765625 0.9413435218749999 0.8876364999999999 0.9080920765625 0.8941938781250001 0.85234545 0.8946079812499999 0.8246222624999999 0.88989138125 0.8105570171875 0.8829393937500001 0.8044576750000001 0.876737921875 0.803859296875 0.8632738812499999 0.81795396875 0.8587545859375 0.83481170625 0.8580622734375 0.8579325593749999 0.8609284234375 0.9122619343749999 0.8591814984375 0.94559526875 0.853125 0.9688478281249999 0.853125 1 0.8997395640625001 1
1 0.8503200953124999 1 0.8473958328125001 0.9777199078125001 0.8322916671874999 0.923090278125 0.8302083328125001 0.9082754625 0.8333333328125001 0.854571759375 0.8328125 0.8184606484374999 0.8231770828125 0.8004050921874999 0.8158854171875 0.798553240625 0.8049479171874999 0.8096643515625 0.8020833328125001 0.8212384265624999 0.8026041671874999 0.8527199078125001 0.8078125 0.9027199078125001 0.8072916671874999 0.9277199078125001 0.7958333328125 0.986053240625 0.7948824171875 1 0.8503200953124999 1