1 0.409375 0.46640625 0.4125 0.46796875 0.44375 0.46484375 0.4671875 0.37265625 0.4640625 0.30859375 0.44375 0.24453125 0.4515625 0.13828125 0.446875 0.12265625 0.43359375 0.1109375 0.41640625 0.1140625 0.409375 0.1262073859375 0.409375 0.1658854171875 0.4125 0.23984375 0.409375 0.2514246328125 0.409375 0.46640625
1 0.478125 0.40390625 0.49375 0.41171875 0.50859375 0.409375 0.5171875 0.39921875 0.53125 0.33359375 0.528125 0.27734375 0.5140625 0.22265625 0.51875 0.12265625 0.50390625 0.10625 0.49140625 0.1078125 0.48125 0.12421875 0.484375 0.21796875 0.4640625 0.28359375 0.471875 0.38359375 0.478125 0.40390625
1 0.5484375 0.53359375 0.5609375 0.53984375 0.58203125 0.540625 0.596875 0.53046875 0.6125 0.47890625 0.6171875 0.43203125 0.6140625 0.36015625 0.59375 0.26640625 0.6015625 0.14296875 0.58984375 0.1234375 0.57734375 0.11875 0.56171875 0.1234375 0.5515625 0.14140625 0.55 0.19453125 0.5578125 0.26484375 0.53125 0.34296875 0.5234375 0.38671875 0.5359375 0.49453125 0.5484375 0.53359375
1 0.7 0.28984375 0.6984375 0.36015625 0.7109375 0.35390625 0.721875 0.31640625 0.725 0.25859375 0.709375 0.20234375 0.7140625 0.12265625 0.7109375 0.11328125 0.69765625 0.1046875 0.684375 0.11484375 0.6828125 0.21953125 0.7 0.28984375
1 0.6671875 0.31484375 0.66875 0.40078125 0.67890625 0.4 0.6875 0.38828125 0.7 0.32890625 0.7 0.28828125 0.6828125 0.22265625 0.6859375 0.12109375 0.67421875 0.1078125 0.66328125 0.109375 0.653125 0.12265625 0.6546875 0.21640625 0.65 0.23515625 0.6671875 0.31484375
1 0.6171875 0.45234375 0.6234375 0.45703125 0.64140625 0.45625 0.6546875 0.44296875 0.66875 0.36484375 0.6671875 0.31953125 0.6484375 0.23828125 0.653125 0.12890625 0.63671875 0.1125 0.62421875 0.1140625 0.6125 0.13046875 0.615625 0.24140625 0.6 0.28671875 0.6140625 0.34609375 0.6171875 0.45234375
1 0.521875 0.24765625 0.5328125 0.32890625 0.546875 0.30390625 0.5578125 0.26328125 0.55 0.15234375 0.5640625 0.11796875 0.55078125 0.103125 0.534375 0.11171875 0.53125 0.12265625 0.5359375 0.19296875 0.521875 0.24765625
1 0.064121103125 1 0.06834776875000001 0.938272040625 0.06325053281250001 0.924991 0.05217514375 0.9203125 0.0515829390625 0.9203125 0.043733074999999996 0.9259239828125001 0.0393564984375 0.9366780390624999 0.0428333484375 1 0.064121103125 1
1 0.0431380203125 1 0.0410625 0.9869209484375 0.0315625 0.957663634375 0.0330625 0.8983988187499999 0.0278125 0.8882712859375002 0.0203125 0.8860207234375 0.0140625 0.89089694375 0.010562499999999999 0.90064938125 0.0140625 0.962914946875 0.0060625 0.991422075 0.005245759375000001 1 0.0431380203125 1
1 0.489373840625 0.5890625 0.47974116093749997 0.6191487515625 0.478125 0.627867478125 0.478125 0.807892559375 0.4797092171875 0.8234519296875 0.48345385468749996 0.83756833125 0.491517021875 0.8484375 0.5137790640625 0.8484375 0.5181305937499999 0.8472320874999999 0.5272523390625 0.8359498109375 0.5484052203124999 0.7649106578125 0.5552693453125 0.7124969015625 0.553749815625 0.6415270578125 0.544229884375 0.5890625 0.489373840625 0.5890625
1 0.428125 0.5890625 0.428125 0.67094441875 0.4339892328125 0.7025031046875 0.442658465625 0.7298478562499999 0.452489071875 0.734375 0.4638515734375 0.734375 0.46808949375 0.7271144265625 0.470524696875 0.652159890625 0.48832493593750004 0.5890625 0.428125 0.5890625
0 0.7211588546875 0.5890625 0.7203125 0.5918402781250001 0.71875 0.6376736109375 0.72421875 0.68211805625 0.742578125 0.7272569437499999 0.759765625 0.7467013890625 0.7875 0.7585069437499999 0.808203125 0.7494791671875001 0.83984375 0.704340278125 0.85234375 0.66961805625 0.85703125 0.616840278125 0.8534801140624999 0.5890625 0.7211588546875 0.5890625