1 0.5472606171875001 0.7390625 0.54453125 0.6633680562500001 0.53125 0.6008680562500001 0.51015625 0.5494791671875 0.50390625 0.4689236109375 0.5140625 0.4064236109375 0.5203125 0.3078125 0.508984375 0.2890625 0.465234375 0.26128472187499996 0.453515625 0.2654513890625 0.44609375 0.280034721875 0.44296875 0.2967013890625 0.44296875 0.36336805625 0.4546875 0.47170138906250003 0.4546875 0.5078125 0.45078125 0.5494791671875 0.41953125 0.6633680562500001 0.4140625 0.7244791671875 0.4140625 0.7390625 0.5472606171875001 0.7390625
1 0.53984375 0.635590278125 0.5453125 0.6439236109375 0.567578125 0.6390625 0.5765625 0.6244791671875001 0.58828125 0.5772569437499999 0.6015625 0.5008680562500001 0.60234375 0.45225694375 0.5984375 0.3994791671875 0.584375 0.33559027812500003 0.565234375 0.31961805625 0.530078125 0.30434027812500003 0.5203125 0.330034721875 0.5109375 0.44947916718750003 0.51015625 0.510590278125 0.5140625 0.55225694375 0.53046875 0.592534721875 0.53984375 0.635590278125
1 0.054687446875000004 0.746234353125 0.0454805609375 0.7499156890625 0.046671265625 0.7670134234375 0.045510206250000004 0.7859722484375 0.0421875 0.799285015625 0.0421875 0.8609375 0.0441525859375 0.8609375 0.050346 0.8565873765625 0.056546568750000005 0.8328671625 0.0571893828125 0.8106631234374999 0.0553636875 0.795464103125 0.05254145624999999 0.7858085953125 0.05528746875 0.7693044375 0.0568432953125 0.7551984875 0.054687446875000004 0.746234353125
1 0.08523078125 0.85625 0.088048059375 0.8544956375 0.088048059375 0.7945328640625 0.0844614421875 0.7839246140625 0.0839305734375 0.7602193953125 0.08420467968749999 0.7513192937500001 0.0802922484375 0.74645818125 0.0750364 0.745871496875 0.0734375 0.747755275 0.0734375 0.75888413125 0.0743559578125 0.76333849375 0.07709716093749999 0.7790970703125 0.07369174687499999 0.793905775 0.0734375 0.7966990875000001 0.0734375 0.8202945093749999 0.0790863609375 0.8513192937499999 0.083649134375 0.85625 0.08523078125 0.85625
1 0.23828125 0.8300347218749999 0.23828125 0.805034721875 0.2332328484375 0.7769229578125 0.2345251375 0.764675278125 0.234375 0.7480902781250001 0.23021754218749998 0.7440073265625 0.223046875 0.74461805625 0.2200946921875 0.750131165625 0.221386965625 0.77845391875 0.21858703125 0.7952944703125 0.215625 0.8133680562500001 0.2166486140625 0.8312720328125 0.222265625 0.854340278125 0.231640625 0.85711805625 0.23359375 0.8522569437499999 0.23828125 0.8300347218749999
1 0.263457678125 0.7864914546875 0.26640625 0.7536458328125 0.263671875 0.74461805625 0.260546875 0.7432291671875 0.255078125 0.7432291671875 0.2515625 0.7480902781250001 0.25143514375 0.7841950203125 0.24609375 0.8119791671875 0.24765625 0.8453125 0.251953125 0.8585069437499999 0.257421875 0.8612847218749999 0.262890625 0.8612847218749999 0.2671875 0.8522569437499999 0.26953125 0.8411458328125001 0.2703125 0.817534721875 0.263457678125 0.7864914546875
1 0.2972645171875 0.7891706375 0.29921875 0.7578125 0.296484375 0.7501736109375 0.291015625 0.7473958328125 0.285546875 0.748784721875 0.2828125 0.7564236109375 0.28391875 0.788405159375 0.27960339375 0.8086903812499999 0.27734375 0.8272569437499999 0.27734375 0.848090278125 0.283984375 0.866840278125 0.295703125 0.866840278125 0.3 0.848090278125 0.3015721125 0.82667915625 0.3004952109375 0.8117522906250001 0.2972645171875 0.7891706375
1 0.395337403125 0.7631443234375 0.39609375 0.7439236109375 0.392578125 0.7404513890625 0.383984375 0.7404513890625 0.38046875 0.7439236109375 0.3796875 0.7508680562500001 0.3800454421875 0.77654021875 0.37703012187499996 0.79835639375 0.374014815625 0.8163451687500001 0.3753070890625 0.8320375109375 0.37890625 0.8411458328125001 0.38125 0.8508680562500001 0.383984375 0.8529513890625001 0.392578125 0.8529513890625001 0.39453125 0.8494791671874999 0.39921875 0.82586805625 0.3974911921875 0.7987391328125 0.3938297421875 0.7776884421875 0.395337403125 0.7631443234375
1 0.3511845671875 0.7841950203125 0.35390625 0.7578125 0.350390625 0.748784721875 0.341796875 0.7473958328125 0.3375 0.7578125 0.33826178281249997 0.7876396828125001 0.33481571875 0.815196953125 0.3328773 0.83777860625 0.33359375 0.8508680562500001 0.33515625 0.8619791671874999 0.337890625 0.866840278125 0.348828125 0.866840278125 0.3546875 0.842534721875 0.35570753437499997 0.8243827093749999 0.3546306453125 0.8063939343750001 0.3511845671875 0.7841950203125
1 0.3751351203125 0.8430595328124999 0.3743538703125 0.7513928671875 0.3708382453125 0.743753978125 0.3630257453125 0.743753978125 0.3599007453125 0.7451428671875 0.3571663703125 0.75278175625 0.3556038703125 0.8541706437500001 0.3599007453125 0.8618095328125 0.3692757453125 0.8618095328125 0.3727913703125 0.8555595328125 0.3751351203125 0.8430595328124999
1 0.7578125 0.7390625 0.7578125 0.7977140609375 0.758202890625 0.8129372359375001 0.7578125 0.81440514375 0.7578125 0.9839956031250001 0.75793408125 0.984375 0.7767966859375 0.984375 0.7839049265625 0.9718230015625 0.7992728421875 0.9146057984375 0.8010529234374999 0.886828021875 0.7958215375 0.846732084375 0.7857048625 0.8220048406249999 0.784003928125 0.799855353125 0.7884331171875 0.7390625 0.7578125 0.7390625
1 0.62603331875 1 0.6239275828124999 0.9971788171875 0.59203650625 0.9319010390625 0.5690669296875 0.8610677062500001 0.5594466296875 0.8437065953125 0.5493913875 0.8353732609375 0.5328717640625 0.833984371875 0.51815375625 0.845095484375 0.509375 0.8633514375000001 0.509375 0.8763265640625001 0.5108504078125 0.8944010390624999 0.5177930203125001 0.9124565953125 0.561402846875 0.977734371875 0.5722496046875 1 0.62603331875 1
1 0.6631260671874999 1 0.6578070890625 0.9671362078125 0.64291705 0.9310539640625001 0.6318172093750001 0.8853497875 0.6296513562499999 0.8425321953125 0.633446775 0.7790810359375 0.625634275 0.7526921468750001 0.61421988125 0.74002586875 0.601495659375 0.74002586875 0.590937253125 0.7433935421875 0.587353025 0.7540810359375 0.583446775 0.77352548125 0.585009275 0.8040810359374999 0.595946775 0.8610254812499999 0.597509275 0.955469925 0.603759275 0.9790810359375 0.6128619843750001 1 0.6631260671874999 1
0 1 0.8525876328124999 0.994921875 0.8418402781250001 0.9802693953125001 0.8283927140625 0.966796875 0.8210069437499999 0.942818621875 0.82588133125 0.926953125 0.854340278125 0.91875 0.8730902781250001 0.91640625 0.9189236109374999 0.9171875 0.9453125 0.9234375 0.9717013890625001 0.939453125 0.9876736109375 0.958984375 0.9904513890625001 0.975390625 0.9848958328125 0.993359375 0.9668402781250001 0.99921875 0.9564236109375 1 0.952777778125 1 0.8525876328124999