1 0.18163055156250002 0.18722014375 0.15437621875000002 0.18722014375 0.1515406640625 0.187435009375 0.145498859375 0.1996253609375 0.1406456796875 0.221694209375 0.1406456796875 0.32029567812500004 0.1441049515625 0.3359375 0.166234859375 0.3359375 0.183681165625 0.2740287625 0.1875 0.2178532578125 0.1875 0.21689954375 0.18163055156250002 0.18722014375
2 0 0.190625 0.514840953125 0.190625 0.5171875 0.154991346875 0.5171875 0.1459319265625 0.5104397875 0.1135560265625 0.4986482484375 0.1142623765625 0.4951059421875 0.1070904203125 0.442543825 0.1082084109375 0.4287724796875 0.1018338078125 0.33594930624999997 0.0936412171875 0.1715228640625 0.091030109375 0.0882202671875 0.080605771875 0.0090228640625 0.0815655625 0 0.0806920828125 0 0.190625
1 0.576312115625 0 0.57214056875 0.0826067421875 0.5646235265625 0.142989259375 0.559375 0.1755875828125 0.559375 0.6296875 0.6326028234375001 0.6296875 0.6449857765625 0.597919278125 0.665397221875 0.5190759078125 0.67089001875 0.47080936093750003 0.672753475 0.409935046875 0.6702317625 0.34571223125 0.6546534875 0.1941397109375 0.6578609421875 0.1294827609375 0.6760158125 0 0.576312115625 0
1 0.026402328125000003 0.6296875 0.020174828125 0.644592940625 0.030731981250000002 0.783406153125 0 0.848026421875 0 1 0.07199520937500001 1 0.0700710078125 0.9684758296875 0.115625 0.8489016546875 0.115625 0.84413576875 0.08874268125 0.7823268828125001 0.1090637171875 0.649770128125 0.0959490921875 0.6296875 0.026402328125000003 0.6296875
1 0.21393939374999998 1 0.24392361093749998 0.9057638890625 0.2039236109375 0.81243055625 0.2128125 0.6657638890625 0.2019284328125 0.6543575374999999 0.170590278125 0.6413194437499999 0.1468264953125 0.643687671875 0.1239236109375 0.6657638890625 0.139716540625 0.8197409015625 0.09725694375 0.9235416671875001 0.09281249999999999 0.999097221875 0.09296971875 1 0.21393939374999998 1
1 0.3741066921875 1 0.36836805625 0.936875 0.333462175 0.853528928125 0.350590278125 0.7057638890625 0.3128125 0.676875 0.27725694375 0.68131944375 0.2552529140625 0.7148203015625001 0.2570303671875 0.7841745828125 0.27059027812499997 0.8390972218750001 0.22614583281249998 0.959097221875 0.218471315625 1 0.3741066921875 1
1 0.360781696875 0.6296875 0.333462175 0.6383526671875 0.319242259375 0.670362409375 0.35503472187499996 0.7146527781249999 0.338794678125 0.823297546875 0.34170138906249997 0.874652778125 0.37640959375 1 0.43502704531249997 1 0.43300117499999996 0.958449525 0.41281249999999997 0.8613194437499999 0.395034721875 0.8168749999999999 0.3903415671875 0.789509515625 0.40836805624999994 0.66131944375 0.368300925 0.6296875 0.360781696875 0.6296875
1 0.3771708359375 0.6296875 0.40836805624999994 0.656875 0.395034721875 0.8079861109375 0.4437494 1 0.47321957968749995 1 0.4794791671875 0.994652778125 0.48454833593749996 0.9139916265625001 0.45077600156250003 0.8215192578125 0.431223721875 0.7557215562499999 0.452160703125 0.6296875 0.3771708359375 0.6296875
1 0.4518190125 0.6296875 0.43833367812499996 0.743273328125 0.4439236109375 0.78131944375 0.4794791671875 0.8524305562500001 0.4928125 0.959097221875 0.515034721875 0.9057638890625 0.515034721875 0.8168749999999999 0.4794791671875 0.7146527781249999 0.49206661562500004 0.6296875 0.4518190125 0.6296875
1 0.1082118046875 0.6296875 0.115034721875 0.65243055625 0.1017013890625 0.78131944375 0.1328125 0.81243055625 0.1239236109375 0.66131944375 0.1817013890625 0.639097221875 0.1817013890625 0.6296875 0.1082118046875 0.6296875
1 0.28483878906250004 0.6296875 0.28836805625 0.679097221875 0.310590278125 0.679097221875 0.33725694375000004 0.639097221875 0.33725694375000004 0.6296875 0.28483878906250004 0.6296875
1 0.202722796875 0.6296875 0.20015097499999998 0.6419093109375 0.21725694375 0.6702083328125 0.20836805625000002 0.8257638890625 0.24836805625 0.896875 0.26614583281250004 0.8479861109375 0.2528125 0.7146527781249999 0.28392361093749996 0.674652778125 0.28392361093749996 0.6296875 0.202722796875 0.6296875
1 0.7863454531249999 0.6296875 0.7863454531249999 0.7265625 0.7932428 0.7265625 0.7997233296875 0.7207338828125 0.8055569375000001 0.6968267734375 0.815964671875 0.6739533578125 0.82226414375 0.6348276703125 0.8226837312499999 0.6296875 0.7863454531249999 0.6296875