1 0.209375 0.21311044531249998 0.209375 0.20381020312499998 0.2051868515625 0.1936595609375 0.197514675 0.1921715828125 0.19040787812499999 0.20034517968749999 0.188213915625 0.2087512875 0.1851753875 0.27624684843749997 0.18005360312500002 0.2930498359375 0.18005360312500002 0.40625 0.18851505 0.40625 0.194423759375 0.393916328125 0.2090312484375 0.317578015625 0.20299435 0.26711299374999997 0.209375 0.21311044531249998
1 0.24270188906249998 0.4140625 0.2546875 0.4140625 0.2546875 0.29037351093749997 0.2521245640625 0.28058401875 0.25016321874999997 0.2113218421875 0.24355345156250002 0.20014967343749998 0.2366747609375 0.1977054515625 0.2301019078125 0.20496066562499998 0.229078696875 0.2140832234375 0.23540396718749998 0.27819995 0.22716291875 0.3235393375 0.2282244859375 0.3595593140625 0.2411403453125 0.4122769375 0.24270188906249998 0.4140625
1 0.259375 0.36958471249999997 0.26759127031249996 0.415625 0.28667735 0.415625 0.2901820828125 0.40880808125 0.29449419374999997 0.3837595984375 0.296875 0.346772009375 0.296875 0.33659999375 0.28525017343750003 0.271837709375 0.2885960359375 0.2338383828125 0.2877052015625 0.207924578125 0.28384473906249996 0.2000996609375 0.2765584609375 0.1992585796875 0.2734226875 0.2011467953125 0.268933653125 0.21184645624999998 0.26879359375 0.23592053281249997 0.27222395312500003 0.272915146875 0.2604585671875 0.325826253125 0.259375 0.361628046875 0.259375 0.36958471249999997
1 0.2892574671875 0.342303578125 0.299437765625 0.29419179375 0.296413084375 0.27379415156250003 0.3015625 0.2281836625 0.3015625 0.20025327499999998 0.2999352375 0.1955367453125 0.2933911515625 0.192719575 0.2857174484375 0.2005490375 0.287406378125 0.2181598125 0.28561644375 0.23348335781250001 0.28561644375 0.33113241718749997 0.2869473859375 0.3450692359375 0.28561644375 0.353616834375 0.28561644375 0.4046875 0.2870208515625 0.4046875 0.28843567812500004 0.40343893125 0.2892574671875 0.342303578125
1 0.3115663140625 0.3656777203125 0.3229359671875 0.34555458125 0.33125 0.336741528125 0.33125 0.334157603125 0.32448361718749996 0.2875567421875 0.329731746875 0.21540735937500002 0.3274873484375 0.20455890000000002 0.32150699375 0.1994922296875 0.3139996109375 0.20268604843750002 0.3088444859375 0.21487647656250003 0.30682921093750004 0.2853925265625 0.3017018453125 0.3034314796875 0.3017018453125 0.41875 0.30326389374999996 0.41875 0.305692375 0.385720309375 0.3115663140625 0.3656777203125
1 0.3357823125 0.3296875 0.34509255625 0.3296875 0.35 0.328214671875 0.35 0.30924006249999997 0.3428378671875 0.27617561875 0.3468879453125 0.2084616859375 0.3422768 0.19717579375 0.335425634375 0.1949400796875 0.334952321875 0.1949400796875 0.328901253125 0.2011900796875 0.328191828125 0.207701896875 0.329350203125 0.22149978125 0.328038075 0.2505766203125 0.328038075 0.2950744875 0.334064409375 0.327526234375 0.3357823125 0.3296875
1 0.392465878125 0.274731859375 0.39057964843750004 0.21553321250000002 0.3856560421875 0.2020163671875 0.3780135625 0.197217021875 0.3730858796875 0.20079950000000002 0.3700566609375 0.2122826546875 0.377742221875 0.2725405765625 0.3715353015625 0.3278536796875 0.3941375453125 0.34825205000000004 0.3953125 0.35072379531250003 0.3953125 0.2870450484375 0.392465878125 0.274731859375
1 0.39010416718749996 0.2947849609375 0.3963541671875 0.3120135328125 0.3984375 0.36281811875000003 0.3953125 0.3954075359375 0.3963541671875 0.40553205156249994 0.40062187812500005 0.4078125 0.40113129687500004 0.4078125 0.40520833281249996 0.39760894687500004 0.409375 0.37329219375 0.41197916718750005 0.328696071875 0.40729166718750004 0.29748760625 0.40052083281249995 0.270104184375 0.40260416718750003 0.2070198828125 0.39765625 0.19388213906250001 0.3893229171875 0.1925156484375 0.3848958328125 0.2006438671875 0.3890625 0.214290075 0.3869791671875 0.2755225265625 0.39010416718749996 0.2947849609375
1 0.43312636875 0.4109375 0.45 0.4109375 0.45 0.2962678984375 0.4443900296875 0.2751098875 0.44359214375 0.2074809265625 0.4382400515625 0.19602201875 0.43140455 0.19432775625 0.4251366390625 0.201423734375 0.423376646875 0.21073148437500003 0.42886203125 0.278251340625 0.4196059015625 0.3266540625 0.420087425 0.3553698890625 0.43185863125 0.408843265625 0.43312636875 0.4109375
1 0.47241930937500004 0.3840577265625 0.47511649843750003 0.40350234062499996 0.476382490625 0.4046875 0.49122885937499994 0.4046875 0.49500516718750004 0.39968732500000004 0.5000448546875 0.374468959375 0.503125 0.3528215765625 0.503125 0.30898899375 0.502566909375 0.30224673750000003 0.4953652671875 0.2702760609375 0.4999741453125 0.2127321734375 0.49941749062499996 0.1988978765625 0.49425591406249997 0.1903881859375 0.48803824687499997 0.18978980781250002 0.483221409375 0.1937391734375 0.479464153125 0.20456474375 0.481299278125 0.256225525 0.4791224328125 0.27390000625 0.47241930937500004 0.299730628125 0.47241930937500004 0.3840577265625
0 0.37557515 0.46875 0.383975703125 0.46298446562500006 0.3940465984375 0.44296019375 0.3953125 0.434503603125 0.3953125 0.381983140625 0.3902479390625 0.36598994375 0.37633355625 0.343224290625 0.35942441718749996 0.3336280328125 0.342838575 0.33514288593749997 0.33472077499999997 0.34191883125 0.322647371875 0.36456301562500004 0.318247290625 0.3919461296875 0.32012415 0.420728765625 0.328143240625 0.4462812953125 0.33877097031250003 0.46325459375 0.34615013125 0.46875 0.37557515 0.46875
1 0.7243544671875 0.56875 0.7337115562500001 0.530639065625 0.7375 0.497322090625 0.7375 0.42179555312500006 0.73644235 0.412411646875 0.72392604375 0.34471790625 0.7261415453125 0.3086310546875 0.7375 0.2302043703125 0.7375 0.191282453125 0.7323036109375 0.17594262031250002 0.72602369375 0.1706455203125 0.71418295625 0.1706455203125 0.703447290625 0.1800546 0.69549854375 0.1993393078125 0.6924221640625 0.22623967656250002 0.692090278125 0.2511669015625 0.692179365625 0.270538571875 0.6953340609375 0.27685024375 0.692689428125 0.284354684375 0.693118559375 0.31293709999999997 0.6899315500000001 0.34814654218749996 0.679483878125 0.38160214375 0.679483878125 0.56875 0.7243544671875 0.56875
1 0.812581115625 0.31279906875 0.7990977046875 0.39268570468749997 0.7978956937499999 0.4165319421875 0.8002146421875 0.45634675781249995 0.8085863328125 0.502218365625 0.823226478125 0.5578504703125 0.830165084375 0.565625 0.8515625 0.565625 0.8515625 0.3574800921875 0.8406167140624999 0.322621528125 0.8380096625 0.268963390625 0.8398928531250001 0.22122534531250002 0.837071528125 0.19057865624999998 0.8262766375 0.16982825937499998 0.8146025874999999 0.16512208125 0.804617353125 0.17161814687500002 0.7988534359375 0.1927622515625 0.8013696421875001 0.22706707812500002 0.8106935984374999 0.2803916609375 0.812581115625 0.31279906875
1 0.8650442234375 0.459731215625 0.8746814875 0.5040605109375 0.8829698796875001 0.509375 0.900268409375 0.509375 0.9046159359375 0.5060268515625 0.9096365750000001 0.4934692765625 0.91875 0.444701759375 0.91875 0.349183565625 0.9045932359375 0.28613459375 0.9036808562499999 0.26392449375 0.908343115625 0.178690825 0.9039995265625 0.16439048437499998 0.89207423125 0.15527061874999998 0.8805728 0.162811353125 0.8755413890625 0.1772207796875 0.8785246359375 0.2910672453125 0.8619747875 0.36069956406250003 0.860820190625 0.3951950078125 0.860820190625 0.4235140546875 0.8650442234375 0.459731215625
1 0.9578125 0.363784996875 0.9578125 0.32411206406250004 0.9495932906250001 0.27022895 0.9578125 0.19799974843749998 0.9578125 0.161896034375 0.95650841875 0.1567893875 0.9460244140625 0.1511701984375 0.9378340015625 0.1557543765625 0.9304461390625001 0.1728491609375 0.928641775 0.2460215484375 0.9263825390625 0.2673148140625 0.9201912015625 0.2871219421875 0.9201912015625 0.4625 0.9346143156250001 0.4625 0.9407350031250001 0.448965984375 0.953670634375 0.39901749375 0.9578125 0.363784996875
0 0.64582804375 0.47425151874999993 0.656455078125 0.4796875 0.6923345453125 0.4796875 0.6941779171875 0.42962437812500004 0.7015625 0.38082154375 0.7015625 0.3221360296875 0.698428440625 0.3141867015625 0.6919126390625 0.3071028484375 0.6783305078125 0.2993923765625 0.663226340625 0.2990408234375 0.64337528125 0.3115188859375 0.6294894953125 0.3375380375 0.623741403125 0.357738690625 0.620878128125 0.3817036609375 0.6212504796875 0.4140625796875 0.625328059375 0.43356763750000005 0.631208321875 0.44941748125 0.64582804375 0.47425151874999993
1 0.36974442343749997 0.56875 0.37124446718750004 0.575839028125 0.3712455234375 0.5953782046875 0.3724298703125 0.6352337484375 0.3648911734375 0.6554608078124999 0.36717781875 0.6751999468750001 0.36199115625 0.709781771875 0.36908669843749997 0.753523290625 0.3775087546875 0.79401205 0.38770364062499996 0.8258970203124999 0.39008762343750003 0.8265625 0.4140625 0.8265625 0.4140625 0.649947953125 0.4104441796875 0.63721205 0.4049523046875 0.614497440625 0.4057785015625 0.5896405484375 0.4052947109375 0.56875 0.36974442343749997 0.56875
1 0.410979853125 0.56875 0.4166965 0.5900262828125 0.410824925 0.6171812640625001 0.40042156406249996 0.6376173140625 0.4014934421875 0.6497938375000001 0.4070380046875 0.67884748125 0.41030091718749995 0.7072505062500001 0.4085013953125 0.7546731015625 0.410260278125 0.77970779375 0.40863411406249994 0.797333046875 0.4111593046875 0.8078125 0.412690503125 0.8078125 0.4367915578125 0.8024227359375 0.4437547109375 0.7840582171875 0.4484375 0.76503784375 0.4484375 0.652736496875 0.4461412765625 0.6357309828125001 0.44365598906250003 0.6046102421875 0.4404518265625 0.56875 0.410979853125 0.56875
1 0.4566876875 0.56875 0.4457010640625 0.6200540953125 0.4457010640625 0.81875 0.46880908125 0.81875 0.47581824062500006 0.8138925218749999 0.47286364687500004 0.7968919624999999 0.4798355734375 0.775317325 0.4903346953125 0.7105328109375 0.49173411875 0.682749984375 0.49040340625 0.6564952140625 0.48435449999999997 0.6348448234374999 0.4792996234375 0.611656275 0.480811278125 0.59313775625 0.48418501249999996 0.573086128125 0.4853023203125 0.56875 0.4566876875 0.56875
1 0.2085987703125 0.56875 0.20936768906249997 0.573859959375 0.2033196578125 0.602877446875 0.19604404375 0.6380070703125 0.1934381234375 0.66583923125 0.1934381234375 0.7868661140625 0.19753380468749998 0.7921875 0.23327762187499998 0.7921875 0.239591015625 0.7433188421875 0.246875 0.7000638312499999 0.246875 0.68947634375 0.243576575 0.659924809375 0.23899741406250002 0.6487581390625 0.23109743593749998 0.6048198578124999 0.23567900156250002 0.5710513421875001 0.236315725 0.56875 0.2085987703125 0.56875
1 0.269319396875 0.56875 0.2694041078125 0.5741849796875 0.26125964062499996 0.60945894375 0.252554278125 0.648720075 0.2511260390625 0.6596567296875 0.2511260390625 0.771614853125 0.2535374546875 0.78311581875 0.262227315625 0.8055457921875 0.2720141546875 0.809375 0.2780253640625 0.809375 0.29203885625 0.8053912671875001 0.296940959375 0.7592335515624999 0.29674124375 0.7355181828124999 0.297993696875 0.7077637343750001 0.303125 0.6824616984375 0.303125 0.632574659375 0.29975339375 0.6167077390625 0.2967184953125 0.5986937984375 0.2961422984375 0.5726276578125 0.296564746875 0.56875 0.269319396875 0.56875
1 0.32234634687499997 0.56875 0.3223833484375 0.569034528125 0.322727346875 0.59118620625 0.322985909375 0.6180809671875 0.32000495 0.6433186375 0.317880640625 0.6622494828125001 0.315225253125 0.685913040625 0.31672606718749996 0.70571910625 0.3211408296875 0.728756378125 0.3225562015625 0.7533055281250001 0.32655073749999997 0.7707971 0.3355765546875 0.8018501484375001 0.34788349531249996 0.8116267421875 0.35217412656249997 0.8140625 0.359375 0.8140625 0.359375 0.62006678125 0.3547277359375 0.596676096875 0.3541436015625 0.5713554484375 0.3544359703125 0.56875 0.32234634687499997 0.56875
1 0.5062536 0.56875 0.505884890625 0.577948246875 0.5037424078125 0.6016879546875 0.5024569171875 0.616236490625 0.4990289453125 0.6263391828125 0.49517247500000006 0.639513915625 0.49517247500000006 0.6539875796875 0.496457965625 0.6592451109375 0.5015999250000001 0.661230940625 0.5041709046875 0.6793637218749999 0.5045994015625 0.6839093968750001 0.50717038125 0.699756859375 0.50717038125 0.710421665625 0.50717038125 0.7256571015625 0.505884890625 0.7363967796875001 0.5045994015625 0.7646572046875 0.5015999250000001 0.77930556875 0.5041417734375 0.7875 0.50593046875 0.7875 0.5080273734375 0.7804547562499999 0.5140263265625 0.7671552375 0.517025803125 0.7654569921875 0.522596259375 0.7613236921875 0.5264527296875 0.75500490625 0.529023709375 0.7502845312499999 0.5350226625000001 0.73241438125 0.540625 0.717480503125 0.540625 0.7047634828125 0.54059311875 0.704666153125 0.54059311875 0.6940013484375 0.540625 0.6938932203125 0.540625 0.6255282156249999 0.5401646234374999 0.62318153125 0.5380221374999999 0.6118797359375 0.5375936421875 0.593622171875 0.534594165625 0.574752578125 0.5349002046875 0.56875 0.5062536 0.56875
1 0.5626346437499999 0.56875 0.5633358187499999 0.571549596875 0.5607591000000001 0.5960060828125 0.55820898125 0.6212243390625 0.5550441546875 0.6411201656250001 0.5488266484375 0.6595622624999999 0.5480674515625 0.6992242609375 0.55028686875 0.7136580312499999 0.5595009828124999 0.70734444375 0.5748736578125 0.7054618593749999 0.5960296015625001 0.7095437953125 0.6015625 0.7177755593749999 0.6015625 0.642371096875 0.596209303125 0.628726171875 0.589303025 0.6151638796875 0.58799954375 0.5778370625 0.5869500421875 0.56875 0.5626346437499999 0.56875
1 0.7991871406250001 0.56875 0.739187796875 0.682011146875 0.710252684375 0.7921836625 0.7394302640625 0.9463038312500001 0.7713195546875 1 1 1 1 0.625876128125 0.9704237390625 0.56875 0.7991871406250001 0.56875