1 0.628995628125 0 0.6258871421875 0.037148701562500004 0.6046319171875 0.11146674062499999 0.6 0.133876984375 0.6 0.33310348125 0.6068035203125 0.359375 0.71987890625 0.359375 0.71987890625 0.125207915625 0.6939771296874999 0.04329305625 0.6881580765625 0.004267775 0.6882222640625 0 0.628995628125 0
1 1 0.359375 1 0 0.98646484375 0 0.97890625 0.0140625 0.96953125 0.0751736109375 0.96953125 0.11961805625 0.97578125 0.20711805625 0.97421875 0.2376736109375 0.9546875 0.32517361093749997 0.9377125453125 0.359375 1 0.359375
1 0.3501594765625 1 0.352556925 0.9923025843750001 0.353649275 0.9778887640625001 0.353649275 0.9173951296875 0.348987209375 0.8964465203125 0.34315474687499997 0.8837873953125002 0.341686484375 0.8601535531250001 0.34605068437500003 0.8491788343749999 0.3438011703125 0.825522259375 0.33763870156250003 0.8149351015625002 0.3313887015625 0.8147532453124999 0.3258728328125 0.8263883109375 0.33073557187499997 0.8862014609374999 0.325 0.9134695296875 0.325 0.955384378125 0.33318732500000003 0.9972898406249999 0.338308446875 1 0.3501594765625 1
1 0.4390625 0.9123263890625001 0.44375 0.920659721875 0.453515625 0.9213541671875 0.45703125 0.91649305625 0.46171875 0.8845486109374999 0.4609375 0.85538194375 0.453125 0.8234375 0.4546875 0.77899305625 0.450390625 0.7685763890625 0.444921875 0.7685763890625 0.43984375 0.7776041671875 0.4421875 0.820659721875 0.43359375 0.870659721875 0.4390625 0.9123263890625001
1 0.403125 0.9220486109374999 0.4109375 0.945659721875 0.42421875 0.9401041671874999 0.4296875 0.9067708328125 0.4296875 0.883159721875 0.4203125 0.833159721875 0.42265625 0.79288194375 0.417578125 0.782465278125 0.410546875 0.7838541671875 0.40625 0.7942708328125 0.40859375 0.8442708328125 0.4 0.8901041671875 0.403125 0.9220486109374999
1 0.36875 0.96649305625 0.378125 0.9720486109375 0.3875 0.9651041671874999 0.39296875 0.933159721875 0.39296875 0.8998263890625001 0.3828125 0.863715278125 0.384375 0.8053819437499999 0.373828125 0.79913194375 0.36796875 0.813715278125 0.37109375 0.863715278125 0.3625 0.8998263890625001 0.36171875 0.91788194375 0.36875 0.96649305625
1 0.3828125 0.8609375 0.390625 0.8914930562500001 0.39296875 0.8817708328125 0.39140625 0.8595486109374999 0.38828125 0.8428819437499999 0.383984375 0.8380208328125001 0.3828125 0.8609375
1 0.37109375 0.7998263890625 0.38359375 0.8039930562500001 0.3859375 0.79288194375 0.384375 0.7776041671875 0.380859375 0.7713541671875 0.373828125 0.7727430562500001 0.3703125 0.7803819437499999 0.37109375 0.7998263890625
1 0.340625 0.8845486109374999 0.35234375 0.933159721875 0.35703125 0.920659721875 0.35859375 0.8859375 0.34921875 0.8456597218749999 0.35 0.7942708328125 0.341015625 0.7838541671875 0.334375 0.79288194375 0.33359375 0.8053819437499999 0.334375 0.813715278125 0.34296875 0.8289930562500001 0.340625 0.8845486109374999
1 0.31015625 0.8845486109374999 0.31328125 0.9220486109374999 0.31875 0.920659721875 0.32421875 0.8845486109374999 0.32265625 0.8595486109374999 0.31484375 0.8317708328125001 0.31640625 0.7859375 0.312890625 0.7755208328125 0.308203125 0.7727430562500001 0.3015625 0.7803819437499999 0.30078125 0.7998263890625 0.30546875 0.81649305625 0.303125 0.858159721875 0.31015625 0.8845486109374999
1 0.290625 0.9706597218749999 0.2953125 0.9748263890625001 0.30859375 0.9706597218749999 0.3140625 0.933159721875 0.3125 0.8998263890625001 0.30390625 0.8651041671874999 0.3046875 0.8109375 0.299609375 0.8005208328125001 0.292578125 0.801909721875 0.2875 0.813715278125 0.29140625 0.8609375 0.2828125 0.9109375 0.28359375 0.9373263890625001 0.290625 0.9706597218749999
1 0.2609375 0.945659721875 0.26484375 0.9498263890625 0.278125 0.945659721875 0.28359375 0.9053819437499999 0.2828125 0.88038194375 0.2734375 0.8456597218749999 0.275 0.801215278125 0.269140625 0.7880208328125 0.262109375 0.789409721875 0.2578125 0.7984375 0.2609375 0.851215278125 0.25390625 0.8873263890625 0.2546875 0.91649305625 0.2609375 0.945659721875
1 0.23125 0.9192708328125001 0.23828125 0.9289930562500001 0.248046875 0.926909721875 0.25234375 0.9151041671875 0.2546875 0.870659721875 0.24453125 0.8289930562500001 0.2453125 0.7859375 0.237890625 0.7755208328125 0.2296875 0.7873263890625 0.2328125 0.8359375 0.22734375 0.8567708328125001 0.2265625 0.8748263890625001 0.23125 0.9192708328125001
1 0.8000250687499999 0.359375 0.7984375 0.3735005578125 0.7984375 0.43837280781250004 0.8032253890625001 0.47352675 0.8114875843749999 0.48563210156250003 0.826163565625 0.4921875 0.835873971875 0.4921875 0.8424664015625 0.491529259375 0.8525739109374999 0.481207353125 0.8660463171874999 0.429143809375 0.8700279234374999 0.39428929375 0.8703424375000001 0.359375 0.8000250687499999 0.359375
1 0.6 0.359375 0.6 0.4856486734375 0.6094791671875 0.49124999999999996 0.6207291671874999 0.491875 0.6298958328125 0.47562499999999996 0.6436458328125 0.46375 0.6544791671875 0.3975 0.653554925 0.359375 0.6 0.359375
1 0.72226501875 0.359375 0.7194791671875 0.43125 0.7061458328125 0.4725 0.6986458328125 0.52625 0.6994791671875 0.595 0.7044791671875 0.6287499999999999 0.7123958328125 0.6443749999999999 0.7269791671875 0.6525000000000001 0.7448958328125 0.651875 0.7578125 0.63875 0.7719791671875 0.5900000000000001 0.7786458328125 0.54125 0.7786458328125 0.48 0.7728125 0.4225 0.7798263890625 0.359375 0.72226501875 0.359375
1 0.6 0.76972221875 0.6069791671875 0.8162499999999999 0.6157291671875 0.835625 0.6328125 0.8462500000000001 0.6465625 0.846875 0.6565624999999999 0.8418749999999999 0.6678124999999999 0.8262499999999999 0.6811458328125 0.7725 0.6869791671875001 0.72 0.6853125 0.6599999999999999 0.6769791671875 0.61875 0.6861458328125 0.5075000000000001 0.6803125 0.485 0.6723958328124999 0.473125 0.6582291671875 0.464375 0.6432291671875 0.465625 0.6340625 0.473125 0.6203125 0.49874999999999997 0.6186458328125 0.61375 0.6103125 0.63375 0.6 0.6944350984375001 0.6 0.76972221875