2 0 0.384287840625 0.144397184375 0.36824286875 0.2790152078125 0.36005170937500003 0.44223284375 0.3429982171875 0.452880859375 0.353785759375 0.45806584531250005 0.3710807453125 0.465623646875 0.376525309375 0.47850533906250003 0.3978547109375 0.4890625 0.3997636421875 0.4890625 0.3697026921875 0.4851263046875 0.34462581718749996 0.483980753125 0.3195407859375 0.4879622921875 0.3140868140625 0.4890625 0.31434531718750003 0.4890625 0.2654253265625 0 0.2654253265625 0 0.384287840625
1 0.21660767343749998 0.22839601874999998 0.21660767343749998 0.265625 0.2509145390625 0.265625 0.25935823125 0.265150746875 0.26796815 0.26428752499999997 0.26875 0.2624116140625 0.26875 0.24899763749999998 0.2551059640625 0.178453325 0.254646309375 0.1618351765625 0.2629587140625 0.07270370312499999 0.2577289796875 0.05122341406249999 0.249834678125 0.0447990265625 0.24304756093750002 0.0447990265625 0.23536548124999998 0.051340590625 0.2288423859375 0.0668973375 0.22738386249999998 0.09377345000000001 0.23084615937500003 0.143530865625 0.229617465625 0.17871605 0.21660767343749998 0.22839601874999998
1 0.3344899515625 0.1560572109375 0.3346350078125 0.17461817500000001 0.32374369999999997 0.24097436249999998 0.3230250953125 0.26235554687499996 0.3232968 0.2625 0.3703125 0.2625 0.3703125 0.204514790625 0.36347203906250003 0.1845832796875 0.3579867875 0.15602813124999998 0.358982265625 0.0900751671875 0.3573801921875 0.0650751671875 0.3484930484375 0.0445495578125 0.34388253281250003 0.0405171953125 0.3337218 0.0405171953125 0.32679605624999997 0.048218675 0.322827184375 0.0636980640625 0.3245479296875 0.090549915625 0.3344899515625 0.1560572109375
1 0.4209467703125 0.185384853125 0.41290534062499995 0.22548760781250002 0.410510153125 0.252445540625 0.4122666453125 0.2640625 0.4506343890625 0.2640625 0.459375 0.2636703734375 0.459375 0.199712053125 0.44929404687499996 0.166943596875 0.44607292187500003 0.052994089062500006 0.4394148890625 0.038816515625 0.43348489062500006 0.0347372078125 0.42448436406249995 0.0347372078125 0.41962322343749997 0.03939239375 0.41551958125 0.0464656546875 0.4129983421875 0.059519546874999996 0.41407648437500005 0.08266769375000001 0.421829234375 0.137145778125 0.4230798796875 0.1639976296875 0.4209467703125 0.185384853125
1 0.9631883328124999 0.528125 0.98125 0.528125 0.98125 0.4653012890625 0.9780547687500001 0.4558469109375 0.9745947703125001 0.398311959375 0.9704397765625 0.38979201093750004 0.965300996875 0.3879973671875 0.9634234484374999 0.3879973671875 0.9605439453125001 0.39059980156249996 0.9580091124999999 0.40059837187499997 0.9647099015624999 0.4532060890625 0.9590960578125 0.4909658859375 0.9608896687499999 0.5234583234375 0.9631883328124999 0.528125
2 1 0.559375 1 0.52673455 0.65129270625 0.52673455 0.648590396875 0.559375 1 0.559375
1 0.045882215625 0.559375 0.046121445312499995 0.5655210390625001 0.060779428125 0.71050090625 0.0640182171875 0.7913545453124999 0.05982562968750001 0.8484398562500001 0.0516002125 0.8981473375 0.043887571874999996 0.9928109421875 0.0438181171875 1 0.1171875 1 0.1171875 0.8572796593750001 0.113757259375 0.8408744671875 0.10346042343749999 0.778214615625 0.1002666484375 0.664380903125 0.102576684375 0.5668764296875 0.1022273 0.559375 0.045882215625 0.559375
1 0.1702294953125 0.559375 0.172598684375 0.599288921875 0.173125 0.6906062875 0.1478618421875 0.8582709578125 0.142598684375 0.9346182640624999 0.14207236875 0.9825224546874999 0.142905553125 1 0.23955741718749998 1 0.2410197375 0.9450973046875 0.23417763125 0.8462949109375 0.22101973749999998 0.762462575 0.2157565796875 0.7415044906249999 0.20996710468750002 0.6906062875 0.2094407890625 0.6456961078125 0.21252709687500002 0.559375 0.1702294953125 0.559375
1 0.2844519234375 0.559375 0.283651315625 0.6037799406250001 0.2594407890625 0.7699476046875 0.2557565796875 0.8163547906249999 0.25523026249999997 0.8956961078125 0.2599671046875 0.9705464078125001 0.2635267265625 1 0.33820335625000003 1 0.34417763125 0.9495883234375 0.3478618421875 0.852282934375 0.3462828953125 0.8028817359375001 0.34154605312499997 0.7504865265625 0.3199671046875 0.6037799406250001 0.3199671046875 0.559375 0.2844519234375 0.559375
1 0.375776709375 0.559375 0.3583881578125 0.6771332328125 0.35417763125 0.7340194609374999 0.35365131562499996 0.7879116765624999 0.3583881578125 0.8717440125 0.37417763125 0.9989895203125 0.37465646406249997 1 0.41898445000000006 1 0.423651315625 0.9675523953125001 0.4383881578125 0.837312875 0.44049342031250005 0.7564745515625 0.4362828953125 0.6801272453125 0.4195462421875 0.559375 0.375776709375 0.559375
1 0.1586984296875 0.559375 0.14523026249999998 0.6441991015624999 0.1373355265625 0.7190494015625 0.13628289531249999 0.813360778125 0.13891447343750002 0.8627619765624999 0.142598684375 0.8882110781250001 0.1457565796875 0.8792290421875 0.14996710468750002 0.837312875 0.17207236875 0.6906062875 0.17207236875 0.600785928125 0.16951466875 0.559375 0.1586984296875 0.559375
1 0.0462828953125 0.6906062875 0.043914473437500004 0.6823727546875 0.0357565796875 0.725037425 0.0273355265625 0.79839071875 0.0252302625 0.8971931140624999 0.027861842187500003 0.9121631734375001 0.0399671046875 0.8447979046875 0.0462828953125 0.7909056890625 0.0473355265625 0.7355164671875001 0.0462828953125 0.6906062875
1 0.0944407890625 0.637462575 0.09049342031249999 0.6456961078125 0.0889144734375 0.6831212578125 0.0883881578125 0.7909056890625 0.1099671046875 0.937612275 0.11417763125 0.9495883234375 0.1178618421875 0.8882110781250001 0.1168092109375 0.813360778125 0.11049342031250001 0.744498503125 0.0944407890625 0.637462575