1 0.4027839359375 0.4203125 0.42444591249999997 0.4203125 0.42444591249999997 0.2057251125 0.41980872500000005 0.1910597484375 0.41306089375 0.1538786140625 0.41105734062500004 0.05482109375000001 0.406564175 0.037020628124999996 0.3990289765625 0.02575714375 0.37882172187499996 0.028804128125 0.3727599359375 0.0369850859375 0.371875 0.0421680265625 0.371875 0.07498330156250001 0.37222148593750004 0.08174839375000001 0.3843205890625 0.168801984375 0.38433674375 0.18976286250000002 0.37245597343750003 0.2508243171875 0.37248828437500003 0.2927460734375 0.3786208078125 0.34255475468749996 0.39001159531249996 0.3891392484375 0.4027839359375 0.4203125
1 0.0759131859375 0.4043237875 0.09059491562500001 0.34489708124999996 0.094157046875 0.31855365625 0.09621737500000001 0.281030925 0.09337971875 0.2461495765625 0.080972728125 0.192894428125 0.0788556234375 0.16916965625 0.08757469375 0.074770675 0.082543075 0.048177196875 0.078380240625 0.04375 0.076982971875 0.04375 0.056363123437499996 0.0578550734375 0.0501799390625 0.072290646875 0.051677817187499996 0.1558513015625 0.05 0.1856277375 0.05 0.41481522968749995 0.0604585109375 0.415625 0.0622838796875 0.415625 0.0759131859375 0.4043237875
1 0.6899660812499999 0.56875 0.6853753125 0.554718140625 0.680264221875 0.5010994656250001 0.68110355625 0.4637648234375 0.6772958578125 0.4342627421875 0.6694172734375 0.416738625 0.6637879640625 0.411608221875 0.6559754640625 0.4122459515625 0.6448234 0.42759690937499995 0.64375 0.43631673125 0.64375 0.448010853125 0.64509589375 0.4657724484375 0.654754159375 0.5171566328125 0.6579114703125 0.5588233015624999 0.656470771875 0.56875 0.6899660812499999 0.56875
1 0.9648250328125 0.56875 0.9645833328125001 0.5630208328124999 0.95 0.495428240625 0.953125 0.408391203125 0.9481770828125 0.3940393515625 0.9419270828125 0.388483796875 0.92890625 0.3940393515625 0.925 0.4046875 0.9239583328125001 0.42320601875 0.928125 0.470428240625 0.928125 0.495428240625 0.915625 0.5546875 0.9163369140625001 0.56875 0.9648250328125 0.56875
1 0.9146913109374999 0.56875 0.9140625 0.5630208328124999 0.9036458328125001 0.520428240625 0.9026041671874999 0.5065393515625 0.90625 0.420428240625 0.9041666671874999 0.408391203125 0.9002604171874999 0.40052083281249995 0.8940104171875 0.39496527812500004 0.8872395828125 0.3940393515625 0.8799479171875 0.3995949078125 0.8739583328125 0.4157986109375 0.8786458328125001 0.520428240625 0.8669298890625001 0.56875 0.9146913109374999 0.56875
1 0.8497884109375 0.56875 0.8473958328125001 0.56024305625 0.8427083328125 0.5296875 0.8427083328125 0.5056134265625001 0.846875 0.45376157343749995 0.8463541671874999 0.4278356484375 0.8388020828125 0.407928240625 0.83046875 0.40237268593750003 0.8252604171875 0.40237268593750003 0.81640625 0.4088541671875 0.8109375 0.4278356484375 0.8119791671875 0.47690972187499997 0.8151041671874999 0.495428240625 0.8166666671874999 0.53524305625 0.81049834375 0.56875 0.8497884109375 0.56875
1 0.7662890625000001 0.56875 0.7645833328125 0.56116898125 0.76875 0.4435763890625 0.76328125 0.42366898124999997 0.7502604171875 0.40422453750000004 0.7424479171875 0.40052083281249995 0.7307291671875 0.41024305625 0.7244791671875 0.43709490781250004 0.7244791671875 0.4593171296875 0.7317708328125 0.5222800921874999 0.7317708328125 0.5315393515625 0.7265625 0.5565393515625 0.7301602812500001 0.56875 0.7662890625000001 0.56875
1 0.809765625 0.56875 0.8161458328125001 0.5407986109375 0.8161458328125001 0.5148726859375 0.8109375 0.4593171296875 0.8104166671874999 0.4296875 0.8161458328125001 0.407465278125 0.8122395828125001 0.39774305625 0.8075520828125 0.3940393515625 0.7966145828125 0.39589120312500004 0.7890625 0.41394675937500003 0.7890625 0.4343171296875 0.7942708328125 0.4907986109375 0.79375 0.5065393515625 0.7848958328125 0.545428240625 0.7813502953125 0.56875 0.809765625 0.56875
1 0.3162063484375 1 0.3162063484375 0.8495066375 0.30499939062500003 0.81883749375 0.3012713171875 0.7800123765625 0.30000446875 0.6906770765625 0.292851821875 0.668901265625 0.2857375984375 0.663193334375 0.2664168359375 0.6675654359375 0.2609375 0.6854447390625 0.2609375 0.7069498109375 0.2639940375 0.7341434984374999 0.27089165625 0.762927528125 0.276198384375 0.822585978125 0.2638520953125 0.8878778703125001 0.26299791250000004 0.9284745125 0.26662074375 0.9659107406249999 0.27513298124999996 1 0.3162063484375 1
1 0.375783125 0.651552559375 0.371344540625 0.63263206875 0.36260100156249997 0.6240259515625001 0.3469153046875 0.634705153125 0.34073211875 0.649140728125 0.33826696875 0.6713402187499999 0.3405784078125 0.713166009375 0.33596384218750003 0.7533983234375 0.328125 0.7795892421875 0.328125 0.9703125 0.33815455 0.9703125 0.3458532921875 0.963870703125 0.3624577953125 0.91006775 0.367687671875 0.8823809 0.37048470624999996 0.8351359453124999 0.360858596875 0.7555146374999999 0.3627084390625 0.720769684375 0.369185084375 0.697294965625 0.375783125 0.651552559375
1 0.43717565468749997 0.7252721640625 0.43547786874999994 0.6836055 0.4383999390625 0.6210418640625 0.4348221953125 0.6099671156250001 0.4270324671875 0.6010256984375 0.41313974375000007 0.605355996875 0.4071499390625 0.6214054906250001 0.41351178437499997 0.7199893296875001 0.4015625 0.7815996015625 0.4015625 0.8489074234375 0.40158742187499996 0.8493559890625001 0.41121089375000003 0.893709528125 0.417308228125 0.9046875 0.4378888765625 0.9046875 0.4412379515625 0.901697415625 0.44384348906250004 0.8877007453125 0.44384348906250004 0.7550345093749999 0.43717565468749997 0.7252721640625
1 0.450390625 0.85538194375 0.45703125 0.8588541671875 0.468359375 0.8595486109374999 0.47578125 0.8532986109374999 0.484375 0.82413194375 0.48984375 0.7880208328125 0.48984375 0.7407986109375 0.47890625 0.6935763890625 0.4796875 0.651909721875 0.48515625 0.601909721875 0.48203125 0.5880208328125 0.473828125 0.58038194375 0.462109375 0.5859375 0.45703125 0.59913194375 0.4578125 0.6935763890625 0.4484375 0.719965278125 0.44140625 0.76163194375 0.44609375 0.8407986109374999 0.450390625 0.85538194375
1 0.189453125 0.9706597218749999 0.19609375 0.97413194375 0.209765625 0.9734375 0.21796875 0.9616319437499999 0.21796875 0.94913194375 0.22890625 0.901909721875 0.2296875 0.8505208328125 0.225 0.819965278125 0.209375 0.7657986109375 0.21015625 0.6477430562500001 0.201171875 0.62899305625 0.191796875 0.626215278125 0.183984375 0.6317708328125 0.1765625 0.6505208328125 0.18359375 0.7310763890625 0.18359375 0.7685763890625 0.171875 0.8185763890625001 0.16796875 0.8602430562500001 0.17265625 0.91024305625 0.184375 0.9602430562500001 0.189453125 0.9706597218749999
1 0.128125 0.9005208328125001 0.1359375 0.91024305625 0.150390625 0.9109375 0.15859375 0.9032986109374999 0.16640625 0.8588541671875 0.16953125 0.8157986109375 0.165625 0.7810763890625 0.15 0.72274305625 0.1515625 0.6255208328124999 0.143359375 0.6067708328125 0.133203125 0.60399305625 0.12265625 0.6157986109375 0.1203125 0.6269097218749999 0.1265625 0.6963541671875 0.1265625 0.7282986109375 0.11875 0.7657986109375 0.115625 0.8366319437499999 0.125 0.889409721875 0.128125 0.9005208328125001
1 0.08515625 0.8532986109374999 0.0921875 0.8602430562500001 0.108203125 0.8595486109374999 0.11484375 0.84913194375 0.11796875 0.7505208328124999 0.10078125 0.6907986109375 0.10234375 0.6102430562500001 0.094921875 0.5901041671875 0.082421875 0.5873263890625 0.0765625 0.594965278125 0.07421875 0.6060763890625 0.0828125 0.6921875 0.07265625 0.7407986109375 0.07109375 0.776909721875 0.07421875 0.8116319437499999 0.08125 0.839409721875 0.08515625 0.8532986109374999
1 0.21171875 0.7685763890625 0.22890625 0.8282986109374999 0.235546875 0.8276041671875 0.2390625 0.8185763890625001 0.2421875 0.79913194375 0.2421875 0.7630208328125 0.22734375 0.6935763890625 0.22890625 0.601909721875 0.223828125 0.5901041671875 0.212109375 0.5859375 0.20390625 0.5963541671875 0.2015625 0.6088541671875001 0.20234375 0.6269097218749999 0.21171875 0.6546875 0.209375 0.7491319437499999 0.21171875 0.7685763890625
1 0.31796875 0.7921875 0.325 0.8296875 0.34453125 0.757465278125 0.34140625 0.644965278125 0.355859375 0.626215278125 0.359375 0.614409721875 0.35546875 0.5907986109375 0.345703125 0.583159721875 0.336328125 0.588715278125 0.33125 0.601909721875 0.3359375 0.6866319437499999 0.32265625 0.7338541671875001 0.31796875 0.764409721875 0.31796875 0.7921875
1 0.25078125 0.8282986109374999 0.2546875 0.8435763890625001 0.2625 0.8130208328125 0.2625 0.7713541671874999 0.259765625 0.7567708328125 0.25078125 0.8005208328125001 0.25078125 0.8282986109374999
1 0.2921875 0.8116319437499999 0.30234375 0.84913194375 0.30625 0.8282986109374999 0.30625 0.8005208328125001 0.294921875 0.7484375 0.29140625 0.769965278125 0.2921875 0.8116319437499999
1 0.2625 0.66024305625 0.28984375 0.6630208328125 0.2921875 0.6505208328125 0.290625 0.6157986109375 0.279296875 0.6026041671875 0.268359375 0.6067708328125 0.2609375 0.6255208328124999 0.2625 0.66024305625
1 0.8880583999999999 0.7288976390624999 0.8802458999999999 0.7289885453125 0.8707581531249999 0.7455129734375 0.8768755 0.8189141093749999 0.8640625 0.8731450859375001 0.8640625 0.8803785984375001 0.8687048578125001 0.9253095625000001 0.882812025 0.9578125 0.909495828125 0.9578125 0.9138396499999999 0.9390281296874999 0.9138396499999999 0.8530181562500001 0.9000583343749999 0.8123913921874999 0.9020081531249999 0.745149346875 0.8880583999999999 0.7288976390624999
1 0.7234375 0.93359375 0.7375 0.96796875 0.75546875 0.96875 0.765625 0.96171875 0.7765625 0.91484375 0.775 0.86484375 0.759375 0.81953125 0.7625 0.74296875 0.74765625 0.728125 0.73984375 0.7296875 0.73125 0.74296875 0.734375 0.82265625 0.71875 0.88046875 0.7234375 0.93359375