1 0 0.4890625 0.016868946875 0.4890625 0.0157303875 0.48003224843750003 0.014797285937499998 0.453289525 0.019307509375 0.41712385 0.025145240625 0.39014468281250003 0.027261556250000003 0.36421875625 0.0222250015625 0.34639055 0.015907665625 0.3410714359375 0.0035505828125 0.3461193890625 0 0.35333894843749997 0 0.4890625
1 0.0924600953125 0.4890625 0.08683190625000001 0.465006590625 0.0861764 0.4418250671875 0.09055685 0.3893476765625 0.09038985625 0.36064397187499997 0.084832221875 0.34501574218750003 0.07652139999999999 0.3390625 0.07256900468750001 0.3390625 0.06503516875000001 0.3428215078125 0.0596606875 0.35867475781249997 0.062873571875 0.4634712703125 0.0568037921875 0.4890625 0.0924600953125 0.4890625
1 0.0460134140625 0.4890625 0.051950399999999994 0.46922216250000004 0.0565331546875 0.3664140828125 0.0619947625 0.347944046875 0.059680528125 0.3400403453125 0.0518651734375 0.33253597031250004 0.039497521875000004 0.3379521359375 0.0328125 0.3538196234375 0.0328125 0.4890625 0.0460134140625 0.4890625
1 0.14764442656250001 0.4890625 0.1426078953125 0.46477109375000003 0.14877730625000002 0.359886371875 0.14375309375 0.3450550046875 0.1371439109375 0.3400521453125 0.125056978125 0.3447337015625 0.1174734234375 0.3642891390625 0.1181826109375 0.46491745624999997 0.11211593906249999 0.4890625 0.14764442656250001 0.4890625
1 0.22430580625 0.4890625 0.21675807812499998 0.46004682968750005 0.2140406375 0.40819497812499994 0.21575839531250002 0.3814340546875 0.21430262031249997 0.3536562765625 0.20917191562499998 0.3401015375 0.202061403125 0.33342304375 0.1897555046875 0.336763034375 0.184094290625 0.3527773046875 0.19193923125 0.452853078125 0.18570503437500002 0.4890625 0.22430580625 0.4890625
0 0.61640625 0.25243055625 0.625 0.256597221875 0.662109375 0.25729166718749996 0.6671875 0.25243055625 0.67265625 0.22881944375000002 0.67265625 0.21215277812500002 0.666015625 0.180902778125 0.642578125 0.162847221875 0.631640625 0.165625 0.62109375 0.17743055624999998 0.6125 0.2010416671875 0.61171875 0.22881944375000002 0.61640625 0.25243055625
1 0.45158118593749996 0.4890625 0.46157500625000003 0.5630327312500001 0.4654933671875 0.62136909375 0.46495551874999996 0.6389525953125 0.462927559375 0.6667091625 0.4563923390625 0.7064724671875 0.44797105000000004 0.740671121875 0.4458707015625 0.7582455359375 0.4274656140625 0.826633759375 0.4203125 0.8781726593750001 0.4203125 0.9021918187499999 0.42206723437500004 0.9663697906250001 0.43638164375 0.975246384375 0.474905575 0.9796357640625001 0.5266261531249999 0.9796875 0.559375 0.9796875 0.559375 0.7066202109375 0.5576312640625 0.7015077843749999 0.5421282546875 0.6319966781249999 0.5388754953125 0.594027653125 0.5375613015625 0.5357064406250001 0.5387116921875 0.4890625 0.45158118593749996 0.4890625
1 0.379849065625 0.6600377078124999 0.3827915875 0.630280534375 0.3815707640625 0.611932075 0.3754667171875 0.5925986265625001 0.3660452703125 0.5832212296875 0.355714853125 0.5822196843749999 0.3444323484375 0.5905199125 0.335083896875 0.607425115625 0.331962225 0.618748803125 0.3296665875 0.634617090625 0.32873444531249996 0.7103304406250001 0.324800034375 0.7613839125 0.3144397921875 0.8055826734375 0.2953125 0.869645371875 0.2953125 0.9703125 0.3600314375 0.9703125 0.3613215421875 0.9687111640625 0.367986171875 0.9035987437500002 0.3735759890625 0.8727030671874999 0.3733537078125 0.8551955046874999 0.3625256375 0.7868989703125 0.365030253125 0.7442638625 0.36975090312500003 0.7097495125 0.379849065625 0.6600377078124999
1 0.3337227578125 0.70694454375 0.3309425765625 0.6921115484375 0.3226182171875 0.6804874765625 0.314535240625 0.6795398921875 0.3142693078125 0.6795398921875 0.307948678125 0.6841063375 0.30099646406249997 0.7030499406249999 0.29858273125 0.8067536453124999 0.28125 0.8680366781250001 0.28125 0.95625 0.2897118359375 0.95625 0.2899046609375 0.9557974203124999 0.2977063453125 0.8891671125 0.300982203125 0.8827038125 0.303496559375 0.8641974140625 0.31644553124999997 0.822600440625 0.32698429375 0.7726549828125 0.332555390625 0.7347192921875 0.3337227578125 0.70694454375
1 0.4046875 0.8046875 0.40578661718750003 0.8046875 0.40830872500000004 0.8014612875000001 0.42362667187499997 0.7496848046875 0.4241097984375 0.7432367 0.4191214796875 0.735975178125 0.411426625 0.7354820703125 0.4091496859375 0.7354820703125 0.4046875 0.7437675890625 0.4046875 0.8046875
1 0.275710321875 0.8262065828124999 0.2671875 0.8515973171875 0.2671875 0.89423785625 0.267467446875 0.8919049000000001 0.29588475625 0.8060543890625 0.30041990625000004 0.74865304375 0.299893359375 0.7338200453124999 0.2978409703125 0.72962610625 0.289313396875 0.7323069171875 0.2834913953125 0.74474934375 0.275710321875 0.8262065828124999
1 0.74541458125 0.7878985593750001 0.755249421875 0.8226662359375 0.7598296734375 0.8265625 0.7651196515625001 0.8265625 0.76933565625 0.8263084562499999 0.76933565625 0.712734875 0.76618043125 0.701937440625 0.7642368218750001 0.6283399640624999 0.7555344921875 0.613016734375 0.7537089703125 0.575 0.7536514578125 0.575 0.750791621875 0.585220778125 0.7524094921875 0.6129985546875 0.74375 0.6301151468749999 0.74375 0.635724125 0.74945060625 0.6962864359375001 0.74375 0.723289603125 0.74375 0.7723600109375 0.74541458125 0.7878985593750001
1 0.9386247187500001 1 0.93909174375 0.98497500625 0.9425257703125001 0.9649007921875 0.9425257703125001 0.8809848546874999 0.9396515093750001 0.8734543718750001 0.9260998921875 0.8561268578125001 0.9113061046875 0.783824475 0.9070496765625 0.7847691859375 0.9067537890625001 0.7931480203125 0.9161054296875001 0.85949616875 0.9029593625000001 0.86932024375 0.8957142000000001 0.899704634375 0.9022636234375 1 0.9386247187500001 1
1 0.6997846765625 0.6132655609375 0.6964307734374999 0.6100803156250001 0.6927683890624999 0.6636482 0.6853490078125001 0.6725554890625001 0.6816418109375 0.6853105796875 0.6838114453124999 0.7556975015624999 0.6796875 0.77225898125 0.6796875 0.9125 0.6936105984375 0.9125 0.6968788296875 0.9095949640625001 0.7115732515625 0.84474948125 0.710453596875 0.8019490156250001 0.7009989453125 0.7542944984375 0.7082043109375 0.6831423015625 0.7063780703125 0.6722225078124999 0.6982371390625 0.6632017859375 0.6997846765625 0.6132655609375