1 0.2046875 0.0400220578125 0.2046875 0.037715584375 0.19845185781250002 0.020618515625 0.1891577515625 0.018956840625 0.181129175 0.029157553125000003 0.1780573828125 0.04158935625 0.1782957359375 0.1181146375 0.176637528125 0.12443670625 0.176637528125 0.15360448437500002 0.1848757609375 0.1546875 0.19828126875000002 0.1546875 0.20135429062500002 0.1521753984375 0.19688395 0.121437984375 0.2046875 0.0400220578125
1 0.117554334375 0.1003746375 0.1198551140625 0.02930450625 0.112263546875 0.01528356875 0.1028723859375 0.014605075 0.095555559375 0.0241952484375 0.0925921703125 0.0383209359375 0.09824934375 0.121299071875 0.09354353125 0.1484375 0.1203125 0.1484375 0.1203125 0.12036965468750001 0.117554334375 0.1003746375
1 0.0859375 0.0361037390625 0.0825681921875 0.0243611109375 0.07099494375 0.0197169421875 0.061501307812499996 0.033934190625 0.0624974953125 0.117426690625 0.059648631249999993 0.13013727343749998 0.059648631249999993 0.1484375 0.08563075 0.1484375 0.0859375 0.14726815 0.0859375 0.14061774375 0.08021850625 0.1028492515625 0.0859375 0.0426447625 0.0859375 0.0361037390625
2 0.4296875 0.1474607265625 0 0.1474607265625 0 0.2693284625 0.0206290375 0.26050267968749996 0.061359281249999995 0.2597625 0.0649498 0.25539111718749996 0.17047925 0.261015790625 0.2476125125 0.2541845984375 0.361757984375 0.25447730625 0.4296875 0.24788680937500002 0.4296875 0.1474607265625
1 1 0.509375 1 0 0.7495264203125 0 0.7725993203125 0.0778258546875 0.767396609375 0.1402803890625 0.749587484375 0.17732574843749999 0.72460289375 0.2032062890625 0.6238223734374999 0.2808789953125 0.5667764421875 0.333216734375 0.5563798703125 0.34728040781249997 0.5563798703125 0.509375 1 0.509375
1 0.39641249218749997 1 0.401690990625 0.8821123765625 0.398892159375 0.7759807750000001 0.38119558124999997 0.7335331671875001 0.3780909421875 0.73125 0.35183385624999997 0.73125 0.337609215625 0.7509108437500001 0.3286705671875 0.7891212375000001 0.33756759999999997 1 0.39641249218749997 1
1 0.139262921875 1 0.153814571875 0.830262965625 0.155089384375 0.7489492984374999 0.1398116140625 0.6935614609374999 0.130064590625 0.681428875 0.11142371874999998 0.677539871875 0.08770347656250001 0.70708545 0.0745288640625 0.77070228125 0.07431357968749999 1 0.139262921875 1
1 0 1 0.0336681546875 1 0.0390625 0.79609375 0.0234375 0.74140625 0.00078125 0.73125 0 0.734696690625 0 1
1 0.546070509375 0.509375 0.5448814390625 0.5229936609375 0.535640540625 0.5338547171875 0.529901425 0.551773884375 0.5264740453125001 0.6643648109375 0.517544665625 0.693688578125 0.517544665625 0.88125 0.5383802078125 0.88125 0.5423841171875 0.874905384375 0.5551289609375 0.8307564562499999 0.5618388 0.7961706265625 0.5640625 0.76834944375 0.5640625 0.7414213640625 0.5635397281250001 0.7266579875 0.5524170828124999 0.6623371921875 0.5640625 0.562704659375 0.5640625 0.5479960562499999 0.5633610734375 0.541617515625 0.5505119765625001 0.52037500625 0.5513823484375 0.509375 0.546070509375 0.509375
1 0.6518881999999999 0.509375 0.6517262031250001 0.51606841875 0.641284375 0.5258953921875 0.6356108546874999 0.5423116109375 0.635233634375 0.57709303125 0.640292840625 0.6086822796875 0.6417043781249999 0.6627897468749999 0.6245598484375 0.7349846703124999 0.6209445 0.76028066875 0.6206157625 0.7992287578124999 0.625804259375 0.8419291125000001 0.63738820625 0.8966558750000001 0.645018034375 0.9015625 0.66478449375 0.9015625 0.6655940124999999 0.901469134375 0.6763860625 0.8881403406249999 0.684375 0.8432204656250001 0.684375 0.7356479218749999 0.6813486796875 0.7098297671875 0.6674856281249999 0.6608361609375 0.6723619265625 0.54230700625 0.6690914765625 0.5300438062499999 0.6556162921875 0.5143835328125 0.655706090625 0.509375 0.6518881999999999 0.509375
1 0.7088826859375 0.509375 0.7077276218749999 0.5270790125 0.6963051109375 0.5405222328125 0.6927436 0.5528949 0.6926190296875 0.6460777875 0.6911587640625 0.6654904 0.6830479828125 0.69397555 0.6830479828125 0.87619690625 0.6858269421875001 0.8765625 0.705152678125 0.8765625 0.7121541062500001 0.870803071875 0.7203493812499999 0.837756240625 0.728125 0.74064305625 0.728125 0.7305329890625 0.71635276875 0.6609535156249999 0.7254590984375 0.5570096828125 0.72350335625 0.545803071875 0.7116338718749999 0.52723818125 0.7125093703125 0.509375 0.7088826859375 0.509375
1 0.76142768125 0.8399668437500001 0.7808130656250001 0.9198263593749999 0.7877154625 0.925 0.8046875 0.925 0.8046875 0.690315646875 0.7986931921875 0.6692909 0.79511490625 0.622068678125 0.7954712578125 0.5439633515625 0.784539875 0.518739759375 0.7745151375 0.51201545625 0.7717967484375 0.51201545625 0.76120761875 0.521356953125 0.7552065328124999 0.5404959171875 0.7705681921875 0.6707648671875 0.7570803765624999 0.7411919578124999 0.76142768125 0.8399668437500001
1 0.8484375 0.7357638890625 0.83359375 0.66631944375 0.83984375 0.5510416671875 0.83671875 0.5385416671875001 0.821484375 0.518402778125 0.819140625 0.5267361109375 0.8078125 0.5385416671875001 0.80390625 0.5552083328124999 0.809375 0.6607638890625 0.79765625 0.706597221875 0.80625 0.7802083328125 0.80625 0.84131944375 0.8 0.8885416671874999 0.811328125 0.8989583328125 0.83125 0.8982638890625001 0.83671875 0.8913194437499999 0.84296875 0.86493055625 0.85234375 0.7732638890625 0.8484375 0.7357638890625
1 0.8765625 0.5607638890625 0.869921875 0.540625 0.858984375 0.53368055625 0.851953125 0.5392361109375 0.84375 0.5607638890625 0.8484375 0.646875 0.84140625 0.696875 0.85234375 0.762152778125 0.85234375 0.7954861109375 0.8453125 0.837152778125 0.84375 0.8677083328125 0.848046875 0.87256944375 0.86171875 0.8732638890625001 0.87265625 0.8690972218749999 0.871875 0.7871527781250001 0.88359375 0.71493055625 0.871875 0.6649305562500001 0.8765625 0.5607638890625
1 0.908649553125 0.509375 0.899609375 0.515625 0.890625 0.5399305562500001 0.89140625 0.5829861109375 0.896875 0.6302083328125 0.896875 0.6760416671875 0.87578125 0.7635416671874999 0.871875 0.83993055625 0.875 0.8829861109374999 0.88671875 0.9482638890625001 0.897265625 0.9572916671874999 0.92421875 0.956597221875 0.9328125 0.9427083328125001 0.9453125 0.8690972218749999 0.9484375 0.8427083328125 0.9484375 0.7899305562500001 0.94453125 0.7552083328125001 0.9375 0.737152778125 0.9265625 0.674652778125 0.93359375 0.5371527781250001 0.924609375 0.5142361109375 0.9182291671874999 0.509375 0.908649553125 0.509375
1 0.978125 0.8454861109374999 0.98125 0.79131944375 0.97734375 0.7440972218749999 0.96171875 0.6732638890625 0.965625 0.5454861109375 0.96328125 0.534375 0.948828125 0.515625 0.936328125 0.528125 0.93359375 0.5371527781250001 0.93125 0.5954861109375 0.93359375 0.6732638890625 0.93125 0.694097221875 0.9484375 0.784375 0.94765625 0.8579861109374999 0.9375 0.91631944375 0.942578125 0.9239583328125001 0.95703125 0.9232638890625001 0.9625 0.921875 0.9703125 0.894097221875 0.978125 0.8454861109374999
1 1 0.7112499999999999 0.99140625 0.6677083328125 0.99453125 0.55243055625 0.988671875 0.537847221875 0.977734375 0.530902778125 0.96640625 0.5427083328125 0.9640625 0.684375 0.978125 0.749652778125 0.98125 0.77881944375 0.98046875 0.8302083328125001 0.971875 0.8913194437499999 0.98984375 0.894097221875 0.99609375 0.884375 1 0.8635416671874999 1 0.7112499999999999