1 0.58125 0.3796875 0.58125 0.2880549640625 0.5777635625 0.2642302515625 0.551109609375 0.1911838375 0.5467185234375 0.14981316718749998 0.544805990625 0.052650146875000005 0.5347898671875 0.031862362500000005 0.5175700437499999 0.0303869765625 0.5064116125 0.0458287046875 0.503125 0.0582785625 0.503125 0.084627784375 0.5154685234375 0.1521811515625 0.5191753265625 0.20194435312499998 0.5076288359375 0.284835990625 0.5073000984375 0.32378408125 0.5164399937499999 0.3796875 0.58125 0.3796875
1 0.4 0.3796875 0.4368861609375 0.3796875 0.44140625 0.3515625 0.4421875 0.3015625 0.434375 0.24878472187499998 0.41171875 0.18211805625 0.4078125 0.161284721875 0.403125 0.0557291671875 0.4 0.0491154109375 0.4 0.3796875
1 0.44375 0.3098958328125 0.4484375 0.31545138906250003 0.463671875 0.31475694375 0.47265625 0.3029513890625 0.478125 0.236284721875 0.4765625 0.19600694375 0.460546875 0.142534721875 0.45859375 0.15572916718750002 0.465625 0.1640625 0.4671875 0.186284721875 0.452734375 0.18836805625 0.45 0.1807291671875 0.45234375 0.1654513890625 0.44609375 0.15711805625 0.45859375 0.14045138906250001 0.452734375 0.1189236109375 0.428125 0.1279513890625 0.4203125 0.1807291671875 0.42109375 0.2001736109375 0.43984375 0.2682291671875 0.44375 0.3098958328125
1 0.42009595781250003 0 0.415625 0.0140625 0.42890625 0.12934027812499999 0.4234375 0.154340278125 0.4203125 0.19461805625 0.43359375 0.2376736109375 0.44375 0.3098958328125 0.4484375 0.31545138906250003 0.462890625 0.31475694375 0.47265625 0.3015625 0.478125 0.2557291671875 0.478125 0.20711805625 0.47265625 0.17239583281249998 0.453125 0.1223958328125 0.44765625 0.0682291671875 0.446875 0.011284721875 0.441631284375 0 0.42009595781250003 0
1 0.5348106968749999 0 0.53359375 0.0140625 0.54609375 0.0529513890625 0.54609375 0.14600694375 0.54921875 0.17795138906250002 0.5546875 0.20434027812500002 0.57578125 0.2640625 0.58515625 0.33211805625 0.590625 0.32517361093749997 0.5984375 0.266840278125 0.596875 0.21961805625 0.590625 0.179340278125 0.56640625 0.08211805625 0.5671875 0.0057291671875 0.5645885828124999 0 0.5348106968749999 0
1 0.5672283109375 0 0.5703125 0.091840278125 0.57734375 0.1307291671875 0.590625 0.1765625 0.5984375 0.24184027812500003 0.6015625 0.24878472187499998 0.6109375 0.2001736109375 0.6109375 0.15017361093749998 0.60703125 0.1223958328125 0.5890625 0.073784721875 0.58640199375 0 0.5672283109375 0
0 0.75625 0.3796875 0.75625 0.3473958328125 0.74921875 0.3057291671875 0.727734375 0.267534721875 0.702734375 0.2467013890625 0.664453125 0.24114583281250002 0.632421875 0.26614583281250004 0.62421875 0.28350694375 0.60546875 0.34461805624999997 0.6022698484375001 0.3796875 0.75625 0.3796875
1 0.3326968328125 0.3796875 0.3348807171875 0.4245704625 0.325 0.4803052609374999 0.325 0.5210347203125 0.3260335234375 0.53784005625 0.33434702031249997 0.5803036171875 0.3350615265625 0.58125 0.358580284375 0.58125 0.3585980921875 0.5812462093749999 0.36616726875 0.5316561421875 0.36616726875 0.47752518750000006 0.3659312703125 0.47226167812500003 0.35283330625 0.421819984375 0.3545718625 0.3796875 0.3326968328125 0.3796875
1 0.7048863171875 1 0.7101238640625 0.9733004281250001 0.7090193906250001 0.94558185 0.699111071875 0.9004589124999999 0.7012124046875 0.8794479796874999 0.7109323015625 0.8411783859374999 0.711182253125 0.8332509156250001 0.711182253125 0.8221859140625 0.7038310828125001 0.8020982468749999 0.69526965625 0.8055272203125 0.6897039390625 0.7976082843750001 0.6827050109374999 0.8009188609375 0.6769830062500001 0.8131684124999999 0.6740141046874999 0.8940199640625 0.6564009015625001 0.9259371109375 0.653125 0.9464948843750001 0.653125 0.9945849546875 0.654251565625 1 0.7048863171875 1
1 0.59140625 0.859027778125 0.6 0.8701388890625001 0.61171875 0.865972221875 0.62421875 0.8298611109374999 0.62734375 0.8076388890625001 0.625 0.7729166671875 0.6171875 0.7479166671874999 0.6171875 0.7270833328125 0.62421875 0.6770833328125001 0.616796875 0.6569444437499999 0.605078125 0.6569444437499999 0.59921875 0.66875 0.6 0.7284722218749999 0.58359375 0.78680555625 0.58515625 0.83125 0.59140625 0.859027778125
1 0.5495426828125 1 0.56484375 0.94930555625 0.5640625 0.90625 0.5515625 0.8701388890625001 0.55 0.8534722218749999 0.55625 0.7895833328124999 0.5515625 0.7729166671875 0.54375 0.76180555625 0.541796875 0.7194444437499999 0.5375 0.7256944437499999 0.5375 0.76180555625 0.52578125 0.7854166671875 0.5296875 0.8534722218749999 0.528125 0.86875 0.51640625 0.90069444375 0.5140625 0.9270833328125001 0.5203125 0.98125 0.5271369484375 1 0.5495426828125 1
1 0.4 0.9580357140625001 0.41171875 0.9798611109375 0.420703125 0.9791666671874999 0.42734375 0.9701388890625001 0.43671875 0.9229166671875 0.4375 0.8923611109374999 0.4296875 0.85625 0.41953125 0.8368055562500001 0.4171875 0.8229166671874999 0.41640625 0.7576388890625 0.40234375 0.73680555625 0.4 0.7223824796875 0.4 0.9580357140625001
1 0.48359375 0.82569444375 0.4953125 0.8479166671874999 0.504296875 0.8458333328125001 0.509375 0.8354166671875 0.51640625 0.79930555625 0.5171875 0.7729166671875 0.5140625 0.7506944437499999 0.5046875 0.7270833328125 0.50625 0.65625 0.49609375 0.6395833328125 0.4953125 0.6006944437499999 0.491796875 0.6 0.490625 0.640972221875 0.48515625 0.6479166671875 0.4828125 0.6631944437499999 0.48671875 0.7270833328125 0.4796875 0.7520833328125001 0.4765625 0.79375 0.48359375 0.82569444375
1 0.40390625 0.740972221875 0.4125 0.7493055562500001 0.41484375 0.740972221875 0.4109375 0.7270833328125 0.401171875 0.709722221875 0.40390625 0.740972221875
1 0.4609375 0.7298611109375 0.4671875 0.7395833328125001 0.476171875 0.7375 0.48203125 0.7256944437499999 0.48515625 0.696527778125 0.48203125 0.65069444375 0.47421875 0.6229166671874999 0.475 0.5729166671875 0.46640625 0.559027778125 0.463671875 0.5333333328125 0.4609375 0.5381944437499999 0.4609375 0.559027778125 0.45625 0.5729166671875 0.459375 0.63680555625 0.453125 0.66180555625 0.45234375 0.6895833328125001 0.4609375 0.7298611109375
1 0.5484375 0.7451388890625 0.5546875 0.753472221875 0.56484375 0.7493055562500001 0.575 0.7118055562500001 0.575 0.6826388890625 0.565625 0.63125 0.56875 0.58125 0.5625 0.56875 0.559765625 0.54305555625 0.55703125 0.5451388890625 0.55625 0.56875 0.5484375 0.5826388890625 0.55 0.64375 0.54375 0.6645833328125 0.54296875 0.6868055562500001 0.54453125 0.7298611109375 0.5484375 0.7451388890625
1 0.515625 0.6631944437499999 0.52109375 0.6701388890625 0.526953125 0.6708333328125 0.53203125 0.6645833328125 0.5390625 0.628472221875 0.53671875 0.5923611109375 0.53046875 0.5729166671875 0.53125 0.54375 0.526953125 0.5375 0.51640625 0.5423611109375 0.5171875 0.5729166671875 0.509375 0.6104166671875 0.51015625 0.63819444375 0.515625 0.6631944437499999