1 0.34009076875 0.5390625 0.34009076875 0.49845651249999995 0.3261855 0.449398353125 0.324351534375 0.43002675 0.32527354375 0.35010575781250003 0.320986321875 0.334619959375 0.316797109375 0.327948665625 0.31039619531249996 0.32468200468749997 0.3000927140625 0.3281881875 0.295910865625 0.334516278125 0.2922723984375 0.3477706015625 0.2926947796875 0.37095517031249997 0.300280015625 0.4289243015625 0.3007778546875 0.453960721875 0.290625 0.508895796875 0.290625 0.5390625 0.34009076875 0.5390625
1 0.2823018984375 0.5390625 0.2823018984375 0.50029675 0.280256203125 0.48076869687499996 0.2683022609375 0.4374418203125 0.26601421875 0.419715721875 0.2671494296875 0.33836774687500004 0.26151368124999996 0.3236654390625 0.2567607390625 0.3207793296875 0.24773635 0.3207793296875 0.242796003125 0.3252416625 0.23806895468749997 0.3439060671875 0.2446923734375 0.4211250640625 0.2328125 0.49772686874999994 0.2328125 0.5281424546875 0.23338479531249998 0.5390625 0.2823018984375 0.5390625
1 0.6220999109375001 0.5390625 0.6250242578125 0.51929663125 0.6250242578125 0.5160759671874999 0.6238523828125 0.5110313265624999 0.5828125 0.5100039875 0.5828125 0.535524121875 0.5837972062500001 0.5390625 0.6220999109375001 0.5390625
1 0.6101590796874999 0.4109375 0.617320140625 0.40974392656249997 0.617320140625 0.3871548 0.61637484375 0.382879865625 0.616885521875 0.2992733796875 0.6130611046875 0.290625 0.6110920328125 0.290625 0.590625 0.29205619375 0.590625 0.31987474374999997 0.5948173015625 0.353744696875 0.5944432515625 0.383020625 0.590625 0.40406953124999995 0.590625 0.40425275000000005 0.5925411875 0.4109375 0.6101590796874999 0.4109375
2 0.913244303125 0.5390625 0.9136998234375 0.538004071875 0.9171267515625001 0.4299711265625 0.9162646953125 0.422976621875 0.9071429500000001 0.41059531875 0.8844543781249999 0.4063656625 0.8759814984375 0.39837390625 0.86112143125 0.39837390625 0.8204403625000001 0.40642701875 0.7762774171875 0.39837390625 0.35 0.39837390625 0.35 0.484457984375 0.5599660234374999 0.4965997609375 0.5770080734375 0.48520118749999996 0.5926169109374999 0.48481359218750003 0.5981341453125 0.48933071406249995 0.626242984375 0.4897441578125 0.6364638796875 0.49595055312499997 0.7746966453125 0.5006453546875 0.7942440562499999 0.503285859375 0.7985543359375 0.53825840625 0.80266535625 0.5225615421875001 0.7994595515625 0.5154168375 0.8000630281250001 0.500189125 0.8066470890625 0.495753565625 0.8269919109374999 0.49983302343749997 0.8411513781250001 0.5090675250000001 0.8439423171874999 0.5141038640625 0.84172785625 0.525064778125 0.8469266000000001 0.5390625 0.913244303125 0.5390625
1 0.1970439515625 0.5390625 0.198798978125 0.5520257859375 0.201221421875 0.5922489296875 0.191596609375 0.6444572749999999 0.190625 0.6611761609375 0.190625 0.6782959171874999 0.191799540625 0.7071211671875 0.1979018625 0.7415156062499999 0.21333364062500002 0.7933646671875 0.22274663125 0.80625 0.24206878125000003 0.80625 0.250038959375 0.79808883125 0.250038959375 0.6352475984375 0.23230164375 0.5858970515624999 0.227433315625 0.56255909375 0.226865290625 0.5390625 0.1970439515625 0.5390625
1 0.09115988750000001 0.5390625 0.0921056265625 0.549820725 0.0832801078125 0.59644216875 0.0828125 0.610166425 0.0828125 0.659521559375 0.08590924531250001 0.688208965625 0.1005535484375 0.7391101328125 0.108543821875 0.7548885578125001 0.1209647375 0.75625 0.1241455046875 0.75625 0.13653953125 0.7455797796875 0.143202209375 0.6999689359375 0.143202209375 0.6406962968750001 0.138878146875 0.6111078796875 0.11785455468749999 0.548695084375 0.1167545484375 0.5390625 0.09115988750000001 0.5390625
1 0.7880083234375 0.5390625 0.788501503125 0.5404202 0.775 0.5972938250000001 0.775 0.6257079734375 0.7809402015625 0.6794305328125001 0.8010386859375 0.7426308687500001 0.8148536171874999 0.754630371875 0.8304372109374999 0.75625 0.8319827937500002 0.75625 0.849131584375 0.7539477140624999 0.8608117921874999 0.72011388125 0.869170665625 0.6636887421875001 0.869170665625 0.631711571875 0.8669076265625 0.5831232171874999 0.869170665625 0.5748252765624999 0.869170665625 0.5390625 0.7880083234375 0.5390625
1 0.9104858078125 0.5390625 0.91609315 0.58725329375 0.9285586578124999 0.62398846875 0.9302997968749999 0.625 0.9674201937500001 0.625 0.9783888796875001 0.6163254640625 0.9822275328125001 0.5942288140625 0.9822275328125001 0.5390625 0.9104858078125 0.5390625
1 0.6657136234375 0.5390625 0.6625 0.5579296874999999 0.6625 0.5680120875 0.67568563125 0.681567821875 0.6860479359375 0.699926996875 0.6977221171875 0.703125 0.7064671890625001 0.703125 0.7289803234375001 0.699555559375 0.74970165 0.6140168046875 0.74970165 0.5582788765625 0.743134553125 0.5390625 0.6657136234375 0.5390625
1 0.4640625 0.5390625 0.4640625 0.5708188812499999 0.46715849375000007 0.5868181734375 0.4742434765625 0.6080609421875 0.48239539843749996 0.6140625 0.494197434375 0.6140625 0.517920725 0.6124371140625 0.5375335921875 0.5390625 0.4640625 0.5390625
1 0.55625 0.5390625 0.55625 0.5681551484375 0.5625798468750001 0.6207315265625 0.568736959375 0.63125 0.56987405625 0.63125 0.59774215625 0.623820809375 0.611695571875 0.6058898578124999 0.6195201921875 0.6084282171875 0.6278654749999999 0.5662204140625 0.6404098828125 0.5519854390625001 0.6404098828125 0.5390625 0.55625 0.5390625