1 0.713299140625 0 0.66875 0.19453125 0.6625 0.28828125 0.66875 0.43515625 0.675 0.44296875 0.6877704328124999 0.509375 0.8193080359374999 0.509375 0.8390625 0.37109375 0.834375 0.18984375 0.8109375 0.10390625 0.791796875 0 0.713299140625 0
1 0.9268432624999999 0 0.928125 0.02734375 0.93203125 0.034375 0.9515625 0.04140625 0.95 0.06484375 0.925 0.08515625 0.9265625 0.12109375 0.946875 0.19921875 0.95625 0.29296875 0.95625 0.40546875 0.9466796875 0.509375 1 0.509375 1 0.1319490125 0.9890625 0.08359375 0.971875 0.04765625 0.9859375 0.02109375 0.9853515625 0 0.9268432624999999 0
1 0.843634259375 0 0.84375 0.00234375 0.8421875 0.04765625 0.8265625 0.13671875 0.840625 0.22421875 0.84375 0.37578125 0.8282812500000001 0.509375 0.9407492890625001 0.509375 0.9546875 0.38671875 0.9484375 0.22890625 0.9421875 0.19140625 0.9296875 0.17109375 0.928125 0.14765625 0.921875 0.13828125 0.909375 0.04765625 0.907862103125 0 0.843634259375 0
1 0.6651097078125 0 0.6671875 0.05859375 0.6640625 0.09609375 0.64375 0.17734375 0.6546875 0.28515625 0.65625 0.41640625 0.6414288953125 0.509375 0.6845894609375 0.509375 0.671875 0.44453125 0.665625 0.43671875 0.671875 0.41328125 0.6640625 0.35703125 0.6625 0.26953125 0.6671875 0.20703125 0.7106940671875 0 0.6651097078125 0
1 0.5309670984375 0.509375 0.5203125 0.5723780359374999 0.5203125 0.957417153125 0.5260434015625 0.9844394968749999 0.536727115625 0.9890625 0.5605774421875 0.9890625 0.5693736765625 0.9672248390625 0.5905436734375 0.8271311750000001 0.5963918328125 0.7569189265625 0.5976425187500001 0.6805532421875 0.5946515046874999 0.6280109984375 0.580645171875 0.509375 0.5309670984375 0.509375
1 0.440526315625 0.509375 0.440526315625 0.5468562875 0.41947368437500004 0.6875748500000001 0.410526315625 0.7818862281250001 0.41 0.8597305390625 0.41631578906250005 0.9525449109374999 0.4223462265625 1 0.49567836249999997 1 0.5036842109374999 0.93907185625 0.5078947375 0.8702095812499999 0.508421053125 0.8058383234375001 0.5042105265625 0.7339820359375 0.47842105312500005 0.5558383234375001 0.4780943421875 0.509375 0.440526315625 0.509375
1 0.3132592109375 0.509375 0.31421052656250004 0.5229041921875 0.3163157890625 0.636676646875 0.30894736875 0.6995508984375001 0.29105263125 0.810329340625 0.2868421046875 0.8522455093750001 0.2836842109375 0.925598803125 0.2860267078125 1 0.388768421875 1 0.389473684375 0.9899700593750002 0.39 0.924101796875 0.3857894734375 0.8492514968750001 0.3736842109375 0.7549401203125 0.3631578953125 0.705538921875 0.3563157890625 0.6486526953125 0.3557894734375 0.5678143718750001 0.3589666984375 0.509375 0.3132592109375 0.509375
1 0.19359715 0.509375 0.1931578953125 0.5468562875 0.1873684203125 0.5977544906250001 0.1821052625 0.618712575 0.16894736875 0.7025449109374999 0.16210526249999999 0.8013473046874999 0.1647368421875 0.9001497 0.17105263125 0.9720059875 0.1747434203125 1 0.247544375 1 0.2568421046875 0.9270958078125 0.26105263125 0.8387724546875 0.260526315625 0.7908682640625 0.25526315781250003 0.7145209578125 0.22999999999999998 0.5468562875 0.2302160265625 0.509375 0.19359715 0.509375
1 0.075899771875 0.509375 0.061578946875 0.6067365265625 0.05684210468749999 0.6591317359375 0.0552631578125 0.708532934375 0.05894736874999999 0.8058383234375001 0.0747368421875 0.93907185625 0.083421053125 0.9802395203125001 0.09263157968749999 0.9869760484375 0.115526315625 0.9847305390625 0.1257894734375 0.9705089828125001 0.1431578953125 0.8267964078125001 0.14789473749999998 0.7519461078124999 0.1473684203125 0.672604790625 0.1436842109375 0.6261976046875001 0.1266632296875 0.509375 0.075899771875 0.509375
1 0 0.509375 0 0.8744482937499999 0.0207894734375 0.8724550890625 0.02894736875 0.8552395203125001 0.0447368421875 0.7279940125 0.049473684375 0.6441616765625 0.04894736875 0.5902694609375 0.0447368421875 0.5333832328125 0.0411917109375 0.509375 0 0.509375
1 0.23105263125 0.509375 0.23105263125 0.5468562875 0.2531578953125 0.693562875 0.2573684203125 0.7354790421875 0.260526315625 0.7444610781250001 0.2642105265625 0.7190119765625 0.26684210468749997 0.669610778125 0.26578947343750003 0.5752994015625 0.258836184375 0.509375 0.23105263125 0.509375
1 0.3631578953125 0.7010479046875 0.37526315781249997 0.7684131734375 0.3778947375 0.7534431140625 0.3757894734375 0.65464071875 0.3673684203125 0.581287425 0.35921052656249997 0.5386227546875 0.3568421046875 0.5468562875 0.3557894734375 0.5917664671875 0.3568421046875 0.6471556890625 0.3631578953125 0.7010479046875
1 0.30633525 0.509375 0.2926315796875 0.6007485031249999 0.2863157890625 0.669610778125 0.2852631578125 0.7444610781250001 0.28894736875000004 0.8058383234375001 0.29315789531249997 0.7938622750000001 0.3147368421875 0.6471556890625 0.31421052656250004 0.5393712578125001 0.312945 0.509375 0.30633525 0.509375
1 0.40697903750000003 0.509375 0.4021052625 0.5438622750000001 0.39789473750000004 0.6157185625 0.40105263124999996 0.7160179640625 0.4063157890625 0.7684131734375 0.41 0.7773952093750001 0.4152631578125 0.7130239515625 0.44105263125 0.5363772453125 0.44035799062500003 0.509375 0.40697903750000003 0.509375
1 1 1 1 0.9770384249999999 0.958735521875 0.8418170109374999 0.9703185328125 0.666559278125 0.9490830109375 0.6278994843750001 0.9181949812500001 0.6278994843750001 0.8969594593749999 0.6614046390625 0.9119252046874999 0.8149425109375 0.9046814671875 0.8521262890625 0.8660714281249999 0.9706829890625001 0.8660714281249999 1 1 1
1 0.8429054046875001 1 0.8429054046875001 0.9964561859375 0.8004343625000001 0.8727448453125 0.8081563703124999 0.692332475 0.7986879531250001 0.67400638125 0.7780992703124999 0.6619753046875 0.760084325 0.6705689687499999 0.743356046875 0.6980686703125001 0.7502413125 0.8521262890625 0.7116312734375 0.9861469078125001 0.7116312734375 1 0.8429054046875001 1
1 0.609375 1 0.6928803171875 1 0.689311003125 0.9593161234375 0.6575772203125 0.8778994843750001 0.66916023125 0.7284149484375 0.6479247109374999 0.69490979375 0.6170366796875 0.7000644328125001 0.609375 0.7161381625000001 0.609375 0.7869237546875001 0.6185376828125 0.8785356499999999 0.609375 0.9042356687499999 0.609375 1
1 0.8004343625000001 0.7851159796875 0.8081563703124999 0.8830541234375 0.8178088796875 0.7361469078124999 0.8004343625000001 0.7851159796875