1 0.39022580156250003 0.2962558984375 0.390625 0.292527775 0.390625 0.20542262656250002 0.38752934375 0.18656095625 0.3727637921875 0.146774253125 0.36676169375 0.116409671875 0.3647682859375 0.046992509375000005 0.3602411015625 0.0339481140625 0.349987878125 0.028747223437500004 0.3414911015625 0.0346028796875 0.3375 0.045611571875 0.3375 0.054459410937499994 0.3492535625 0.1434260421875 0.342362303125 0.19647663906249999 0.3430411109375 0.235365528125 0.3590000453125 0.2987360609375 0.3634545 0.3076137875 0.3638145109375 0.3078125 0.3834535265625 0.3078125 0.39022580156250003 0.2962558984375
1 0.0388388734375 0.414179715625 0.05537995 0.472426690625 0.0663488390625 0.48125 0.0726095171875 0.48125 0.08099284375 0.4799178609375 0.09037455 0.466666603125 0.09350380312499999 0.4454992578125 0.09350380312499999 0.3155959421875 0.07399476875 0.2528368 0.0725265046875 0.22923023437499998 0.0727082734375 0.19519563906249998 0.072203028125 0.1375499328125 0.0694147390625 0.12228578906250001 0.0584031203125 0.106374928125 0.0482064578125 0.10504512656250001 0.0372218390625 0.1169165875 0.034375 0.1308037171875 0.034375 0.138225371875 0.0450211046875 0.223833759375 0.04611224375 0.2613337578125 0.0413170953125 0.311370121875 0.0507190953125 0.339097903125 0.0510019828125 0.348820125 0.049924434375 0.36549588125 0.038933109375000004 0.390564059375 0.0388388734375 0.414179715625
0 0.298934528125 0.1604421140625 0.282528278125 0.16139766875 0.254537640625 0.17687915 0.243898721875 0.1961979328125 0.2421875 0.20358831562500002 0.2421875 0.2568516578125 0.24529209375 0.2833794140625 0.2558763 0.29869184843749996 0.2594386921875 0.3 0.2910048515625 0.3 0.2996909890625 0.2947548125 0.31481835468749997 0.262708515625 0.319879025 0.20423867499999998 0.298934528125 0.1604421140625
1 0.8206705937500001 0.6296875 0.8458974390625 0.6296875 0.85392496875 0.6194875484375 0.8579559078125001 0.5881488546875 0.8579559078125001 0.47425474687499997 0.8523358609375 0.43887742812499997 0.8299329796875 0.3646140390625 0.8252376437500001 0.2299736625 0.8166587515625 0.20873234375 0.8032562859375 0.20225169062499998 0.7909017453125 0.211021534375 0.7859375 0.22765361562500003 0.7859375 0.2583899765625 0.7957816390625 0.3338427140625 0.79816840625 0.38101037187500003 0.7861477984375 0.45369638593749995 0.7859375 0.4635652890625 0.7859375 0.4988302921875 0.794264521875 0.560422575 0.8124944765625 0.619544596875 0.8206705937500001 0.6296875
1 1 0.2046777890625 0.9938300437500001 0.19428259375 0.9859771296875 0.19293915625 0.9652470921875 0.20556187656249997 0.959375 0.2268553109375 0.959375 0.238909090625 0.9617687828125 0.264474484375 0.9696317656249999 0.3159717265625 0.9737132546874999 0.3756803125 0.9728781812499999 0.400689403125 0.9677193171875 0.4382257640625 0.96058041875 0.4882757609375 0.960311121875 0.532729296875 0.9690396968750001 0.5910217234374999 0.9949827765624999 0.676996478125 1 0.687130046875 1 0.2046777890625
1 0.8566645171874999 0.5109375 0.86188650625 0.508015084375 0.865970528125 0.4928509671875 0.8735997421875 0.44166666718750003 0.8739552890625 0.41111111093749997 0.8667245906249998 0.360883790625 0.8494346109375 0.30202762031249997 0.8468106078125001 0.2588811359375 0.847715634375 0.181103359375 0.8389332734374999 0.163480828125 0.8288395281250001 0.1609375 0.8258603578124999 0.1609375 0.8189548343749999 0.1677622734375 0.8171875 0.175653990625 0.8171875 0.20129585468750003 0.8245099031249999 0.2276663515625 0.825366825 0.3555123265625 0.8455070656250001 0.438070534375 0.8546759500000001 0.5109375 0.8566645171874999 0.5109375
1 0.87440055 0.372629546875 0.8760127749999999 0.321286159375 0.8578250234375 0.24339356875 0.8605966546874999 0.150429015625 0.8532021375 0.1335456828125 0.8414833875 0.134228221875 0.833576346875 0.14507716406249999 0.8328125 0.150844365625 0.8328125 0.16457583125 0.8398014843749999 0.1703393328125 0.8449169421875 0.1859702859375 0.8433246640625001 0.30379832812499996 0.8596861765625 0.37071631875 0.8627699625 0.4171875 0.8636422781250002 0.4171875 0.8681605234374998 0.4062358953125 0.87440055 0.372629546875
1 0.67265625 0.5723958328125 0.68046875 0.58211805625 0.697265625 0.5814236109375 0.70859375 0.5696180562500001 0.7171875 0.5098958328125 0.7171875 0.46128472187499997 0.70859375 0.40711805625 0.68984375 0.3557291671875 0.6859375 0.33211805625 0.68203125 0.2251736109375 0.674609375 0.20920138906250002 0.661328125 0.205034721875 0.654296875 0.20920138906250002 0.64609375 0.22934027812500002 0.646875 0.26128472187499996 0.65703125 0.3140625 0.659375 0.3557291671875 0.65078125 0.41961805625000004 0.65 0.4765625 0.6609375 0.5390625 0.67265625 0.5723958328125
1 0.7125 0.42100694375 0.721875 0.4876736109375 0.736328125 0.4869791671875 0.7453125 0.4779513890625 0.7515625 0.4376736109375 0.753125 0.3904513890625 0.7484375 0.3501736109375 0.72890625 0.29461805625 0.72421875 0.1848958328125 0.718359375 0.17170138906250001 0.705859375 0.16753472187500001 0.69609375 0.179340278125 0.69375 0.1890625 0.70390625 0.28350694375 0.70390625 0.3057291671875 0.696875 0.35850694375000003 0.7125 0.42100694375
1 0.56640625 0.5348958328125 0.57421875 0.5460069437499999 0.591015625 0.5453125 0.6 0.53350694375 0.60703125 0.49600694375 0.609375 0.4515625 0.60234375 0.3973958328125 0.57890625 0.3265625 0.57421875 0.2279513890625 0.567578125 0.21336805625 0.558203125 0.2078125 0.546484375 0.21475694375 0.540625 0.23211805624999998 0.55390625 0.3223958328125 0.55390625 0.354340278125 0.54609375 0.40850694374999996 0.54609375 0.44600694374999994 0.55078125 0.48072916718750003 0.55859375 0.5098958328125 0.56640625 0.5348958328125
2 1 0.8017649296875 0.8717142203125 0.7978799203125 0.7756204703125 0.798438978125 0.738282121875 0.8042127015625 0.7232767203125 0.7987435046875 0.683392559375 0.7975864203125 0.663160884375 0.8004823703125 0.6609375 0.8087713890625 0.6609375 0.8408815953125 0.66314765 0.907444996875 0.7123664 0.9071586500000001 0.7652489234375001 0.8985162453125 1 0.90256771875 1 0.8017649296875