1 0.1273266171875 0.2140625 0.1300335828125 0.2140625 0.1300335828125 0.1820052734375 0.1262311140625 0.168785546875 0.12358386562499998 0.11336669218749999 0.120643734375 0.1052912703125 0.1145234125 0.1015625 0.1130209171875 0.1015625 0.109375 0.105182703125 0.109375 0.1356997609375 0.11254912343750001 0.1657489515625 0.109375 0.1936931609375 0.109375 0.196297328125 0.11496026562499999 0.20781023125 0.124981575 0.2137458140625 0.1273266171875 0.2140625
1 0.0351399515625 0.10384215156250001 0.030490178125 0.10474080625 0.026904621875 0.1125884515625 0.0298400859375 0.171850740625 0.0234375 0.2165992046875 0.0234375 0.21848801406249999 0.0248572296875 0.2412497328125 0.027829456250000002 0.2421875 0.0499648375 0.2421875 0.0499648375 0.1943518515625 0.0432308375 0.16822581875 0.0438353890625 0.11916689531249999 0.0407784796875 0.108040634375 0.0351399515625 0.10384215156250001
1 0.1598291875 0.11978236093750001 0.15615103125000002 0.117803196875 0.1504541875 0.1194549828125 0.1467176390625 0.12904079375 0.1496252390625 0.17633576875 0.1421875 0.213840515625 0.1421875 0.215301353125 0.156196203125 0.2390625 0.16876770000000002 0.2390625 0.171782090625 0.22446726250000001 0.171782090625 0.20848931406250001 0.1714642703125 0.20485924687499998 0.16316690625000002 0.17680864999999998 0.164458296875 0.13151103125000002 0.1598291875 0.11978236093750001
1 0.281855146875 0.11132556406250001 0.27967303125 0.10417606875 0.2746534453125 0.0995945109375 0.2707325625 0.0995945109375 0.26671685 0.100259115625 0.2620634796875 0.10959401875000001 0.2575376546875 0.1695058015625 0.250791978125 0.19025529375 0.2475807734375 0.19368559375 0.246875 0.2000639359375 0.246875 0.23570479687499998 0.248312840625 0.2359375 0.273632278125 0.2359375 0.274865278125 0.2322573265625 0.275447159375 0.2072573265625 0.27201323125 0.17541130625 0.2753285875 0.1450835875 0.28096794375 0.1270207390625 0.281855146875 0.11132556406250001
1 0.2837890625 0.1142358171875 0.2822265625 0.106792040625 0.2798828125 0.1053486015625 0.2764973953125 0.10665869375 0.278580728125 0.1113368140625 0.2791015625 0.128015603125 0.275 0.14523784374999998 0.275 0.1852262765625 0.2775390625 0.2039051609375 0.2780130625 0.2359375 0.291036346875 0.2359375 0.2916015625 0.232936175 0.289518228125 0.2004802765625 0.2822265625 0.16975500625 0.2811848953125 0.1419529828125 0.2837890625 0.1142358171875
0 0.1776375265625 0.197756746875 0.1734375 0.2114595296875 0.1734375 0.23732921093749998 0.176560903125 0.2375 0.23164532968749998 0.2375 0.23164532968749998 0.22773785000000002 0.22746693593749998 0.2120983125 0.21571671406249998 0.1925952796875 0.20537602968750002 0.1858409421875 0.1902212015625 0.1858409421875 0.1776375265625 0.197756746875
2 0 0.31334316875 0.0749985015625 0.31010048437500004 0.09949382968750001 0.3130206765625 0.114044840625 0.3075499640625 0.146884275 0.3123704921875 0.2557168953125 0.30930008125 0.40143604218749995 0.315625 0.42967723593749996 0.315625 0.4335949453125 0.3126496828125 0.43407807031249995 0.30617123125 0.4316553640625 0.2478257765625 0.42614082499999995 0.23992359218749998 0.25480820625 0.2426303875 0.22718787968749998 0.2396920125 0.1584648140625 0.24392166718750002 0.11575109218749999 0.24274726875 0.1064030265625 0.24732235781249998 0.08919397968750001 0.24351866093750002 0.0855589203125 0.2453493 0.08247701562500001 0.2527385265625 0.075196121875 0.25454795625000004 0.054878234375 0.2535038578125 0.0511785328125 0.2442233890625 0.0433983546875 0.24973348906249998 0.039215526562500005 0.24693147031249998 0.0350811828125 0.2524627875 0.0257061828125 0.25240824375000004 0.019402314062500002 0.24311262500000003 0 0.2429997453125 0 0.31334316875
1 0.970605815625 0.46875 0.970605815625 0.37949272500000003 0.9639917296875 0.35540520781249996 0.9581417046875 0.2167528125 0.9509445109375001 0.2037060078125 0.9395358578125 0.1957174953125 0.9195931484375001 0.1957174953125 0.9123672625000001 0.1964505828125 0.90625 0.2108934984375 0.90625 0.23604855468750002 0.9194129359375001 0.34064007812499997 0.9115305046875001 0.40048397187500007 0.9138674968749999 0.46875 0.970605815625 0.46875
1 0.8671994109375 0.46875 0.8671994109375 0.43548586875 0.855391771875 0.3878733859375 0.8558135828125 0.28321315625 0.8486722453125001 0.2613017953125 0.8382931609375 0.2557739578125 0.8149829953125 0.258762603125 0.8071850828125001 0.27824385625 0.8155307765625001 0.4063870359375 0.8009293078124999 0.46875 0.8671994109375 0.46875
1 0.7242073796875 0.46875 0.7080970343749999 0.4115197140625 0.7074776515625001 0.28657427812499997 0.6965467421875 0.27545572812499997 0.673736709375 0.27545572812499997 0.6652901515625 0.2851010578125 0.6689799875 0.407030621875 0.6555466578125 0.46875 0.7242073796875 0.46875
1 1 0.46875 1 0.234265303125 0.9871149296875 0.234265303125 0.978125 0.2468154453125 0.978125 0.3070526859375 0.9789756921875 0.3327035109375 0.978125 0.35732897656249996 0.978125 0.46875 1 0.46875