1 0.60631944375 0.43722222187500004 0.6152083328125 0.317222221875 0.579652778125 0.215 0.579652778125 0.0638888890625 0.5625512359375 0.044516421875000003 0.5341115421875 0.040959778125 0.49678443125000005 0.040959778125 0.47743055625 0.0638888890625 0.48187499999999994 0.215 0.4507638890625 0.3038888890625 0.44631944375000004 0.4061111109375 0.48854166718750003 0.475 0.544097221875 0.4861111109375 0.5774305562500001 0.475 0.60631944375 0.43722222187500004
1 0.6196892625 0 0.6212082171875 0.11564905781249998 0.594545978125 0.1992299203125 0.6152083328125 0.3261111109375 0.6352083328125 0.35055555625 0.6907638890625 0.352777778125 0.7307638890625 0.3261111109375 0.7440972218749999 0.2416666671875 0.71743055625 0.10833333281249999 0.72490181875 0 0.6196892625 0
1 0.4 0 0.4 0.3549768515625 0.4329861109375 0.352777778125 0.44631944375000004 0.3483333328125 0.47743055625 0.2238888890625 0.47743055625 0.1483333328125 0.454124821875 0.0925309640625 0.4669274609375 0 0.4 0
1 0.8523042921874999 0 0.8418749999999999 0.032777778125000004 0.864097221875 0.1438888890625 0.9174305562499999 0.15277777812499999 0.9529861109375 0.13055555624999998 0.96631944375 0.01055555625 0.962800925 0 0.8523042921874999 0
1 0.7481092515625 0 0.749186915625 0.012506751562499998 0.7260795859375 0.074747809375 0.7207472218750001 0.11564905781249998 0.7485416671875 0.23722222187500003 0.8107638890625001 0.2461111109375 0.8507638890625 0.20166666718749998 0.859652778125 0.13055555624999998 0.8329861109374999 0.023888889062499998 0.833809865625 0 0.7481092515625 0
1 0.5250083328125 0 0.5263194437500001 0.032777778125000004 0.584097221875 0.06833333281250001 0.584097221875 0.21055555625000003 0.599878346875 0.16544188906249999 0.624097221875 0.117222221875 0.60631944375 0.032777778125000004 0.6101014953125 0 0.5250083328125 0
0 1 0.40444444218750003 0.99743055625 0.38388888906249996 0.9752083328125 0.335 0.9196527781250001 0.29722222187499997 0.9107638890625 0.2838888890625 0.8529861109375 0.2883333328125 0.8129861109375 0.3016666671875 0.7618750000000001 0.3483333328125 0.7440972218749999 0.3883333328125 0.7440972218749999 0.44166666718750003 0.7663194437499999 0.495 0.821875 0.5416666671875 0.8485416671875001 0.55055555625 0.899652778125 0.5483333328125 0.9418749999999999 0.532777778125 0.9752083328125 0.5038888890625 0.9929861109375 0.47722222187499996 0.9885416671874999 0.45055555625 1 0.42381944374999997 1 0.40444444218750003
0 1 0.19055555625 0.9596527781249999 0.19055555625 0.9240972218749999 0.2038888890625 0.8952083328124999 0.22833333281249998 0.8907638890625 0.23722222187500003 0.8952083328124999 0.272777778125 0.8907638890625 0.277222221875 0.9152083328125 0.2838888890625 0.9240972218749999 0.29722222187499997 0.9752083328125 0.335 0.99743055625 0.38388888906249996 1 0.4070138859375 1 0.19055555625
1 0.077712053125 0.6 0.08046875 0.64288194375 0.07109375 0.6859375 0.071875 0.7178819437499999 0.080859375 0.7588541671875 0.0953125 0.758159721875 0.1046875 0.71649305625 0.103125 0.6776041671875 0.09375 0.6414930562500001 0.09545779374999999 0.6 0.077712053125 0.6
1 0.0317504890625 0.6 0.03515625 0.6484375 0.0265625 0.6873263890625 0.02421875 0.71649305625 0.03359375 0.7692708328125 0.046875 0.7720486109375 0.05703125 0.738715278125 0.05859375 0.70538194375 0.046875 0.6498263890625 0.049609375 0.6 0.0317504890625 0.6
1 0 0.7791473765625 0.00078125 0.77899305625 0.0109375 0.7317708328125 0.009375 0.70538194375 0 0.6625248015625 0 0.7211226859375 0.00078125 0.7234375 0.0015625 0.7526041671875 0 0.7578125 0 0.7791473765625
1 0.0042796421875 0.6 0.00546875 0.60399305625 0 0.635320215625 0 0.66708829375 0.009375 0.7039930562500001 0.01015625 0.73038194375 0.0140625 0.733159721875 0.01875 0.7178819437499999 0.01953125 0.6942708328125 0.0078125 0.6414930562500001 0.0100353421875 0.6 0.0042796421875 0.6
1 0.5845160593750001 1 0.5890625 0.92725694375 0.58515625 0.8953125 0.56484375 0.823090278125 0.56328125 0.7661458328124999 0.56640625 0.680034721875 0.555078125 0.6557291671875001 0.537890625 0.6543402781250001 0.528125 0.667534721875 0.525 0.6814236109375 0.525 0.7203125 0.53203125 0.7828125 0.53203125 0.823090278125 0.51484375 0.8994791671875 0.51328125 0.9814236109374999 0.5177824515625 1 0.5845160593750001 1
1 0.6762023921875 1 0.68515625 0.9717013890625001 0.69453125 0.9078125 0.69375 0.8661458328125 0.68125 0.798090278125 0.68203125 0.7675347218749999 0.69296875 0.67725694375 0.6890625 0.6564236109375 0.676171875 0.64600694375 0.668359375 0.6473958328125 0.65625 0.6689236109375 0.6546875 0.780034721875 0.63046875 0.86475694375 0.62578125 0.9342013890625 0.63046875 0.9744791671874999 0.6361083984375 1 0.6762023921875 1
1 0.74296875 0.96336805625 0.750390625 0.9779513890625001 0.76953125 0.9814236109374999 0.78359375 0.9564236109375 0.7953125 0.905034721875 0.7984375 0.8661458328125 0.79765625 0.83836805625 0.7875 0.7828125 0.7875 0.7619791671875 0.79921875 0.6633680562500001 0.79609375 0.65086805625 0.787109375 0.641840278125 0.775390625 0.6432291671875 0.76640625 0.6578125 0.76171875 0.7744791671875 0.7390625 0.8411458328125001 0.7359375 0.8703125 0.73671875 0.9189236109374999 0.74296875 0.96336805625
1 0.6 0.92725694375 0.61953125 0.9342013890625 0.625 0.9286458328125 0.62890625 0.8689236109374999 0.64375 0.81475694375 0.64375 0.7939236109375 0.6359375 0.7453125 0.64453125 0.6342013890625 0.638671875 0.6182291671875 0.630859375 0.6126736109375 0.620703125 0.616840278125 0.61328125 0.6342013890625 0.6125 0.7258680562500001 0.609375 0.7467013890625 0.59375 0.7953125 0.58984375 0.8300347218749999 0.5921875 0.8869791671874999 0.6 0.92725694375
1 0.503125 0.9203125 0.5046875 0.9439236109374999 0.497816734375 0.9665548328125 0.51032595 0.9700913468750001 0.51015625 0.9564236109375 0.513453253125 0.9140124343749999 0.528125 0.8300347218749999 0.51875 0.7480902781250001 0.52578125 0.6425347218749999 0.52265625 0.62725694375 0.510546875 0.6154513890625 0.501171875 0.6182291671875 0.49375 0.6314236109375 0.49375 0.7536458328125 0.48046875 0.8064236109374999 0.48125 0.8161458328125001 0.5 0.842534721875 0.50703125 0.8842013890625001 0.5035027234375 0.9109811531249999 0.503125 0.9203125
1 0.47902938125 0.6 0.47578125 0.6078125 0.47578125 0.7050347218749999 0.459375 0.7675347218749999 0.4578125 0.8078125 0.4765625 0.8105902781250001 0.49296875 0.7536458328125 0.4921875 0.6411458328124999 0.49453125 0.6258680562500001 0.5046875 0.6078125 0.5018215015624999 0.6 0.47902938125 0.6