1 0.33671875 0.840972221875 0.3328125 0.7604166671875 0.326953125 0.7486111109375 0.319921875 0.7458333328125 0.314453125 0.7541666671875 0.305859375 0.7513888890625 0.2984375 0.7729166671875001 0.29921875 0.7909722218749999 0.309375 0.828472221875 0.31171875 0.84930555625 0.30234375 0.8951388890624999 0.3015625 0.9229166671875 0.3109375 0.9673611109375001 0.327734375 0.9930555562500001 0.33828125 0.996527778125 0.345703125 0.9902777781250001 0.3515625 0.9770833328125 0.36015625 0.9326388890624999 0.3609375 0.9076388890624999 0.3546875 0.871527778125 0.33671875 0.840972221875
1 0.404296875 0.60694444375 0.392578125 0.60694444375 0.38515625 0.6270833328125 0.3921875 0.6770833328125 0.3921875 0.6979166671875 0.384375 0.7229166671875 0.38203125 0.7576388890625 0.38515625 0.7798611109375 0.39765625 0.815972221875 0.409375 0.8201388890624999 0.41796875 0.809027778125 0.42421875 0.78125 0.42578125 0.73680555625 0.409375 0.678472221875 0.41015625 0.61875 0.404296875 0.60694444375
1 0.4796875 0.803472221875 0.48359375 0.7354166671875 0.471875 0.7118055562500001 0.471875 0.67569444375 0.467578125 0.66944444375 0.465625 0.7118055562500001 0.4578125 0.7229166671875 0.453125 0.7395833328125 0.459375 0.803472221875 0.4578125 0.8201388890624999 0.4453125 0.85625 0.44453125 0.8993055562500001 0.46171875 0.95625 0.4734375 0.9618055562500001 0.48046875 0.9548611109375 0.4890625 0.93125 0.4953125 0.8770833328125001 0.49296875 0.8506944437499999 0.48125 0.81875 0.4796875 0.803472221875
1 0.6125 0.6923611109375 0.612109375 0.6555555562500001 0.60703125 0.6868055562500001 0.59296875 0.7076388890625 0.5921875 0.7729166671875001 0.58984375 0.78680555625 0.5796875 0.80625 0.571875 0.8423611109375001 0.57265625 0.8729166671874999 0.58203125 0.9201388890625 0.588671875 0.9291666671875 0.59765625 0.9298611109375001 0.6140625 0.8993055562500001 0.621875 0.8673611109375001 0.6203125 0.8298611109375 0.6125 0.7951388890625 0.621875 0.7145833328125 0.6125 0.6923611109375
1 0.74609375 0.7201388890625 0.7484375 0.6951388890625 0.744140625 0.68194444375 0.730859375 0.6736111109375 0.71953125 0.684027778125 0.715625 0.7048611109375 0.71484375 0.7395833328125 0.71015625 0.7604166671875 0.6921875 0.7881944437499999 0.68515625 0.8229166671874999 0.6859375 0.8534722218749999 0.69140625 0.88680555625 0.698828125 0.8986111109375001 0.7078125 0.90069444375 0.7296875 0.8729166671874999 0.73828125 0.8395833328125001 0.73828125 0.809027778125 0.73359375 0.7826388890625 0.734375 0.753472221875 0.74609375 0.7201388890625
1 0.52421875 0.5979166671875 0.51875 0.590972221875 0.517578125 0.55 0.5140625 0.55069444375 0.51328125 0.5895833328125 0.503125 0.60625 0.5046875 0.6770833328125 0.4953125 0.70069444375 0.4921875 0.7229166671875 0.49296875 0.7493055562500001 0.5 0.7854166671875 0.505078125 0.7958333328125 0.5140625 0.7979166671875 0.52578125 0.77569444375 0.5328125 0.74375 0.5296875 0.7020833328125 0.52265625 0.6770833328125 0.5265625 0.61319444375 0.52421875 0.5979166671875
1 0.60546875 0.690972221875 0.608203125 0.659722221875 0.5984375 0.6770833328125 0.59453125 0.690972221875 0.596875 0.69930555625 0.60546875 0.690972221875
1 0.619921875 0.5763888890625 0.6109375 0.5923611109375 0.61328125 0.6923611109375 0.621875 0.7118055562500001 0.621875 0.7298611109375 0.61484375 0.765972221875 0.61640625 0.7729166671875001 0.628125 0.7493055562500001 0.63359375 0.71875 0.6265625 0.65625 0.63515625 0.5923611109375 0.630859375 0.58055555625 0.619921875 0.5763888890625
1 0.5484375 0.509027778125 0.5484375 0.48819444375 0.545703125 0.48333333281249996 0.54296875 0.509027778125 0.534375 0.5229166671875001 0.53515625 0.5729166671875 0.52734375 0.6006944437499999 0.52421875 0.6465277781250001 0.52734375 0.67569444375 0.533203125 0.6875 0.5421875 0.6895833328125 0.5484375 0.6798611109375 0.55703125 0.6395833328125 0.55625 0.61180555625 0.55 0.5868055562500001 0.553125 0.5229166671875001 0.5484375 0.509027778125
1 0.4609375 0.5326388890625 0.453125 0.51875 0.45234375 0.49513888906250003 0.449609375 0.49305555625 0.446875 0.51875 0.440625 0.53125 0.44375 0.58125 0.434375 0.6326388890625 0.434375 0.66180555625 0.44453125 0.69930555625 0.4546875 0.703472221875 0.4609375 0.6951388890625 0.46484375 0.6798611109375 0.46640625 0.63680555625 0.465625 0.6145833328125 0.459375 0.59375 0.4609375 0.5326388890625
1 0.482421875 0.4875 0.478125 0.49375 0.47890625 0.5229166671875001 0.47265625 0.5423611109375 0.4703125 0.578472221875 0.47734375 0.6145833328125 0.482421875 0.6208333328125 0.48828125 0.6201388890625 0.49375 0.61319444375 0.49921875 0.58819444375 0.5 0.5604166671875 0.4921875 0.5229166671875001 0.49296875 0.4923611109375 0.482421875 0.4875