1 0.310606446875 0 0.3104322484375 0.0008698109375000001 0.310082125 0.0424910125 0.3219357015625 0.1011198625 0.3235842453125 0.103125 0.3454276421875 0.103125 0.346875 0.096344909375 0.346875 0 0.310606446875 0
1 0.3673435328125 0 0.3673435328125 0.052414401562500004 0.37143025625 0.076801215625 0.37487992812500004 0.0859375 0.387388065625 0.0859375 0.397066003125 0.08096788125 0.40745429375000003 0.029578992187499997 0.4078125 0.00822618125 0.4078125 0 0.3673435328125 0
1 0.242756834375 0 0.242756834375 0.041197403125 0.25622376562500004 0.047836265625 0.2701133828125 0.078125 0.271691815625 0.078125 0.2747202515625 0.0242151296875 0.272006921875 0 0.242756834375 0
1 0.1897289265625 0 0.1799954734375 0.047136046875 0.1801732390625 0.077691603125 0.1867222125 0.1286434484375 0.190703096875 0.1375 0.20695595 0.1375 0.207872521875 0.13689065312499998 0.20614841562500003 0.1092221359375 0.2098769015625 0.07839342656250001 0.2234375 0.04442545 0.2234375 0.032387534375 0.21537159374999998 0 0.1897289265625 0
1 0.133854125 0 0.1324821921875 0.0052076984375 0.1285249515625 0.045060290625 0.1285249515625 0.0611920796875 0.1388427765625 0.12028088750000002 0.1513682015625 0.1234375 0.15441651875 0.1234375 0.1630776875 0.116798415625 0.1734375 0.06044538125 0.1734375 0.045955443750000005 0.1688816984375 0 0.133854125 0
1 0.080673221875 0 0.080673221875 0.065209890625 0.086913925 0.0983353703125 0.08839535937500001 0.1 0.10921597187500001 0.1 0.1111650015625 0.097651175 0.1203125 0.0420681703125 0.1203125 0.0015610390625 0.12021897343750002 0 0.080673221875 0
1 0.0420453015625 0 0.0429466390625 0.02364294375 0.056338629687499996 0.0787846640625 0.0628874859375 0.084375 0.0672964015625 0.084375 0.07541220625 0.083576215625 0.0765625 0.08228435625 0.0765625 0 0.0420453015625 0
1 0.279559171875 0 0.283920453125 0.0247718140625 0.284373028125 0.0796875 0.2880672234375 0.0796875 0.2978698265625 0.044625434375 0.3 0.0083004828125 0.3 0 0.279559171875 0
0 0.27818734218749996 0.17801984531249998 0.2828125 0.17044233125 0.2828125 0.07416958125 0.274605134375 0.05892585625 0.25949019687499997 0.0441358015625 0.238967209375 0.0400563390625 0.226422665625 0.048927459374999996 0.21708609375000001 0.064223809375 0.21163349843749998 0.084606559375 0.2107186171875 0.11357296718750001 0.214851509375 0.1373342703125 0.23011011718750002 0.1694103390625 0.24582479687499997 0.184375 0.26855423906250003 0.184375 0.27818734218749996 0.17801984531249998
1 0.8009674875 0.459375 0.8007845515625001 0.4557864859375 0.7919968734375 0.4230540859375 0.7955556671874999 0.3630587125 0.7804931359375 0.3593126625 0.7802900609375 0.3593126625 0.778513615625 0.3892605796875 0.7815297484375 0.459375 0.8009674875 0.459375
1 0.257477146875 0.73125 0.2640625 0.6993886 0.2640625 0.6782163109375 0.22014919531250002 0.676248596875 0.2191591765625 0.6824644984375 0.22904612812499997 0.7271589953125 0.2326308734375 0.73125 0.257477146875 0.73125
1 0.2292536359375 0.459375 0.22693300624999999 0.4648437484375 0.22792919375 0.5481770828125 0.22644882656249998 0.5551418015625 0.22644882656249998 0.5749640546875 0.24302683125 0.5765625 0.25134503750000003 0.5765625 0.253125 0.570113178125 0.253125 0.564003684375 0.24985269375 0.54678819375 0.2493087171875 0.5176215265625 0.253125 0.48506989687499996 0.253125 0.459375 0.2292536359375 0.459375
2 0.5296875 0.6055178484375 0.50925699375 0.6005815296875 0.2814233546875 0.58711948125 0.270097371875 0.59222936875 0.2410940015625 0.5924404187500001 0.21892335468750002 0.5845728015625 0.06970460625 0.5784926031250001 0.0224411234375 0.58213815 0 0.5752305015625 0 0.68051630625 0.010465295312500001 0.6749708703125 0.030972035937499996 0.6730207640625 0.0372727390625 0.6781524593749999 0.0369856640625 0.6934620718750001 0.0333750609375 0.70027918125 0.036555046875000004 0.7164264875 0.0428893140625 0.6818634328125001 0.0625176828125 0.6812703812500001 0.200507571875 0.691071578125 0.2110523046875 0.6859298562499999 0.2390801828125 0.6884647515625 0.24484029375 0.68452091875 0.260368175 0.686546478125 0.27668159062500003 0.699746815625 0.49845946874999997 0.7101764171875 0.5243335546875 0.6986950890625 0.5296875 0.6910864015625 0.5296875 0.6055178484375
1 0.6742383921874999 1 0.6694281203125 0.9698863062499999 0.6703708421875 0.894977234375 0.6820220046875 0.785686921875 0.6808230390625 0.7176541000000001 0.6737243765625001 0.6883055765625 0.6609077812499999 0.6636476734375 0.64804406875 0.650783959375 0.6306949187499999 0.6447283 0.6136286546874999 0.6483948609375 0.6006302953125 0.6577306390625 0.589147315625 0.67890606875 0.5829243125 0.7064792578125 0.584648640625 0.7925676375 0.6015804296875 0.891587925 0.6061064578125 0.966656121875 0.603789709375 0.994342971875 0.6021404890625 1 0.6742383921874999 1
1 0.5307035515625 0.6722993640625 0.5307035515625 0.8020324828125001 0.54514209375 0.852693640625 0.5502051796874999 0.8609375 0.5682746359374999 0.8609375 0.5773026515625 0.8480701015625 0.5709125265624999 0.786731671875 0.5712950421875 0.7367089390625 0.57441463125 0.7034438015625 0.58125 0.674110121875 0.58125 0.6589413687500001 0.5730676031249999 0.626963984375 0.571532021875 0.5921735671875 0.5759123578125 0.5047417624999999 0.5739242015625 0.4893957890625 0.5661574875000001 0.470407103125 0.5514107171875 0.465808528125 0.5426876625 0.47111402968749994 0.53395114375 0.49379201093749997 0.534511515625 0.53689303125 0.5392690765625 0.567607709375 0.5418499296875 0.624665815625 0.5307035515625 0.6722993640625
1 0.743803990625 1 0.7453125 0.9945689078125 0.7453125 0.7409278968749999 0.74492879375 0.7395856296875 0.7393769859375 0.6980462984375 0.7453125 0.5881478140625 0.7453125 0.5848290781250001 0.742574225 0.5378147390625 0.733925103125 0.5103234640625 0.7194473640625001 0.499505034375 0.7135454593749999 0.499505034375 0.698095103125 0.5069107765624999 0.690121896875 0.524637975 0.687886725 0.5400430843749999 0.6899367515625 0.5886860281249999 0.7022537671875 0.6925980296875001 0.6951714734375 0.7457896421875001 0.6942859718750001 0.8112584203125 0.6866949578125 0.922942534375 0.6887705046875 0.9451329234374999 0.7049163296875001 1 0.743803990625 1
1 0.735563496875 0.459375 0.7320632406250001 0.46725798281250003 0.72900588125 0.48829603437499997 0.730409653125 0.5035328671875 0.7413582046875 0.5224450468749999 0.746509496875 0.5527958843749999 0.7445384578125 0.6197082140625 0.7398164656249999 0.6575357625 0.7408006453125 0.7201176484375 0.7593229328125 0.8096175000000001 0.762621103125 0.8140625 0.7649361515624999 0.8140625 0.7703125 0.7952106953125 0.7703125 0.63394015625 0.7651794625 0.607491625 0.7670607609375001 0.48073424375 0.761171778125 0.459375 0.735563496875 0.459375
1 0.7606241031250001 0.459375 0.7642847578125 0.464662834375 0.769559175 0.48306014218750004 0.7722348125 0.5081284921875 0.769579253125 0.5755005437499999 0.772315590625 0.611611653125 0.78125 0.6529271515625 0.78125 0.5434769562499999 0.7792660625 0.508743646875 0.78058600625 0.459375 0.7606241031250001 0.459375
1 0.6100756359374999 0.459375 0.614473040625 0.53169909375 0.6127570140625 0.55804251875 0.6002302640625 0.6063409109375 0.6002302640625 0.6498191249999999 0.600699521875 0.65 0.6045170953125 0.65 0.6228231109375 0.640988290625 0.647782709375 0.6486601609375 0.6515625 0.6457295421875 0.6515625 0.6340442390625001 0.6507069718749999 0.6161008328124999 0.636210675 0.5559467031249999 0.6395972921874999 0.459375 0.6100756359374999 0.459375