1 0 0.346133221875 0.007517720312499999 0.346875 0.0476294859375 0.346875 0.048423673437499995 0.3452471921875 0.0484375 0.3428706390625 0.0484375 0.3291782203125 0.0378363203125 0.2844249703125 0.035366828125 0.261125146875 0.0360708140625 0.229674 0.039346646875 0.203930084375 0.0389604859375 0.1807516015625 0.031497284375000004 0.16503396406249998 0.02265389375 0.162666415625 0.0179448453125 0.1660971046875 0.0118717640625 0.180100103125 0.014989684375000001 0.2710531890625 0.0048460546875 0.313069415625 0 0.3458901578125 0 0.346133221875
1 0.04890713125 0.346698278125 0.05033194375 0.346875 0.085180878125 0.346875 0.0875 0.330332778125 0.0875 0.3170400765625 0.0823711609375 0.291408353125 0.0801191796875 0.2661715515625 0.0869372390625 0.19056135937500002 0.085241915625 0.1792923796875 0.0810896703125 0.1710865453125 0.070802340625 0.1665935140625 0.06242225 0.1747780828125 0.058323740624999995 0.1874647828125 0.060359846875 0.2637459015625 0.05574399375 0.2912474171875 0.04890713125 0.31301115468749996 0.04890713125 0.346698278125
1 0.101099084375 0.23554275625 0.101122078125 0.260573065625 0.09909946875 0.28461683125000004 0.0918175109375 0.3118392921875 0.0918175109375 0.346875 0.1296875 0.346875 0.1296875 0.32719267812499997 0.1210876546875 0.28247555 0.12162322031249999 0.25653446875 0.12782723125 0.20665570625 0.12806097031250002 0.188122034375 0.124143221875 0.1754932203125 0.11811959375 0.16975580625 0.10758974218749999 0.172230490625 0.1017625703125 0.1808676625 0.0998982421875 0.18822960625000001 0.0990231171875 0.2225040203125 0.101099084375 0.23554275625
2 0.3890625 0.346875 0.0340163171875 0.346875 0.0197441484375 0.3486624625 0.008270801562500001 0.346875 0 0.346875 0 0.4552663625 0.25862094375 0.4476187453125 0.26536855 0.442374621875 0.2728028453125 0.41121669375 0.288620246875 0.4011368578125 0.2953413078125 0.3797072140625 0.30542621875 0.3586617359375 0.310807053125 0.35483680781250004 0.32065976093750004 0.3555324046875 0.323957265625 0.351755965625 0.3482208015625 0.3558158359375 0.35475610468749996 0.36630033125 0.36485764375 0.4007497953125 0.3817830640625 0.39480631875 0.3890625 0.39773901875 0.3890625 0.346875
1 0.57989236875 0 0.5752917890625 0.043062515625 0.5823747015625 0.172806203125 0.529756703125 0.30134523281250003 0.529756703125 0.44976328906249996 0.533684440625 0.45854030312500005 0.5397864125 0.50551719375 0.5620524171875 0.5330458046875 0.5689628859375 0.5609375 0.6090496546875 0.5609375 0.6598375421875 0.504277565625 0.68974463125 0.42385132499999995 0.6928046984374999 0.336222459375 0.6588747625 0.199276146875 0.696109265625 0 0.57989236875 0
1 0.7767322421875 0 0.7692092546875 0.01654433125 0.7692092546875 0.1470295359375 0.775725175 0.18053866406250002 0.7692092546875 0.21974639687500003 0.7692092546875 0.2752316453125 0.77445075 0.2765625 0.785135196875 0.2765625 0.8403120625 0.20822170468749998 0.8666286187499999 0.1315761796875 0.8592937734374999 0 0.7767322421875 0
1 0.459916965625 0 0.4609647453125 0.008439540625 0.45446285 0.0652304375 0.42753974843750003 0.13286042343749999 0.42753974843750003 0.3263280671875 0.43811762343750005 0.333361540625 0.44005798125 0.37450879062500003 0.47170304375 0.396875 0.4722536625 0.396875 0.4931517109375 0.39386922343749997 0.504234853125 0.3215245453125 0.5471663546875 0.227842378125 0.55625 0.17155472968750002 0.55625 0.1547132203125 0.5246811640625 0.0481489359375 0.529434134375 0 0.459916965625 0
1 0.7041938140624999 0 0.703788609375 0.019474871875 0.6767615828125 0.12772229375 0.6767615828125 0.215351159375 0.703788609375 0.292670746875 0.7115106171875001 0.3648356953125 0.7269546328125001 0.369990334375 0.7732866796875 0.292670746875 0.7887306953125 0.23081507656250003 0.7887306953125 0.16895940781250002 0.765564671875 0.07617590156250001 0.765564671875 0.004010953124999999 0.7668999359375 0 0.7041938140624999 0
1 0.43451978750000003 0 0.41807432499999997 0.06586662343750001 0.421935328125 0.12772229375 0.4335183390625 0.1534954890625 0.46826737500000004 0.06071198437500001 0.46826737500000004 0 0.43451978750000003 0
1 0.5378878234375 0 0.5454874515625 0.0710212625 0.5802364859375 0.15865012812499998 0.58795849375 0.10710373749999999 0.5763754828125001 0.02978415 0.5778627734375 0 0.5378878234375 0
1 0.8659507718749999 0 0.8659507718749999 0.004010953124999999 0.8698117765625 0.0091655921875 0.8698117765625 0.024629510937499998 0.877533784375 0.045248067187500005 0.877533784375 0.0710212625 0.8833252890625001 0.078753221875 0.8852557921875001 0.07617590156250001 0.8929777999999999 0.05555734531249999 0.8929777999999999 0.040093428125000004 0.8968388031250001 0.034938789062499996 0.8968388031250001 0 0.8659507718749999 0
1 0.09477734374999999 1 0.1019175734375 0.9967348640625 0.1140625 0.9445408265624999 0.1140625 0.937435315625 0.085292184375 0.8834477984374999 0.0877582125 0.8309420156249999 0.0759455046875 0.8188466296874999 0.058666889062500005 0.8178402640625 0.042350809375 0.8370722359375 0.052823328125 0.8938415656250001 0.0330990953125 0.9418322140625 0.0458539234375 0.9776747046875001 0.0608502359375 0.999607903125 0.061692578124999994 1 0.09477734374999999 1
1 0.2 0.843988659375 0.181047875 0.8002054109374999 0.184923109375 0.75124626875 0.16245935 0.7433874671874999 0.150304609375 0.7503820640625001 0.1526638 0.8068497359375 0.13748524374999999 0.8306714359375 0.13748524374999999 0.870674565625 0.1514305796875 0.9015625 0.1804272234375 0.9015625 0.1953245328125 0.887479621875 0.2 0.865594778125 0.2 0.843988659375
1 0.3696479109375 0.9211040515625001 0.38125 0.8782164546875 0.38125 0.8715790906249999 0.36451140312499997 0.8348877609375001 0.3752237984375 0.7842619484375 0.3659692328125 0.7725756374999999 0.3487621015625 0.7703184953125 0.334115596875 0.7848222874999999 0.33650513437499996 0.8323163984375 0.3145455703125 0.8636010031250001 0.3145455703125 0.9053439140625 0.32573650781249996 0.937391021875 0.34529021875 0.940625 0.35241955156250004 0.940625 0.3696479109375 0.9211040515625001
1 0.2174001078125 0.79292763125 0.23035907187500002 0.826260965625 0.25195734375 0.8297697375 0.27355561562499997 0.7999451750000001 0.2757154421875 0.7701206140625001 0.2562769984375 0.7297697375000001 0.26275647968750004 0.69292763125 0.25303725625 0.683278509375 0.24007829374999998 0.683278509375 0.23035907187500002 0.69292763125 0.23467872500000003 0.73678728125 0.2174001078125 0.768366228125 0.2174001078125 0.79292763125
1 0.3197802140625 1 0.3232316421875 0.9876644734374999 0.3210718140625 0.9666118421875 0.2994735421875 0.9280153515624999 0.3081128515625 0.8736293859375 0.2875944921875 0.8552083328125001 0.26275647968750004 0.8666118421875 0.267076134375 0.9227521937500001 0.2389983796875 0.9736293859374999 0.2408019859375 1 0.3197802140625 1
0 0.133166846875 0.7139802625 0.1558450328125 0.7376644734375 0.1893223546875 0.7385416671875 0.21524028125 0.7157346484375 0.2174001078125 0.6876644734374999 0.201201403125 0.67099780625 0.164484340625 0.6657346484375 0.1374865015625 0.6841557015624999 0.133166846875 0.7139802625
1 0.6100742421875001 1 0.6109375 0.9786225265624999 0.6109375 0.94983763125 0.597457190625 0.847390090625 0.601614715625 0.70591756875 0.59467076875 0.6815466796875 0.5813737953125 0.6745201015625 0.5725450125 0.6875521375 0.569935928125 0.706156528125 0.571045053125 0.802086934375 0.5685208125 0.806107990625 0.5710086921874999 0.808336934375 0.5724935515625 0.8396840062500001 0.5706814390625 0.864586934375 0.556102675 0.9345951515625 0.5550686828125 0.9646124265625 0.5550686828125 1 0.6100742421875001 1
1 0.65625 1 0.65625 0.9698760468750001 0.64637995 0.89000895 0.655242403125 0.7319282015625 0.6497562953125 0.7095796046875 0.6408806359375 0.7005516640625 0.6279441265625 0.7121044703124999 0.6225969 0.733632165625 0.620764871875 0.8818014171874999 0.6088311984375 0.9400249109375001 0.6088311984375 1 0.65625 1
1 0.7239637109375 1 0.734169209375 0.95420929375 0.735936325 0.9313168734375001 0.736793690625 0.7874213890625 0.74315191875 0.754233540625 0.74375 0.73955556875 0.74375 0.70560761875 0.73957593125 0.688426684375 0.7331639328125 0.6819827046875 0.722160821875 0.6858341546875 0.714101259375 0.7095863828125 0.7121714562499999 0.8388500406249999 0.7098826828125 0.8522803124999999 0.7098826828125 1 0.7239637109375 1
1 0.708971190625 1 0.7077388093750001 0.9812123265625001 0.6962319906250001 0.9065614546875 0.709375 0.7703129171875001 0.709375 0.7498811265625 0.7049449609374999 0.7284267578125 0.697251053125 0.7205448171875 0.6964032484375 0.7205448171875 0.68680569375 0.724686803125 0.67664871875 0.7550987953125 0.6745653234375 0.9070657531249999 0.6634823515624999 0.9555772875 0.6634823515624999 1 0.708971190625 1
1 0.7795833328125 1 0.77125 0.953125 0.7770833328125001 0.790625 0.7725 0.7625 0.7583333328125 0.7479166671875 0.7466666671875 0.7604166671875 0.7420833328125 0.784375 0.7454166671875 0.9489583328125001 0.7361805546875 1 0.7795833328125 1
1 0.8821376812499999 1 0.8695833328125001 0.9197916671874999 0.87375 0.759375 0.8675 0.7354166671875 0.8541666671874999 0.7291666671875 0.84375 0.7447916671875 0.8404166671875 0.7677083328125 0.84375 0.9197916671874999 0.830432390625 1 0.8821376812499999 1
1 0.81960069375 1 0.8170833328124999 0.9697916671875 0.80375 0.8885416671874999 0.8079166671875001 0.734375 0.8016666671875001 0.7104166671875001 0.7875 0.7041666671875 0.7795833328125 0.715625 0.7745833328125 0.7447916671875 0.7787499999999999 0.884375 0.7720833328125 0.9260416671874999 0.7720833328125 0.953125 0.7791954015625 1 0.81960069375 1
1 0.9120089281249999 1 0.9120833328125 0.9947916671874999 0.8954166671875001 0.8635416671874999 0.8995833328125 0.715625 0.89 0.6895833328125 0.8800000000000001 0.6875 0.8712500000000001 0.703125 0.8679166671874998 0.721875 0.8754166671875 0.7760416671875 0.8695833328125001 0.9052083328125 0.882222221875 1 0.9120089281249999 1
1 0.9767045453125001 1 0.9754166671875 0.9822916671874999 0.96125 0.9052083328125 0.9654166671875 0.7427083328124999 0.9583333328125001 0.71875 0.9433333328125 0.7145833328125 0.9345833328125 0.7322916671875 0.9320833328125001 0.753125 0.9354166671874999 0.896875 0.9176225484374999 1 0.9767045453125001 1