1 0.23376747656250002 0 0.235241365625 0.0345166828125 0.221875 0.103418015625 0.221875 0.1301470953125 0.22424990625 0.16695220156249999 0.2330968625 0.21112383124999998 0.23622725781249998 0.215625 0.260743278125 0.215625 0.26311303750000004 0.1906153953125 0.269757825 0.1624279296875 0.269757825 0.0979071984375 0.2539590390625 0.032473032812500004 0.2551577765625 0 0.23376747656250002 0
1 0.8996386749999999 0.5390625 0.904318696875 0.513940265625 0.904318696875 0.4447038359375 0.9038736671875001 0.437861075 0.8935719671874999 0.39837364218750004 0.8945382437500001 0.32791233124999997 0.8892993875 0.31558511718750004 0.8834840156249999 0.31208148125 0.874694503125 0.31516845312499997 0.8694951421875 0.3269335 0.8733241203125001 0.40186074843749997 0.8640625 0.4547537515625 0.8640625 0.47156870156249997 0.8662766468750001 0.5021881296874999 0.8751026015625 0.5390625 0.8996386749999999 0.5390625
1 0.9309420062499999 0.5390625 0.9359375 0.5335648140625 0.9411458328125001 0.5104166671875 0.94375 0.48449074062499997 0.9416666671874999 0.43171296249999996 0.9328125 0.396527778125 0.9359375 0.3270833328125 0.9348958328125001 0.3196759265625 0.93046875 0.31180555625 0.92578125 0.30902777812500004 0.9143229171874999 0.3136574078125 0.9104166671874999 0.32523148125 0.9135416671875 0.396527778125 0.9041666671874999 0.4363425921875 0.9052083328125 0.5002314812499999 0.9109375 0.5317129625 0.917138671875 0.5390625 0.9309420062499999 0.5390625
1 0.9432291671874999 0.42430555625000005 0.9458333328125 0.4891203703125 0.9580729171875 0.45717592656250006 0.9674479171874999 0.44328703750000004 0.9791666671874999 0.43263888906250003 0.9708333328125001 0.39189814843750004 0.9729166671874999 0.3178240734375 0.9690104171874999 0.30902777812500004 0.9638020828125 0.30625 0.95234375 0.30995370312500004 0.9484375 0.3206018515625 0.9505208328125001 0.390046296875 0.9432291671874999 0.42430555625000005
0 1 0.5390625 1 0.43798225312500005 0.9997395828125001 0.43773148125 0.9778645828125001 0.4358796296875 0.9684895828125001 0.44328703750000004 0.9552083328125001 0.46504629687500004 0.9458333328125 0.5011574078125001 0.9505208328125001 0.53726851875 0.9514591328125 0.5390625 1 0.5390625
1 0.2387275453125 0.746086525 0.23151311093750002 0.7384616890625 0.2268687140625 0.7404772328125 0.2234375 0.748544625 0.2234375 0.7629965296875 0.2296506578125 0.7816172796874999 0.2326642953125 0.7991189328124999 0.23279890625 0.846875 0.2625 0.846875 0.2625 0.8381460531249999 0.258224625 0.8223199875 0.24451415468749998 0.7931450546875001 0.2387275453125 0.746086525
1 0.07109375 0.846875 0.08125 0.85289351875 0.0848958328125 0.8510416671875 0.0848958328125 0.8390046296874999 0.0828125 0.81493055625 0.07552083281250001 0.79085648125 0.0765625 0.731597221875 0.07421875 0.7228009265625 0.06640625 0.7209490734375 0.0625 0.7241898140625 0.0609375 0.731597221875 0.061979167187499996 0.7890046296875 0.0546875 0.8204861109374999 0.0536458328125 0.843634259375 0.054947917187499994 0.846875 0.07109375 0.846875
2 0 0.9401392890625001 0.0653645828125 0.9394675921874999 0.1783854171875 0.9348379625 0.3330729171875 0.9348379625 0.38046875 0.9385416671875 0.3854166671875 0.925115740625 0.3854166671875 0.9047453703125001 0.3828125 0.880671296875 0.38333333281250004 0.86585648125 0.38046875 0.8607638890625001 0.2559895828125 0.86539351875 0.1080729171875 0.8635416671874999 0.08203125 0.868171296875 0.0372395828125 0.86539351875 0 0.8660904 0 0.9401392890625001
0 0.1354166671875 0.8584490734375001 0.1395833328125 0.862152778125 0.19140625 0.8616898140625 0.1942708328125 0.8575231484374999 0.19375 0.83993055625 0.1885416671875 0.8195601859374999 0.1794270828125 0.8052083328125 0.1700520828125 0.799652778125 0.1565104171875 0.800578703125 0.1455729171875 0.8116898140625001 0.1385416671875 0.8297453703125001 0.1354166671875 0.8584490734375001
1 0.623255503125 0.5390625 0.6046875 0.6318319578125 0.6046875 0.730584075 0.6221183906250001 0.8176141031249999 0.624798690625 0.8203125 0.667809209375 0.8203125 0.67536759375 0.7816174453125 0.67536759375 0.5977705703125 0.6619811171875 0.5390625 0.623255503125 0.5390625
1 0.680859375 0.5390625 0.6703125 0.5994791671875 0.6765625 0.6689236109375 0.66875 0.77725694375 0.6765625 0.8133680562500001 0.6875 0.8189236109374999 0.7171875 0.8105902781250001 0.7359375 0.6967013890625 0.7328125 0.630034721875 0.7140625 0.5411458328125 0.7141581625 0.5390625 0.680859375 0.5390625
1 0.559375 0.5390625 0.559375 0.8072704937499999 0.57890625 0.8064236109374999 0.5953125 0.7328125 0.5953125 0.6189236109375 0.5782731671875 0.5390625 0.559375 0.5390625
1 0.735855740625 0.5390625 0.7359375 0.5411458328125 0.7265625 0.5994791671875 0.7359375 0.655034721875 0.7359375 0.7078125 0.7265625 0.7939236109375 0.7375 0.8105902781250001 0.7671875 0.805034721875 0.7828125 0.7078125 0.78125 0.63836805625 0.763610196875 0.5390625 0.735855740625 0.5390625
1 0.7857096359375 0.5390625 0.7859375 0.5439236109375 0.7765625 0.610590278125 0.784375 0.6939236109375 0.7765625 0.7911458328125001 0.7859375 0.805034721875 0.8125 0.80225694375 0.83125 0.6828125 0.8109375 0.5467013890625 0.8113898031250001 0.5390625 0.7857096359375 0.5390625