1 0 0.5 0.0140625 0.5 0.0140625 0.47141181874999993 0.0052404296875 0.45476684218749996 0 0.4518286390625 0 0.5
1 0.8229501875 0.5 0.8180741812499999 0.48301606093749994 0.8167608921875 0.4640665796875 0.8182923203125 0.4264826859375 0.8253857703125 0.37181671562499996 0.8345948984374999 0.33346817500000003 0.8355427109375 0.29314720625 0.83225980625 0.27135562343749997 0.8250286656250001 0.252630925 0.8131015906249999 0.23826288125 0.802177659375 0.23339583749999998 0.77812339375 0.24369095000000002 0.7681389046875 0.2584182734375 0.7609721031250001 0.280764453125 0.7585108843749999 0.34116713593750003 0.764821878125 0.425123790625 0.7600808984375 0.4732358890625 0.7491479 0.5 0.8229501875 0.5
1 1 0.1216949375 0.9951405843749999 0.09572360468749999 0.983440378125 0.0810310765625 0.9746424062500001 0.07705664375 0.9600190468750001 0.07848359218749999 0.9492019593750001 0.086597759375 0.9405641640625 0.099395803125 0.9339649703124999 0.11956228437500001 0.9295645484375001 0.1638696828125 0.9344126828124999 0.25643068750000003 0.9300122625 0.3007380859375 0.91365125625 0.3396667765625 0.91365125625 0.4448348421875 0.9223236281249999 0.47388438437499997 0.9262565453124999 0.5 0.977350784375 0.5 0.999408315625 0.443914721875 1 0.43986757968749995 1 0.36865485 0.98239893125 0.3058007984375 0.9812344265625 0.2883632296875 0.9845302312499999 0.23869476875 0.9993465796875001 0.1674893203125 1 0.136553196875 1 0.1216949375
1 0.959375 0.5 0.959375 0.4766966734375 0.9256331015625001 0.38668103125000003 0.9217849874999999 0.3397738015625 0.9285010890625 0.242512090625 0.9246529750000001 0.1956048609375 0.9188874734375 0.1784094265625 0.9086526390625 0.1621212046875 0.9003155015625002 0.15650013437500002 0.876182428125 0.15650013437500002 0.8683179046875 0.161543121875 0.8619506671874999 0.1726445640625 0.8543889796874999 0.207363053125 0.855043015625 0.246361865625 0.8654095156249999 0.298311353125 0.8712168578125 0.36934333750000004 0.8649408796875001 0.4087053359375 0.846964703125 0.4634861703125 0.8469751609374999 0.47694530625000003 0.8561987999999999 0.5 0.959375 0.5
1 0.6546365421875 0.5 0.6461860171875 0.468605375 0.6263097515625 0.4169823859375 0.624558765625 0.3982630390625 0.6253085125 0.35531001875 0.6379194484374999 0.2676744953125 0.635321340625 0.218131065625 0.6307749203124999 0.20085080312499998 0.62302799375 0.1883774265625 0.6100484171875 0.1780989734375 0.60687205 0.1775603625 0.5944227421875 0.1775603625 0.5780063765625 0.188608153125 0.5697908593750001 0.2029804140625 0.5631789781250001 0.2246747234375 0.5615253640625 0.27973248125 0.5717131609375 0.37059624687500003 0.56879069375 0.41899099531250006 0.53848253125 0.5 0.6546365421875 0.5
1 0.753125 0.5 0.753125 0.4465208546875 0.7408862734375 0.40067957187500003 0.7186535468749999 0.3367500625 0.7167208859375 0.28980245625 0.7272992453125 0.1861725453125 0.7219171984375 0.14064787031249998 0.7066818781249999 0.1121356 0.6860268515625 0.1105126453125 0.6796869453125 0.1105126453125 0.668629315625 0.11839186406249999 0.6608394234375 0.1340135984375 0.6536225078125 0.16909035625 0.6546903625 0.201288990625 0.6653919765625 0.28696921406250003 0.66579806875 0.3218685421875 0.6639064921875 0.3380243140625 0.6371392171875 0.42054870156249996 0.6443191234375 0.4418639125 0.64992560625 0.44710400312500004 0.652207653125 0.46450527499999994 0.6654797296874999 0.5 0.753125 0.5
1 0.8351798765625 0.34847073125 0.8298965546874999 0.37280123125000003 0.826644671875 0.39793004062500004 0.826644671875 0.4546875 0.826911059375 0.4546875 0.8467945578125 0.41096499062499997 0.85 0.398193178125 0.85 0.3963697 0.8424902984375 0.354871528125 0.8386535343749999 0.346875 0.837574625 0.346875 0.8351798765625 0.34847073125
1 0.7697353609375 0.46041317187499997 0.7711213625 0.41343330468749995 0.7589938500000001 0.2865876671875 0.735085325 0.3530306203125 0.731620321875 0.3785339765625 0.75864735 0.4778628359375 0.762805353125 0.4805474 0.7697353609375 0.46041317187499997
1 0.7901788812499999 0.22752726562499997 0.8054248953125 0.2248427015625 0.8102759015625001 0.228869546875 0.8140874046875 0.2241715609375 0.8230964140625 0.149003775 0.8237894140625001 0.11947357343750001 0.8168594078125 0.0805474 0.799880890625 0.059742029687499996 0.781169871875 0.0570574671875 0.768695859375 0.0651111578125 0.7607263515625 0.07517827187500001 0.755875346875 0.0912856546875 0.75310334375 0.11410444687500002 0.75379634375 0.1382655203125 0.7614193515625 0.20135276875 0.7641913546875 0.2523594796875 0.7669633578124999 0.260413171875 0.7676563578125 0.2537017625 0.7797838703125001 0.234238675 0.7901788812499999 0.22752726562499997
1 0.220845840625 0.5 0.216904609375 0.5514825640625001 0.1980778828125 0.6021988046875 0.1980778828125 0.748571890625 0.1997425625 0.7514962125 0.2052604125 0.753125 0.22021049062500003 0.753125 0.2240745 0.75055361875 0.2332114078125 0.72825855 0.2434463515625 0.68863196875 0.24792957968749998 0.6555354328125 0.2484499671875 0.6235317874999999 0.2399459609375 0.5629807734375001 0.24877777812500002 0.5 0.220845840625 0.5
0 0.4502676515625 0.6567647046875 0.4546875 0.634847084375 0.4546875 0.6100647968749999 0.447398903125 0.5771442953125 0.43312870156249994 0.5572023609375 0.40887762499999997 0.554261465625 0.389766621875 0.5710654 0.3768867546875 0.6042170437500001 0.3751248859375 0.6290668515625 0.380361940625 0.6529783515625 0.39534845625 0.6768212171875 0.401976759375 0.6796875 0.43348730625 0.6796875 0.437358790625 0.6788728734375 0.4502676515625 0.6567647046875
1 0.1962062703125 0.5 0.1963031015625 0.5065280109375 0.1889387140625 0.5370579140625 0.1889387140625 0.55414835 0.19740076875 0.5628416546875 0.20246520937499998 0.575 0.20712573281250002 0.575 0.2172890265625 0.5375927140625001 0.21720815 0.5 0.1962062703125 0.5
1 0.6722102578125 1 0.6804267859375 0.9588053249999999 0.68125 0.9386022031250001 0.68125 0.9003170484374999 0.6557453750000001 0.764460703125 0.6684327078125 0.63772274375 0.6538978015625 0.6097859875 0.636472978125 0.6066148953124999 0.6202089609375 0.6211135624999999 0.61438199375 0.6410298875 0.61764394375 0.7763792703125001 0.5942993390625 0.8510272624999999 0.5942993390625 1 0.6722102578125 1
1 0.56875 1 0.56875 0.8386181562499999 0.5489736609375 0.7787691765625 0.5505203125 0.6436092328124999 0.5392188015625 0.625041653125 0.5253285484375 0.6220248500000001 0.5192944765624999 0.6220248500000001 0.5051981624999999 0.6377940359375 0.5019635984375 0.65283834375 0.514643796875 0.76472143125 0.4932518453125 0.8699368515625 0.493006878125 0.9347019375000001 0.5097837984375 1 0.56875 1
1 0.7672300140624999 1 0.7732959484374999 0.9803646140625 0.7859375 0.9014000765624999 0.7859375 0.8957014265625001 0.7804512562499999 0.8438332484375 0.7637388265625 0.781218978125 0.7757007484375 0.648348559375 0.7662844140624999 0.62534764375 0.75151366875 0.6203125 0.749623553125 0.6203125 0.7374377203125 0.627359925 0.726757359375 0.652322215625 0.7293189890624999 0.770352490625 0.707968053125 0.8382127328125 0.707968053125 1 0.7672300140624999 1
1 0.8828125 1 0.8828125 0.8069267109375 0.8695829578125001 0.765521090625 0.870128053125 0.656337453125 0.859641078125 0.635611065625 0.850093859375 0.6326457984375 0.8426226578125 0.6326457984375 0.8282978921874999 0.6474291625 0.8254181328125 0.664230859375 0.8387197296875 0.7745389078125 0.8214341562499999 0.851298328125 0.8209717296875001 0.9142254859375001 0.8443732687499999 1 0.8828125 1
1 0.9056314375 0.99375 0.9273804468750001 0.99375 0.9366055937500001 0.9907201749999999 0.9399077203124999 0.9804634437499999 0.9534382749999999 0.9209863453124999 0.95625 0.882870553125 0.95625 0.8731718125000001 0.9500807281250001 0.8270650093749999 0.933546875 0.7723255671875 0.9392291703125 0.661493509375 0.9301279109374999 0.6461382328124999 0.9164423203125001 0.6429283578125 0.9075957078125001 0.64876896875 0.8991647593749998 0.6665803765625 0.90482908125 0.7714845218749999 0.88769765625 0.833661946875 0.88769765625 0.9381058359375001 0.8997788984374999 0.98924035 0.9056314375 0.99375
1 0.7054583171875001 0.8799053703125 0.72818974375 0.7940447875000001 0.7272295875 0.7774978421875 0.7296875 0.773849446875 0.7296875 0.7152847703124999 0.7264675625000001 0.6494610953125 0.721794228125 0.6494610953125 0.716310625 0.6517253843749999 0.7078796781250001 0.6696314875 0.712165178125 0.7818865140625 0.6935553890625 0.8521789515625 0.6935553890625 0.9410276281249998 0.7059938171875 0.9923350593750001 0.7097377921875 0.99375 0.714374534375 0.99375 0.704524375 0.93341090625 0.7054583171875001 0.8799053703125
1 0.5471897515624999 0.7128217890625 0.54802703125 0.7847775078125 0.57280753125 0.8727856062499999 0.578125 0.9338593484375 0.578125 0.8536882921875 0.55802703125 0.7845447562500001 0.5617603765625 0.6755722921875 0.5522028921875 0.6601078390625 0.5471897515624999 0.7128217890625