1 0.380099271875 0.1397119484375 0.3808584234375 0.10072756093749999 0.37798256406249997 0.0973667546875 0.3589834234375 0.1016189 0.3614058671875 0.1418648421875 0.3484375 0.2153689328125 0.3484375 0.2221878421875 0.3527196890625 0.2743822921875 0.3623431625 0.31850839999999997 0.3647541421875 0.321875 0.39016032031250003 0.321875 0.3920196109375 0.2978224484375 0.39514884375000003 0.2834743 0.39514884375000003 0.1977333640625 0.380099271875 0.1397119484375
1 0.7611580109375 0.3627348765625 0.7611580109375 0.2922907125 0.7426551421875001 0.231504696875 0.740358275 0.1175203078125 0.7349916609375 0.101044640625 0.724801590625 0.09102589375 0.7100710250000001 0.0944085078125 0.7046875 0.103492803125 0.7046875 0.1390228 0.714575684375 0.2145633125 0.7143148203124999 0.246571425 0.7046875 0.311127990625 0.7046875 0.3559915265625 0.7051759015625001 0.3679777609375 0.706279978125 0.36875 0.7281948921875 0.36875 0.7611580109375 0.3627348765625
1 0.5984375 0.38368055624999997 0.60390625 0.390625 0.641796875 0.384375 0.64765625 0.3697916671875 0.65078125 0.33645833281250004 0.646875 0.28090277812500003 0.628125 0.22256944375 0.625 0.203125 0.62421875 0.1045138890625 0.618359375 0.08854166718749999 0.612109375 0.0829861109375 0.595703125 0.08854166718749999 0.590625 0.103125 0.6 0.190625 0.6 0.22673611093749999 0.590625 0.2697916671875 0.5890625 0.32256944375 0.59375 0.365625 0.5984375 0.38368055624999997
2 0.41875 0.51875 1 0.51875 1 0.29657776875 0.41875 0.43893313906250003 0.41875 0.51875
1 0.25826346093749997 0.51875 0.2620049875 0.56602996875 0.2484375 0.6310497500000001 0.2484375 0.699507534375 0.262739859375 0.75965435 0.2668320546875 0.7671875 0.295828940625 0.7671875 0.3015851671875 0.7407294515625 0.3015851671875 0.6189385546875 0.28906740000000003 0.580508640625 0.28597378125 0.5572626234375 0.287294275 0.51875 0.25826346093749997 0.51875
1 0.16298015937500002 0.51875 0.167678571875 0.5598611109375 0.16696428593749998 0.596527778125 0.1519642859375 0.6454166671875 0.14625 0.68875 0.147678571875 0.7276388890625001 0.1555357140625 0.770972221875 0.1633928578125 0.8043055562500001 0.1741071421875 0.8109722218750001 0.1916071421875 0.8104166671874999 0.19624999999999998 0.8054166671875 0.21125 0.7443055562499999 0.2155357140625 0.69875 0.2119642859375 0.6598611109375 0.1941071421875 0.586527778125 0.19339285781249999 0.560972221875 0.1983928578125 0.5220833328125 0.19845588281249998 0.51875 0.16298015937500002 0.51875
1 0.05316767812499999 0.51875 0.0522447953125 0.524332875 0.056884657812499996 0.5622250953125001 0.059204590625 0.5965085328125 0.056884657812499996 0.629889775 0.050504846874999995 0.6470314953124999 0.036005271875 0.670488584375 0.0342653234375 0.7011632390625 0.0325253734375 0.730033503125 0.0377452203125 0.7724367015625 0.040065153125 0.8094267281249999 0.050504846874999995 0.8419057750000001 0.05862460781249999 0.85634090625 0.08124394375 0.85634090625 0.09400356875 0.8509277328125 0.0986434328125 0.8166442937499999 0.11024309218749999 0.7724367015625 0.1114030578125 0.7309356984375001 0.10212333124999999 0.6786083453125 0.0934235859375 0.645227103125 0.0806639609375 0.609139275 0.082403909375 0.571247053125 0.09110365468750001 0.524332875 0.091206196875 0.51875 0.05316767812499999 0.51875
1 0 0.51875 0 0.8033254718749999 0.014464285937499998 0.80375 0.0233928578125 0.7976388890624999 0.032678571875 0.7565277781249999 0.0341071421875 0.7020833328125 0.039821428125 0.67319444375 0.03625 0.6465277781250001 0.0205357140625 0.5920833328125 0.019821428125000002 0.55430555625 0.0224020734375 0.51875 0 0.51875
1 0.197828071875 0.51875 0.1941071421875 0.580972221875 0.1955357140625 0.5976388890625 0.21125 0.6554166671875 0.21625 0.6876388890625 0.2191071421875 0.6876388890625 0.2219642859375 0.6754166671874999 0.2241071421875 0.6220833328125 0.2205357140625 0.5976388890625 0.207678571875 0.5520833328125 0.207678571875 0.51875 0.197828071875 0.51875
1 0.09400641093749999 0.51875 0.09625 0.5576388890625 0.0869642859375 0.60430555625 0.0905357140625 0.6287499999999999 0.10839285781250001 0.6954166671875 0.1105357140625 0.740972221875 0.10839285781250001 0.76430555625 0.1105357140625 0.766527778125 0.12160714218749999 0.76375 0.1255357140625 0.75319444375 0.13767857187500002 0.6931944437500001 0.1391071421875 0.6454166671875 0.1355357140625 0.6220833328125 0.12125 0.57430555625 0.119821428125 0.5420833328125 0.12227040781250001 0.51875 0.09400641093749999 0.51875
1 0.037486934374999996 0.51875 0.0369642859375 0.5520833328125 0.0233928578125 0.596527778125 0.041249999999999995 0.66430555625 0.05339285781250001 0.6298611109375 0.057678571874999994 0.59875 0.051482357812500004 0.51875 0.037486934374999996 0.51875
1 0.3354695765625 0.51875 0.3355357140625 0.5198611109375 0.33410714218750004 0.5554166671875 0.31910714218749997 0.60319444375 0.31553571406250003 0.6287499999999999 0.31625000000000003 0.6676388890625 0.32625000000000004 0.7198611109374999 0.332321428125 0.73375 0.3391071421875 0.736527778125 0.35375 0.735972221875 0.3591071421875 0.72875 0.37196428593749997 0.6720833328125 0.3741071421875 0.6487499999999999 0.37196428593749997 0.60875 0.357678571875 0.5554166671875 0.36020408125 0.51875 0.3354695765625 0.51875
1 0.44296875 0.8933449078125001 0.4515625 0.894733796875 0.46171875 0.8942708328125001 0.4640625 0.8882523140625 0.45520833281249995 0.8243634265625 0.45416666718750004 0.782696759375 0.4609375 0.7410300921874999 0.47083333281249995 0.6993634265625 0.46875 0.6725115734375 0.4703125 0.6280671296875 0.46875 0.5938078703125 0.47083333281249995 0.5743634265625001 0.46067708281249997 0.5627893515625 0.44921875 0.56741898125 0.4427083328125 0.582696759375 0.4458333328125 0.6854745375 0.43072916718750004 0.7475115734375001 0.4270833328125 0.7836226859375 0.42864583281249996 0.8262152781250001 0.4380208328125 0.87899305625 0.44296875 0.8933449078125001
1 0.46875 0.90399305625 0.47447916718750005 0.9086226859375 0.4955729171875 0.9090856484375 0.4994791671875 0.90491898125 0.5052083328125 0.8808449078125001 0.5130208328125 0.81695601875 0.5119791671875 0.769733796875 0.49895833281249996 0.7067708328125 0.49583333281249997 0.6799189812499999 0.4973958328125 0.6438078703125 0.5010416671875 0.6169560187500001 0.5010416671875 0.5910300921875 0.49453125 0.5729745375 0.4877604171875 0.56741898125 0.47578125 0.5720486109375 0.46979166718750004 0.5864004625 0.46875 0.6058449078125 0.47239583281249997 0.6882523140625001 0.4713541671875 0.7002893515624999 0.4583333328125 0.7567708328125 0.45416666718750004 0.7882523140625001 0.4557291671875 0.8262152781250001 0.4625 0.8780671296874999 0.46875 0.90399305625
1 0.53203125 0.9007523140625 0.5380208328125 0.9030671296874999 0.55546875 0.9035300921874999 0.5609375 0.8965856484374999 0.5729166671875 0.8401041671874999 0.5760416671875 0.795659721875 0.5729166671875 0.7558449078125 0.5583333328125 0.69288194375 0.5578125 0.669733796875 0.5625 0.6169560187500001 0.5625 0.5882523140625 0.55703125 0.5729745375 0.5471354171875 0.56649305625 0.5372395828125 0.5720486109375 0.5317708328124999 0.5882523140625 0.534375 0.69288194375 0.5239583328124999 0.7364004625 0.5166666671875 0.7836226859375 0.5166666671875 0.8188078703125001 0.5270833328125 0.8845486109374999 0.53203125 0.9007523140625
1 0.5091145828125 0.8868634265625 0.5130208328125 0.889178240625 0.5236979171875 0.889641203125 0.5260416671875 0.8836226859374999 0.5161458328124999 0.8188078703125001 0.515625 0.79195601875 0.5203125 0.75399305625 0.5338541671875 0.694733796875 0.53125 0.59195601875 0.5354166671875 0.5734375 0.5325520828125 0.5655671296875 0.52421875 0.558159721875 0.5122395828124999 0.563715278125 0.50625 0.5808449078125 0.5104166671875 0.669733796875 0.5026041671875 0.7215856484375001 0.5098958328125 0.75491898125 0.5130208328125 0.7817708328125 0.5125 0.8252893515625 0.50625 0.87899305625 0.5091145828125 0.8868634265625
1 0.5916666671875 0.8910300921874998 0.5979166671875 0.8965856484374999 0.6143229171875 0.8961226859375 0.6213541671874999 0.89195601875 0.6239583328125 0.876215278125 0.625 0.839178240625 0.6354166671874999 0.7864004625 0.6348958328125001 0.7595486109375 0.61875 0.6901041671875 0.621875 0.5854745375 0.61640625 0.570196759375 0.6096354171875 0.564641203125 0.59765625 0.5683449078125 0.590625 0.5873263890625 0.5942708328124999 0.6882523140625001 0.58125 0.745659721875 0.5770833328125 0.7780671296875 0.5776041671875001 0.8114004625 0.5822916671875 0.8465856484375 0.5916666671875 0.8910300921874998
1 0.6432291671874999 0.7475115734375001 0.6401041671875 0.77991898125 0.66015625 0.7563078703125 0.6674479171875 0.751678240625 0.6794270828125001 0.7479745375 0.6924479171875 0.7507523140625001 0.6963541671875 0.7484375 0.6947916671875 0.732696759375 0.6911458328125001 0.726215278125 0.6828125 0.6864004625 0.6828125 0.6345486109375 0.6859375 0.607696759375 0.6859375 0.57991898125 0.6815104171874999 0.56649305625 0.6747395828125 0.5600115734375 0.6622395828125001 0.563715278125 0.6557291671875 0.57991898125 0.6583333328125001 0.6799189812499999 0.6432291671874999 0.7475115734375001
0 0.6575520828125001 0.9461226859374999 0.671875 0.9539930562500001 0.6856770828125001 0.951678240625 0.7044270828125001 0.9368634265625001 0.7223958328125001 0.902141203125 0.7276041671875 0.87991898125 0.7270833328125 0.8243634265625 0.7166666671874999 0.77899305625 0.7033854171874999 0.7609375 0.68671875 0.7489004625 0.6747395828125 0.7489004625 0.6627604171874999 0.75445601875 0.64296875 0.7813078703125 0.6359375 0.794733796875 0.6296875 0.81788194375 0.6260416671875 0.8502893515625001 0.6302083328125001 0.889178240625 0.6385416671874999 0.9160300921874999 0.6575520828125001 0.9461226859374999