1 0.38060719375 0.41875 0.392660696875 0.3758376140625 0.39928885625 0.3340891265625 0.3989454640625 0.2744214515625 0.3826486375 0.20531792656249997 0.3836786703125 0.16644267343750002 0.393287484375 0.077458328125 0.38885375 0.0553315625 0.3825042265625 0.049197475000000004 0.362843596875 0.0523161734375 0.3527918609375 0.0753896609375 0.35234901875 0.11841794375 0.355678059375 0.147502790625 0.35367769843749997 0.20721137656250002 0.34375 0.2388159375 0.34375 0.41875 0.38060719375 0.41875
1 0.47182426875 0.1096907546875 0.475136578125 0.0858339828125 0.475592090625 0.039836873437499996 0.46864065312500003 0.021393950000000002 0.45878029218750005 0.013551940625 0.444583690625 0.025440979687499997 0.440354946875 0.0402904453125 0.44086799374999996 0.0625536125 0.4487635515625 0.1039336734375 0.449546965625 0.1442933390625 0.4359375 0.2285769046875 0.4359375 0.251366303125 0.44063829375 0.300790596875 0.45473064374999994 0.354384053125 0.4590414921875 0.3578125 0.48255682968749997 0.3578125 0.483790403125 0.35653890781249997 0.483790403125 0.1798468078125 0.47462785781249994 0.1443720328125 0.47182426875 0.1096907546875
1 0.5072104046875 0 0.501963090625 0.0115340234375 0.49913885156250004 0.10998124375 0.4890625 0.1455891921875 0.4890625 0.29375 0.5062327171875001 0.29375 0.509916046875 0.2905052984375 0.5281808609375 0.22418954531250002 0.529529903125 0.16874324999999998 0.522285196875 0.11389788906250001 0.5244688546875 0.0722312234375 0.533213090625 0.0093488109375 0.53103076875 0 0.5072104046875 0
1 0.55422296875 0 0.5539486 0.0815530921875 0.5442665359375 0.10805106718749999 0.5421875 0.1195991796875 0.5421875 0.2347949578125 0.5446439453125 0.24344500781249998 0.5452368890625 0.24375 0.5668844671875 0.24375 0.5700588125 0.241066228125 0.578991946875 0.21179956406249997 0.5848808875 0.1756248171875 0.58543036875 0.1284025953125 0.57504235 0.08130764375 0.5763084359375 0.0396318859375 0.5810982359375 0 0.55422296875 0
1 0.325681640625 0.2382782328125 0.32117190624999997 0.2080230671875 0.3058620390625 0.1548576953125 0.307330115625 0.036752075 0.298454825 0.0185778203125 0.2890959859375 0.0164008203125 0.28125116562499997 0.022457021875 0.27372020625000004 0.0416826375 0.2802827984375 0.12178761093749998 0.2800646296875 0.1592876109375 0.2680549875 0.21003858281249999 0.2671875 0.2188034546875 0.2671875 0.28904620312499996 0.2683029359375 0.301655184375 0.27973079375 0.35090421250000003 0.28394260312499997 0.359375 0.30712182656250003 0.359375 0.313316465625 0.350140315625 0.3133891875 0.33764031562499996 0.3246014171875 0.2897171859375 0.325681640625 0.2382782328125
1 0.219006921875 0 0.21679248593749997 0.01005299375 0.22263846874999998 0.0799710375 0.22245262187499998 0.11191548124999999 0.2144219546875 0.1488234828125 0.2140625 0.15599779375 0.2140625 0.2381636578125 0.21995280468749998 0.2729081921875 0.22301316249999997 0.2842560984375 0.23015225 0.29375 0.2482857203125 0.29375 0.2534657515625 0.2893426640625 0.261536821875 0.245490215625 0.2649123125 0.2026714578125 0.26120807031250004 0.1676532375 0.24592244375 0.1081359140625 0.24805056718750002 0.0110320875 0.243441025 0 0.219006921875 0
1 0.17176786718749998 0 0.177352753125 0.07894673906250001 0.16875 0.115132803125 0.16875 0.21389179687499998 0.1715065234375 0.22617805 0.1750086484375 0.2400442140625 0.178674521875 0.24375 0.1994743171875 0.24375 0.204817384375 0.235704828125 0.21081167656250002 0.1370755375 0.195361915625 0.07745331093749999 0.19911748125 0 0.17176786718749998 0
1 0.3015625 0 0.3015625 0.014303840625 0.3105939671875 0.039878765625 0.3104484359375 0.13417301406249998 0.31324476093750003 0.1537676546875 0.33118355781250003 0.2125 0.339131121875 0.2125 0.33946254374999996 0.21161743125000002 0.33946254374999996 0.1325373125 0.3271241171875 0.07976895 0.326626628125 0 0.3015625 0
1 0.42833625625 0 0.4311898171875 0.0751274203125 0.41708429999999996 0.123045684375 0.415625 0.1316550546875 0.415625 0.20635158125 0.416949215625 0.2140625 0.4190876453125 0.2140625 0.4385471671875 0.1455103734375 0.4373858609375 0.0331741484375 0.45216626875 0.013666692187500001 0.45588796093750006 0.0016768890625000002 0.45563763437500004 0 0.42833625625 0
1 0.3584812109375 0.159606746875 0.3562560953125 0.14505523125 0.35 0.171154359375 0.35 0.225 0.350151621875 0.225 0.35702617812500004 0.20127341406250002 0.3584812109375 0.159606746875
1 0.40316754218749995 0.225 0.4035640671875 0.225 0.4035640671875 0.17547898125 0.3921875 0.137928496875 0.3921875 0.1794344859375 0.394269459375 0.2001527609375 0.40316754218749995 0.225
1 0.36299611718749997 0 0.3609375 0.0053982375 0.3609375 0.0436953578125 0.3610953890625 0.04601395625 0.3860935296875 0.05 0.3885676046875 0.05 0.3894534515625 0.04466479375 0.3894534515625 0.0218210953125 0.3881859328125 0.0032076062500000003 0.3854920828125 0 0.36299611718749997 0
1 0.884375 0.2494389890625 0.884375 0.3109375 0.8948776109375001 0.3109375 0.9006165234375001 0.2831744046875 0.9008702875000001 0.2609658203125 0.8949387453125001 0.2374774390625 0.8991634484375 0.21381178125 0.8978248640625001 0.2006514296875 0.8863350203125 0.20432138437499997 0.8879074953125 0.2376001703125 0.884375 0.2494389890625
1 0.874461215625 0.2069298578125 0.8705815703124999 0.20086410312499997 0.8610990734375001 0.20623700937499997 0.8657078421875 0.2450030671875 0.8609375 0.27241969843749997 0.8609375 0.2878321109375 0.862855371875 0.30366395 0.868077859375 0.3171875 0.879271909375 0.3171875 0.8800705578125001 0.3166930234375 0.880778265625 0.3108257 0.880778265625 0.268583146875 0.8743015921874999 0.2445526890625 0.874461215625 0.2069298578125
1 0.8333378359375001 0.2050044265625 0.833080621875 0.2396173875 0.8296875 0.2535350421875 0.8296875 0.3234375 0.8394798171875 0.3234375 0.8419945562500001 0.32202200468750003 0.8478466734375001 0.2994720015625 0.8490112906249999 0.27724977968750003 0.8441442734375 0.2512979328125 0.8475992765625 0.21507756093750002 0.846691875 0.20268682187499998 0.8433582203125001 0.1994604359375 0.8333378359375001 0.2050044265625
1 0.80798128125 0.1994132015625 0.8035955187500001 0.2071020890625 0.8055029156250001 0.24457481718750002 0.8 0.2714001703125 0.8 0.31203007031249996 0.8053318734375001 0.3296875 0.8138423093749999 0.3296875 0.8243553953125 0.302680884375 0.822383353125 0.27076371093749996 0.8171731843749999 0.24860512343750002 0.8198563171875 0.2194111859375 0.81423128125 0.1993404765625 0.80798128125 0.1994132015625
1 0.0540639015625 0.41875 0.0561703625 0.43857561250000004 0.0440237296875 0.5317675359375 0.04375 0.5412043718749999 0.04375 0.5824133390624999 0.05245333906250001 0.635702378125 0.0686804875 0.6895417609375001 0.07368397812500001 0.6953125 0.084238009375 0.6953125 0.0969697015625 0.69390513125 0.10588689531249999 0.6868106812500001 0.10988768593750001 0.6763326484375 0.11722741562500001 0.619306384375 0.118118090625 0.5499028515625 0.1100965625 0.5042467953124999 0.08455411874999999 0.4325291328125 0.084023478125 0.41875 0.0540639015625 0.41875