1 0.4591408078125 0.45 0.45641567343749995 0.41888113593750004 0.44504635 0.3667552625 0.44697770156249994 0.3000067078125 0.45481453437499997 0.225211425 0.447812421875 0.20186485312500002 0.440944025 0.197292740625 0.43064162968749997 0.197292740625 0.42686425000000006 0.19798159843750002 0.41511636249999995 0.22034552500000001 0.4130054921875 0.260623303125 0.415436546875 0.3039245203125 0.4118893296875 0.35666135625 0.403125 0.3873666234375 0.403125 0.45 0.4591408078125 0.45
1 0.4802683734375 0.45 0.4933155625 0.42116237187500005 0.49429074218749997 0.387847221875 0.4906107390625 0.3488674140625 0.47765270312499997 0.293002734375 0.4763406921875 0.24991081093749998 0.47990203124999997 0.1749835453125 0.4749087484375 0.16028201875 0.4652034921875 0.153125 0.461691228125 0.153125 0.4494898421875 0.16455215625 0.4484375 0.1699719875 0.4484375 0.1896502859375 0.45696296875 0.2230673265625 0.45179873125 0.30490266875 0.4523214109375 0.349365296875 0.47383827500000003 0.45 0.4802683734375 0.45
1 0.498130396875 0.3563596953125 0.5009169921875001 0.3132950484375 0.4883920546875 0.23015261874999998 0.495721809375 0.139838478125 0.488327290625 0.12257281874999999 0.48057947968750003 0.12127483750000001 0.4703933796875 0.1304162484375 0.4703125 0.13078520625 0.4703125 0.1565049578125 0.4778277234375 0.171973828125 0.47530487031249996 0.2261404953125 0.471015475 0.25117685624999997 0.470831384375 0.2886586765625 0.4818535234375 0.3537728203125 0.484949971875 0.3984375 0.48585066875000005 0.3984375 0.498130396875 0.3563596953125
1 0.33448164375 0.45 0.3444921953125 0.44087664687499994 0.3595949 0.3764279140625 0.3617766296875 0.316514375 0.35160814687499997 0.263977575 0.35027228906249996 0.240111371875 0.3596066671875 0.15842201875 0.3574288609375 0.1456669265625 0.351702346875 0.1361501375 0.3368417078125 0.1361501375 0.3294536484375 0.1517682078125 0.326608146875 0.2619368421875 0.3265625 0.2620910296875 0.3265625 0.44949276875 0.33029057968750003 0.45 0.33448164375 0.45
1 0.32598018125 0.45 0.3286130515625 0.425197246875 0.3216265375 0.356550159375 0.3113906375 0.30721100625000003 0.31754103906250003 0.191978728125 0.309619909375 0.1716382203125 0.293174640625 0.1716382203125 0.2851813578125 0.1803453984375 0.28115071875000003 0.19960783124999998 0.2848131765625 0.2555274078125 0.2825540640625 0.3208506859375 0.278125 0.3418342046875 0.278125 0.45 0.32598018125 0.45
1 0.2323183796875 0.45 0.2323183796875 0.3208920109375 0.21536620625 0.271495134375 0.2085179390625 0.1673102828125 0.1995463265625 0.15392490781249998 0.1847025765625 0.153579415625 0.178125 0.171718565625 0.178125 0.1815046859375 0.189853159375 0.24870921250000003 0.1917137125 0.28065365781249996 0.18441642187500001 0.342899084375 0.18528072812500002 0.3845293828125 0.1894041375 0.415139490625 0.1989285078125 0.45 0.2323183796875 0.45
1 0.733508378125 0.45 0.7179139421875 0.3758641921875 0.7337225546875 0.2416364109375 0.7297861812499999 0.2210791703125 0.7153758859374999 0.205015525 0.7066789265625 0.205015525 0.6973863796875 0.2055055234375 0.6803593265625001 0.2314394203125 0.6811874875 0.3591387515625 0.6578125 0.4403926109375 0.6578125 0.45 0.733508378125 0.45
1 0.8600976515625 0.45 0.841082725 0.3690247734375 0.8504875000000001 0.25668230625 0.846823371875 0.24183487499999998 0.8312896109375 0.22578854375000001 0.812507409375 0.23088718749999998 0.8017697015625 0.25001258125 0.80723611875 0.384844396875 0.7879433765625 0.45 0.8600976515625 0.45
1 0.9457112000000001 0.45 0.9307674296874999 0.3800179 0.9434234171875 0.26922952499999997 0.9402749484375 0.25635803125 0.9289585140625001 0.24450358906249997 0.9112866484375001 0.2483972578125 0.8996734171874999 0.26973860312500003 0.8993455640625001 0.3840715671875 0.88125 0.444439996875 0.88125 0.45 0.9457112000000001 0.45
1 1 0.45 1 0.256108896875 0.994223959375 0.256108896875 0.9886401062499999 0.258060175 0.97932674375 0.27307959375 0.974548509375 0.3859318296875 0.9671875 0.40569465156250006 0.9671875 0.45 1 0.45
1 0.623518753125 0.45 0.60694364375 0.372135515625 0.6211933625 0.2545639625 0.6129784609375 0.2291101828125 0.6046476484375 0.223553609375 0.5916428437500001 0.223553609375 0.5843143937499999 0.2255906671875 0.5726152296875 0.2480345609375 0.5714280453125 0.38116710781249996 0.5515625 0.43452423125 0.5515625 0.45 0.623518753125 0.45
1 0.652779296875 0.45 0.6368750000000001 0.3864794734375 0.6431250000000001 0.2739333484375 0.635 0.2564056734375 0.625 0.2527156359375 0.6168750000000001 0.3754093640625 0.621875 0.3827894375 0.620625 0.399394603125 0.6332956015625 0.45 0.652779296875 0.45
1 0.7890850421875 0.45 0.805625 0.3883244921875 0.805625 0.3163687734375 0.8 0.263785746875 0.790625 0.2794684046875 0.795625 0.3883244921875 0.778531071875 0.45 0.7890850421875 0.45
1 0.51875 1 0.51875 0.8786536343750001 0.517765340625 0.872297696875 0.5113889734375 0.8028665796875 0.502326296875 0.729211290625 0.490649525 0.691048315625 0.47012670468750006 0.6983795 0.4477230203125 0.7667270296875 0.45180969375 0.8234185093749999 0.4501932390625 0.8787578734375 0.4393880109375 0.904416165625 0.4203125 0.9383226359375 0.4203125 1 0.51875 1
1 0.3972201296875 1 0.3990129515625 0.9657293640625 0.3812911859375 0.8510404703125001 0.3985694203125 0.7392085984375 0.390942009375 0.7153805953125 0.38398895624999996 0.710489059375 0.36510310625 0.710489059375 0.36233181718749996 0.7111887359375 0.349959228125 0.7333841546875 0.3448931125 0.8666336296875 0.3296875 0.9041651046875 0.3296875 1 0.3972201296875 1
1 0.310394940625 1 0.30962873750000003 0.9417683234374999 0.2919019953125 0.86488489375 0.30455798125 0.7546206140624999 0.3015813796875 0.737797034375 0.28737672187499996 0.7231340296875001 0.278882165625 0.7231340296875001 0.2701790109375 0.725792928125 0.25981578125000004 0.74646460625 0.2609957265625 0.8556847171874999 0.246875 0.90064293125 0.246875 1 0.310394940625 1
1 0.24216421875 1 0.24216421875 0.8994555656250001 0.2302754921875 0.8619396625 0.23165026718749998 0.756948175 0.222504396875 0.7392313859375 0.2134320171875 0.7334926734375 0.19989693749999998 0.7368626765625 0.1914353484375 0.7523271265625 0.20174041250000002 0.864960534375 0.18539405625 0.9272256562500001 0.1828125 0.9668655703125001 0.1828125 0.9681739015625 0.18645821875 1 0.24216421875 1
1 0.43490434218749996 1 0.43557692187499997 0.98858350625 0.43461538437499997 0.96161785 0.43076923125000005 0.9488446453125 0.426923078125 0.9332329515625 0.423076921875 0.9076865421874999 0.41826923125000004 0.8878171125 0.4173076921875 0.8580129687500001 0.42019230781249994 0.818274109375 0.423076921875 0.7785352515625 0.41826923125000004 0.74873110625 0.4009615390625 0.745892615625 0.39519230781250003 0.7714390265625 0.39326923125 0.8111778843749999 0.391346153125 0.8466590093749999 0.3923076921875 0.8679476828125001 0.39519230781250003 0.8835593781250001 0.4009615390625 0.8991710718749999 0.40576923125000003 0.9147827671875 0.409615384375 0.9332329515625 0.4134615390625 0.9672948296874999 0.42232463906250006 1 0.43490434218749996 1
1 0.7378386171875 0.45 0.7359375 0.4569936171875 0.7359375 0.540625 0.7411935609375 0.540625 0.7455288140625 0.5394280265625 0.7526717015625 0.5077701859375 0.7537635296875 0.48693685625 0.7488222046875 0.45 0.7378386171875 0.45
1 0.7738055609375 0.45 0.7738758265625 0.4565533828125 0.76875 0.48295269375 0.76875 0.5360524984375 0.7731428015625 0.553125 0.7801458968749999 0.553125 0.7850370343749999 0.5526594734375 0.793067703125 0.5153413109375 0.79242381875 0.491712015625 0.7856107375000001 0.4540483625 0.7857915015625 0.45 0.7738055609375 0.45
1 0.8767224468749999 0.45 0.8773773031250001 0.4730185203125 0.875 0.48073366406249995 0.875 0.5578125 0.8844820671875 0.5578125 0.8876878671874999 0.553410440625 0.8937338265625 0.52418923125 0.8943757250000001 0.49364276562500004 0.8878569953125 0.46595589375 0.8897566375 0.45 0.8767224468749999 0.45
1 0.8053129468750001 0.45 0.8053180125000001 0.4502839953125 0.8046875 0.4528776984375 0.8046875 0.559375 0.8112067812499999 0.559375 0.8148227234375 0.5530758859375 0.823975003125 0.5049111859375 0.8176520703125 0.463868134375 0.8191799640624999 0.45 0.8053129468750001 0.45
1 0.84637160625 0.45 0.8467647062499999 0.46422843281250004 0.8456048234375 0.47838822968750006 0.84315435 0.48802681249999996 0.840625 0.4935942890625 0.840625 0.5668274765625 0.8413421515625 0.5671875 0.8552498484375001 0.5671875 0.8573671546874999 0.5629250390625 0.8634131140625 0.5340313890624999 0.86341380625 0.5114370375 0.8590258796875 0.4874692125 0.8579244156250001 0.4668641921875 0.8603918078125 0.45 0.84637160625 0.45
1 0.8458138375 0.45 0.8464226125 0.45474323906249997 0.8421875 0.483220221875 0.8421875 0.5178118734375 0.8424930046875 0.5212280687499999 0.8498715640625001 0.5484375 0.854182625 0.5484375 0.8525151531249999 0.5325573859375 0.8473954984375001 0.5116331328125 0.8543436921875 0.4701846703125 0.8521385234375 0.45 0.8458138375 0.45
1 0.8740748187499999 0.45 0.8671875 0.47717758125 0.8671875 0.507767859375 0.8682204578124999 0.51875 0.871185421875 0.51875 0.87177734375 0.5176770234375 0.87333984375 0.494011346875 0.88037109375 0.4659880328125 0.88037109375 0.452099146875 0.8799386343750001 0.45 0.8740748187499999 0.45
1 0.909661865625 0.45 0.91015625 0.459375 0.90234375 0.4982638890625 0.903125 0.521875 0.9078125 0.5454861109375 0.91171875 0.5538194437499999 0.920703125 0.553125 0.92421875 0.546875 0.9296875 0.5177083328125 0.9296875 0.494097221875 0.92109375 0.45798611093749997 0.921528478125 0.45 0.909661865625 0.45
1 0.9398046875 0.45 0.93984375 0.45104166718750005 0.93203125 0.487152778125 0.93203125 0.50381944375 0.934375 0.5232638890625 0.9375 0.5385416671875001 0.94140625 0.546875 0.948046875 0.5461805562500001 0.95234375 0.54131944375 0.9546875 0.534375 0.95859375 0.5052083328125 0.9578125 0.48020833281249997 0.950088778125 0.45 0.9398046875 0.45
1 0.59341430625 0.45 0.58515625 0.4927083328125 0.58828125 0.5260416671875 0.59140625 0.5399305562500001 0.59609375 0.5454861109375 0.60625 0.54131944375 0.6125 0.50381944375 0.61171875 0.481597221875 0.60399116875 0.45 0.59341430625 0.45
1 0.5590543921875 0.45 0.56015625 0.5538194437499999 0.5671875 0.5482638890625 0.571875 0.5177083328125 0.57109375 0.48993055625000004 0.56328125 0.45798611093749997 0.563545496875 0.45 0.5590543921875 0.45
0 0.793359375 0.7364583328125001 0.8015625 0.7413194437499999 0.812890625 0.7420138890625 0.819921875 0.7364583328125001 0.8296875 0.719097221875 0.8359375 0.6927083328125001 0.83125 0.6621527781250001 0.820703125 0.6447916671875 0.807421875 0.637847221875 0.787109375 0.6489583328124999 0.78046875 0.6649305562500001 0.77734375 0.6857638890625 0.7828125 0.719097221875 0.793359375 0.7364583328125001