1 0.3554428640625 0.156499109375 0.35 0.1802963328125 0.35 0.23125 0.373306296875 0.23125 0.375445978125 0.226322040625 0.37556833749999996 0.19292803593750002 0.368463696875 0.1572574875 0.371901571875 0.10364479062500001 0.36686933125 0.09082626875000001 0.3589598296875 0.093149021875 0.355852740625 0.0999266234375 0.3554428640625 0.156499109375
2 0.51875 0.2292446046875 0.35135734687500003 0.22784461718750001 0.29061395 0.23083924687500001 0.144291196875 0.22644057812499999 0.1396721875 0.22644057812499999 0.1328125 0.2296935796875 0.1328125 0.2767747015625 0.1337331859375 0.2914756609375 0.1358779953125 0.302604953125 0.13761125937500002 0.3046875 0.2658258015625 0.3046875 0.326690621875 0.3034372171875 0.37929478906249997 0.304049321875 0.38026850625 0.3046875 0.389850678125 0.3046875 0.3938295953125 0.30329308906249997 0.4083748890625 0.3046875 0.4498304796875 0.3046875 0.46039921093749997 0.3022169734375 0.505190878125 0.302738171875 0.5076494671875 0.299990696875 0.51875 0.3002714640625 0.51875 0.2292446046875
1 0.9947916671874999 0.36875 0.9947916671874999 0.3671296296875 0.9927083328125 0.3365740734375 0.9973958328125001 0.30509259218749996 0.996875 0.259722221875 0.9940104171874999 0.2546296296875 0.9875 0.259722221875 0.9880208328125001 0.2995370375 0.9828125 0.32824074062499997 0.9828125 0.34398148125 0.9854166671875 0.358796296875 0.9880295140625 0.36875 0.9947916671874999 0.36875
1 0.9764897375 0.36875 0.9807291671874999 0.34027777812500004 0.9796875 0.3254629625 0.9739583328125001 0.30046296250000004 0.975 0.26435185156249996 0.9700520828125001 0.25648148125 0.9640625 0.26342592656249997 0.9645833328125001 0.30416666718749996 0.9588541671874999 0.3375 0.9619791671875 0.3671296296875 0.9626627609374999 0.36875 0.9764897375 0.36875
1 0.9470679015624999 0.36875 0.9510416671874999 0.3449074078125 0.9510416671874999 0.3263888890625 0.9453125 0.2995370375 0.946875 0.26342592656249997 0.9434895828125001 0.25648148125 0.9393229171874999 0.25555555625 0.9359375 0.2615740734375 0.9364583328125 0.2995370375 0.9317708328125001 0.3291666671875 0.9322916671874999 0.34861111093749997 0.9368229171875001 0.36875 0.9470679015624999 0.36875
1 0.6684733078125 0.36875 0.6713541671875001 0.3550925921875 0.6708333328125 0.33194444375 0.6651041671875 0.309722221875 0.665625 0.26898148125 0.6606770828124999 0.2629629625 0.6546875 0.26898148125 0.6557291671875001 0.309722221875 0.65 0.3365740734375 0.6510416671875 0.36157407343750003 0.652817709375 0.36875 0.6684733078125 0.36875
1 0.720698640625 0.36875 0.723159578125 0.3541666671875 0.7226387453124999 0.34120370312500004 0.7158679109375 0.3134259265625 0.7174304109375 0.27453703749999997 0.7135241609375 0.2666666671875 0.708315828125 0.2666666671875 0.704409578125 0.27453703749999997 0.7064929109375 0.3143518515625 0.7018054109375 0.33101851875 0.699722078125 0.3495370375 0.70152329375 0.36875 0.720698640625 0.36875
1 0.776002171875 0.36875 0.77804675625 0.35751511406250003 0.7775259234374999 0.339922521875 0.7707550890625 0.31121881875 0.77179675625 0.2723299296875 0.76789050625 0.2653854859375 0.7626821734375 0.2663114109375 0.75929675625 0.27418178125 0.7613800890625 0.31214474375 0.75460925625 0.346404003125 0.75617175625 0.3686262265625 0.756207959375 0.36875 0.776002171875 0.36875
1 0.748653603125 0.36875 0.749722078125 0.36157407343750003 0.748159578125 0.334722221875 0.7435154484375 0.3167637125 0.7439929109375 0.2986111109375 0.7429512453125 0.27453703749999997 0.7369616609375 0.2666666671875 0.7314929109375 0.27453703749999997 0.732534578125 0.3134259265625 0.7257637453125 0.346759259375 0.7257637453125 0.365277778125 0.7263062796875 0.36875 0.748653603125 0.36875
1 0 0.36875 0 1 0.4560899 1 0.46202296406250004 0.9947348937499999 0.496363246875 0.9528960046874999 0.51874916875 0.8947040718749999 0.51875 0.8946201609374999 0.51875 0.8307029499999998 0.49326307343750003 0.772662471875 0.411135109375 0.680983934375 0.32086726250000003 0.598225371875 0.2960508 0.5466782828125 0.2922363203125 0.5214052671875 0.29850616875 0.47636578281249997 0.31604089687500003 0.4225883375 0.3423491875 0.36875 0 0.36875
1 0.7449796187500001 1 0.7464142625 0.9768775296874999 0.7700204312500001 0.8389070937499999 0.7742019890625 0.7639980984375001 0.7632297734375 0.71952005625 0.744003253125 0.6984375 0.7184216875 0.6984375 0.7022922734375 0.7159708515625001 0.691989690625 0.7419873203125 0.685938096875 0.7807768046875 0.68153330625 0.9965838140625 0.6811561484374999 1 0.7449796187500001 1
1 0.6260569859375 1 0.6265625 0.99921875 0.653125 0.85859375 0.653125 0.80078125 0.6359375 0.68359375 0.6484375 0.51171875 0.640625 0.48515625 0.62890625 0.475 0.6125 0.48203125 0.6046875 0.50078125 0.6015625 0.67734375 0.5703125 0.80859375 0.575 0.94921875 0.5828125 0.99765625 0.58515625 1 0.6260569859375 1