1 0.05642750625 0.1380849359375 0.048615006249999995 0.13817584375 0.0458079046875 0.1444576609375 0.048609681249999995 0.172199078125 0.0453125 0.1882720234375 0.0453125 0.253442878125 0.046730629687500004 0.259375 0.047982432812499996 0.259375 0.056998848437500006 0.256812209375 0.062823146875 0.2261930203125 0.0622843140625 0.20536877812499998 0.0563252140625 0.180441503125 0.0590891546875 0.14430311875 0.05642750625 0.1380849359375
0 0.1184874234375 0.393542625 0.096784871875 0.3746676328125 0.0827870171875 0.3801413765625 0.0734375 0.40268690625000003 0.0734375 0.4307420234375 0.074505653125 0.440505771875 0.0900636765625 0.4640625 0.1049703203125 0.4640625 0.1125659703125 0.45530954843749993 0.11906922499999999 0.44354262499999997 0.1221734765625 0.42591044531250005 0.1221734765625 0.41888481093749996 0.1184874234375 0.393542625
1 0.36311108281250004 0.1491984140625 0.3560798328125 0.14956690625 0.3523219109375 0.1656824296875 0.3512755984375 0.194297978125 0.35 0.20264116250000003 0.35 0.2734375 0.35865496874999997 0.2734375 0.363813153125 0.25367056093749996 0.366646628125 0.23936632812499997 0.3663744828125 0.225851840625 0.3646547171875 0.21149882031249997 0.3627748171875 0.196971778125 0.365801296875 0.1739564 0.3669184359375 0.1566121125 0.36311108281250004 0.1491984140625
1 0.33324043593749997 0.146216365625 0.32880211875 0.14140525312500002 0.3223423265625 0.1487119765625 0.32118758281250004 0.16332476406250002 0.32191239843749997 0.18663959375 0.3203125 0.197433084375 0.3203125 0.2542947921875 0.32410891875000003 0.2640625 0.3355346421875 0.2640625 0.336282603125 0.2601668546875 0.336282603125 0.20637255156249998 0.3345336375 0.19066080937500002 0.3331525703125 0.17273125 0.33512623750000003 0.15730929531249999 0.33324043593749997 0.146216365625
1 0.295302878125 0.13769160625000001 0.2880776203125 0.1410738046875 0.286790975 0.1595772140625 0.284375 0.174117859375 0.284375 0.259315165625 0.2909597921875 0.25795565625 0.295762678125 0.2423805328125 0.29810267968750004 0.2263616640625 0.29730786249999996 0.2008021609375 0.295889990625 0.1788390546875 0.2991100296875 0.1603666546875 0.2993449921875 0.14282807343749998 0.295302878125 0.13769160625000001
1 0.446668209375 0.16733903125 0.4461778984375 0.1515446453125 0.443995959375 0.142696684375 0.4374440875 0.142696684375 0.433858821875 0.150539046875 0.434000584375 0.1674302921875 0.4330086125 0.1876110171875 0.43125 0.196528865625 0.43125 0.266434175 0.4339345203125 0.26875 0.4365852015625 0.26875 0.44196372500000003 0.2637318859375 0.44518224687499997 0.2510535203125 0.44884175624999995 0.2232194234375 0.44720228281249996 0.20339263125 0.44514893125 0.1869079796875 0.446668209375 0.16733903125
1 0.4815411140625 0 0.4820116484375 0.0709042046875 0.4723992265625 0.0963044640625 0.46875 0.11576901718749999 0.46875 0.333641175 0.47429358437499997 0.3464349046875 0.478254140625 0.3484375 0.50629573125 0.3484375 0.5108376296875 0.34639748125000003 0.517154634375 0.327101628125 0.5267270796875 0.2843838953125 0.5303386437500001 0.2627287625 0.5284020953125 0.23370764375 0.5321261749999999 0.161449034375 0.52713226875 0.1117765203125 0.5170547125 0.0720445515625 0.5239127703124999 0 0.4815411140625 0
1 0.56514575 0 0.5705556328125 0.0405300375 0.561144903125 0.129618921875 0.5692347390625 0.1684532671875 0.5767684859375001 0.2545643796875 0.58089814375 0.29131753125 0.591906728125 0.3113906421875 0.5966199999999999 0.315625 0.6112953375 0.315625 0.6112953375 0.067420075 0.6033681328125 0.040148229687499995 0.6000873078125 0.0026482296875 0.6001691109375 0 0.56514575 0
1 0.616613278125 0 0.6171875 0.0123676546875 0.60390625 0.07648836875000001 0.603125 0.09872422812500001 0.61171875 0.1513520015625 0.60859375 0.250017659375 0.61328125 0.27354695 0.6187429421874999 0.284375 0.6521415046875 0.284375 0.655859375 0.2818315234375 0.66328125 0.2643408640625 0.6703125 0.2086625765625 0.66875 0.1031342953125 0.6484375 0.011822184375 0.6484375 0 0.616613278125 0
1 0.6864433390625 0 0.678125 0.06526957343749999 0.678125 0.073410240625 0.687604796875 0.1224217984375 0.6954769953125 0.23063673125 0.7046101515625001 0.253125 0.737940946875 0.253125 0.73959815 0.2507534125 0.73959815 0.0452361546875 0.7246606 0 0.6864433390625 0
0 0.7971682890625 0.5 0.7986904406249999 0.4762471578125 0.7958720265625 0.44732615156250005 0.7850828890624999 0.40913330312499996 0.7755595609375 0.3937138203125 0.73689265 0.36528733125 0.701291378125 0.3740742359375 0.67886256875 0.39601304531250003 0.6546875 0.44168223749999996 0.6546875 0.5 0.7971682890625 0.5
1 0.2689919046875 1 0.2726429171875 0.9727885140625 0.270035075 0.9283804328125 0.25622747968750004 0.8618834578125 0.25712540625 0.8294699890625001 0.2616799421875 0.7960881734375 0.2613853640625 0.7766497890625 0.2559471 0.751716453125 0.251611596875 0.7438975984375 0.24591475156249998 0.7411864828125 0.23598659687499998 0.7440794093750001 0.22929840625 0.75943294375 0.2288566671875 0.7973959078125 0.23213617968750003 0.828834965625 0.2323553390625 0.85475483125 0.21875 0.913613490625 0.21875 1 0.2689919046875 1
1 0.46875 0.8907706937500001 0.45585275000000003 0.8308634296875 0.4578320171875 0.777174875 0.4569340875 0.7447644390624999 0.4481733390625 0.7303625890625 0.4362049484375 0.7312188234375 0.42932992187499996 0.7446038421875001 0.428568384375 0.7686718562499999 0.43377304062500005 0.8131435703125 0.4341178140625 0.8427731999999999 0.4242290796875 0.8880829703125 0.4234375 0.894454446875 0.4234375 0.9597942374999999 0.43041515781250006 1 0.4670218859375 1 0.468664946875 0.9920381734374999 0.46875 0.9912295343749999 0.46875 0.8907706937500001
1 0.4073599546875 1 0.4073599546875 0.8928757078124999 0.3939786203125 0.8419123015625001 0.393594859375 0.75605628125 0.38642419375000003 0.7393211359375 0.3808129328125 0.737078884375 0.3726546859375 0.737078884375 0.365130303125 0.745427125 0.36346198125 0.7554422484375 0.3721036203125 0.8401266609375 0.361572871875 0.900174890625 0.3609375 0.9132969953125001 0.3609375 0.9372317750000001 0.3813710125 0.9783872296875 0.3862296953125 1 0.4073599546875 1
1 0.32890729687500003 0.7692538437499999 0.323025540625 0.7381852265625 0.3157934890625 0.7308175921875 0.310905034375 0.7308175921875 0.30254691875 0.7333855640625 0.29835778125 0.7428117875 0.29689398906250003 0.7751797265625 0.2993813296875 0.8152708078125 0.2985461375 0.8439745109375 0.2890625 0.8809488 0.2890625 0.9515625 0.2892671671875 0.9515625 0.29486865624999997 0.9434523484374999 0.3044591875 0.9367553359375 0.32126056406250003 0.9333886312499999 0.3331858453125 0.9361482109375 0.335103059375 0.9330456 0.33231936093750003 0.90313970625 0.32242364375 0.8485677421875 0.32890729687500003 0.7692538437499999
1 0.1924271734375 1 0.1941325921875 0.992570746875 0.1972345953125 0.9674737140625 0.19745270625 0.911089265625 0.19467463125 0.8899627765625 0.18791853125 0.8644007234375 0.186627496875 0.8450533124999999 0.1929824234375 0.7911555421875001 0.1937443625 0.7596983187499999 0.19178158125 0.7440788703125 0.1820214828125 0.7348296828125 0.1768131484375 0.7350722656249999 0.1698159421875 0.7409431765625 0.1640568625 0.7610810375 0.16113613437500002 0.79448714375 0.163536921875 0.8248728937500001 0.161393759375 0.864711965625 0.1515625 0.8993791109375 0.1515625 1 0.1924271734375 1
1 0.13892941875 1 0.13892941875 0.8758324046875 0.1332763296875 0.85788600625 0.129468953125 0.8143674875 0.1298744640625 0.7772880265625 0.1279764953125 0.761553346875 0.12004843750000001 0.7454253984375001 0.11078923125 0.740898796875 0.1061827390625 0.741879265625 0.10058080312499999 0.7493593984375 0.0984375 0.7586944734375 0.0984375 0.7635962234375 0.10096225781249998 0.7924543484375001 0.106112459375 0.8155661343749999 0.1097578203125 0.8572328 0.10207207812500001 0.9064462656250001 0.1010995109375 0.9370442421875002 0.10521948125 0.9722173078124999 0.11224418124999999 1 0.13892941875 1
1 0.0655824359375 1 0.0728515625 0.9552303953125 0.0712890625 0.9071095218749999 0.0572265625 0.8490216499999999 0.0572265625 0.8101327609375 0.06087239531250001 0.7758098625000001 0.06087239531250001 0.7535876390625 0.0564453125 0.7393130625 0.0486328125 0.7338938781250001 0.0376953125 0.73778849375 0.0322265625 0.7531617296875 0.0353515625 0.849403478125 0.0233723953125 0.9014644265625 0.021875 0.9206572328124999 0.021875 0.9513516734374999 0.0233723953125 0.9736866484375 0.028221004687500002 1 0.0655824359375 1
0 0.3765797078125 1 0.3765797078125 0.9953704203125 0.370386684375 0.974147771875 0.354634646875 0.950696059375 0.337212975 0.938996021875 0.318462975 0.9404168140625 0.3009348859375 0.953835171875 0.285077875 0.9824721125 0.284375 0.988738228125 0.284375 1 0.3765797078125 1
2 1 0.5665736390625 0.46875 0.654192209375 0.46875 1 0.620841125 1 1 0.8921458156250001 1 0.5665736390625