1 0.439453125 0.32083333281250004 0.425390625 0.322222221875 0.421875 0.3270833328125 0.425 0.384027778125 0.41484375 0.43541666718750005 0.41640625 0.46875 0.42265625 0.5006944437499999 0.426171875 0.50555555625 0.4359375 0.5048611109375 0.4421875 0.49791666718750005 0.45 0.4576388890625 0.44921875 0.43263888906250003 0.43828125 0.37986111093749997 0.4421875 0.3423611109375 0.439453125 0.32083333281250004
1 0.3920810453125 0.33307685781249996 0.386705940625 0.328831609375 0.3803354578125 0.3306004578125 0.3751594359375 0.3415673546875 0.378125 0.39791666718749996 0.3671875 0.45069444374999995 0.3671875 0.47430555625000004 0.3734375 0.51180555625 0.376953125 0.51805555625 0.38828125 0.5173611109375 0.39765625 0.5020833328125 0.403125 0.47430555625000004 0.4 0.43541666718750005 0.39140625 0.3951388890625 0.395067209375 0.34404374843749996 0.3920810453125 0.33307685781249996
1 0.351171875 0.322222221875 0.340234375 0.322222221875 0.33671875 0.32430555625 0.33515625 0.334027778125 0.3390625 0.384027778125 0.32890625 0.4270833328125 0.32734375 0.45208333281249996 0.3296875 0.47569444375 0.3375 0.5006944437499999 0.345703125 0.50555555625 0.353125 0.5048611109375 0.35703125 0.49652777812500004 0.3640625 0.45347222187499997 0.3609375 0.42291666718750004 0.3515625 0.384027778125 0.35546875 0.32847222187499997 0.351171875 0.322222221875
1 0.315625 0.32569444375 0.310546875 0.322222221875 0.298828125 0.3236111109375 0.29765625 0.340972221875 0.30078125 0.3548611109375 0.30078125 0.37152777812500004 0.29140625 0.40625 0.2890625 0.42430555625000005 0.28984375 0.44930555625 0.29375 0.47569444375 0.29765625 0.48819444375 0.303515625 0.49305555625 0.3140625 0.4923611109375 0.31796875 0.48125 0.32421875 0.44097222187499996 0.32265625 0.41180555625000004 0.3125 0.37013888906250003 0.3125 0.34930555625 0.315625 0.32569444375
1 0.2765625 0.3270833328125 0.275390625 0.3236111109375 0.265234375 0.3236111109375 0.2609375 0.3270833328125 0.2625 0.3604166671875 0.253125 0.403472221875 0.253125 0.43541666718750005 0.26015625 0.47430555625000004 0.263671875 0.4791666671875 0.275 0.478472221875 0.27890625 0.47430555625000004 0.28359375 0.45347222187499997 0.28671875 0.41180555625000004 0.28515625 0.396527778125 0.275 0.3576388890625 0.2765625 0.3270833328125
1 0.48671875 0.3229166671875 0.470703125 0.32083333281250004 0.46953125 0.33541666718749996 0.47265625 0.37013888906250003 0.46328125 0.409027778125 0.46171875 0.44236111093749997 0.4703125 0.4895833328125 0.473046875 0.49305555625 0.484375 0.4923611109375 0.48828125 0.48680555625000005 0.49453125 0.45625 0.49609375 0.42152777812500003 0.4921875 0.39791666718749996 0.484375 0.37013888906250003 0.48671875 0.3229166671875
1 0.5328125 0.32569444375 0.530859375 0.32083333281250004 0.519140625 0.32083333281250004 0.5171875 0.3270833328125 0.51875 0.35625 0.50859375 0.4048611109375 0.50859375 0.43402777812500004 0.515625 0.47291666718750003 0.519921875 0.477777778125 0.53046875 0.4770833328125 0.5328125 0.47430555625000004 0.534375 0.4548611109375 0.540625 0.43680555625000006 0.54140625 0.40625 0.53125 0.3576388890625 0.5328125 0.32569444375
1 0.4015625 0.3270833328125 0.399609375 0.3236111109375 0.39375 0.32847222187499997 0.39765625 0.33541666718749996 0.39765625 0.3395833328125 0.39140625 0.3854166671875 0.3921875 0.39930555624999997 0.39609375 0.41180555625000004 0.40234375 0.45069444374999995 0.40234375 0.47430555625000004 0.4046875 0.4770833328125 0.409375 0.45208333281249996 0.41015625 0.42291666718750004 0.40859375 0.409027778125 0.39921875 0.37152777812500004 0.4015625 0.3326388890625 0.4015625 0.3270833328125
1 0.3609375 0.32569444375 0.355859375 0.3236111109375 0.3546875 0.3270833328125 0.3546875 0.35069444375000003 0.35234375 0.365972221875 0.35234375 0.38680555625 0.3609375 0.4201388890625 0.3609375 0.428472221875 0.36328125 0.43680555625000006 0.3640625 0.459027778125 0.365625 0.459027778125 0.36640625 0.4451388890625 0.371875 0.4201388890625 0.37109375 0.4048611109375 0.365625 0.3770833328125 0.359375 0.35625 0.3609375 0.32569444375
1 0.44609375 0.32569444375 0.441796875 0.3236111109375 0.43828125 0.3826388890625 0.44765625 0.42291666718750004 0.44921875 0.4479166671875 0.4515625 0.45625 0.45546875 0.43958333281249995 0.45625 0.409027778125 0.45234375 0.3854166671875 0.44375 0.35208333281250004 0.44375 0.340972221875 0.44609375 0.32569444375
0 0.465234375 0.6166666671875001 0.447265625 0.60694444375 0.435546875 0.6083333328125 0.41640625 0.634027778125 0.4109375 0.659027778125 0.41171875 0.6854166671875 0.41953125 0.7104166671875001 0.429296875 0.725 0.442578125 0.734722221875 0.4515625 0.734027778125 0.465234375 0.7236111109375 0.475 0.70625 0.48125 0.684027778125 0.48125 0.659027778125 0.47421875 0.6298611109375 0.465234375 0.6166666671875001
1 0.0265625 0.3270833328125 0.012109375 0.325 0.0125 0.3604166671875 0.00390625 0.40208333281249997 0.003125 0.43819444374999994 0.01171875 0.4798611109375 0.015234375 0.4861111109375 0.0234375 0.48680555625000005 0.028515625 0.4861111109375 0.03203125 0.47291666718750003 0.0375 0.43541666718750005 0.0375 0.4048611109375 0.02578125 0.3604166671875 0.0265625 0.3270833328125