1 0.5890625 0 0.5890625 0.062479574999999996 0.5932291671875001 0.0825231484375 0.5966145828125 0.08854166718749999 0.6114583328125 0.0890046296875 0.62109375 0.0857638890625 0.6260416671875 0.0732638890625 0.6354166671875 0.0112268515625 0.6355920859374999 0 0.5890625 0
1 0.6361428296875 0 0.6354166671875 0.0167824078125 0.6276041671875 0.0714120375 0.6309895828125 0.07557870312500001 0.640625 0.0760416671875 0.6447916671875 0.0667824078125 0.6453125 0.057523148437500005 0.6395833328125 0.0010416671875 0.6380598953125001 0 0.6361428296875 0
1 0.6397109375000001 0 0.6395833328125 0.0056712968750000006 0.6463541671875 0.06493055625000001 0.6520833328125 0.088078703125 0.6575520828125 0.093171296875 0.6760416671875 0.0927083328125 0.6765625 0.0862268515625 0.6666666671875 0.0704861109375 0.659375 0.051041667187499994 0.6541666671875 0.0195601859375 0.654777921875 0 0.6397109375000001 0
1 0.7572916671875001 0 0.7572916671875001 0.018634259375 0.7536458328125 0.0445601859375 0.7395833328125 0.0797453703125 0.7395833328125 0.087152778125 0.74375 0.088078703125 0.76171875 0.0857638890625 0.7651041671875001 0.081597221875 0.7713541671875 0.053819443749999994 0.7770833328125 0.0019675921874999997 0.776996865625 0 0.7572916671875001 0
1 0.777030696875 0 0.7765625 0.0195601859375 0.7697916671875 0.06863425937499999 0.77109375 0.071875 0.7786458328125 0.0732638890625 0.7848958328125 0.0667824078125 0.7890625 0.050115740625 0.7965798609375 0 0.777030696875 0
1 0.8016183046875 0 0.8083333328125001 0.0417824078125 0.8161458328125001 0.07233796249999999 0.81953125 0.07835648125 0.840625 0.07881944375 0.8479166671874999 0.06770833281250001 0.8567708328125001 0.025115740625 0.8583120265625 0 0.8016183046875 0
1 0.88461143125 0 0.8859375 0.01493055625 0.89375 0.056597221875000006 0.89921875 0.069097221875 0.9104166671874999 0.0704861109375 0.9221354171874999 0.068171296875 0.9276041671874999 0.056597221875000006 0.935065715625 0 0.88461143125 0
0 0.6547688796875 0 0.6541666671875 0.0214120375 0.6604166671875 0.0547453703125 0.6716145828125 0.07835648125 0.6950520828125 0.0987268515625 0.709375 0.10011574062499999 0.7278645828125 0.09131944374999999 0.7372395828125 0.0829861109375 0.7458333328125 0.06863425937499999 0.7536458328125 0.046412037499999996 0.7572916671875001 0.0019675921874999997 0.7570626796875001 0 0.6547688796875 0
1 0.5303130375 0.26875 0.5278767156249999 0.27466799375 0.5336075890624999 0.3691488265625 0.5215298046875 0.42123524687499997 0.5192976921875 0.452997753125 0.52304385 0.4947371953125 0.5331127953125 0.5381566234375 0.53753820625 0.54375 0.5580342468749999 0.54375 0.5598208734375001 0.5421715703125 0.5609375 0.5323689593750001 0.5609375 0.4002438171875 0.554846915625 0.3729090625 0.5532455671875 0.34235350625 0.5569285421875 0.27879210312499997 0.554856521875 0.26899710625 0.554647228125 0.26875 0.5303130375 0.26875
2 0.5890625 0.7448968609375 0.176372165625 0.7448968609375 0 0.75350676875 0 0.9375 0.044728653125000004 0.9375 0.28822699375 0.926535165625 0.5890625 0.9195331421875 0.5890625 0.7448968609375
1 0.7965832734375 0.26875 0.80574180625 0.32617265 0.8106211703125 0.43093455625 0.7995514 0.500314678125 0.743016909375 0.7066144125 0.7317253499999999 0.77123263125 0.72767614375 0.87620235 0.7365705140625 0.9904049374999999 0.7388825296875 1 0.9642137703125 1 0.96295825 0.8230554281250001 0.9723646 0.71796101875 0.9765625 0.7002373765625001 0.9765625 0.5278971218749999 0.9470008218749999 0.4420614859375 0.939093103125 0.38742426874999997 0.9357776640625 0.277858896875 0.9361947734375 0.26875 0.7965832734375 0.26875
1 0.5890625 0.26875 0.5890625 1 0.6087168046875 1 0.6060267859375 0.9860119046874999 0.6006696421875 0.91220238125 0.6024553578125 0.7955357140625 0.6185267859375 0.7050595234375 0.6685267859375 0.5455357140625 0.6595982140625 0.50029761875 0.6595982140625 0.42886904687499994 0.6725808390625 0.26875 0.5890625 0.26875
1 0.6776240078125 0.26875 0.6935267859375001 0.40505952343749996 0.6899553578125 0.4764880953125 0.6828125 0.5193452375 0.6220982140625 0.702678571875 0.604241071875 0.8074404765625001 0.6078125 0.978869046875 0.611852240625 1 0.69565906875 1 0.6881696421875 0.9241071421874999 0.6935267859375001 0.802678571875 0.7095982140625 0.7145833328125 0.7899553578124999 0.4455357140625 0.791741071875 0.33125 0.7863324171875 0.26875 0.6776240078125 0.26875
1 1 0.26875 0.9409677921874999 0.26875 0.9542410718750001 0.378869046875 0.9542410718750001 0.4169642859375 0.9470982140625 0.4264880953125 0.9524553578124999 0.43363095312500005 0.9506696421875 0.49791666718749994 0.979241071875 0.5979166671874999 0.9845982140625 0.5979166671874999 1 0.553042328125 1 0.26875