1 0.609459371875 0 0.608896846875 0.006564446875 0.611922984375 0.05378666875 0.6255009609375 0.13141444375 0.6355385625000001 0.166000296875 0.643716971875 0.1776763046875 0.6454521 0.178125 0.6738796890625001 0.178125 0.675 0.1769009 0.675 0 0.609459371875 0
1 0.521296021875 0 0.521296021875 0.14375 0.5541352749999999 0.14375 0.5581415453125 0.138489565625 0.5709177640625 0.09753329375 0.5836453578125 0 0.521296021875 0
1 0.44632407343749997 0 0.44625129999999996 0.009375384375 0.46292677656250003 0.099834975 0.4744084328125 0.11316123281249998 0.4808345671875 0.1140625 0.5032757140624999 0.1140625 0.5121455265625 0.1004076875 0.5209872093750001 0.054683440625 0.5225487421875 0 0.44632407343749997 0
1 0.6899233796875001 0 0.6869770046875 0.023988203125 0.6876774125 0.071720928125 0.6872295796875 0.11227340156250001 0.6936395203125001 0.1490448734375 0.7010878515625001 0.1755197484375 0.710432528125 0.20292209843750003 0.7180558078124999 0.20625 0.751069640625 0.20625 0.759375 0.1719588453125 0.759375 0 0.6899233796875001 0
1 0.7534188890625 0 0.75155214375 0.0643692625 0.7454414953125 0.0949520890625 0.7416795859375 0.1421834015625 0.7456853625 0.148408403125 0.7468305390625 0.1484375 0.7681894671875 0.1484375 0.7756614671875 0.1336546265625 0.7910724515625 0.071081903125 0.7964326828125 0 0.7534188890625 0
1 0.806715978125 0 0.806715978125 0.114093678125 0.8113811546874998 0.154188140625 0.8195563671875 0.18125 0.8569050796875001 0.18125 0.8716101343750001 0.1545798421875 0.8857829109375001 0.0596937015625 0.8859375 0.0564161546875 0.8859375 0.0300230375 0.8833124765625 0.021956903125 0.8825226796875001 0 0.806715978125 0
1 0.0640625 1 0.0640625 0.831476803125 0.062089675 0.8187713234375 0.0481152625 0.78742025 0.045770882812500004 0.6280801015625 0.0367423 0.6000500953125 0.0206132671875 0.599204809375 0.0113582015625 0.6568953171875 0.019083003125 0.7858987328125 0.0020847828125 0.8523690500000001 0.0020725453125 0.9442245328125001 0.0117695703125 1 0.0640625 1
1 0.149963709375 1 0.1540826609375 0.98694401875 0.16053427343749999 0.9133243859375 0.1573084671875 0.8335697859375 0.1444052421875 0.7783550609375001 0.1444052421875 0.7108703984375 0.1508568546875 0.631115796875 0.1427923390625 0.6035084359375 0.1234375 0.6035084359375 0.11537298437500002 0.624980828125 0.11537298437500002 0.7660851234375 0.1024697578125 0.8151648765624999 0.0960181453125 0.9010544484375 0.0992439515625 0.9562691718749999 0.1069086015625 1 0.149963709375 1
1 0.19924395156250002 0.6004409515625 0.1944052421875 0.585103528125 0.175050403125 0.585103528125 0.1669858875 0.618845859375 0.17021169375 0.72927530625 0.16053427343749999 0.7783550609375001 0.16053427343749999 0.8581096625000001 0.16376008125 0.8642446312500001 0.16053427343749999 0.9439992328125001 0.168598790625 0.95933665625 0.1895665328125 0.9562691718749999 0.19924395156250002 0.9378642640624999 0.19924395156250002 0.9133243859375 0.2056955640625 0.8765145703125 0.2056955640625 0.79675996875 0.19279233906249998 0.7231403375000001 0.19924395156250002 0.6004409515625
1 0.2379536296875 0.8949194781250001 0.24440524218749998 0.8642446312500001 0.2476310484375 0.78449003125 0.24440524218749998 0.7783550609375001 0.2411794359375 0.72927530625 0.23472782187500002 0.7047354296874999 0.2379536296875 0.5759010734375 0.23311491874999998 0.5666986203125 0.22021169375 0.5666986203125 0.212147178125 0.5820360421874999 0.212147178125 0.6004409515625 0.2089213703125 0.6065759203125001 0.2089213703125 0.624980828125 0.212147178125 0.631115796875 0.212147178125 0.6986004593749999 0.2056955640625 0.7231403375000001 0.2056955640625 0.8028949390625 0.2089213703125 0.8090299078125 0.2056955640625 0.9010544484375 0.21376008125 0.9102569015625 0.228276209375 0.9071894171875 0.2379536296875 0.8949194781250001
1 0.25573084687500003 0.5296875 0.2476310484375 0.5759010734375 0.25085685468749996 0.59430598125 0.25085685468749996 0.6679256140625001 0.2411794359375 0.6986004593749999 0.2411794359375 0.7354102765625 0.2476310484375 0.7660851234375 0.2476310484375 0.8458397234374999 0.24440524218749998 0.8519746937499999 0.25246975781250003 0.8673121171875 0.2556955640625 0.861177146875 0.2589213703125 0.8673121171875 0.26376008125 0.8642446312500001 0.2734375 0.8519746937499999 0.2798891125 0.8028949390625 0.2798891125 0.7231403375000001 0.27021169375 0.6740605828125 0.2762846765625 0.5296875 0.25573084687500003 0.5296875
1 0.28311491875 0.5296875 0.28311491875 0.5390912578125 0.27666330625 0.557496165625 0.27666330625 0.618845859375 0.2798891125 0.624980828125 0.2798891125 0.64952070625 0.2734375 0.6740605828125 0.27666330625 0.7108703984375 0.2798891125 0.71700536875 0.2798891125 0.8090299078125 0.27666330625 0.8212998468749999 0.281502015625 0.8305023 0.29601814531250004 0.827434815625 0.3056955640625 0.8028949390625 0.3089213703125 0.6986004593749999 0.2992439515625 0.6617906437500001 0.3024697578125 0.5452262265625001 0.2976310484375 0.529888803125 0.29440524218749997 0.5360237734375 0.2895665328125 0.5329562890624999 0.2893755609375 0.5296875 0.28311491875 0.5296875
1 0.30741431406249997 0.5296875 0.3056955640625 0.5329562890624999 0.3056955640625 0.5513611968750001 0.3024697578125 0.557496165625 0.3024697578125 0.6065759203125001 0.3056955640625 0.6127108890625 0.3056955640625 0.631115796875 0.3024697578125 0.6372507671875 0.3024697578125 0.6740605828125 0.3089213703125 0.6986004593749999 0.3089213703125 0.7722200921875 0.3056955640625 0.7783550609375001 0.3056955640625 0.79675996875 0.325050403125 0.79675996875 0.328276209375 0.790625 0.328276209375 0.7660851234375 0.334727821875 0.7415452453125 0.334727821875 0.6740605828125 0.325050403125 0.631115796875 0.325050403125 0.6065759203125001 0.328276209375 0.6004409515625 0.328276209375 0.5329562890624999 0.32655745937499997 0.5296875 0.30741431406249997 0.5296875
1 0.3390625 0.5296875 0.328276209375 0.5296875 0.328276209375 0.6127108890625 0.325050403125 0.618845859375 0.325050403125 0.631115796875 0.334727821875 0.6679256140625001 0.334727821875 0.7415452453125 0.3390625 0.7415452453125 0.3390625 0.5296875
1 0.0039768140624999995 0.5296875 0.0056955640625 0.5329562890624999 0.0056955640625 0.563631134375 0 0.56002045 0 0.8184240812500001 0.012147178125 0.7722200921875 0.012147178125 0.7476802140625 0.0089213703125 0.7415452453125 0.012147178125 0.7354102765625 0.0089213703125 0.7231403375000001 0.0089213703125 0.6433857359374999 0.012147178125 0.6372507671875 0.015372984375 0.5881710124999999 0.0089213703125 0.5759010734375 0.012147178125 0.5329562890624999 0.010428428125 0.5296875 0.0039768140624999995 0.5296875
1 0.078276209375 0.5789685578125 0.07021169375 0.6004409515625 0.0734375 0.686330521875 0.060534273437499994 0.78449003125 0.060534273437499994 0.8519746937499999 0.06376008125 0.8581096625000001 0.06376008125 0.91945935625 0.07182459687500001 0.9347967796875001 0.09279233906249999 0.9317292937499999 0.0960181453125 0.9255943249999999 0.0960181453125 0.8458397234374999 0.1089213703125 0.7722200921875 0.0960181453125 0.71700536875 0.0992439515625 0.6065759203125001 0.0911794359375 0.5789685578125 0.078276209375 0.5789685578125
1 0.060534273437499994 0.5820360421874999 0.060534273437499994 0.563631134375 0.0556955640625 0.55442868125 0.046018145312499995 0.55442868125 0.037953629687500004 0.563631134375 0.037953629687500004 0.5881710124999999 0.0444052421875 0.6127108890625 0.0444052421875 0.6679256140625001 0.060534273437499994 0.6679256140625001 0.06376008125 0.5881710124999999 0.060534273437499994 0.5820360421874999
1 0.047631048437500004 0.790625 0.0556955640625 0.8059624234375 0.0573084671875 0.8028949390625 0.060534273437499994 0.790625 0.060534273437499994 0.7722200921875 0.06376008125 0.7660851234375 0.06376008125 0.7476802140625 0.0669858875 0.7415452453125 0.0669858875 0.692465490625 0.0589213703125 0.6709930984375 0.046018145312499995 0.6709930984375 0.0444052421875 0.7783550609375001 0.047631048437500004 0.790625
1 0.62752201875 0.94375 0.6456935484375 0.94375 0.6546875 0.9323038953125 0.6546875 0.777092871875 0.6352420453125001 0.7325116296875 0.6311471921875 0.6512543234375 0.62398249375 0.6349199875 0.6090422453125 0.627435171875 0.597315828125 0.6353854562500001 0.5931215140624999 0.648045265625 0.603267725 0.7369425421875 0.5887171375 0.8049705078125001 0.58860654375 0.8553188265625 0.5977522375 0.8938871796875001 0.6167739843750001 0.9303467453125001 0.62752201875 0.94375
1 0.9552982968750001 0.5296875 0.9489621249999999 0.54087038125 0.9509510031249999 0.6163185125 0.929494015625 0.6818239578125 0.9267458609375 0.73207530625 0.94118616875 0.7796256984375 0.9721073499999999 0.7890625 0.9781827484375001 0.7890625 0.996875 0.7492649828125 0.996875 0.6875723984375 0.9786837687500001 0.6127732640625 0.9822729515624999 0.5393240109375 0.97666268125 0.5296875 0.9552982968750001 0.5296875
1 0.7297496499999999 0.5296875 0.7260745046875 0.5384929296875 0.7270955859375 0.6119680390625 0.71148815 0.6614600656249999 0.71148815 0.7687690375 0.7246032484375 0.7966520218750001 0.7374233921875 0.8 0.7439032453125 0.8 0.754453090625 0.7877766578125 0.769408015625 0.7528828390625 0.775 0.71039490625 0.775 0.6874026265625 0.774032578125 0.677441171875 0.7558042984375 0.615668440625 0.75865708125 0.5305685203125 0.7577135640625 0.5296875 0.7297496499999999 0.5296875
1 0.8196166484375 0.9109375 0.8451635578125 0.9109375 0.8533591140624999 0.9022237546875 0.8672664062500001 0.8703520843749999 0.8336644968750001 0.8513431312499999 0.8299613000000001 0.84041015 0.832791240625 0.80576229375 0.8435662515625001 0.7939896109375 0.861310265625 0.7972709671875 0.8649136984375 0.7820496640625001 0.8691555687499999 0.7939918593749999 0.8703125 0.7874263578124999 0.8703125 0.7807648781250001 0.8533007171874999 0.71435028125 0.8569747140625001 0.6313465234375 0.848894596875 0.6162082921875001 0.8322616921874999 0.6130111312500001 0.8213516343750001 0.6325207578125001 0.8210109703124999 0.7157771 0.7976408312500001 0.779857221875 0.7971730406249999 0.7860756140625 0.7971730406249999 0.8562163390624999 0.799454865625 0.8671504265625 0.8170960734375001 0.9081914812499999 0.8196166484375 0.9109375
1 0.5144033718750001 0.5296875 0.5093202171875 0.5366019515625 0.5063511453125 0.619948790625 0.49487365156249996 0.6510914875 0.49487365156249996 0.75622108125 0.5092356078125 0.751179375 0.521018125 0.7576226234375 0.526176546875 0.7705154249999999 0.5256167921875 0.790625 0.527129790625 0.790625 0.5504507171874999 0.7446007390625 0.553125 0.7175528921875001 0.553125 0.6871189906249999 0.5367908484375 0.6157183171875 0.542653553125 0.538348878125 0.5379666125 0.5296875 0.5144033718750001 0.5296875
0 1 1 1 0.9948168640624999 0.9975351734375 0.9833598875 0.9822741484375002 0.9547120546875 0.9611339671875001 0.93846215 0.9387764890625 0.9396203671875 0.92365576875 0.9487871375000001 0.9007332531250001 0.98191845 0.894799590625 1 1 1