1 0.06150122031250001 0.340891353125 0.06276127031249999 0.30578800625 0.071875 0.244315690625 0.071875 0.2320290671875 0.0650728890625 0.2156738984375 0.053475234375 0.211366646875 0.043042753125 0.2197581015625 0.0354171 0.2383914625 0.0368652515625 0.3084364625 0.033518701562499996 0.3452180984375 0.021842804687500002 0.38571267656249997 0.021842804687500002 0.428125 0.0595583578125 0.428125 0.071875 0.4254501859375 0.071875 0.40572642343750004 0.06150122031250001 0.340891353125
2 0.3296875 0.423290565625 0 0.423290565625 0 0.5265166812500001 0.027064265625 0.5233482875 0.3296875 0.5019177203125 0.3296875 0.423290565625
1 0.6305939109375001 0.33037920625 0.631597221875 0.2974191296875 0.628125 0.279048521875 0.619196428125 0.279048521875 0.6137400796875 0.287834465625 0.6137473 0.3077828234375 0.61572420625 0.33416034375 0.612142865625 0.3510387640625 0.6087797625 0.36770666875 0.6073295640625 0.38331932968750004 0.6097718249999999 0.3996555515625 0.615228175 0.42441593437499997 0.6276289687500001 0.42521465625 0.6345734125 0.409240215625 0.6370117000000001 0.392357878125 0.6354072125 0.3755719984375 0.6334016828125 0.3587860953125 0.6305939109375001 0.33037920625
1 0.6638392859375 0.27106130156249997 0.6583829359375001 0.27665235625 0.656398809375 0.289431909375 0.6594738296875 0.3071372125 0.6583829359375001 0.32777056718750003 0.6558638140624999 0.35555805 0.6544146828125 0.3900708859375 0.6608630953125 0.41642871406250004 0.6722718249999999 0.4172274359375 0.6792162703125 0.3996555515625 0.6803315265625001 0.369115884375 0.6802083328125 0.353329671875 0.6742559531250001 0.322978234375 0.674314884375 0.2961618359375 0.6723093015625 0.2793759328125 0.6638392859375 0.27106130156249997
1 0.71923914375 0.33941777812499996 0.7184369531250001 0.322631875 0.7148269359375 0.2935793765625 0.7144258406249999 0.272274221875 0.7055059531250001 0.2678664140625 0.700049603125 0.27345746875 0.6991836921875001 0.2935793765625 0.7020337296875001 0.31499101406249996 0.6987825421875 0.3400633859375 0.6960813484375 0.3693041140625 0.697980353125 0.38783859375 0.70302579375 0.406045328125 0.71592261875 0.409240215625 0.7196402921875 0.401396428125 0.720843578125 0.3904210515625 0.7228491609375001 0.3716983203125 0.720843578125 0.3574948765625 0.71923914375 0.33941777812499996
1 0.52842261875 0.3245756796875 0.527909840625 0.301326709375 0.5287120578125 0.281958390625 0.52429985 0.272274221875 0.516277653125 0.2716286015625 0.5130687859374999 0.281958390625 0.511865446875 0.300035490625 0.5130687859374999 0.322631875 0.509859890625 0.3413546046875 0.50705211875 0.36395099062499997 0.5106621078125 0.39623155625 0.514272096875 0.411080609375 0.5224702375 0.41882487968750004 0.5294146828125 0.41403254843750004 0.5323908734374999 0.4012529953125 0.5343276031249999 0.379445653125 0.5333829359375001 0.351732228125 0.52842261875 0.3245756796875
1 0.0019680296875 0.559375 0.0019680296875 0.71875 0.013766178125 0.71875 0.021832667187499998 0.714789078125 0.029259067187499998 0.70243266875 0.0485735578125 0.64725285625 0.05929955 0.60052250625 0.061931 0.559375 0.0019680296875 0.559375
0 0.1156669671875 0.559375 0.11376488124999999 0.562295328125 0.10483630937499999 0.594244209375 0.10483630937499999 0.654947084375 0.12269345312499999 0.7060652953125001 0.1311259921875 0.7164486828125 0.15592757968749998 0.74041034375 0.183209325 0.7460013984375 0.2025545640625 0.7420077875000001 0.217435515625 0.7308256796875 0.2407490078125 0.6900908546875 0.2467013890625 0.6629343046875 0.2467013890625 0.6022314296875 0.2407490078125 0.57826976875 0.23136160625 0.559375 0.1156669671875 0.559375
1 0.716478559375 0.559375 0.720560515625 0.586396765625 0.7036954359375001 0.6311251999999999 0.701711309375 0.6646715249999999 0.713616071875 0.7109974046875001 0.7309771828125 0.7357577875000001 0.7433779765625 0.736556509375 0.752306546875 0.7269718453125 0.7661954359375 0.6950229625000001 0.7711557546875001 0.6534894171875 0.7671875 0.6247354234375 0.7493303578125 0.5816044328125 0.750557484375 0.559375 0.716478559375 0.559375
1 0.42723164999999996 0.559375 0.441790675 0.5975788734374999 0.43782242031249996 0.63591753125 0.441790675 0.674256190625 0.458159721875 0.7086012375 0.4904017859375 0.7333616218750001 0.5008184531250001 0.7277705671875 0.5092509921875 0.709399959375 0.5122271828125 0.6582817484375 0.508258928125 0.6343200875 0.4899057546875 0.5967801515625 0.4685763890625 0.5768120999999999 0.46520736874999996 0.559375 0.42723164999999996 0.559375
1 0.62333829375 0.8739367015624999 0.6223462296875001 0.8324031546875 0.61143353125 0.8004542734375001 0.5836557546875 0.7701028359375 0.5816716265625 0.7253744015625 0.576711309375 0.704607628125 0.56728670625 0.6926267968750001 0.55438988125 0.689431909375 0.5405009921875 0.7006140171874999 0.5320684531250001 0.7253744015625 0.5370287703125 0.75253095 0.5558779765625 0.7908696093750001 0.545957340625 0.8308057109375 0.54794146875 0.86914436875 0.5653025796875 0.9082817484374999 0.5841517859375001 0.9226587453124999 0.5975446421875 0.9250549124999999 0.607961309375 0.9210613015625 0.6163938484375 0.9074830265625 0.62333829375 0.8739367015624999