1 0.268616953125 0 0.27046825625 0.0094570375 0.27030665 0.037234815625 0.2625 0.0774410484375 0.2625 0.1494374859375 0.270158665625 0.196975221875 0.2807212140625 0.209375 0.2835904984375 0.209375 0.2939261875 0.2079464953125 0.30063549375 0.1962955 0.3071521453125 0.15060763906250002 0.30737031406250004 0.11310763906250001 0.3043746 0.09081268125 0.28905664999999997 0.0376712265625 0.2889687296875 0 0.268616953125 0
1 0.7272222015625001 0.2376694921875 0.7139328703125 0.23874925624999999 0.7087860625 0.2504366203125 0.7114181640625 0.335231575 0.7 0.38444080468749997 0.7 0.4336172875 0.7191395500000001 0.434375 0.741415053125 0.434375 0.74447053125 0.4290690328125 0.7438751296875 0.39710640625 0.7301681640625001 0.33566798593749997 0.7345349921875 0.2565922390625 0.7330371343750001 0.245444759375 0.7272222015625001 0.2376694921875
1 0.64609375 0.4328125 0.65234375 0.4342013890625 0.687109375 0.4348958328125 0.69140625 0.4244791671875 0.6875 0.39114583281250004 0.67734375 0.3536458328125 0.68125 0.26614583281250004 0.671484375 0.24878472187499998 0.659765625 0.25295138906250003 0.6546875 0.26614583281250004 0.65703125 0.3592013890625 0.64453125 0.41197916718750005 0.64609375 0.4328125
2 1 0.4337387453125 0.480859375 0.436284721875 0.455859375 0.4376736109375 0.44921875 0.45225694375 0.45 0.5369791671875 0.458984375 0.5515625 0.473046875 0.5557291671875 0.497265625 0.5529513890625 0.501953125 0.541840278125 0.519921875 0.5265625 0.960546875 0.52100694375 0.983984375 0.5293402781250001 0.98984375 0.548090278125 0.996484375 0.5557291671875 1 0.5562251984375 1 0.4337387453125
1 0.9468304171875002 1 0.9453125 0.9751736109374999 0.9265625 0.9001736109374999 0.9265625 0.84600694375 0.93125 0.8182291671874999 0.93125 0.7821180562500001 0.923828125 0.7619791671875 0.916015625 0.755034721875 0.902734375 0.7619791671875 0.8953125 0.7807291671875001 0.90078125 0.9001736109374999 0.88359375 0.9682291671875 0.8812627375 1 0.9468304171875002 1
1 0.882222071875 1 0.8828125 0.954340278125 0.87109375 0.911284721875 0.86796875 0.8848958328125001 0.871875 0.7890625 0.865234375 0.7717013890625 0.855859375 0.76336805625 0.844140625 0.773090278125 0.8390625 0.7876736109375 0.84375 0.8973958328125 0.828125 0.9696180562500001 0.82958984375 1 0.882222071875 1
1 0.8280430953125 1 0.82734375 0.9807291671874999 0.80859375 0.9029513890625 0.809375 0.84600694375 0.8140625 0.816840278125 0.81484375 0.7848958328125 0.81015625 0.7640625 0.797265625 0.7494791671875001 0.783984375 0.7564236109375 0.775 0.7807291671875001 0.78125 0.9043402781250001 0.76640625 0.9696180562500001 0.763805621875 1 0.8280430953125 1
1 0.7626405296875001 1 0.76953125 0.954340278125 0.76953125 0.9432291671874999 0.75859375 0.9015625 0.7625 0.7890625 0.754296875 0.7661458328124999 0.744921875 0.7592013890625 0.733984375 0.7675347218749999 0.7265625 0.7876736109375 0.7328125 0.9015625 0.71484375 0.99600694375 0.71484375 1 0.7626405296875001 1
1 0.7140625 1 0.7140625 0.9973958328125001 0.72578125 0.929340278125 0.71875 0.8904513890625001 0.72265625 0.79461805625 0.714453125 0.7744791671875 0.707421875 0.7689236109375 0.695703125 0.7786458328125 0.690625 0.7932291671875 0.69453125 0.9015625 0.68359375 0.9446180562500001 0.68359375 0.9598958328125 0.6909498125 1 0.7140625 1
1 0.691104403125 1 0.66953125 0.9015625 0.67578125 0.773784721875 0.666796875 0.7508680562500001 0.655078125 0.742534721875 0.641015625 0.75225694375 0.63359375 0.76961805625 0.63984375 0.9126736109374999 0.62109375 0.99600694375 0.6207634421874999 1 0.691104403125 1
1 0.557071940625 1 0.55703125 0.9973958328125001 0.5609375 0.9668402781250001 0.57265625 0.91961805625 0.5734375 0.8376736109374999 0.571875 0.7848958328125 0.557421875 0.77586805625 0.54609375 0.7904513890625 0.54375 0.804340278125 0.54921875 0.9015625 0.53359375 0.9765625 0.5331817625 1 0.557071940625 1
1 0.6202213546875 1 0.6203125 0.998784721875 0.6359375 0.929340278125 0.6328125 0.9015625 0.6359375 0.8446180562500001 0.6328125 0.76961805625 0.619921875 0.7564236109375 0.605078125 0.7675347218749999 0.60078125 0.78350694375 0.60546875 0.9071180562500001 0.59765625 0.9515625 0.58828125 0.9835069437499999 0.587001615625 1 0.6202213546875 1
1 0.586418546875 1 0.58828125 0.98211805625 0.603125 0.91961805625 0.60078125 0.9015625 0.60078125 0.7807291671875001 0.587890625 0.7647569437499999 0.577734375 0.773090278125 0.57265625 0.7876736109375 0.57421875 0.90850694375 0.5609375 0.97100694375 0.5576757812500001 1 0.586418546875 1