1 0.1619187015625 0.1870896109375 0.1565303421875 0.1689081578125 0.15568725156250002 0.12044259531249998 0.1525437015625 0.10576829531250001 0.13769995156249998 0.10507693437500001 0.1375 0.10568979062499999 0.1375 0.12091465937500001 0.14313571875 0.16690068593750002 0.1375 0.1981816328125 0.1375 0.2216357484375 0.1383204140625 0.2413912640625 0.151096634375 0.283494578125 0.1604375953125 0.284375 0.1619187015625 0.284375 0.1619187015625 0.1870896109375
1 0.19348402656250002 0.10603617812499999 0.18634963124999998 0.108382521875 0.1817496625 0.118699178125 0.18321775 0.1757163578125 0.1765625 0.20330644531250003 0.1765625 0.286614090625 0.17894281875 0.2953125 0.1930562015625 0.2953125 0.203934196875 0.2429103546875 0.20243911093750003 0.2136891375 0.1949769109375 0.17460022656250002 0.2004996625 0.11913558906249999 0.1943599421875 0.10603617812499999 0.19348402656250002 0.10603617812499999
1 0.4019290625 0.1064494203125 0.39325441875 0.10788830625000001 0.39101816562499997 0.1127607796875 0.3900452765625 0.1696915875 0.384375 0.19179995625 0.384375 0.2854607609375 0.38610057656249996 0.2875 0.3873113734375 0.2875 0.39895611249999996 0.2848784625 0.40927631093750005 0.24177745625 0.410894184375 0.21399967812499998 0.4041077765625 0.16960977500000002 0.40976816562499996 0.11265169531250001 0.4019290625 0.1064494203125
1 0.375842303125 0.1819428125 0.3738156265625 0.1194700859375 0.3664465984375 0.1089761484375 0.35951246875 0.11028322187499999 0.3578125 0.1137118328125 0.3578125 0.1364500046875 0.36207544999999997 0.174843828125 0.3578125 0.2258168015625 0.3578125 0.24440275156250002 0.3596974171875 0.2636327203125 0.3707136609375 0.2984375 0.381705253125 0.2984375 0.381705253125 0.1998855453125 0.375842303125 0.1819428125
1 0.2932868015625 0.22794684375 0.28372851718750003 0.17661704218750002 0.287532284375 0.11826552812499999 0.2818439625 0.109375 0.27548973125 0.109375 0.2687499640625 0.1211523890625 0.2712285171875 0.176689765625 0.265625 0.1994983171875 0.265625 0.2119840828125 0.27890640312500004 0.22178092968750002 0.2910768171875 0.25625 0.2914417984375 0.25625 0.2932868015625 0.22794684375
1 0.23694571562500003 0.249392975 0.24324944999999998 0.2288051796875 0.25178448750000004 0.21613578281249998 0.25178448750000004 0.19680377031250001 0.2496069171875 0.18741133125 0.25074337343750003 0.1305760140625 0.246863990625 0.12003657812499999 0.2412497390625 0.1156789390625 0.23192323906249998 0.11674044531250001 0.2296875 0.1234486171875 0.2296875 0.1382478828125 0.2369129140625 0.181419265625 0.2296875 0.220424046875 0.2296875 0.26787831406249996 0.238820990625 0.3046875 0.242728234375 0.3046875 0.2441605046875 0.29958394843749997 0.2371829890625 0.2785323609375 0.23694571562500003 0.249392975
1 0.23857355781249998 0.10823975156250001 0.23628917343750003 0.10823975156250001 0.22240885000000002 0.10947227500000001 0.22281693125 0.16793294375 0.215625 0.19446480625 0.215625 0.25718580625 0.216333115625 0.25672632968750003 0.21834344687499999 0.2303692765625 0.2312862921875 0.1877593875 0.2320625546875 0.171092721875 0.22690727187499998 0.13052844375 0.23097275 0.11886613906250001 0.240183534375 0.11437111250000001 0.23857355781249998 0.10823975156250001
0 0.289909815625 0.259085759375 0.28430635 0.23152623437500003 0.2771915796875 0.2185909671875 0.2664157140625 0.2120284703125 0.24756873281249997 0.2168499 0.2341770453125 0.23882782812499997 0.23125 0.25141725625 0.23125 0.2824970203125 0.232819321875 0.2971611609375 0.24520888125 0.31823878906249997 0.250623084375 0.321875 0.265977878125 0.321875 0.27258495781250003 0.3158950359375 0.28753914687500004 0.29386254218749996 0.2893602609375 0.28269686875 0.289909815625 0.259085759375
1 0.65 0.1124320078125 0.6496331343749999 0.1117116609375 0.640258134375 0.111875303125 0.636924365625 0.1181866671875 0.6388237546875 0.18346444374999998 0.6328125 0.21545100625 0.6328125 0.2525858921875 0.63556428125 0.2863513171875 0.6418517953125 0.296875 0.65 0.296875 0.65 0.1124320078125
1 0.602791628125 0.167830315625 0.6035827375 0.1192646546875 0.5993105796875 0.1074181921875 0.5883730796875 0.107290921875 0.5859375 0.11391104062499999 0.5859375 0.1484682140625 0.587166628125 0.1676485 0.5859375 0.1775859125 0.5859375 0.2436979546875 0.5911619515625001 0.27872325 0.5945072046875 0.2859375 0.6094779531250001 0.2859375 0.6094779531250001 0.1916155328125 0.602791628125 0.167830315625
1 0.8025553953125 0.3890625 0.8016204124999999 0.386105278125 0.8065305374999999 0.2173552796875 0.8007806421874999 0.20002230937499998 0.7878858375 0.186431934375 0.7767778359374999 0.1831176375 0.761493340625 0.1831176375 0.7488233375 0.1855227453125 0.731485071875 0.217172134375 0.7329279 0.2750573703125 0.7470693046875 0.3801449140625 0.746122165625 0.3890625 0.8025553953125 0.3890625
1 0.9636444687499999 0.3890625 0.9636444687499999 0.33745694375 0.9629556906250001 0.33396580625 0.9612732218750001 0.26525216875 0.950510684375 0.22297376249999998 0.9379724796875 0.2111186515625 0.9246011781250001 0.20985614375 0.91823681875 0.20985614375 0.9048704015624999 0.217759003125 0.896875 0.242712509375 0.896875 0.25094650937499996 0.922833584375 0.3890625 0.9636444687499999 0.3890625
1 0.6125 0.3890625 0.6125 0.42481444531249996 0.613733328125 0.4459855109375 0.6191258093750001 0.4739088390625 0.624343478125 0.52958316875 0.6151288593750001 0.5774933078125 0.6133767156250001 0.6037002578124999 0.61734480625 0.6523113687500001 0.6245389015625 0.6927710859375 0.6405658640625 0.7460946734375 0.65 0.75522306875 0.65 0.40131975156250005 0.649518853125 0.3890625 0.6125 0.3890625
1 0.4671875 0.3890625 0.4671875 0.4163078234375 0.4709842984375 0.4541217875 0.4714152484375 0.49304704531250004 0.4671875 0.5147861734375 0.4671875 0.6603641343750001 0.4728291546875 0.6862662546875 0.4776041859375 0.6968011171875 0.48365453281250004 0.7 0.5010354359375 0.7 0.5112316421875 0.6829905937499999 0.52057981875 0.6303946546875 0.5213342453124999 0.57759869375 0.5201758703125 0.5636734375 0.49888023437499995 0.48951681249999995 0.4961863609375 0.4477592265625 0.497293690625 0.3890625 0.4671875 0.3890625
1 0.494510490625 0.3890625 0.49196765937500003 0.44267587343750003 0.4932044234375 0.4884864828125 0.5115240671875 0.5671875 0.514091871875 0.5671875 0.5172847453125 0.5577672984375 0.51917298125 0.5119385125 0.5064346296875 0.43564961718750006 0.509918428125 0.3890625 0.494510490625 0.3890625
1 0.184375 0.3890625 0.184375 0.395191484375 0.18842173906249998 0.427284446875 0.197881003125 0.462088484375 0.2017701109375 0.50654201875 0.1989045734375 0.5774701375 0.20408561718749998 0.6515625 0.20420329375000001 0.6515625 0.2231923890625 0.5777527515624999 0.233856159375 0.560471434375 0.233856159375 0.5147755968750001 0.2306763609375 0.5068783734375 0.22512334687500002 0.47211978906249996 0.21939323281249998 0.3901753453125 0.21880150468749998 0.3890625 0.184375 0.3890625
0 0.44612199375 0.58979583125 0.43941396718750003 0.5620589593750001 0.422948396875 0.5336844578125 0.40279750937500003 0.51991374375 0.380922509375 0.520041009375 0.36435464687499997 0.534025346875 0.34886977343750003 0.5556417546875 0.33925235625 0.57652963125 0.3390625 0.5773329953124999 0.3390625 0.6756040375 0.3560683375 0.7090617078125 0.36583676718749997 0.7171875 0.4040880546875 0.7171875 0.40440887031250006 0.717113240625 0.42418253906250003 0.696166278125 0.4309282109375 0.687099865625 0.44550786875000004 0.6425736078125001 0.44612199375 0.58979583125
1 0.9043353218749999 0.3890625 0.9036654734375 0.4120836984375 0.8997537109374999 0.4376898015625 0.8875 0.4634864125 0.8875 0.5683855328125 0.88867766875 0.5734757359375 0.894852996875 0.5796875 0.9030394484375 0.5796875 0.913422753125 0.5664936984375 0.929245575 0.5124444859375 0.9303004515625 0.47619070937499997 0.924103215625 0.44430293125000003 0.923927421875 0.42313648125 0.9319401968750001 0.3890625 0.9043353218749999 0.3890625
1 0.8482904609374999 0.7125 0.8559192765624999 0.7018876984375 0.8585587046875001 0.656570478125 0.8555707984375001 0.6399771765625 0.8471328984375 0.621905521875 0.8463424484375001 0.6083195609375001 0.8553109890625 0.56296551875 0.856630703125 0.5403069078125 0.8517089406250001 0.522969828125 0.84287980625 0.5171875 0.8421316671875001 0.5171875 0.8295570421875 0.5230987046875 0.8226996968750001 0.5389942515625 0.8211132859375001 0.6205468375000001 0.8140625 0.633680859375 0.8140625 0.710376084375 0.8179442484375 0.7089039093749999 0.8425404343749999 0.7125 0.8482904609374999 0.7125
1 0.7489500796875 0.3890625 0.7580240078125 0.4188354 0.760030971875 0.4475363078125 0.7543378015625001 0.47916630312499997 0.755764884375 0.51087915 0.766422646875 0.5502461328125 0.7814305921875 0.578343646875 0.7855265296875 0.58125 0.7936781203125001 0.58125 0.794835509375 0.579519996875 0.794835509375 0.462389228125 0.779912915625 0.426636825 0.777712975 0.3890625 0.7489500796875 0.3890625
1 0.787556209375 0.9157357328125 0.7895427609375 0.8809833218750001 0.7836003453125 0.8477875156250001 0.7691312515625001 0.8335222124999999 0.764138253125 0.8207122531250001 0.765491859375 0.7723692812499999 0.7617470875000001 0.75426540625 0.7519720984375 0.7445042078125 0.73852273125 0.7445824546875001 0.73252766875 0.7499039859375 0.7296875 0.7603042140625 0.7296875 0.8124210734374999 0.7370637484375 0.8359744843750001 0.7296875 0.8590871609375 0.7296875 0.9058212015624999 0.7382419203125 0.9386797109374999 0.748958575 0.946875 0.7743912140625 0.946875 0.7809634390625 0.9384311640625 0.787556209375 0.9157357328125
1 0.9447821203125001 0.8436753234375001 0.9547503109375001 0.8123400499999999 0.9547739140625 0.8104833765624999 0.9547739140625 0.7778088203125 0.9515855203125 0.766967575 0.942039040625 0.753809984375 0.9270601453125 0.754795640625 0.9167753937500001 0.7657519796875001 0.91445484375 0.7898106546875 0.9158791046874999 0.830596153125 0.91340024375 0.8388076156250002 0.90786226875 0.8386142249999999 0.8969446296875001 0.8540746578124999 0.89375 0.86893155625 0.89375 0.9232005812499999 0.8984746250000001 0.9431432703125001 0.90807385625 0.9578114359375001 0.9183305 0.9609375 0.933494521875 0.9609375 0.94341136875 0.9515017890624999 0.9535377531249999 0.9133827468749999 0.9531683828125 0.8801777453125 0.9447821203125001 0.8436753234375001
1 0.679794625 0.7243278515625 0.6767176453125 0.7393368828125 0.686008859375 0.7525797187500001 0.6926465453125 0.7546875 0.7046177078125 0.7546875 0.70873221875 0.749722021875 0.711668484375 0.7377341390625001 0.7087149968750001 0.7330734703124999 0.7092778453124999 0.720988878125 0.706974784375 0.7193815953125 0.7043989093749999 0.7321408828125 0.7021575921875 0.72069875 0.7194047203125 0.7077805500000001 0.7209525546875 0.674547921875 0.7108443703125 0.6363000234375 0.6983885984375 0.6229282453125 0.6925433671875 0.6037720578125001 0.693353196875 0.5523480703125 0.6901010609375 0.5370811468750001 0.6823217703125 0.525413359375 0.6802688609375 0.525 0.6716470484375 0.525 0.6625 0.535847546875 0.6625 0.585307034375 0.6712701859375 0.6180396515625001 0.663691884375 0.6616206421874999 0.663444903125 0.700960040625 0.6682003484375 0.709477734375 0.6876974062500001 0.7163259421875 0.679794625 0.7243278515625
1 0.65 0.578125 0.65534745625 0.578125 0.655557496875 0.5780294875 0.656436471875 0.5402651359374999 0.6711340453125 0.520130384375 0.6701143109375 0.4960164546875 0.6612886609374999 0.4676470765625 0.65 0.445503 0.65 0.578125