1 0.42862365 0.22410696562500002 0.4286491734375 0.19778174375 0.4230458921875 0.19310258593750002 0.4203125 0.195075384375 0.4203125 0.21551534375 0.42183508124999997 0.22798713125 0.4203125 0.24294999218750002 0.4203125 0.26755553593750003 0.42659734218749995 0.2867214609375 0.4328379875 0.2875 0.4331077328125 0.2875 0.4331077328125 0.2365393796875 0.42862365 0.22410696562500002
1 0.4473011546875 0.19560498906249998 0.4402345375 0.1948255515625 0.43638141406250003 0.1948255515625 0.43964916093750006 0.2197131765625 0.43562164531249997 0.232540725 0.434375 0.23870964374999998 0.434375 0.26327720781249997 0.43513789999999997 0.26699729375 0.43720349062499997 0.2765625 0.44567242812499996 0.2765625 0.44849134062499996 0.2675218203125 0.450527415625 0.25678088125 0.4485655109375 0.236990365625 0.44518256562499997 0.217381809375 0.4473011546875 0.19560498906249998
1 0.3976406375 0.22476276562500003 0.3953125 0.2340234578125 0.3953125 0.2664701609375 0.398886678125 0.2796875 0.4054476046875 0.2796875 0.409793171875 0.265480415625 0.409793171875 0.24141155468750003 0.40463956406249996 0.22235347968750002 0.40637073749999997 0.195821215625 0.3971661421875 0.1959029140625 0.3976406375 0.22476276562500003
1 0.375123653125 0.2130075234375 0.3703125 0.230496803125 0.3703125 0.26620107656249997 0.3710332703125 0.26875 0.38109903125 0.26875 0.384848775 0.2540371546875 0.3850381046875 0.23160445625 0.3817193046875 0.2148933578125 0.382294125 0.19513806875 0.3748677640625 0.194997471875 0.375123653125 0.2130075234375
1 0.361200440625 0.193000096875 0.3546583015625 0.19433678125 0.35582768124999997 0.20271105781249998 0.353125 0.21517279843749998 0.353125 0.251311496875 0.3563302265625 0.2636993390625 0.35958460468750003 0.266640890625 0.3649239765625 0.2641497171875 0.3657745515625 0.259746203125 0.3657745515625 0.22435887499999999 0.3653735546875 0.2213717671875 0.3619102453125 0.20823990312500001 0.361200440625 0.193000096875
1 0.4567093578125 0.194744040625 0.45997246875000003 0.2156137421875 0.45625 0.23582131718750002 0.45625 0.24422269531250002 0.4582450609375 0.2613197875 0.462613728125 0.2734375 0.4700552828125 0.2734375 0.4700552828125 0.229840003125 0.46555459218750006 0.2171299171875 0.465189734375 0.1935551734375 0.4622852984375 0.191408196875 0.4567093578125 0.194744040625
1 0.476044378125 0.19379735781250002 0.4775099140625 0.20221257812500001 0.4734375 0.2157994921875 0.4734375 0.25785014375 0.474575115625 0.2640625 0.483202584375 0.2640625 0.486383915625 0.2457594546875 0.48546018281250003 0.2225395421875 0.483063675 0.20998876093750002 0.48292337031250004 0.1947323265625 0.4795842453125 0.1918982703125 0.476044378125 0.19379735781250002
1 0.268084846875 0.2072330515625 0.2657310578125 0.191767884375 0.259375 0.19107875000000002 0.259375 0.198366746875 0.2607304171875 0.207532721875 0.259375 0.217585215625 0.259375 0.24876451249999998 0.2634388515625 0.2640625 0.2714055984375 0.2640625 0.2714055984375 0.22085908281250002 0.2709817421875 0.218896971875 0.268084846875 0.2072330515625
1 0.6578125 0.255162221875 0.656404815625 0.2398387078125 0.6547291859375 0.23008921249999997 0.65230463125 0.22310385625 0.6522399859375 0.2175483015625 0.65448676875 0.20925587656250003 0.6543251578125 0.19536699062500001 0.653129040625 0.19326320156250001 0.6460977906250001 0.19314046875 0.6441850687499999 0.1965786 0.6443466796874999 0.21046748750000002 0.64605463125 0.2229947625 0.6421875 0.24361470000000002 0.6421875 0.2661447421875 0.6451224171875001 0.27713415625 0.6482166828125 0.28125 0.6538763750000001 0.28125 0.655294828125 0.2787003234375 0.65752545 0.2690190109375 0.6574284828125 0.260685678125 0.6578125 0.25999540468750004 0.6578125 0.255162221875
1 0.628799803125 0.1973489 0.6277976828125 0.192480971875 0.6207664328125 0.1924400671875 0.618692053125 0.1959009234375 0.6195270374999999 0.21674335 0.6179160375 0.2181231484375 0.615625 0.2264126015625 0.615625 0.2737256671875 0.61665068125 0.275 0.622358321875 0.275 0.62337361875 0.274416328125 0.62905800625 0.2570847609375 0.629198278125 0.2306913265625 0.627242534375 0.21956657812499997 0.6257770375 0.2167797125 0.628799803125 0.1973489
1 0.6004361203124999 0.1928679390625 0.5980923703125 0.19296344062499998 0.5956211046875 0.196547078125 0.5970338171875 0.2048485796875 0.5966735421875 0.21043596718750002 0.5953125 0.21640048125 0.5953125 0.2529311984375 0.596240334375 0.25642846874999997 0.5966613093750001 0.2619840234375 0.59854061875 0.2671875 0.608222309375 0.2671875 0.608222309375 0.2236367375 0.6037047921875 0.21014946562499998 0.6034336046875 0.19622874375 0.6004361203124999 0.1928679390625
1 0.6472749421875 0.2366682515625 0.6472749421875 0.216287821875 0.64466704375 0.2064038484375 0.643381846875 0.19460283750000001 0.638694346875 0.19465738125 0.6376803375 0.19675435 0.63856683125 0.1981341484375 0.63919829375 0.20646748124999997 0.6375 0.215590446875 0.6375 0.25405244531250004 0.6381943234375 0.2551331375 0.6386152984375 0.2606886921875 0.6397122796875 0.2648462671875 0.6429642656250001 0.26875 0.6472749421875 0.26875 0.6472749421875 0.2614582859375 0.6461566109375 0.24669980625000001 0.6472749421875 0.2366682515625
1 0.67049836875 0.19486320625 0.6678367453125 0.192859434375 0.6623679953125 0.1930185578125 0.660293615625 0.1965476109375 0.6616136109374999 0.2034465921875 0.6611771015625 0.21594659218749998 0.6595176 0.21876983437500003 0.659375 0.2192641890625 0.659375 0.275 0.6623496515625 0.275 0.664657309375 0.27273191093750004 0.6643125671875 0.26025464375 0.6671898296875 0.2449086703125 0.6674323359375001 0.23796422499999997 0.670799840625 0.230928853125 0.667524103125 0.21298695781250002 0.6678151109375 0.204653625 0.67049836875 0.19486320625
0 0.4298463109375 0.4308923328125 0.413671875 0.4387314546875 0.409375 0.45238144374999995 0.409375 0.47404810937499997 0.41015625 0.48239962812500004 0.42041053906250003 0.4984375 0.43408927343750003 0.4984375 0.4453125 0.47488456562500003 0.44453125 0.44986638125 0.437109375 0.435110303125 0.430260553125 0.4308923328125 0.4298463109375 0.4308923328125
1 0.3481251796875 0.9443436796875 0.35410875937499997 0.95 0.37467815937500004 0.95 0.37467815937500004 0.7757041140625 0.361763165625 0.732441834375 0.3591930296875 0.6972354265625 0.36014240937499997 0.6510876859375 0.35794977656250004 0.6223627609375 0.35107036406250003 0.6068409265625 0.34189262187499997 0.600924590625 0.32971619531249996 0.6059708109375 0.325 0.6208878671875 0.325 0.627589928125 0.3265578890625 0.6543378640624999 0.33505589375 0.71103156875 0.33541638125 0.7350632 0.325 0.7975363703125 0.325 0.8376107859375 0.3273414484375 0.8640561578125 0.3405808828125 0.921866790625 0.3481251796875 0.9443436796875
0 0.6342142046875 0.8277507828124999 0.6118470578124999 0.8277507828124999 0.6003921265625001 0.835719978125 0.590625 0.8524492015625 0.590625 0.884604990625 0.6008932515625001 0.9150779640625 0.6109265296874999 0.915625 0.65353504375 0.915625 0.661740940625 0.9014912140625 0.66186664375 0.8736709218750001 0.6561123203125 0.8518644421874999 0.6463116640625 0.8357576171875 0.6342142046875 0.8277507828124999
1 0.7309113390624999 0.5796875 0.7331786546875 0.67103831875 0.709375 0.76584936875 0.709375 1 0.82246985625 1 0.826051915625 0.9181362015625 0.8228191171875 0.8552535640624999 0.7894286546875 0.6756299671875 0.79617604375 0.5796875 0.7309113390624999 0.5796875
1 0.909845840625 0.5796875 0.9095937468749999 0.6136671921875 0.8651005015625 0.8158980796874999 0.8625 0.8629885171874999 0.8625 0.9566421796875 0.8648443 1 1 1 1 0.70058913125 0.9829767031250001 0.612828390625 0.9816325109375 0.5796875 0.909845840625 0.5796875
1 0.8504806 0.5796875 0.8530288109375 0.686841871875 0.849467459375 0.724178096875 0.8296875 0.798788621875 0.8296875 0.8209071 0.8378925171875 0.912749275 0.8379159484375001 1 0.848311571875 1 0.8464311765625 0.9851155968749999 0.84588683125 0.8975337109374999 0.851301584375 0.835279371875 0.8991231078125 0.6220290984375 0.9009702140625 0.5796875 0.8504806 0.5796875