1 0.2728332390625 0 0.2738896 0.014360159375 0.266508228125 0.05617683125 0.26884150625 0.084375 0.2695800953125 0.084375 0.27830109687500004 0.0719513203125 0.290625 0.06329015625 0.290625 0.035303409375 0.2863896 0.014141971875000001 0.2869416796875 0 0.2728332390625 0
1 0.2820819671875 0 0.280705846875 0.013630021875 0.280705846875 0.0251505234375 0.284992903125 0.0606723484375 0.29251245937500003 0.0671875 0.2957562828125 0.0671875 0.296875 0.0561839265625 0.296875 0.0255659578125 0.293040303125 0 0.2820819671875 0
0 0.3171875 0.14350271875 0.3171875 0.098923540625 0.315594890625 0.0927714890625 0.303680784375 0.07177420625 0.286372046875 0.0663051484375 0.2756366078125 0.0724207984375 0.26633572656250004 0.0876530265625 0.2633185546875 0.117912584375 0.2670901546875 0.1403716046875 0.27653927500000003 0.157024621875 0.2866784953125 0.1625 0.302863025 0.1625 0.31502929218750003 0.1537050015625 0.3171875 0.14350271875
1 0.6572842046875 0 0.6509064765625 0.02517375 0.650480775 0.055665532812499995 0.6571671265625 0.093675715625 0.6608473953125 0.0984375 0.6729001375 0.0984375 0.678125 0.0857306859375 0.678125 0.0187173609375 0.6742539890625 0 0.6572842046875 0
1 0.69858915625 0 0.689849253125 0.0387485203125 0.6908192750000001 0.06652629843749999 0.6991115531250001 0.10255559218750002 0.701801990625 0.10625 0.7163217093750001 0.10625 0.7171875 0.10387899375000001 0.7171875 0.014384356249999999 0.7131676 0 0.69858915625 0
1 0.0327060375 0 0.027844668750000003 0.0181460515625 0.027844668750000003 0.095461428125 0.0279486546875 0.0962001078125 0.030029846875 0.096875 0.042711871875 0.096875 0.0462408453125 0.08936020156249999 0.0484375 0.06688600624999999 0.0484375 0.0113575609375 0.0459638828125 0 0.0327060375 0
1 0 0 0 0.1104968515625 0.0026976484374999997 0.1109375 0.005064237500000001 0.1109375 0.0078125 0.10278371093750001 0.0078125 0.023612221875 0.0038795140625 0.0057028406249999995 0.0038643999999999996 0 0 0
1 0.7296875 0 0.7296875 0.171875 0.782926071875 0.171875 0.798015171875 0.146055440625 0.8271095296875 0.0696786109375 0.8328125 0.0214154546875 0.8328125 0 0.7296875 0
1 1 0 0.8937746828125 0 0.893164221875 0.0273454578125 0.9015221625000001 0.0748581859375 0.924197140625 0.1453938265625 0.9337182265624999 0.1546875 1 0.1546875 1 0
1 0.5440887109375 0.51875 0.5459873796875 0.5367895703125 0.54535436875 0.5687612875 0.5260253578125 0.6566431171875 0.524732334375 0.6927951390625 0.5285309359375 0.742754228125 0.5411657625 0.800896646875 0.55049364375 0.8125453796875 0.5671470140625 0.8140625 0.5698523359375 0.8140625 0.58018785 0.7988259203125001 0.584375 0.776293590625 0.584375 0.6236446390625 0.5738430812499999 0.5807703640625 0.5739103171875 0.5293542015625 0.57463291875 0.51875 0.5440887109375 0.51875
1 0.647346796875 0.51875 0.6454573296875 0.550325290625 0.6275445046875 0.597700559375 0.6275445046875 0.6641074093749999 0.6406580875000001 0.694266496875 0.6539051125 0.715625 0.6648990390625 0.715625 0.6755523203125 0.6792818046875 0.6778281890625 0.6208938421875 0.6700206 0.5604067953125 0.6737667578125001 0.5188493875 0.6737839359375 0.51875 0.647346796875 0.51875