1 0.19728106406249998 0 0.19728106406249998 0.1140625 0.2193289046875 0.1140625 0.2266889515625 0.1076066953125 0.24065258906250003 0.0612772921875 0.2494144875 0.010334817187500001 0.2500767734375 0 0.19728106406249998 0
2 0 0.36875 0.46875 0.36875 0.46875 0.3004561671875 0.46823528124999997 0.300381878125 0.4250808609375 0.2763456203125 0.40301161875 0.2740769890625 0.39696014687500003 0.26587094375000003 0.35985719843749997 0.250040734375 0.3386663296875 0.2491428046875 0.3343715953125 0.2436781671875 0.3308538296875 0.2493246421875 0.328611484375 0.23963878749999998 0.306153759375 0.2318146 0.302640278125 0.2263317796875 0.27393255625 0.2186530625 0.2704190734375 0.2131702421875 0.20939302343750002 0.1909411015625 0.0841230890625 0.134037365625 0 0.0999571125 0 0.36875
1 0.7511253015625 0.36875 0.7548987796875 0.3159943234375 0.7504486484375 0.275142590625 0.7516254859375 0.2445232640625 0.76875 0.1674094984375 0.76875 0.163392778125 0.7656583765625 0.1542206578125 0.7313624875 0.1563076484375 0.7280495515625001 0.22026030937500002 0.7222544296875 0.2616718828125 0.7 0.3170524734375 0.7 0.36875 0.7511253015625 0.36875
0 1 0.36875 1 0.28741257187499997 0.987912015625 0.279276375 0.944162015625 0.278767296875 0.9301803203125001 0.2855481109375 0.9189895671875 0.2972218515625 0.9062739578125001 0.3456784234375 0.9065424203125 0.36875 1 0.36875
1 0.296956759375 0.36875 0.29657871875 0.41573428281249997 0.27923623124999997 0.47437650781249996 0.27923623124999997 0.8296875 0.32498565468749996 0.8296875 0.3306209390625 0.8158935218749999 0.3625 0.6636402109375 0.3625 0.543011821875 0.341490696875 0.4256831109375 0.3464227734375 0.36875 0.296956759375 0.36875
1 0.380339878125 0.36875 0.3777415875 0.41606611875 0.41395187499999997 0.5310365015625 0.42952188125 0.6417921640625 0.4328125 0.6447961359375001 0.4328125 0.3880192703125 0.42707633749999996 0.36875 0.380339878125 0.36875
1 0.21374860468749998 0.36875 0.2140625 0.37578125 0.190625 0.50078125 0.1890625 0.58671875 0.2109375 0.70703125 0.22578125 0.7234375 0.25 0.72265625 0.2640625 0.71015625 0.275 0.66015625 0.284375 0.49921875 0.2546875 0.37421875 0.2548353046875 0.36875 0.21374860468749998 0.36875
1 0.096590909375 0.36875 0.1015625 0.45078125 0.078125 0.59453125 0.0703125 0.69140625 0.0703125 0.81328125 0.1015625 0.95234375 0.11953125 0.9625 0.1453125 0.96171875 0.165625 0.94921875 0.1796875 0.88515625 0.196875 0.76953125 0.1984375 0.66328125 0.1796875 0.56015625 0.1546875 0.47421875 0.153125 0.40703125 0.1573011359375 0.36875 0.096590909375 0.36875
1 0.02197420625 0.36875 0.0234375 0.41484375 0 0.54521484375 0 0.70078125 0.0171875 0.78515625 0.03515625 0.8109375 0.0546875 0.81171875 0.06484375 0.809375 0.06875 0.79921875 0.0703125 0.64921875 0.0921875 0.49765625 0.0703125 0.41328125 0.0717489921875 0.36875 0.02197420625 0.36875
1 0.1578198703125 0.36875 0.153125 0.43984375 0.159375 0.49765625 0.1875 0.57421875 0.1890625 0.51015625 0.2015625 0.41328125 0.191084559375 0.36875 0.1578198703125 0.36875
1 0.46875 1 0.6788029812499999 1 0.68125 0.9229073140625002 0.68125 0.912826665625 0.62098565625 0.73820221875 0.6568661203125 0.4584098859375 0.6460480203125 0.417138065625 0.613853259375 0.39431565625 0.5466028890625 0.3933136953125 0.5148672296875 0.433355703125 0.5149871390625 0.7115990828125 0.46875 0.8155572546875 0.46875 1