1 0.217319875 0.11369745312499999 0.170477203125 0.10903074531250001 0.1613150296875 0.11604138593749999 0.1612557828125 0.1522071265625 0.1693053859375 0.2098071375 0.175470909375 0.228125 0.2029554203125 0.228125 0.2084002140625 0.2111497625 0.219946515625 0.152137734375 0.2203125 0.1446581171875 0.2203125 0.1194656171875 0.217319875 0.11369745312499999
1 0.2859375 0.1938900375 0.2859375 0.11641248906249999 0.28126008593749996 0.11151756093750001 0.23200900781249997 0.10984232499999999 0.2285742 0.1132940921875 0.22736729375000003 0.12856278125 0.22827244531250002 0.1674516703125 0.239102146875 0.23000621250000003 0.24708974062500003 0.2543549484375 0.249658203125 0.2546875 0.269607140625 0.2546875 0.27440116406250004 0.253125140625 0.2812573203125 0.2288627625 0.2859375 0.1938900375
2 0 0 0 0.10474783593749999 0.0076119359375 0.10407938593749999 0.04883106875 0.115625 0.0513079015625 0.115625 0.0690756546875 0.1120875 0.08322555781249999 0.115625 0.09593826250000001 0.115625 0.10469742343749999 0.1085481234375 0.1122548921875 0.1156153 0.1563651671875 0.110837040625 0.2094090875 0.115625 0.24168847656249998 0.115625 0.24943916093750002 0.1138487046875 0.270557015625 0.115625 0.359375 0.115625 0.359375 0.005292784375 0.3246134140625 0.0041967265625 0.2531593890625 0.0084977 0.24258216406250002 0.002764865625 0.1834176515625 0.004506248437500001 0.166865803125 0 0 0
1 0.624920778125 0.3004315109375 0.641568625 0.3515625 0.6418115421875 0.3515625 0.6546875 0.3493043890625 0.6546875 0.2064792421875 0.64978065 0.194700228125 0.6472059109374999 0.1125212203125 0.6300629859375 0.1 0.6296553546875 0.1 0.6181150000000001 0.114215571875 0.624920778125 0.3004315109375
1 0.687800184375 0.102085871875 0.6757046328125 0.294910078125 0.68884033125 0.35019026875 0.6944592625 0.3515625 0.7187792125 0.3515625 0.7203125 0.3373736375 0.7203125 0.23499317187500002 0.7080603812499999 0.19866736093749998 0.708134175 0.1114474625 0.687800184375 0.102085871875
1 0.7783156765625 0.21655095625 0.7807322343750001 0.1127258203125 0.7610502015625 0.09766608125000001 0.7478777734375 0.1159017859375 0.7372981187500001 0.24710465781250002 0.7372981187500001 0.3338833109375 0.7421543484375 0.3618034265625 0.7448448578125 0.3625 0.7724843124999999 0.3625 0.7890625 0.279961678125 0.7890625 0.2568070859375 0.7783156765625 0.21655095625
1 0.8118657890625001 0.31735625 0.8255932234374999 0.3734375 0.8577524562499999 0.3734375 0.865625 0.3338370609375 0.865625 0.26501273593749997 0.8530855953125001 0.2137849796875 0.8544325890625 0.1154454796875 0.8267147062500001 0.0961611296875 0.8118657890625001 0.31735625
1 0.9720170453125 0.0958333328125 0.9592897734375001 0.1094945359375 0.9629261359375001 0.1914617484375 0.94474431875 0.2952868859375 0.9556534093749999 0.34993169375 0.98474431875 0.355396175 0.9992897734374999 0.2515710375 0.9811079546875 0.1914617484375 0.98838068125 0.114959015625 0.9720170453125 0.0958333328125
1 0.9114209984375 0.0944712078125 0.9009499906249999 0.1119628421875 0.8997865656249999 0.19767186406249998 0.8829261359375 0.311680328125 0.8992897734374999 0.3690573765625 0.9229261359375001 0.3663251359375 0.937471590625 0.2515710375 0.9229261359375001 0.207855190625 0.9265625 0.114959015625 0.9114209984375 0.0944712078125
1 0.8720170453125 0.2406420765625 0.8720170453125 0.306215846875 0.8901988640624999 0.3390027328125 0.8920170453124999 0.1012978140625 0.8720170453125 0.2406420765625
1 0.602230103125 1 0.6122671203125 0.8665380640624999 0.6038807890625 0.84021536875 0.5923560015625 0.8310625828125 0.5796620390625 0.838521828125 0.5701766015625 0.859421359375 0.5687164875 0.8885333953125001 0.5730861296875001 0.9361380296874999 0.573193925 0.9987472890625 0.57283915 1 0.602230103125 1
1 0.4096369078125 1 0.4056281359375 0.9829594468749999 0.4086400515625 0.8774357078125 0.4043782078125 0.8621352046874999 0.3894886734375 0.84330111875 0.38927584375 0.850937734375 0.381999440625 0.85714455625 0.37579522656250003 0.8758559218749999 0.3811184453125 0.9703185453125001 0.378607653125 0.9966892546875 0.37778229531249996 1 0.4096369078125 1
1 0.48099749062499997 1 0.4765725359375 0.9842038390625 0.474658071875 0.8662710125 0.46305068125000004 0.8417949984374999 0.4521577265625 0.8318954984375001 0.4399289125 0.8455525625 0.43481432187499997 0.8655755375 0.4504310109375 0.98929574375 0.4486252859375 1 0.48099749062499997 1
1 0.554942909375 1 0.5515625 0.984375 0.55625 0.881597221875 0.549609375 0.862847221875 0.538671875 0.8545138890625001 0.530078125 0.862847221875 0.52421875 0.8802083328125001 0.528125 0.9829861109374999 0.5249348953124999 1 0.554942909375 1
1 0.5159139546875 1 0.51328125 0.9857638890625001 0.5203125 0.874652778125 0.512890625 0.8545138890625001 0.501171875 0.84618055625 0.491015625 0.8545138890625001 0.484375 0.871875 0.4890625 0.9857638890625001 0.48530883750000003 1 0.5159139546875 1
1 0.6425631015625 1 0.6421875 0.9982638890625001 0.6453125 0.8663194437499999 0.640234375 0.8517361109374999 0.627734375 0.840625 0.616015625 0.850347221875 0.61328125 0.8579861109374999 0.6109375 0.9232638890625001 0.6109375 1 0.6425631015625 1
1 0.699921875 1 0.69765625 0.98993055625 0.70234375 0.8885416671874999 0.7 0.8760416671875 0.687109375 0.8600694437499999 0.675 0.871875 0.67265625 0.9982638890625001 0.673003840625 1 0.699921875 1
1 0.672873884375 1 0.67109375 0.98993055625 0.67421875 0.871875 0.668359375 0.8586805562500001 0.658984375 0.8517361109374999 0.64609375 0.86493055625 0.6446602296874999 1 0.672873884375 1