1 0.74453125 0.684027778125 0.737890625 0.6666666671875 0.732421875 0.66805555625 0.726171875 0.6611111109375 0.715625 0.6701388890625 0.709375 0.734027778125 0.70625 0.7451388890625 0.6875 0.7743055562500001 0.68203125 0.8020833328125001 0.68125 0.83125 0.6859375 0.8645833328125001 0.692578125 0.88055555625 0.703125 0.8854166671874999 0.72265625 0.8604166671875 0.73359375 0.82430555625 0.734375 0.7979166671875 0.72890625 0.753472221875 0.74296875 0.7020833328125 0.74453125 0.684027778125
1 0.334375 0.8201388890624999 0.33203125 0.7479166671875 0.325390625 0.7361111109375 0.315625 0.7298611109375 0.3125 0.6979166671875 0.309765625 0.6944444437499999 0.3078125 0.7326388890625 0.29765625 0.76319444375 0.29921875 0.784027778125 0.3109375 0.8354166671875 0.303125 0.8770833328125001 0.3015625 0.9145833328125 0.30703125 0.9423611109375001 0.313671875 0.9583333328125001 0.330078125 0.98194444375 0.33984375 0.98125 0.3484375 0.971527778125 0.35546875 0.946527778125 0.36015625 0.9145833328125 0.36015625 0.8895833328125 0.3546875 0.8604166671875 0.334375 0.8201388890624999
1 0.47734375 0.7923611109375 0.48125 0.746527778125 0.48046875 0.71875 0.46875 0.7020833328125 0.466796875 0.69305555625 0.4515625 0.72430555625 0.45703125 0.796527778125 0.44375 0.8451388890624999 0.44296875 0.8729166671874999 0.446875 0.90069444375 0.46171875 0.940972221875 0.465234375 0.9472222218749999 0.47265625 0.946527778125 0.47890625 0.9395833328125001 0.4890625 0.909027778125 0.49296875 0.8534722218749999 0.4890625 0.828472221875 0.4796875 0.809027778125 0.47734375 0.7923611109375
1 0.61015625 0.684027778125 0.61171875 0.6354166671875 0.608984375 0.6319444437499999 0.60234375 0.68125 0.594140625 0.6861111109375 0.590625 0.6951388890625 0.5875 0.7743055562500001 0.57734375 0.7923611109375 0.5703125 0.82569444375 0.5703125 0.8604166671875 0.578125 0.90069444375 0.583984375 0.9125 0.59375 0.9145833328125 0.609375 0.8895833328125 0.61875 0.8506944437499999 0.6171875 0.8145833328125001 0.609375 0.7770833328125 0.61875 0.7020833328125 0.61015625 0.684027778125
1 0.51484375 0.5798611109375 0.513671875 0.5388888890625 0.51015625 0.58125 0.5015625 0.5979166671875 0.50234375 0.6645833328124999 0.49453125 0.6854166671875 0.490625 0.7118055562500001 0.49140625 0.740972221875 0.4984375 0.7743055562500001 0.505859375 0.7861111109375 0.5125 0.7854166671875 0.521875 0.7701388890625 0.53046875 0.72430555625 0.52734375 0.684027778125 0.52109375 0.6659722218749999 0.52421875 0.6006944437499999 0.51484375 0.5798611109375
1 0.604296875 0.6458333328125 0.5921875 0.678472221875 0.59296875 0.690972221875 0.603125 0.678472221875 0.604296875 0.6458333328125
1 0.628515625 0.5708333328124999 0.620703125 0.565277778125 0.612890625 0.56805555625 0.60703125 0.5854166671875001 0.6078125 0.6229166671875 0.61171875 0.6451388890625 0.61015625 0.6798611109375 0.61875 0.703472221875 0.61171875 0.7520833328125 0.61328125 0.7604166671875 0.62578125 0.7354166671875 0.6296875 0.7145833328125 0.62890625 0.67569444375 0.62421875 0.64375 0.63203125 0.5840277781250001 0.628515625 0.5708333328124999
1 0.545703125 0.475 0.54140625 0.4770833328125 0.540625 0.5006944437499999 0.53359375 0.5173611109375 0.53359375 0.571527778125 0.525 0.59930555625 0.52265625 0.6326388890625 0.52421875 0.6659722218749999 0.532421875 0.6777777781250001 0.5421875 0.6770833328125 0.553125 0.6354166671875 0.553125 0.6076388890625 0.54765625 0.58125 0.55234375 0.515972221875 0.54609375 0.5020833328125 0.545703125 0.475
1 0.447265625 0.48333333281249996 0.4453125 0.5104166671875 0.440625 0.5229166671875001 0.44140625 0.58819444375 0.434375 0.6229166671875 0.43359375 0.6465277781250001 0.44296875 0.6881944437499999 0.4546875 0.6923611109375 0.46171875 0.6854166671875 0.46328125 0.6034722218749999 0.45625 0.5798611109375 0.45859375 0.5229166671875001 0.4515625 0.5104166671875 0.447265625 0.48333333281249996
1 0.40859375 0.60625 0.404296875 0.5986111109375 0.392578125 0.597222221875 0.3875 0.6034722218749999 0.384375 0.6173611109375 0.39140625 0.684027778125 0.38359375 0.7104166671875001 0.38046875 0.7395833328125 0.3828125 0.76319444375 0.39609375 0.803472221875 0.40703125 0.809027778125 0.414453125 0.8027777781250001 0.41875 0.7909722218749999 0.425 0.7548611109375 0.42421875 0.71875 0.409375 0.6798611109375 0.40859375 0.60625
1 0.4765625 0.4826388890625 0.47734375 0.5104166671875 0.46796875 0.5423611109375 0.46796875 0.571527778125 0.47578125 0.6048611109375 0.4859375 0.609027778125 0.49375 0.59375 0.4984375 0.553472221875 0.48984375 0.51180555625 0.490625 0.48125 0.479296875 0.4791666671875 0.4765625 0.4826388890625