1 0.41589356093749996 0.56875 0.41589356093749996 0.45012346875000003 0.3951246109375 0.3782078 0.37027179062500004 0.3784969890625 0.36875 0.39221421562500003 0.36875 0.5506453859375 0.37361672968750004 0.56875 0.41589356093749996 0.56875
2 0.36875 0.39425189375 0.9124826421875 0.3747732328125 0.9105356546875001 0.4158606515625 0.944347034375 0.41961120156250004 0.96379815625 0.428125 0.9759673249999998 0.428125 0.9913688671875001 0.36616546875 0.9984375 0.2483265765625 0.9984375 0.2464584125 0.36875 0.28594090625 0.36875 0.39425189375
1 0 0.8118355265625 0.004856575 0.8296875 0.008124218749999999 0.8296875 0.012430067187500001 0.828163625 0.012430067187500001 0.7494568968750001 0.0078275 0.73201309375 0.008321407812499999 0.6972545078125 0.0050081921875 0.6896474359375 0 0.691278678125 0 0.8118355265625
1 0.0424974875 0.7001241890625 0.037237539062500005 0.6898552796875 0.028362257812500003 0.6963666984375 0.029967775000000002 0.7435661875 0.025 0.7729400562500001 0.025 0.817333071875 0.0250026625 0.8173591546875001 0.0307297328125 0.8375 0.043655 0.8375 0.0501281640625 0.8033819109374999 0.0501281640625 0.7936408140625 0.049323853125 0.777742840625 0.0416380390625 0.7404474296875 0.0424974875 0.7001241890625
1 0.13098380625 0.7600032390625 0.1296875 0.7640393109375 0.1296875 0.8421875 0.1380628984375 0.8421875 0.13988407187500002 0.8396576281250001 0.14644065625 0.8101905734375 0.14761749531249999 0.77968508125 0.1415850765625 0.7524079515625 0.1474692015625 0.7091521375000001 0.1410708734375 0.6936555296875 0.13030148749999998 0.6978036281250001 0.13098380625 0.7600032390625
1 0.08681640625 0.790879465625 0.07744140625 0.751202465625 0.07900390625 0.7052690046875 0.07314453125 0.69245004375 0.06689453125 0.6914616734375001 0.0609375 0.6974500359375 0.0609375 0.705385084375 0.06416015625 0.7395535671875 0.0609375 0.759402940625 0.0609375 0.82574966875 0.06572265625 0.8450089937499999 0.06622633125 0.8453125 0.0788205265625 0.8453125 0.08134765625 0.8398410296875 0.08681640625 0.790879465625
1 0.099266859375 0.8530566921875 0.10703125 0.8564236109374999 0.116015625 0.8557291671874999 0.11875 0.8494791671874999 0.1234375 0.8203125 0.1223886890625 0.7977792359375 0.116899334375 0.7741311296875001 0.11484375 0.7536458328125 0.117232021875 0.7294953203125 0.11640625 0.7119791671875 0.11057825624999999 0.707916428125 0.10508890156249999 0.7132372453125 0.10309277812499999 0.722400890625 0.10242739375000001 0.73599855 0.103591803125 0.751665425 0.10309277812499999 0.7658542859375 0.10109664375 0.7756091312500001 0.0971043875 0.785659578125 0.095274603125 0.7992572484375 0.094609228125 0.8152197125 0.0942765421875 0.82438335625 0.09609375 0.8369791671875 0.099266859375 0.8530566921875
1 0.08984375 0.8078125 0.09609375 0.8369791671875 0.1 0.835590278125 0.09921875 0.8189236109374999 0.0953125 0.798090278125 0.1046875 0.7564236109375 0.103125 0.7258680562500001 0.10390625 0.7203125 0.1109375 0.7050347218749999 0.11015625 0.6967013890625 0.106640625 0.6904513890625 0.099609375 0.6904513890625 0.09609375 0.6967013890625 0.0953125 0.7078125 0.09765625 0.7411458328125 0.0890625 0.7828125 0.08984375 0.8078125
1 0.1203125 0.77586805625 0.1234375 0.8092013890625 0.1265625 0.8036458328125 0.128125 0.780034721875 0.13515625 0.75225694375 0.13515625 0.73836805625 0.13203125 0.723090278125 0.13203125 0.7064236109375 0.133203125 0.7029513890625 0.14140625 0.6967013890625 0.14140625 0.6939236109375 0.138671875 0.6904513890625 0.129296875 0.6904513890625 0.12734375 0.692534721875 0.12734375 0.7161458328125 0.1296875 0.723090278125 0.1296875 0.7328125 0.121875 0.76336805625 0.1203125 0.77586805625
1 0.1625 0.8314236109375 0.16640625 0.83975694375 0.175390625 0.8390625 0.17890625 0.8328125 0.184375 0.8036458328125 0.184375 0.780034721875 0.17578125 0.7439236109375 0.178125 0.70086805625 0.17734375 0.6953125 0.173046875 0.6904513890625 0.166015625 0.691840278125 0.1625 0.70086805625 0.16484375 0.7453125 0.15703125 0.7842013890625 0.1578125 0.8078125 0.1625 0.8314236109375
1 0.1921875 0.8244791671874999 0.19609375 0.8328125 0.202734375 0.83211805625 0.20703125 0.8272569437499999 0.209375 0.8203125 0.21328125 0.7911458328125001 0.2125 0.7661458328124999 0.2046875 0.735590278125 0.20703125 0.6953125 0.203515625 0.691840278125 0.194921875 0.691840278125 0.19296875 0.6953125 0.19453125 0.7369791671875 0.18671875 0.773090278125 0.18671875 0.7897569437499999 0.1890625 0.8092013890625 0.1921875 0.8244791671874999
0 0.085567434375 1 0.090625 0.9786458328125001 0.0859375 0.948090278125 0.075390625 0.9307291671875 0.062109375 0.9237847218749999 0.041796875 0.9348958328125001 0.03515625 0.95086805625 0.03203125 0.9717013890625001 0.036673990625 1 0.085567434375 1
1 0.9559655859374999 1 0.9577551796874999 0.9305866953124999 0.9501029953125 0.9176082046874999 0.9384084890625001 0.919338075 0.9335606734375 0.9326802781250001 0.9373975078125 1 0.9559655859374999 1
1 0.899178228125 1 0.9047293968750001 0.948146709375 0.9030976796874999 0.937185790625 0.8954730812499999 0.92868369375 0.8873935687500001 0.9333510078125 0.8803326390624999 0.9524764953125 0.8792644875000001 1 0.899178228125 1
1 0.7916281953125 1 0.79453125 0.9432291671874999 0.783203125 0.92586805625 0.771484375 0.9314236109374999 0.76953125 0.9390625 0.76875 0.9696180562500001 0.7734375 0.9904513890625001 0.7734375 1 0.7916281953125 1
1 0.7284968453125 1 0.7328125 0.93350694375 0.724609375 0.9161458328125001 0.712109375 0.9189236109374999 0.7078125 0.93211805625 0.7105894890625001 1 0.7284968453125 1
1 0.6713045984375 1 0.66953125 0.991840278125 0.67265625 0.9182291671874999 0.651953125 0.9147569437499999 0.64921875 0.91961805625 0.6515625 0.9973958328125001 0.6509410515624999 1 0.6713045984375 1
1 0.831781475 1 0.8296875 0.961284721875 0.84609375 0.941840278125 0.8453125 0.9279513890625001 0.840234375 0.917534721875 0.826953125 0.917534721875 0.82109375 0.9348958328125001 0.8230211765625001 1 0.831781475 1
1 0.8842644453125 1 0.88203125 0.9473958328125001 0.887890625 0.9314236109374999 0.8953125 0.9279513890625001 0.8949469406249999 0.91875809375 0.8721043296875 0.919569940625 0.8714190453124999 0.943925390625 0.87578125 0.9835069437499999 0.8720201640624999 1 0.8842644453125 1
1 0.772689353125 1 0.7703125 0.9376736109374999 0.774609375 0.9286458328125 0.784375 0.9265625 0.782421875 0.9161458328125001 0.7609375 0.9182291671874999 0.7640625 0.9904513890625001 0.762097465625 1 0.772689353125 1