1 0.088859184375 0 0.090355734375 0.018333484375 0.07694667968749999 0.0917391640625 0.07409790000000001 0.132895646875 0.07795261718749999 0.18011787031249998 0.0928953109375 0.25859715 0.10354216093749999 0.2939570984375 0.1097363015625 0.303125 0.1375 0.303125 0.1375 0.050224275 0.137041090625 0.0483574265625 0.123836109375 0.019686829687499997 0.12269478281249999 0 0.088859184375 0
1 0.004243528125 0 0 0.0205556328125 0 0.2404268296875 0.0085112609375 0.2637525875 0.0159861234375 0.2671875 0.03081628125 0.2671875 0.04573378125 0.2655844859375 0.05175749375000001 0.25535208125 0.0578125 0.22478460312499998 0.0578125 0.0528943328125 0.053551809375 0.029778125 0.0453940734375 0 0.004243528125 0
1 0.16089831875 0 0.1606549515625 0.026305709375000003 0.138930190625 0.104508484375 0.138930190625 0.3306415609375 0.1488075203125 0.334375 0.15607449843750001 0.334375 0.1710721734375 0.33250867500000003 0.1920811609375 0.2720010859375 0.200824509375 0.23034295624999998 0.2046875 0.1995090390625 0.2046875 0.085208740625 0.19822288906250002 0.0626165234375 0.19522522343749998 0.014617584375000001 0.197069659375 0 0.16089831875 0
1 0.211791128125 0 0.20234375 0.033150659375 0.2015625 0.049780940625 0.2171875 0.0810642421875 0.22265625 0.103541175 0.22421875 0.1925028375 0.21953125 0.22284007031250003 0.21796875 0.2699895171875 0.22130657812500001 0.275 0.24602265937499998 0.275 0.2515625 0.2632208390625 0.2640625 0.2013030359375 0.2671875 0.0931152515625 0.24800098125 0 0.211791128125 0
1 0.292671303125 0 0.2917614234375 0.022330025 0.268272184375 0.1009778828125 0.268272184375 0.2897421671875 0.273416140625 0.3078125 0.3088883328125 0.3078125 0.325936175 0.2772739890625 0.3421875 0.18255399375 0.3421875 0.14877672656250002 0.34074409375000003 0.1441042953125 0.3399959921875 0.0857164171875 0.334708071875 0.061996209375 0.3340510578125 0.0397467140625 0.3262496078125 0.0201522640625 0.3281029171875 0 0.292671303125 0
1 0.62081083125 0.1498338625 0.618819571875 0.16346765937500002 0.6263661578125 0.21788941718750002 0.6302941078125001 0.2234375 0.65 0.2234375 0.65 0.1562740125 0.6398824015625 0.1410434015625 0.6273824015625 0.1400230375 0.62081083125 0.1498338625
1 0.5769800359375 0.1232754390625 0.567337775 0.1232754390625 0.55405573125 0.1243596421875 0.5499689796875 0.13373817187499998 0.5498019390625 0.1601908328125 0.55653143125 0.2139110875 0.5586722453124999 0.2203125 0.5716265765624999 0.2203125 0.5793169890625001 0.21761723125 0.5796875 0.2072568859375 0.5796875 0.131004396875 0.5769800359375 0.1232754390625
1 0.5953125 0.34645727656249997 0.5921319328125 0.340259953125 0.5452973453125 0.3355932453125 0.5360907015625 0.3426038859375 0.5359375 0.363164665625 0.5359375 0.3796373859375 0.5435393109375 0.4363696375 0.549600871875 0.4546875 0.5770965515625 0.4546875 0.5826422234375 0.4377122625 0.5945362125 0.378700234375 0.5953125 0.3645248703125 0.5953125 0.34645727656249997
1 0.6388459828124999 0.46875 0.6444277375 0.45400072968750005 0.65832821875 0.3940603015625 0.659375 0.37678503281250003 0.659375 0.3403444109375 0.65605520625 0.336575975 0.6069417015624999 0.33633266562499997 0.6031629671875 0.33988671406250004 0.6011086375 0.35145223125 0.6011086375 0.44259207500000003 0.6021349953125 0.45637154375 0.6049972046875001 0.46875 0.6388459828124999 0.46875
2 0.459375 0.3390625 0.9673727984374999 0.3390625 0.967578125 0.333961690625 0.971875 0.33034237499999997 0.971875 0.329717375 0.968359375 0.3270536328125 0.967578125 0.2867394671875 0.962890625 0.2795767 0.963671875 0.27405753125 0.94921875 0.2518565890625 0.89609375 0.25493780781250003 0.69921875 0.242990428125 0.62734375 0.245198353125 0.6171875 0.2391697625 0.5578125 0.2391821046875 0.52578125 0.2293568921875 0.459375 0.226263971875 0.459375 0.3390625
1 0.055580862499999995 0.46875 0.0628420203125 0.5164672218749999 0.07416215781249999 0.5220475421875 0.07843506875 0.5363651328125 0.09013784375 0.546632953125 0.0964834390625 0.567328090625 0.12323712812500001 0.6098662765625 0.1298378140625 0.6336864125 0.14217831875 0.6517667328125001 0.14810932500000001 0.6863968265625 0.15592182500000001 0.6870345546875 0.15732482812499998 0.7042220546875 0.15547528593749999 0.7195919640625 0.15099507968749998 0.7122418484375 0.14935283125 0.720644278125 0.15400838125 0.7396493718749999 0.1449682203125 0.7334791203125001 0.135130834375 0.7365563234375 0.1426562921875 0.75269150625 0.116444478125 0.7738331828125 0.101170165625 0.795867678125 0.09788566875 0.8126725421875 0.07307685781249999 0.851001715625 0.071227315625 0.8663716265625 0.06118263593749999 0.8764163046875 0.058153231250000006 0.8963461671874999 0.0492884140625 0.9018308937499999 0.05321038125000001 0.9688908484375001 0.062749146875 1 0.459375 1 0.459375 0.7736420734375 0.4044868703125 0.7088768296875 0.3896596125 0.546249284375 0.388703146875 0.4965043765625 0.394953146875 0.497014559375 0.38819296406250003 0.49025437656250004 0.3938052359375 0.48295205937499996 0.3865348703125 0.4699418765625 0.38745089843749997 0.46875 0.055580862499999995 0.46875
1 0.515625 1 0.515625 0.8178303 0.510417353125 0.8006267203125 0.507604303125 0.7534895265625 0.50815949375 0.7222631375 0.5058246765625001 0.6999983999999999 0.4963534796875 0.682209784375 0.48511365 0.6776132609375 0.47783022812500003 0.6834570140625 0.474053840625 0.6974049703125 0.47654806875 0.7279605265625 0.4832927921875 0.7662210953124999 0.4857196828125 0.8022896906250001 0.47561221875 0.8686068265625 0.4781311828125 0.9184792796875 0.4838259921875 0.950215853125 0.49734929531249994 1 0.515625 1
1 0.5728628703125 1 0.578125 0.970214575 0.578125 0.8552466359374999 0.564428284375 0.8018641500000001 0.5629771453125001 0.7843565874999999 0.566676896875 0.719116621875 0.5657034890625 0.699714690625 0.558794375 0.683116503125 0.5509779328125 0.680161434375 0.5445996296875 0.680161434375 0.5400228234375 0.6837211265625001 0.5334333734375 0.7032765640624999 0.5399060140625 0.802010515625 0.5235949015625 0.88590595625 0.5235876921875 0.93043543125 0.53766694375 1 0.5728628703125 1
1 0.9416464203124999 1 0.9440490687499998 0.99564585 0.9546875 0.9313020281250001 0.9546875 0.8598592593750001 0.9540080812500001 0.8506761015625 0.943016815625 0.7979501625000001 0.9439777765624999 0.74698781875 0.94801879375 0.7157248578125 0.948144559375 0.6934662140625 0.9436411828125 0.6778424453125 0.9307550562500001 0.6723023109375 0.9206436906250002 0.6790177328125 0.9147304015625 0.6939130984374999 0.9164812578125 0.7951668078124999 0.9041807703125 0.8413765546875001 0.9041807703125 0.9603865296875 0.9096471265625 0.9941680406250001 0.9126401828125001 1 0.9416464203124999 1
1 0.8441214625000001 1 0.845082359375 0.9982887874999999 0.857825159375 0.9536261374999999 0.8640625 0.906658925 0.8640625 0.8753976296874999 0.8637592734374999 0.868453075 0.8521443046874999 0.8021743296875 0.855722590625 0.7549521078125 0.8621749218750001 0.7178302125 0.8626768296874999 0.6974840859375 0.8583657609374999 0.6823335953124999 0.85149506875 0.67694775625 0.84524506875 0.6770932265624999 0.8375324265625 0.682818496875 0.8295836796875001 0.701951509375 0.8288578984375 0.787003346875 0.8244996718750001 0.810212109375 0.817627746875 0.8341402046875 0.817627746875 1 0.8441214625000001 1
1 0.7821450859375 1 0.7890625 0.96678320625 0.7890625 0.8728543343750002 0.7853515625 0.851690334375 0.7780598953125001 0.8272766453125 0.7738932296875 0.7965270249999999 0.7780598953125001 0.7309803500000001 0.7775390625 0.7050301640625 0.7699869796875 0.686622865625 0.7647786453125001 0.68360250625 0.7595703125 0.6833599234375 0.7527994796874999 0.688600121875 0.7488932296874999 0.69536263125 0.7462890625 0.7082043015625 0.7468098953125001 0.7341544875 0.7504557296875 0.7602502203125 0.7509765625 0.8084226265625001 0.7431640625 0.8432439390625 0.7587890625 0.8745272390625001 0.7645182296874999 0.8933125984375 0.7676432296875 0.917532221875 0.7676432296875 0.944384075 0.7650390625 0.9637072265625001 0.7546223953125001 0.9882220625 0.7510531390625 1 0.7821450859375 1
1 0.7859892640625 1 0.790899415625 0.9881354203124999 0.8001152390625 0.941040475 0.803125 0.906415034375 0.803125 0.8648248046875 0.8017293078125001 0.8502633703125 0.7911911953125 0.8018970328125 0.790496453125 0.7805734624999999 0.797613315625 0.695451915625 0.7949787875000001 0.6833603312500001 0.790796940625 0.6772645374999999 0.7799726265625 0.674295846875 0.7740925453124999 0.677899546875 0.7713482218750001 0.6831665875 0.7713482218750001 0.6849316265625001 0.7761082359375 0.69878288125 0.7771425359374999 0.71177311875 0.7713482218750001 0.76673989375 0.7713482218750001 0.8166830734375001 0.7784049937499999 0.8470764890625 0.783772503125 0.8944259875 0.7804671203125 0.9499633609375 0.7713482218750001 0.9935689125 0.7713482218750001 1 0.7859892640625 1
1 0.7013020828125001 0.6788773140625001 0.6893229171874999 0.686284721875 0.6838541671874999 0.7024884265625 0.6838541671874999 0.7265625 0.6875 0.7524884265624999 0.6890625 0.7895254625 0.6880208328125 0.80711805625 0.678125 0.848784721875 0.6776041671874999 0.8589699078125002 0.6986979171875 0.8390625 0.7177083328125 0.830266203125 0.7130208328125001 0.80804398125 0.7114583328125 0.7885995375 0.715625 0.7034143515625 0.7096354171874999 0.685358796875 0.7013020828125001 0.6788773140625001
1 0.59477613125 1 0.5901041671875 0.9756365734374999 0.5901041671875 0.960821759375 0.59375 0.954340278125 0.5942708328124999 0.9089699078125001 0.5994791671875 0.892303240625 0.5984375 0.8848958328125001 0.6026041671875 0.8719328703125001 0.6239583328125 0.8256365734375001 0.621875 0.792303240625 0.6260416671875 0.7126736109375 0.6229166671875 0.6950810187500001 0.61484375 0.68258101875 0.60234375 0.6872106484375 0.5953125 0.7034143515625 0.5942708328124999 0.72100694375 0.5979166671875 0.772858796875 0.596875 0.7932291671874999 0.5921875 0.8163773140625 0.5770833328125 0.8626736109375 0.5802083328125 0.9154513890625001 0.5765625 0.960821759375 0.5765625 0.9895254625 0.5781336796875001 1 0.59477613125 1
0 0.7516783859375 1 0.753125 0.9941550921874999 0.7661458328125 0.9598958328125 0.76875 0.9256365734374998 0.7651041671875 0.8932291671874999 0.7588541671875 0.872858796875 0.7481770828125001 0.8520254625 0.7424479171874999 0.8436921296875 0.73203125 0.836284721875 0.7158854171875 0.83258101875 0.70078125 0.8372106484374999 0.6765625 0.8626736109375 0.6651041671875 0.8904513890625001 0.6619791671874999 0.9117476859375 0.6614583328125001 0.9376736109374999 0.6661458328125001 0.9747106484374999 0.677307190625 1 0.7516783859375 1