1 0.51015625 0.30763888906250003 0.5109375 0.2479166671875 0.515625 0.21875 0.5171875 0.17569444375 0.508203125 0.15277777812499999 0.488671875 0.15 0.48203125 0.15625 0.4765625 0.178472221875 0.48203125 0.2673611109375 0.48125 0.30625 0.46171875 0.37569444375 0.45859375 0.43541666718750005 0.46328125 0.4770833328125 0.47734375 0.53680555625 0.487109375 0.55 0.50234375 0.55069444375 0.51171875 0.5409722218749999 0.52265625 0.49513888906250003 0.53046875 0.44930555625 0.53125 0.41180555625000004 0.52734375 0.37152777812500004 0.51015625 0.30763888906250003
1 0.43203125 0.16180555624999998 0.43125 0.1395833328125 0.426171875 0.125 0.411328125 0.11388888906250001 0.401953125 0.12222222187500001 0.39609375 0.140972221875 0.39921875 0.18680555625 0.40390625 0.2104166671875 0.403125 0.2451388890625 0.3875 0.32430555625 0.38671875 0.37152777812500004 0.38984375 0.39930555624999997 0.40234375 0.45347222187499997 0.412109375 0.4625 0.42578125 0.46180555625 0.43515625 0.45347222187499997 0.44609375 0.39930555624999997 0.4484375 0.33541666718749996 0.428125 0.24375 0.4265625 0.20347222187499997 0.43203125 0.16180555624999998
1 0.360546875 0.09444444375 0.346484375 0.090277778125 0.3390625 0.09930555625000001 0.3359375 0.11041666718750001 0.34140625 0.1729166671875 0.34140625 0.21458333281250003 0.33125 0.2701388890625 0.3296875 0.32569444375 0.34453125 0.39097222187499997 0.353515625 0.3986111109375 0.36640625 0.39791666718749996 0.37421875 0.3826388890625 0.38203125 0.33819444375 0.3828125 0.2854166671875 0.36484375 0.209027778125 0.3671875 0.11041666718750001 0.360546875 0.09444444375
1 0.31640625 0.08819444374999999 0.311328125 0.075 0.299609375 0.06944444375 0.29140625 0.0770833328125 0.28828125 0.09097222187500001 0.29375 0.140972221875 0.29453125 0.1826388890625 0.28359375 0.2298611109375 0.28359375 0.2770833328125 0.2890625 0.31319444375 0.29765625 0.3423611109375 0.305078125 0.34861111093749997 0.31640625 0.3479166671875 0.323046875 0.34444444375 0.32734375 0.3298611109375 0.33203125 0.25069444375 0.325 0.209027778125 0.315625 0.1826388890625 0.31640625 0.08819444374999999
1 0.58984375 0.2576388890625 0.58984375 0.2201388890625 0.596875 0.1395833328125 0.589453125 0.1208333328125 0.581640625 0.115277778125 0.572265625 0.11805555625 0.56328125 0.13680555625 0.5640625 0.25486111093749997 0.5484375 0.30902777812500004 0.54375 0.3395833328125 0.54453125 0.39097222187499997 0.55546875 0.43819444374999994 0.55546875 0.45069444374999995 0.563671875 0.4625 0.57734375 0.46319444374999996 0.583984375 0.459722221875 0.5890625 0.44930555625 0.60078125 0.39930555624999997 0.60546875 0.34930555625 0.6015625 0.30763888906250003 0.58984375 0.2576388890625
1 0.646875 0.1854166671875 0.653125 0.115972221875 0.65078125 0.10486111093749999 0.640234375 0.09305555625 0.630078125 0.0958333328125 0.621875 0.1145833328125 0.6234375 0.21180555625 0.6078125 0.2701388890625 0.60390625 0.3048611109375 0.60703125 0.3479166671875 0.61484375 0.3923611109375 0.623046875 0.4 0.6375 0.39930555624999997 0.6453125 0.3895833328125 0.6484375 0.37847222187499996 0.6578125 0.32569444375 0.6546875 0.25486111093749997 0.646875 0.2173611109375 0.646875 0.1854166671875
1 0.690625 0.18125 0.69921875 0.0951388890625 0.696875 0.084027778125 0.691015625 0.07638888906249999 0.678515625 0.0791666671875 0.67109375 0.09930555625000001 0.67265625 0.17986111093749999 0.65546875 0.23958333281250002 0.65859375 0.33819444375 0.665234375 0.34861111093749997 0.68125 0.34930555625 0.68828125 0.3423611109375 0.6921875 0.32847222187499997 0.69921875 0.30069444375 0.70234375 0.26597222187499997 0.70078125 0.2298611109375 0.690625 0.18125
1 0.56953125 0.08541666718749999 0.561328125 0.075 0.549609375 0.0791666671875 0.54453125 0.09097222187500001 0.54609375 0.1826388890625 0.53125 0.2520833328125 0.53125 0.28819444375000003 0.534375 0.30763888906250003 0.537890625 0.3166666671875 0.54453125 0.31736111093749997 0.56171875 0.2576388890625 0.5640625 0.23819444375 0.56171875 0.14375 0.57109375 0.115972221875 0.571875 0.0979166671875 0.56953125 0.08541666718749999
1 0.437109375 0.077777778125 0.427734375 0.072222221875 0.41796875 0.07986111093750001 0.4140625 0.103472221875 0.417578125 0.115277778125 0.43203125 0.134027778125 0.42890625 0.246527778125 0.4484375 0.31875 0.45546875 0.28125 0.45546875 0.25347222187499996 0.45078125 0.22291666718749997 0.4375 0.17569444375 0.4421875 0.09097222187500001 0.437109375 0.077777778125
1 0.51875 0.3326388890625 0.52265625 0.31736111093749997 0.52265625 0.28958333281250004 0.513671875 0.24583333281250003 0.5109375 0.2604166671875 0.5109375 0.3020833328125 0.51875 0.3326388890625
1 0.47109375 0.33819444375 0.48125 0.30069444375 0.48203125 0.259027778125 0.478515625 0.2375 0.4671875 0.28958333281250004 0.4671875 0.31736111093749997 0.47109375 0.33819444375
1 0.48125 0.1395833328125 0.48359375 0.1520833328125 0.5109375 0.14930555625 0.5125 0.1145833328125 0.505078125 0.0958333328125 0.494140625 0.0916666671875 0.4828125 0.10486111093749999 0.48125 0.1395833328125