1 0.8375 0 0.8375 0.0609375 0.8589971656250001 0.0609375 0.87398854375 0 0.8375 0
1 0.7546875 0 0.7546875 0.06058986875 0.7572585890625 0.065625 0.7799725687500001 0.065625 0.7957692796875 0.006781053125 0.7958339765625 0 0.7546875 0
1 0.6881535953125001 0 0.6881535953125001 0.018535539062500002 0.699591503125 0.0626531859375 0.7224673203125 0.0626531859375 0.735539215625 0.0013786765625 0.7352437843749999 0 0.6881535953125001 0
1 0.63826324375 0 0.6407679734375 0.0356924015625 0.6505718953125 0.0626531859375 0.6701797390625 0.057751224999999996 0.6799836593749999 0.013633578125 0.6793344421875 0 0.63826324375 0
1 0.7425283390625 0 0.74370915 0.028339460937499998 0.753513071875 0.0626531859375 0.76331699375 0.0626531859375 0.7557226671875 0 0.7425283390625 0
1 0.8097260515624999 0 0.8107026140624999 0.0234375 0.8221405234375 0.0626531859375 0.8392973859375001 0.0638786765625 0.8433823531249999 0.055300245312499996 0.8396956703124999 0 0.8097260515624999 0
1 0.8902878734375002 0 0.8907679734375 0.0626531859375 0.915277778125 0.0626531859375 0.9267156859375 0.0062806375 0.9264539921875 0 0.8902878734375002 0
1 0.9265606078124999 0 0.9267156859375 0.0062806375 0.921813725 0.0479473046875 0.9283496734375 0.0626531859375 0.9463235296875 0.06020220625 0.9561274515625 0.0111825984375 0.9543733187499999 0 0.9265606078124999 0
1 0.9576470578125 0 0.951225490625 0.06020220625 0.9642973859375001 0.06020220625 0.9659313718749999 0.030790440625 0.9700163406249999 0.0369178921875 0.9724673203125 0.0258884796875 0.9724673203125 0.016084559374999998 0.9642973859375001 0.0111825984375 0.9675653593749999 0.0038296562499999997 0.9626633984375002 0.0062806375 0.9632978062500002 0 0.9576470578125 0
1 0.1498911640625 0.56875 0.1480366359375 0.5856055265625 0.14287090156249999 0.6103321234375 0.1296875 0.645148646875 0.1296875 0.946875 0.1346569140625 0.946875 0.1460227 0.94282473125 0.156537621875 0.9248607625 0.1862230640625 0.840731815625 0.1952064046875 0.7981547140625 0.2000938578125 0.7286419171875 0.1885111578125 0.6199203609375 0.1932685046875 0.56875 0.1498911640625 0.56875
2 1 1 1 0.9443408984375001 0.6947791406249999 0.943340675 0.690625 0.952125078125 0.690625 1 1 1