1 0.12019987812499999 0.3070051640625 0.11853568750000001 0.269940859375 0.11011715 0.21986813437500002 0.121875 0.1248288109375 0.121875 0.11887537968749999 0.118225109375 0.10458278125 0.1072958546875 0.0980346375 0.0979881921875 0.1035386796875 0.09127232656249999 0.11878464375 0.086083234375 0.22065467499999997 0.07833764062500001 0.2457539234375 0.07833764062500001 0.425 0.0889093625 0.425 0.092669921875 0.42403025625 0.101922615625 0.403240859375 0.11658015625 0.34496509999999997 0.12019987812499999 0.3070051640625
0 0.2315892328125 0.386275134375 0.2379848109375 0.3834246328125 0.2521864109375 0.385572784375 0.253125 0.3763039828125 0.253125 0.349037771875 0.251827378125 0.33283136875 0.24621468750000003 0.315777496875 0.23160872812500002 0.2965148640625 0.21982366406249998 0.2929505515625 0.20140039375000002 0.29686637031249996 0.1876937265625 0.3150704078125 0.176050965625 0.3485188890625 0.1755225015625 0.3521385453125 0.1755225015625 0.40450025468749995 0.18453191875 0.409375 0.22329856406249998 0.409375 0.2315892328125 0.386275134375
1 0.782115178125 0 0.777935034375 0.051208878125 0.7794604296875 0.08039826875 0.767075865625 0.165088675 0.748365803125 0.20873785625000002 0.748365803125 0.46875 0.7987553734375 0.46875 0.8023022015624999 0.4612674421875 0.8205595406249999 0.4099603671875 0.831004378125 0.3586078390625 0.8345066046875 0.32527905156250003 0.8340139421874999 0.27386289218750004 0.8200751234375 0.17651340468750001 0.8264240671875 0.0987356265625 0.8501704921875 0 0.782115178125 0
1 0.9528659890625001 0 0.9522989468749999 0.0031781078125 0.94730086875 0.0240568953125 0.9180985546875 0.08963466406250001 0.9140239390625 0.102350890625 0.9140239390625 0.354932471875 0.922736946875 0.359375 0.9264078359374999 0.359375 0.9399150687500001 0.3586609390625 0.95078949375 0.3522882140625 0.9576315125000001 0.333470034375 0.9712961312499999 0.3111023625 0.9915407500000001 0.2525690328125 1 0.0911569421875 1 0.0586481953125 0.996936925 0.0304195359375 0.9990340062499999 0 0.9528659890625001 0
1 0.656640625 0.46875 0.62734375 0.3619791671875 0.6234375 0.3203125 0.6234375 0.28420138906250003 0.63515625 0.17586805625 0.63515625 0.10920138906250001 0.63203125 0.092534721875 0.624609375 0.0779513890625 0.612890625 0.073784721875 0.569140625 0.1015625 0.5578125 0.1203125 0.5640625 0.21892361093749999 0.57421875 0.2814236109375 0.56796875 0.3619791671875 0.546875 0.41336805625000006 0.5351063375 0.46875 0.656640625 0.46875
1 0.5 0.4306828703125 0.5015625 0.4369791671875 0.510546875 0.4515625 0.5328125 0.4564236109375 0.53828125 0.448090278125 0.54765625 0.405034721875 0.5640625 0.36475694375 0.56796875 0.323090278125 0.5671875 0.2619791671875 0.5578125 0.142534721875 0.548046875 0.116840278125 0.512890625 0.13211805625 0.5 0.142874859375 0.5 0.4306828703125
1 0.15379500625 0.46875 0.1533195390625 0.6071009234375 0.13789077031250002 0.6490761796875 0.13789077031250002 0.8859081515625 0.1663786625 0.8921875 0.1744622375 0.8921875 0.20747323125 0.7966950171875 0.2140625 0.7159731375 0.2140625 0.700642828125 0.1936125796875 0.6073353406249999 0.2118870671875 0.46875 0.15379500625 0.46875
1 0.0482041046875 0.46875 0.0421607203125 0.4770931625 0.0424045953125 0.612143053125 0.0238385640625 0.6683407781249999 0.0238385640625 0.857106303125 0.025427182812499997 0.8662397281249999 0.055157396875 0.8703125 0.062147457812499994 0.8703125 0.09532724375 0.789796840625 0.10625 0.7100568812500001 0.10625 0.6985994953125 0.089740359375 0.616994359375 0.0996356375 0.4980328171875 0.0882722859375 0.46875 0.0482041046875 0.46875
1 0.5 0.676883446875 0.4792467953125 0.6068834453124999 0.48290979843750004 0.4879645265625 0.45910027500000006 0.4690456078125 0.4426167578125 0.49336993281249997 0.449942765625 0.6068834453124999 0.431627746875 0.720396959375 0.449942765625 0.8176942562499999 0.48290979843750004 0.8230996625 0.5 0.7222212828125001 0.5 0.676883446875
1 0.376678603125 0.46875 0.369356684375 0.477153715625 0.3766826921875 0.601478040625 0.35104166718749996 0.6879645265625 0.35104166718749996 0.7528293921875 0.369356684375 0.8339104734375 0.40964972499999996 0.844721284375 0.431627746875 0.6987753375000001 0.405986721875 0.601478040625 0.4133127296875 0.48255912187499994 0.397716346875 0.46875 0.376678603125 0.46875
1 0.2751149890625 0.46875 0.2704555859375 0.477153715625 0.27778159375 0.6068834453124999 0.2521405671875 0.763640203125 0.27411858906250003 0.8555320953125 0.318074634375 0.8663429046875001 0.34371565937500004 0.7690456078125 0.34371565937500004 0.7041807437500001 0.3144116296875 0.601478040625 0.3217376375 0.4717483109375 0.31744823437499997 0.46875 0.2751149890625 0.46875
1 0.237488553125 0.682559121875 0.2448145609375 0.7906672296874999 0.263129578125 0.8176942562499999 0.2521405671875 0.7095861484375 0.27778159375 0.601478040625 0.26862408437499996 0.47445101406249995 0.2521405671875 0.4879645265625 0.25580357187499997 0.61769425625 0.237488553125 0.682559121875