1 0.711895878125 0 0.70625 0.0195869203125 0.70625 0.2421875 0.7256689062499999 0.2421875 0.7312179453125001 0.232349115625 0.7500217984375 0.1617199265625 0.7570462015625 0.103158759375 0.7545148125 0.054631490625 0.7462839515624999 0.0130413703125 0.745081065625 0 0.711895878125 0
1 0.6595235546875 0 0.6597722906250001 0.001903925 0.6602349203125 0.0306743828125 0.6464571703125 0.106809184375 0.6453125 0.11990170625 0.6453125 0.1811549453125 0.6462955125 0.20343924531250002 0.648828528125 0.221857634375 0.66815443125 0.301445271875 0.6756380562500001 0.3171875 0.7059304453124999 0.3171875 0.7098890484375 0.31502891875 0.7099446125 0.3149300734375 0.7099446125 0.07813505 0.697032934375 0.0348195078125 0.6937849828125 0.012730792187500001 0.69359565 0 0.6595235546875 0
1 0.32585458906250003 0.52433098125 0.3134598328125 0.5240356984375 0.30368612968750003 0.5352383984375 0.299613934375 0.5480118 0.2978693375 0.5812767828125 0.3012777578125 0.618229978125 0.29805974687500003 0.6709394062499999 0.296875 0.675513253125 0.296875 0.85625 0.3168803765625 0.85625 0.32641577499999996 0.83953905 0.3386485125 0.7805222125 0.3418058234375 0.73885554375 0.338037128125 0.69641514375 0.3292045015625 0.6695942734375 0.3262009015625 0.647782153125 0.332171403125 0.53826498125 0.32585458906250003 0.52433098125
1 0.6321930921875 0.5258163328125 0.6095333796875 0.532233490625 0.5869069703124999 0.56747321875 0.5908278921875001 0.6913014953125 0.56875 0.73737615 0.56875 0.928434446875 0.5862495921875001 0.9359375 0.6185709390625 0.9359375 0.639524878125 0.9265143078125 0.6703699921874999 0.870599434375 0.6870790812500001 0.7671397125 0.64987845625 0.672831171875 0.6679406796875 0.5515143078125 0.6321930921875 0.5258163328125
1 0.596690240625 0.500315121875 0.5656836953125 0.46422824062499995 0.5433622671875 0.4656586625 0.529024065625 0.49121352968750004 0.5398053593750001 0.611463159375 0.5118308453125 0.6759657515624999 0.509375 0.718098490625 0.509375 0.762388659375 0.5430428796875 0.8441781859375 0.5601343953125 0.85625 0.5883403875 0.85625 0.5787761484375 0.7567819968749999 0.6034951203125 0.6997859125 0.6034951203125 0.6372503265625 0.5931428249999999 0.6035658609375 0.596690240625 0.500315121875
1 0.7287007765625 0.8457156640625 0.751541671875 0.7993813890625 0.7597567265625 0.7394864953125 0.75336545 0.6757020031250001 0.7421731171875 0.6462092390625 0.7270416109375001 0.6049825171875 0.7373207953125 0.4882345234375 0.7174652703125 0.46966751249999994 0.6862152703125 0.4720354953125 0.67040845625 0.4888444859375 0.665625 0.5050966953125 0.665625 0.553164415625 0.6739358125 0.6049552953124999 0.665625 0.6448578234375 0.665625 0.668509625 0.6725351421875001 0.6893990609375 0.7029539953125 0.7584596484375 0.6976678796875 0.8546875 0.7108230453125 0.8546875 0.7287007765625 0.8457156640625
1 0.4656738609375 0.459375 0.4694196421875 0.5529017859375001 0.459375 0.5847098203125001 0.459375 0.74500558125 0.4783482140625 0.7805803578124999 0.4962053578125 0.7805803578124999 0.4962053578125 0.6779017859375001 0.5274553578125001 0.6154017859375001 0.5216876609375001 0.5657911875 0.518117771875 0.5318416390625 0.5307076609375 0.459375 0.4656738609375 0.459375
1 0.734935865625 0.459375 0.746594053125 0.558643946875 0.7287443484375 0.606888115625 0.7573038484375 0.6640663171875 0.7640625 0.7805803578124999 0.7908482140624999 0.7627232140625 0.8220982140625 0.6868303578124999 0.817633928125 0.5930803578124999 0.7908482140624999 0.5484375 0.7984075921875 0.459375 0.734935865625 0.459375
1 0.8017323375000001 0.459375 0.7953125 0.5439732140625 0.8220982140625 0.588616071875 0.8108529640625001 0.731965553125 0.835491071875 0.7180803578124999 0.8679719640624999 0.6712136296875 0.8756696421874999 0.6377232140625 0.8804668390625 0.6051012546875001 0.8756696421874999 0.5752232140625 0.8501222593750001 0.49610522812499996 0.858276109375 0.459375 0.8017323375000001 0.459375
1 0.6070701828125 0.459375 0.6033482140624999 0.5127232140625 0.6524553578125 0.526116071875 0.6658482140624999 0.5171875 0.6690600203124999 0.459375 0.6070701828125 0.459375
0 1 0.6691964296874999 0.958258928125 0.6578125 0.913616071875 0.6622767859375001 0.8779017859374999 0.680133928125 0.8399553578125 0.7225446421875 0.8265625 0.758258928125 0.8265625 0.807366071875 0.848883928125 0.8564732140625001 0.8868303578125001 0.8899553578125001 0.9381696421874999 0.9055803578125001 0.9850446421874999 0.9033482140625001 1 0.8967013890625001 1 0.6691964296874999