1 0.2355138265625 0 0.228125 0.030254815624999997 0.228125 0.163327590625 0.2282561421875 0.16422094062499998 0.23239044999999997 0.16875 0.254606075 0.16875 0.25799214375 0.164041725 0.2720874453125 0.0964636703125 0.2733484734375 0.060352559375 0.2633678875 0 0.2355138265625 0
1 0.6710264015625 0.45 0.66640625 0.415972221875 0.64765625 0.34375 0.64921875 0.228472221875 0.641015625 0.20833333281250002 0.626953125 0.20416666718749998 0.615625 0.21597222187499998 0.61171875 0.23263888906250002 0.6203125 0.3423611109375 0.6046875 0.43402777812500004 0.6041078625 0.45 0.6710264015625 0.45
1 0.4796875 0.45 0.5279829546875 0.45 0.521875 0.4201388890625 0.509765625 0.3916666671875 0.4796875 0.356453253125 0.4796875 0.45
1 0.4796875 1 0.4796875 0.6315961578125 0.4740423390625 0.6232457828125 0.4611391125 0.6232457828125 0.45307459687499996 0.6447181750000001 0.44984879062500005 0.6937979296875 0.45307459687499996 0.8042273765625 0.4401713703125 0.8471721625 0.4337197578125 0.8962519171875 0.4337197578125 1 0.4796875 1
1 0.379172715625 1 0.3885584671875 0.9330617328125002 0.38533266093749996 0.8410371937499999 0.365977821875 0.77355253125 0.3692036296875 0.6447181750000001 0.35791330625 0.586435965625 0.3417842734375 0.586435965625 0.3337197578125 0.614043328125 0.3369455640625 0.77355253125 0.3240423390625 0.8042273765625 0.31436491875 0.883981978125 0.31436491875 0.9391967031250001 0.32308421875 1 0.379172715625 1
1 0.26929939531249997 1 0.2788810484375 0.9453316718749999 0.28210685468749996 0.8901169484375 0.2756552421875 0.8042273765625 0.262752015625 0.7551476234375001 0.262752015625 0.614043328125 0.2546875 0.5925709359375 0.2353326609375 0.5925709359375 0.2272681453125 0.620178296875 0.2337197578125 0.6999328984375 0.2337197578125 0.7674175609375 0.22081653281250002 0.8226322859374999 0.21759072656249998 0.9023868859374999 0.2240423390625 0.97600651875 0.2316118953125 1 0.26929939531249997 1
1 0.1788810484375 0.9269267640625 0.1885584671875 0.9453316718749999 0.20952620937500002 0.94839915625 0.21759072656249998 0.9330617328125002 0.21436491875 0.8533071312499999 0.21759072656249998 0.8471721625 0.21759072656249998 0.7674175609375 0.20791330624999999 0.71833780625 0.2111391125 0.607908359375 0.20307459687499999 0.574166028125 0.1837197578125 0.574166028125 0.1788810484375 0.5895034515625 0.1853326609375 0.7122028375 0.1724294359375 0.78582246875 0.1724294359375 0.8655770703125001 0.1788810484375 0.9023868859374999 0.1788810484375 0.9269267640625
1 0.1401713703125 0.883981978125 0.149848790625 0.8962519171875 0.16436491875 0.8993194015625001 0.1724294359375 0.8901169484375 0.1692036296875 0.7980924078125 0.1724294359375 0.7919574390624999 0.1724294359375 0.7122028375 0.16597782187500001 0.687662959375 0.16597782187500001 0.620178296875 0.1692036296875 0.614043328125 0.1692036296875 0.5956384203125 0.16597782187500001 0.5895034515625 0.16597782187500001 0.5710985421875 0.15791330625 0.5557611203125 0.14501008124999998 0.5557611203125 0.1401713703125 0.5649635734375 0.143397178125 0.6937979296875 0.1369455640625 0.71833780625 0.1337197578125 0.7674175609375 0.13049395156250002 0.77355253125 0.1337197578125 0.8533071312499999 0.1401713703125 0.883981978125
1 0.1046875 0.8410371937499999 0.11436491875000002 0.8533071312499999 0.1192036296875 0.8563746171875 0.1224294359375 0.850239646875 0.1256552421875 0.8563746171875 0.1337197578125 0.8410371937499999 0.13049395156250002 0.8349022234374999 0.13049395156250002 0.7551476234375001 0.1369455640625 0.7244727765625 0.1369455640625 0.687662959375 0.1272681453125 0.6569881140625 0.1272681453125 0.58336848125 0.13049395156250002 0.5649635734375 0.1208165328125 0.50974885 0.11597782187500001 0.5005463953125 0.10952620937499999 0.5005463953125 0.10146169375 0.50974885 0.10791330625 0.6631230828125 0.0982358875 0.7122028375 0.0982358875 0.7919574390624999 0.1046875 0.8410371937499999
1 0.00146169375 0.6937979296875 0.0111391125 0.7060678687499999 0.0240423390625 0.7060678687499999 0.0240423390625 0.6447181750000001 0.0304939515625 0.620178296875 0.0304939515625 0.6017733890625 0.0272681453125 0.5956384203125 0.0272681453125 0.5036138796875 0.0224294359375 0.49441142656250003 0.012752015624999998 0.49441142656250003 0.0046875 0.51588381875 0.0046875 0.5281537578125001 0.00791330625 0.5342887265625 0.00791330625 0.5710985421875 0.0111391125 0.5772335125 0.0111391125 0.5956384203125 0.00146169375 0.6263132671875 0.00146169375 0.6937979296875
1 0.0724294359375 0.7919574390624999 0.0821068546875 0.8164973156249999 0.096622984375 0.8195648 0.10146169375 0.810362346875 0.0982358875 0.7980924078125 0.0982358875 0.7060678687499999 0.10146169375 0.6999328984375 0.1046875 0.6631230828125 0.0982358875 0.6385832062500001 0.0982358875 0.614043328125 0.10146169375 0.607908359375 0.10146169375 0.546558665625 0.09501008125 0.5281537578125001 0.09501008125 0.5036138796875 0.0901713703125 0.49441142656250003 0.0885584671875 0.5220187890625 0.08371975781249999 0.5250862734374999 0.0804939515625 0.5189513031249999 0.0756552421875 0.5342887265625 0.0788810484375 0.65085314375 0.0692036296875 0.687662959375 0.0724294359375 0.7919574390624999
1 0.049848790625 0.7796875 0.053074596875000005 0.78582246875 0.0724294359375 0.78582246875 0.0724294359375 0.7674175609375 0.0692036296875 0.7612825921875 0.0692036296875 0.687662959375 0.0756552421875 0.6631230828125 0.0756552421875 0.6263132671875 0.0724294359375 0.620178296875 0.0724294359375 0.6017733890625 0.0756552421875 0.5956384203125 0.0756552421875 0.546558665625 0.0724294359375 0.540423696875 0.0724294359375 0.5220187890625 0.06759072656250001 0.512816334375 0.0546875 0.512816334375 0.049848790625 0.5220187890625 0.049848790625 0.5895034515625 0.053074596875000005 0.5956384203125 0.053074596875000005 0.620178296875 0.043397178125000005 0.6631230828125 0.043397178125000005 0.7306077453125 0.049848790625 0.7551476234375001 0.049848790625 0.7796875
1 0.0240423390625 0.7122028375 0.0272681453125 0.7306077453125 0.043397178125000005 0.7306077453125 0.043397178125000005 0.6569881140625 0.053074596875000005 0.620178296875 0.053074596875000005 0.607908359375 0.049848790625 0.6017733890625 0.049848790625 0.50974885 0.04501008125 0.5005463953125 0.035332660937499996 0.5005463953125 0.0304939515625 0.50974885 0.0304939515625 0.5895034515625 0.0337197578125 0.6017733890625 0.0288810484375 0.6171108125 0.0272681453125 0.50974885 0.0192036296875 0.49441142656250003 0.012752015624999998 0.49441142656250003 0.0046875 0.50974885 0.0111391125 0.5956384203125 0.00146169375 0.6324482359375 0.00146169375 0.681527990625 0.0063004031249999995 0.7030003828125 0.0240423390625 0.7122028375
1 0.38533266093749996 0.8349022234374999 0.3885584671875 0.8655770703125001 0.39339717812499997 0.8686445546874999 0.40146169374999996 0.8471721625 0.4046875 0.7796875 0.40146169374999996 0.77355253125 0.3982358875 0.7122028375 0.3885584671875 0.687662959375 0.3917842734375 0.681527990625 0.3917842734375 0.5710985421875 0.38533266093749996 0.5588286046875 0.38533266093749996 0.5220187890625 0.3804939515625 0.512816334375 0.3821068546875 0.546558665625 0.3724294359375 0.552693634375 0.3724294359375 0.5220187890625 0.3756552421875 0.51588381875 0.37081653281250004 0.512816334375 0.365977821875 0.5220187890625 0.3692036296875 0.5649635734375 0.36275201562500003 0.5772335125 0.365977821875 0.6263132671875 0.3692036296875 0.6324482359375 0.3692036296875 0.7122028375 0.365977821875 0.7244727765625 0.3692036296875 0.7306077453125 0.365977821875 0.7367427140625 0.365977821875 0.7612825921875 0.38533266093749996 0.8349022234374999
1 0.28210685468749996 0.914656825 0.2853326609375 0.92079179375 0.306300403125 0.9238592796875 0.31436491875 0.9085218562499999 0.31436491875 0.8471721625 0.3175907265625 0.8410371937499999 0.3175907265625 0.77355253125 0.3046875 0.6753930218749999 0.30791330625 0.5895034515625 0.299848790625 0.5680310578125 0.2869455640625 0.5680310578125 0.2788810484375 0.5956384203125 0.28210685468749996 0.7060678687499999 0.2692036296875 0.7612825921875 0.28210685468749996 0.8349022234374999 0.28210685468749996 0.914656825
1 0.4335001890625 1 0.4304939515625 0.9085218562499999 0.45307459687499996 0.7980924078125 0.44984879062500005 0.6631230828125 0.459526209375 0.6263132671875 0.459526209375 0.607908359375 0.45146169374999995 0.5925709359375 0.43855846718749997 0.5987059046875001 0.4304939515625 0.614043328125 0.4304939515625 0.7612825921875 0.41436491875000003 0.7919574390624999 0.4111391125 0.8226322859374999 0.4111391125 0.914656825 0.41759072656249996 0.9698715484375 0.4255115921875 1 0.4335001890625 1
1 0.40146169374999996 0.7551476234375001 0.40791330625000005 0.77355253125 0.40952620937499995 0.776620015625 0.42081653281250003 0.7551476234375001 0.4240423390625 0.742877684375 0.4240423390625 0.7306077453125 0.4272681453125 0.7244727765625 0.4272681453125 0.687662959375 0.41759072656249996 0.6569881140625 0.41759072656249996 0.5649635734375 0.41436491875000003 0.5588286046875 0.41436491875000003 0.546558665625 0.40952620937499995 0.5373562109375001 0.396622984375 0.5373562109375001 0.3917842734375 0.546558665625 0.3917842734375 0.58336848125 0.39501008125000003 0.5895034515625 0.39501008125000003 0.6631230828125 0.3917842734375 0.6692580515625 0.3917842734375 0.6937979296875 0.40146169374999996 0.7306077453125 0.40146169374999996 0.7551476234375001
1 0.31436491875 0.5772335125 0.3175907265625 0.6569881140625 0.3337197578125 0.6569881140625 0.3337197578125 0.6017733890625 0.3401713703125 0.5772335125 0.3401713703125 0.552693634375 0.3321068546875 0.5434911812500001 0.3224294359375 0.5434911812500001 0.3175907265625 0.552693634375 0.3175907265625 0.5710985421875 0.31436491875 0.5772335125
1 0.3175907265625 0.7796875 0.3208165328125 0.7919574390624999 0.3224294359375 0.7950249234375001 0.3304939515625 0.7796875 0.3337197578125 0.7674175609375 0.3321068546875 0.6600555984375001 0.3192036296875 0.6600555984375001 0.3111391125 0.681527990625 0.3111391125 0.7306077453125 0.31436491875 0.7367427140625 0.31436491875 0.7551476234375001 0.3175907265625 0.7612825921875 0.3175907265625 0.7796875
2 0.4796875 0.803492259375 0.8142693953125001 0.8140625 0.8706687734375 0.8140625 0.86891428125 0.745358971875 0.8475169671874999 0.74473745625 0.4796875 0.74473745625 0.4796875 0.803492259375
1 0.5385416671875001 0.7355324078125001 0.5421875 0.743865740625 0.56484375 0.744328703125 0.5697916671875001 0.7401620375 0.5692708328125 0.7049768515625 0.5609375 0.6707175921874999 0.5625 0.6142361109375 0.5565104171875 0.6026620375 0.5502604171875001 0.6035879625 0.5458333328125 0.6151620375 0.5479166671875 0.6660879625 0.5395833328124999 0.706828703125 0.5385416671875001 0.72256944375 0.5385416671875001 0.7355324078125001