1 0.23280813125000002 0.434375 0.24009866406249997 0.41590622968749996 0.24375 0.3688144984375 0.24375 0.2826487359375 0.2379190625 0.2532424546875 0.24375 0.163853071875 0.24375 0.14324513125 0.2417389703125 0.13396178593750002 0.2335883671875 0.1245041 0.22185345625 0.126667725 0.21354124687499998 0.1449878171875 0.2153516953125 0.23677731249999998 0.20014433125000003 0.2984993859375 0.196867596875 0.322850809375 0.196867596875 0.3498183515625 0.1980970109375 0.3817508328125 0.20414500468750002 0.416800603125 0.20987280625000002 0.434375 0.23280813125000002 0.434375
1 0.2812939359375 0.45 0.2920032796875 0.42005798906249997 0.30151310625 0.361997475 0.305796659375 0.2954126546875 0.3012035734375 0.23824995312500002 0.3078846984375 0.19677425937499998 0.31744835 0.1637410265625 0.3203125 0.134160425 0.3203125 0.1273531015625 0.3172598765625 0.116464240625 0.3085785953125 0.10573383125 0.29447568281250003 0.106631646875 0.2840836640625 0.12781840312499998 0.2764460484375 0.2290436 0.251109159375 0.2935029234375 0.246875 0.312923484375 0.246875 0.45 0.2812939359375 0.45
1 0.359375 0.140306228125 0.351079815625 0.13608646093750001 0.33906991249999996 0.1410278625 0.3288117359375 0.1648625671875 0.3271521140625 0.2413742875 0.32186288125 0.26755845625 0.3088832171875 0.300562428125 0.3088832171875 0.45 0.3275832140625 0.45 0.339055078125 0.432798484375 0.3501770046875 0.399956471875 0.355539028125 0.372383415625 0.358431146875 0.33214658125 0.3504779765625 0.2746289234375 0.352224903125 0.24129559218750002 0.359375 0.2080288671875 0.359375 0.140306228125
1 0.0893028234375 0.325 0.09358008749999999 0.325 0.0998109078125 0.311358134375 0.1203125 0.2939943578125 0.1203125 0.26937778125 0.11754807812500001 0.2582063765625 0.0966376140625 0.20646293125 0.1039976 0.16771040937499998 0.10346428125 0.121877075 0.0958727140625 0.10716419375 0.084919053125 0.1055843890625 0.079132403125 0.11173211406250001 0.0746388375 0.1283169609375 0.084347709375 0.224300296875 0.0743313953125 0.30327605 0.0787979640625 0.31793438281249997 0.0893028234375 0.325
0 0.1716975140625 0.45 0.1828125 0.41476987187500003 0.1828125 0.362911684375 0.1787355953125 0.3421456421875 0.16445918125 0.311258203125 0.14816151093750002 0.294879 0.12229936718750001 0.2946157515625 0.10195918125 0.3072530203125 0.0850664890625 0.3347489828125 0.0794519578125 0.357321590625 0.0794519578125 0.43583591874999994 0.082420359375 0.44749930625 0.084037915625 0.45 0.1716975140625 0.45
1 0.5791104859375 0 0.5782381734375 0.0183597234375 0.5782381734375 0.10211310468749998 0.5962184671874999 0.23455001874999998 0.6040745 0.246875 0.659255434375 0.246875 0.6689775328125 0.2328970125 0.687604428125 0.1573471484375 0.6953125 0.0414791828125 0.6953125 0.036439820312499996 0.686318584375 0 0.5791104859375 0
1 0.5009754875000001 0 0.4910003328125 0.0272487296875 0.4910003328125 0.1953143328125 0.496912225 0.22236560625 0.5021956968750001 0.2234375 0.53942846875 0.2234375 0.5479803140625 0.21867891093749997 0.5607974062500001 0.1534860953125 0.565625 0.093463534375 0.565625 0.06299435 0.5642954093749999 0.0332675171875 0.556118396875 0 0.5009754875000001 0
1 0.45113139843749994 0 0.450860234375 0.0156272671875 0.43859755 0.0598248703125 0.43859755 0.2171875 0.46932368437500005 0.2171875 0.47131640625 0.216700696875 0.477773284375 0.1978608734375 0.4830147421875 0.028271393750000002 0.47966475781250006 0.022616339062499997 0.48085003125 0 0.45113139843749994 0
1 0.42714137812499997 0 0.429370540625 0.041910721875 0.42228856718749996 0.05817721875 0.4224157375 0.06910618125 0.41176098593750005 0.0907736859375 0.41214249687500004 0.1235605703125 0.4086968890625 0.139890540625 0.42400536093749996 0.205718203125 0.4343346046875 0.2125 0.44019448125 0.2125 0.44225076718749995 0.21150004843749998 0.44945990625 0.2061625125 0.4491419828125 0.178840109375 0.4415513296875 0.1513907578125 0.44078831249999995 0.0858169875 0.45112513749999994 0.036827078125 0.4515625 0.0246531765625 0.4515625 0 0.42714137812499997 0
1 0.7208814625000001 0 0.718416975 0.00669965 0.718416975 0.221875 0.761176521875 0.221875 0.7794315843749999 0.145304665625 0.7828125 0.0872565890625 0.7828125 0.0373246703125 0.7737020921875 0 0.7208814625000001 0
1 0.8096764343749999 0 0.810284090625 0.008674864062499999 0.8030113640625001 0.030532787500000002 0.7993750000000001 0.1780737703125 0.808465909375 0.213592896875 0.8430113640624999 0.21086065625 0.850284090625 0.1890027328125 0.850284090625 0.167144809375 0.85755681875 0.1343579234375 0.85755681875 0.09610655781250001 0.8383704546875 0 0.8096764343749999 0
1 0.8517102265624998 0 0.8539204546875 0.0797131140625 0.85755681875 0.08517759531249999 0.8539204546875 0.19993169375 0.859375 0.208128415625 0.8830113640625001 0.20539617500000001 0.8902840906249999 0.1890027328125 0.8902840906249999 0.1726092890625 0.89755681875 0.150751365625 0.89755681875 0.1015710375 0.8793749999999999 0.0469262296875 0.8793749999999999 0.030532787500000002 0.8757386359375001 0.02506830625 0.8757386359375001 0.008674864062499999 0.8793749999999999 0.0032103828125 0.8793749999999999 0 0.8517102265624998 0
1 0.707465721875 0 0.708465909375 0.008674864062499999 0.7121022734375 0.01413934375 0.7121022734375 0.0469262296875 0.7048295453125 0.057855190625 0.700403378125 0.0784585953125 0.6980607093750001 0.0904230109375 0.6975568187500001 0.09610655781250001 0.6975568187500001 0.156215846875 0.7022774984375 0.1769890046875 0.708465909375 0.20539617500000001 0.730284090625 0.20539617500000001 0.730284090625 0.1835382515625 0.719375 0.1398224046875 0.719375 0.0414617484375 0.7308712125 0 0.707465721875 0
1 0.5635113640625 0 0.5739204546875 0.0469262296875 0.5739204546875 0.1288934421875 0.570284090625 0.1343579234375 0.570284090625 0.161680328125 0.5666477265625 0.167144809375 0.5666477265625 0.1890027328125 0.5630113640625 0.19993169375 0.568465909375 0.213592896875 0.5921022734375001 0.21086065625 0.5921022734375001 0.1835382515625 0.5848295453125 0.156215846875 0.58119318125 0.09610655781250001 0.57755681875 0.09064207656249999 0.57755681875 0.0032103828125 0.578625 0 0.5635113640625 0
1 0.26884516718749996 0.45 0.2711177640625 0.5552607468749999 0.253534328125 0.622415546875 0.24888195156249998 0.6526770234375 0.24888195156249998 0.6908751515625 0.2506330390625 0.718126046875 0.2612150015625 0.7798103703124999 0.267232753125 0.7875 0.292368003125 0.7875 0.29791759375 0.78451249375 0.30512660937499997 0.7543254312500001 0.31403549218750004 0.7006091453125001 0.3140625 0.69937634375 0.3140625 0.6466016203125 0.29689901406249997 0.5566118859375 0.303966859375 0.45 0.26884516718749996 0.45