1 0.044177499999999995 0.5546875 0.046875796875 0.551088009375 0.05 0.5357425499999999 0.05 0.4677322078125 0.04151308125 0.43246337968750004 0.0428026265625 0.376088009375 0.037129142187500006 0.367068878125 0.031378423437500004 0.3659095078125 0.025550471875 0.3726098953125 0.02639096875 0.40872100624999996 0.0294908140625 0.4301234140625 0.0210640640625 0.47048215468750004 0.019149534375 0.5000056703125 0.029210565625 0.5522183015625 0.032062228124999995 0.5546875 0.044177499999999995 0.5546875
1 0.0677305546875 0.54375 0.0699061328125 0.54198495625 0.07793799375 0.5062286890625 0.078125 0.50314125625 0.078125 0.47863453749999996 0.0720297125 0.4363475140625 0.075140759375 0.377142846875 0.07300718125 0.37100149843749997 0.0668541828125 0.36789617343750003 0.062069681249999994 0.3704282875 0.059483425 0.37724989999999997 0.059202884375 0.43010956875 0.05201043281249999 0.45940963906250004 0.05201043281249999 0.5300751890625001 0.053727965625 0.5420647171875 0.054845573437499996 0.54375 0.0677305546875 0.54375
1 0.6957827625 0 0.6958389765625 0.0014881125 0.689921334375 0.0492628640625 0.6833032109375 0.072963540625 0.68142646875 0.098160871875 0.6822750734375 0.100416490625 0.6857053750000001 0.09273281718750001 0.6893781499999999 0.09338247968749999 0.6931542187499999 0.106551871875 0.67734980625 0.191266528125 0.6597673578125001 0.2686921765625 0.6522333328125001 0.3147334765625 0.6456692125 0.39410810937499996 0.6476090156250001 0.46077477499999997 0.6509944890625 0.4874292953125 0.6654881749999999 0.555000621875 0.6848399546875 0.61014024375 0.7052169 0.65 0.80629361875 0.65 0.825240478125 0.6097089703125 0.8390625 0.5681147265625001 0.8390625 0.2714812453125 0.8345248843749999 0.2470981390625 0.8026908687500001 0.10381948593749998 0.796862759375 0.0290957515625 0.7973135515625 0 0.6957827625 0
1 0.5090511624999999 0 0.5090511624999999 0.224842996875 0.5126221328125 0.2296875 0.525290365625 0.2296875 0.5374208984375001 0.2226489890625 0.5420717390625 0.211659090625 0.5593573046875 0.1273232828125 0.5609375 0.10472545 0.5609375 0.047219875 0.558731725 0.025229009375 0.5520749406250001 0 0.5090511624999999 0
1 0.4390625 0 0.4390625 0.3587363296875 0.4450941015625 0.373660809375 0.48250256875 0.441111803125 0.4922171265625 0.4492814921875 0.5004995937500001 0.45 0.5063449171875 0.45 0.5125 0.4465828734375 0.5125 0.154700425 0.503846025 0.1270904015625 0.4674493078125 0.0397001859375 0.4624526125 0.0194025421875 0.4597426265625 0 0.4390625 0
2 0.4390625 0.6749158 0.027035360937500003 0.6749158 0 0.678170196875 0 0.8501750625 0.03351488125 0.8221292265625 0.0464548890625 0.8183647890625 0.06490853125 0.8067588109375 0.31833883125 0.7801312734375 0.4390625 0.7734829578125 0.4390625 0.6749158
1 0.7178041078125 1 0.7210845046875 0.9687909015624999 0.7198855390625 0.9006761484375 0.7127868765625001 0.871983078125 0.6999702812499999 0.8485951140625 0.6888591796875 0.8386163156249999 0.65225728125 0.8386163156249999 0.6396927953125 0.8489868171874999 0.628209815625 0.8714321875 0.6219868125 0.8997427609375 0.623711140625 0.985913071875 0.6261563265625 1 0.7178041078125 1
1 0.5164107609374999 1 0.4986426609375 0.93885151875 0.497447215625 0.8782188609375 0.503570096875 0.801761621875 0.5010149640625 0.7605734078124999 0.49470997656249993 0.745250515625 0.48770061093750006 0.7392609125 0.4691070640625 0.7392609125 0.4487683359375 0.7637640046875 0.44496277500000003 0.7820605953124999 0.44496277500000003 0.8346955062499999 0.4528188453125 0.8835037296875001 0.45713929062499997 0.9438629859375001 0.45519687812500004 0.9716407625000001 0.44975405312500005 1 0.5164107609374999 1
1 0.5049693296875 0.65 0.4994266203125 0.65495338125 0.4952550109375 0.6658171484375 0.4952550109375 0.7013959640625 0.5038259421875 0.784641746875 0.503260284375 0.909587196875 0.5107872515625 0.9552205062500001 0.5145123265625 0.9609375 0.5287879796875 0.9609375 0.5353804640625001 0.9553421625 0.540830346875 0.9392517453125 0.5453125 0.90693866875 0.5453125 0.8369300046875001 0.541363678125 0.8156951843750001 0.5268701140625 0.76744775 0.5252913890625 0.66753866875 0.5174923484375 0.6503684875 0.513634109375 0.65 0.5049693296875 0.65
1 0.6234375 1 0.6234375 0.9375113328125 0.6233177703124999 0.9344315109375 0.6234375 0.9318933828125001 0.6234375 0.8361523125 0.6199827078125 0.8246774546875001 0.6168307890625 0.78985973125 0.6171379546875 0.70245523125 0.614438609375 0.6870819546875 0.6057990734375001 0.6679977015625 0.59085834375 0.6632262 0.5823939 0.668431584375 0.5747241671875 0.691014 0.5772887953125 0.734133225 0.583468734375 0.7649116125 0.58870038125 0.8220152234375 0.57759043125 0.8812281125 0.57608176875 0.9505452203125 0.5849610515625 0.9966968906249999 0.5860509171875 1 0.6234375 1
1 0.7725115578125 1 0.76193724375 0.9437129203125 0.760267275 0.90188248125 0.7766473609375 0.7914264656250001 0.778125 0.749112421875 0.778125 0.741794221875 0.77228366875 0.7146690859375 0.7567288046874999 0.700635296875 0.7369065484374999 0.7079450406250001 0.7273159093749999 0.7248353015625 0.7236573984375 0.7399493046875 0.7211786109375 0.788519471875 0.72379103125 0.8930136875000001 0.7117917406250001 0.9452591984375001 0.7059272234374999 1 0.7725115578125 1
1 0.782819615625 0.65 0.7764316093750001 0.6528051703125 0.77146680625 0.6649178015625 0.7691392125000001 0.6859558531250001 0.7710781421874999 0.7011926859375001 0.7827078046875 0.720104865625 0.788929415625 0.7504557015625 0.7892936140625 0.8173680328125 0.78588519375 0.8551955812500001 0.7890586609375 0.9177774671875 0.8089800578125 1 0.809375 1 0.809375 0.796666815625 0.8069994875 0.6783940625 0.79974159375 0.65506955625 0.794501434375 0.65 0.782819615625 0.65
1 0.7937396078125 0.65 0.8008140296875 0.6611673328125 0.8046152359375001 0.6793820546875 0.8052510390625001 0.7044138875 0.797042603125 0.772151109375 0.7968325140625 0.8082622203125001 0.8072270265625001 0.884375 0.8114267640625 0.884375 0.8216951515625001 0.8328920015625 0.8203427390625 0.796717225 0.81125863125 0.7463352234375 0.8122822890625001 0.7047003890625 0.8182196296875001 0.65 0.7937396078125 0.65
1 0.6486808125 0.65 0.65390625 0.7282986109375 0.65234375 0.7546875 0.6390625 0.807465278125 0.6390625 0.8463541671874999 0.64296875 0.84774305625 0.662890625 0.8373263890625001 0.687890625 0.8442708328125 0.6921875 0.8407986109374999 0.690625 0.8116319437499999 0.67578125 0.7519097218749999 0.67875913125 0.65 0.6486808125 0.65