1 0.60546875 0.39930555624999997 0.60859375 0.44930555625 0.6 0.51180555625 0.6296875 0.51319444375 0.63046875 0.48680555625000005 0.62265625 0.45347222187499997 0.6234375 0.39791666718749996 0.620703125 0.39305555625 0.607421875 0.39305555625 0.60546875 0.39930555624999997
1 0.090234375 0.40555555625000006 0.0828125 0.42152777812500003 0.0859375 0.47430555625000004 0.0765625 0.515972221875 0.07578125 0.53680555625 0.0828125 0.5826388890625 0.090234375 0.5888888890625 0.09921875 0.58819444375 0.10234375 0.5854166671875001 0.10625 0.565972221875 0.1078125 0.5145833328125 0.09921875 0.47569444375 0.10078125 0.41875 0.090234375 0.40555555625000006
1 0.042578125 0.41944444374999995 0.033984375 0.41805555625 0.02890625 0.43263888906250003 0.03125 0.48819444375 0.0234375 0.51875 0.021875 0.559027778125 0.032421875 0.6013888890625 0.04609375 0.6006944437499999 0.0515625 0.5895833328125 0.05390625 0.55625 0.05234375 0.515972221875 0.04609375 0.48541666718750004 0.046875 0.43125 0.042578125 0.41944444374999995
1 0 0.58819444375 0.01015625 0.5895833328125 0.01640625 0.5854166671875001 0.0203125 0.565972221875 0.02109375 0.515972221875 0.0125 0.47430555625000004 0.01484375 0.42152777812500003 0.012109375 0.41111111093749997 0.003515625 0.40694444374999994 0 0.41041666718750003 0 0.58819444375
1 0.139453125 0.3986111109375 0.1328125 0.4076388890625 0.1359375 0.46180555625 0.12890625 0.490972221875 0.1265625 0.528472221875 0.134375 0.571527778125 0.137890625 0.5763888890625 0.15 0.57569444375 0.15546875 0.5645833328125 0.159375 0.5173611109375 0.14765625 0.45347222187499997 0.15 0.409027778125 0.146484375 0.4 0.139453125 0.3986111109375
1 0.184765625 0.39444444375 0.18203125 0.39930555624999997 0.184375 0.45625 0.17734375 0.48680555625000005 0.1765625 0.52569444375 0.184765625 0.5625 0.2 0.5645833328125 0.20390625 0.559027778125 0.20859375 0.503472221875 0.196875 0.45347222187499997 0.19921875 0.39930555624999997 0.196484375 0.39444444375 0.184765625 0.39444444375
1 0.10078125 0.396527778125 0.1 0.4048611109375 0.10234375 0.4298611109375 0.1 0.478472221875 0.1078125 0.5145833328125 0.10703125 0.5631944437499999 0.11640625 0.565972221875 0.12265625 0.55069444375 0.12578125 0.5006944437499999 0.115625 0.446527778125 0.11640625 0.39791666718749996 0.105859375 0.39305555625 0.10078125 0.396527778125
1 0.05 0.409027778125 0.05234375 0.46458333281249997 0.04765625 0.49375 0.05234375 0.515972221875 0.053125 0.57430555625 0.0671875 0.5770833328125 0.07421875 0.5479166671875 0.075 0.5048611109375 0.06484375 0.46458333281249997 0.0671875 0.40625 0.058203125 0.397222221875 0.05 0.409027778125
1 0.01640625 0.4048611109375 0.01875 0.45625 0.015625 0.48125 0.02421875 0.51319444375 0.03046875 0.48541666718750004 0.02890625 0.42569444375 0.034375 0.41180555625000004 0.031640625 0.39444444375 0.019921875 0.39444444375 0.01640625 0.4048611109375
1 0.83984375 0.39791666718749996 0.8421875 0.45347222187499997 0.834375 0.48819444375 0.83359375 0.5173611109375 0.840625 0.5576388890625 0.85546875 0.5604166671875 0.86484375 0.51875 0.8640625 0.48680555625000005 0.85546875 0.45347222187499997 0.8578125 0.396527778125 0.842578125 0.39305555625 0.83984375 0.39791666718749996
1 0.894140625 0.3916666671875 0.885546875 0.3916666671875 0.88046875 0.39930555624999997 0.88203125 0.46180555625 0.871875 0.5076388890625 0.8765625 0.55625 0.883203125 0.5722222218749999 0.8875 0.5729166671875 0.8984375 0.56875 0.90546875 0.5298611109375 0.9046875 0.49652777812500004 0.89609375 0.4604166671875 0.89765625 0.40069444374999996 0.894140625 0.3916666671875
1 0.9366683609375 0.40783391562500004 0.9303303359375 0.4015767015625 0.922114346875 0.40574818125 0.9200016828124999 0.4170111703125 0.9200016828124999 0.43453138750000003 0.9218796125000001 0.45830881874999996 0.91741951875 0.47666332968749997 0.9120204578125 0.51253805625 0.9110814609375 0.547995625 0.92109375 0.5798611109375 0.934375 0.5840277781250001 0.9421875 0.57430555625 0.9460580500000001 0.542572703125 0.9469970156249999 0.5087837234375 0.94488435 0.4808348109375 0.9373725937499999 0.4524687515625 0.9366683609375 0.40783391562500004
1 0.980859375 0.3916666671875 0.973046875 0.3888888890625 0.969140625 0.3916666671875 0.96484375 0.403472221875 0.96328125 0.43541666718750005 0.965625 0.465972221875 0.95859375 0.49652777812500004 0.95546875 0.5423611109375 0.96328125 0.58819444375 0.970703125 0.5930555562500001 0.98203125 0.5923611109375 0.9859375 0.5826388890625 0.990625 0.5520833328125 0.9921875 0.509027778125 0.98125 0.45625 0.98359375 0.39930555624999997 0.980859375 0.3916666671875
2 0.660546875 0.5861111109375 0.66640625 0.578472221875 0.66796875 0.54930555625 0.66484375 0.5173611109375 0.657421875 0.5138888890625 0.351171875 0.51944444375 0.279296875 0.5236111109375 0.2640625 0.5298611109375 0.2640625 0.57430555625 0.269140625 0.5944444437499999 0.281640625 0.602777778125 0.3140625 0.6020833328124999 0.325390625 0.6 0.337890625 0.5833333328125 0.367578125 0.5791666671875 0.616796875 0.575 0.629296875 0.5833333328125 0.660546875 0.5861111109375