1 0.0055458750000000005 0 0.0039051406249999998 0.04698448125 0 0.0700430671875 0 0.4296875 0.1375 0.4296875 0.1375 0.3851820015625 0.1263279453125 0.29211781718749996 0.10735603281249999 0.1804895984375 0.10337639375 0.1456077640625 0.1026834234375 0.1059142890625 0.10371462499999999 0.061500181249999994 0.10894133749999999 0.001132984375 0.1091040140625 0 0.0055458750000000005 0
1 0.7651219859375 0 0.7634792203125 0.019125009374999998 0.7765254515625 0.1508385296875 0.7198667234375 0.329235946875 0.7198667234375 0.4296875 0.9140625 0.4296875 0.9140625 0.3549717734375 0.8955590390625 0.279322840625 0.8454937499999999 0.140933878125 0.8635726734375 0.0162390828125 0.8628641187499999 0 0.7651219859375 0
1 0.6665650078125 0 0.6821979499999999 0.1264173390625 0.64091335625 0.2914114421875 0.639003803125 0.37657946249999996 0.649120215625 0.4296875 0.7419754796875 0.4296875 0.7400246171875 0.400699459375 0.7520321359375 0.3220606390625 0.7671875 0.2671868546875 0.7671875 0.1576033609375 0.7481712437500001 0.112998809375 0.7531857203125 0.0103834703125 0.7520777187500001 0 0.6665650078125 0
1 0.567263328125 0 0.5790343640625 0.0374727078125 0.5801329015625 0.084670346875 0.5383791890625 0.231900084375 0.5352316234375001 0.3498598953125 0.5465652953125 0.41481380156250003 0.5535863859375001 0.4296875 0.6327902203125 0.4296875 0.6267034421875 0.3975833125 0.6250556359375 0.3267868515625 0.6546875 0.1878949703125 0.6546875 0.125855246875 0.6413799265625 0.0997739359375 0.6367640671875 0.0702525515625 0.63587150625 0.0319044703125 0.6442494421875 0 0.567263328125 0
1 0.4854337078125 0 0.49192368125 0.0594296578125 0.4796875 0.0977039328125 0.4796875 0.3685957421875 0.4900175015625 0.399142940625 0.503354203125 0.41492118749999995 0.5248353546875 0.41875 0.539810546875 0.41875 0.547404009375 0.408952759375 0.53439490625 0.2617345578125 0.55625 0.15088426875 0.55625 0.055559568749999996 0.545697371875 0.022110440624999998 0.5477479734374999 0 0.4854337078125 0
1 1 0 0.9740206453125001 0 0.9803413562500001 0.0344026546875 0.9390839875000001 0.1376474921875 0.9233668953125 0.26154129843749996 0.9331900781249999 0.3205383484375 0.9636419453125 0.3987094390625 0.99114685625 0.41640855468750004 1 0.416049290625 1 0
1 0.11921015312500001 1 0.12658060625 0.9920066453124999 0.133558121875 0.97080929375 0.1467266703125 0.9062833671875001 0.14641996562499998 0.8480865421875 0.13732550625 0.7959458015624999 0.1385380328125 0.7612235796875 0.1461945640625 0.7205817796874999 0.1484375 0.691224765625 0.1484375 0.679982003125 0.14706235 0.6734050609375 0.13926834375 0.6628294640625001 0.1267575203125 0.6628294640625001 0.1180590984375 0.677866434375 0.1108115078125 0.7961040015625 0.0924571109375 0.8494373812500001 0.0924571109375 0.990114690625 0.09298685625 0.9939632578125 0.100931634375 1 0.11921015312500001 1
1 0.9282534437500001 0.9296875 0.9467547203125001 0.9177590890625 0.975594234375 0.8539837078125 0.98125 0.7957173421875 0.98125 0.7801046734374999 0.9410263546875001 0.7007578890625 0.9544161421874999 0.57135128125 0.941469034375 0.5545926875 0.9202148265625001 0.5513800234375 0.9068866140625002 0.5513800234375 0.8787053828125 0.58019633125 0.8832485765625 0.7041230578125 0.8521076140625 0.757190475 0.8521076140625 0.8727129999999998 0.871199165625 0.9221596984375001 0.9101135078125001 0.9296875 0.9282534437500001 0.9296875
1 0.5769203171874999 0.4296875 0.5790391109375 0.47517882499999997 0.6187347328125 0.5663462171875 0.6238857859375 0.5671875 0.6664081828125 0.5671875 0.6765625 0.54551031875 0.6765625 0.4296875 0.5769203171874999 0.4296875
1 0.8779285281250001 0.4296875 0.8768129343750001 0.43324050625000005 0.8729709703124999 0.47610632812500003 0.8908535234375 0.5233360390625 0.9068395390624999 0.5546875 0.9591789125 0.5546875 0.9765625 0.47649774218749996 0.9765625 0.4296875 0.8779285281250001 0.4296875
1 0.73973636875 0.4296875 0.7460763890625 0.515277778125 0.7060763890625 0.5775 0.70500025625 0.620414328125 0.7060763890625 0.6575 0.7067777140625 0.6933253203125 0.7156651265624999 0.7288916406249999 0.7636571046875 0.73956164375 0.7814319265625 0.7377832171875001 0.8169815796875 0.7022169015624999 0.8305208328125 0.639722221875 0.8305208328125 0.58194444375 0.7949652781250001 0.515277778125 0.804475309375 0.4296875 0.73973636875 0.4296875