1 0 0.4796875 0.0375 0.4796875 0.0375 0.41074574375 0.026928240625 0.38206414375 0.0186607921875 0.3136897234375 0.017652034375 0.2251834734375 0.011451465625 0.20118972343750002 0.0037081843750000005 0.18950465625 0 0.189201959375 0 0.4796875
1 0.203125 0.4796875 0.203125 0.36440511875000003 0.1903955453125 0.3189552265625 0.18749943125 0.2732128984375 0.1920925171875 0.2159044328125 0.19104179062499999 0.1797933203125 0.18303393437499998 0.1600867078125 0.166781309375 0.15625079375 0.1636603984375 0.15625079375 0.153959328125 0.1694319453125 0.151198040625 0.1821139546875 0.1575022203125 0.31808855937499997 0.14323783437499998 0.39265522656249996 0.1407326125 0.46792824218750007 0.14334096093749998 0.4796875 0.203125 0.4796875
1 0.3070558015625 0.4796875 0.316852975 0.446551384375 0.3203125 0.42357732812500004 0.3203125 0.3548867625 0.3188871921875 0.3228583859375 0.3122062421875 0.283560059375 0.31333779375000004 0.24467117031250002 0.3203125 0.1819637828125 0.3203125 0.151234625 0.316038728125 0.1384007 0.306784965625 0.1337427078125 0.296547890625 0.1359882203125 0.286937121875 0.15704514687499999 0.28534744375 0.2654603671875 0.2653837671875 0.344171121875 0.2653837671875 0.4657056671875 0.26726586874999997 0.4796875 0.3070558015625 0.4796875
1 0.26153915781250003 0.22922462812500002 0.264452775 0.1875579609375 0.271875 0.13788801875 0.271875 0.1094924265625 0.26993794375 0.1035051515625 0.26476055625 0.09898803125 0.25450718437500003 0.09972607812499999 0.24518717343750002 0.11517261875 0.2377088890625 0.22211706250000002 0.228029665625 0.24976300937499998 0.228029665625 0.4109375 0.2431547375 0.4109375 0.24334761249999998 0.41081861562500005 0.249187703125 0.3609688125 0.26732498125 0.2923754703125 0.26153915781250003 0.22922462812500002
1 0.14236330156250002 0.4484375 0.1474864359375 0.38637517187500003 0.1593178875 0.322895459375 0.1600611015625 0.2771303234375 0.153099284375 0.18951666250000002 0.15481252031249998 0.171529303125 0.1609375 0.155502296875 0.1609375 0.140496321875 0.1587292359375 0.1272439828125 0.1461591015625 0.1136971921875 0.1331688578125 0.12164408125 0.12781874375 0.1360569234375 0.13492083125 0.25003674062500003 0.123773628125 0.31076140625000004 0.12117690781249998 0.34814774531250003 0.12229243125 0.3800921921875 0.127168703125 0.40798362812500005 0.13707198125 0.44573368125 0.13895450468749998 0.4484375 0.14236330156250002 0.4484375
1 0.134375 0.0891393359375 0.1267368328125 0.0828125 0.1224229859375 0.0828125 0.11671051562500001 0.0849343828125 0.11034187656250001 0.0998247921875 0.1104598125 0.185772128125 0.0964950171875 0.243200228125 0.0964950171875 0.3548585390625 0.099245578125 0.3703125 0.0993773765625 0.3703125 0.10677896406250001 0.3135089625 0.12224276249999999 0.250312921875 0.12324035156249999 0.132421140625 0.134375 0.1110601859375 0.134375 0.0891393359375
1 0.788398690625 0.24818946562500002 0.7947278375 0.2984445578125 0.79013926875 0.36024305624999997 0.79556338125 0.3609375 0.8109375 0.3609375 0.8109375 0.3101792109375 0.8090573484375 0.3037591359375 0.8062784375 0.248267353125 0.8032325484375 0.2431830375 0.7910367125 0.2421875 0.7899287125 0.2421875 0.788398690625 0.24818946562500002
2 0.812109375 0.43177083281249995 0.843359375 0.43454861093749997 0.84921875 0.426909721875 0.85078125 0.39774305625 0.84765625 0.3657986109375 0.840234375 0.36232638906250003 0.533984375 0.36788194375 0.462109375 0.37204861093749997 0.446875 0.3782986109375 0.446875 0.42274305625 0.451953125 0.44288194374999995 0.464453125 0.451215278125 0.496875 0.4505208328125 0.508203125 0.4484375 0.520703125 0.43177083281249995 0.550390625 0.42760416718750005 0.799609375 0.4234375 0.812109375 0.43177083281249995
1 0.0984375 1 0.0984375 0.9486322921875001 0.0972872953125 0.9426917578125 0.0900180984375 0.9325737484375001 0.078092815625 0.93009409375 0.0717350484375 0.9334702499999998 0.063819253125 0.9455744609375 0.06091872968749999 0.9556231671875001 0.0590418671875 0.98427228125 0.059264259374999996 1 0.0984375 1
1 0.12687174375000002 1 0.1270833328125 0.9902199078125001 0.1317708328125 0.9522569437499999 0.13125 0.9337384265625002 0.12213541718750001 0.9156828703125001 0.11328125 0.9138310187500001 0.10651041718750001 0.9184606484375 0.1 0.9337384265625002 0.10260416718750001 0.960590278125 0.1020130203125 1 0.12687174375000002 1
1 0.199347478125 1 0.20052083281250002 0.954108796875 0.1989583328125 0.9448495375 0.19296875 0.9323495375 0.1809895828125 0.92679398125 0.17109375 0.9332754624999999 0.1666666671875 0.9457754625 0.1760416671875 0.961516203125 0.18020833281249998 0.9939236109374999 0.18020833281249998 1 0.199347478125 1
1 0.809375 0.618011509375 0.80937183125 0.617998721875 0.8076115140625 0.5662744171874999 0.8055743234375001 0.5587394640625 0.79919905625 0.5522320203125 0.7926655703125001 0.5553830265624999 0.7908261765625 0.563062078125 0.7959488375 0.6187451796875 0.78970545625 0.6587631609375 0.7914061265625 0.6609375 0.809375 0.6609375 0.809375 0.618011509375
1 0.867806090625 0.6890625 0.89375 0.6890625 0.89375 0.6456515125 0.8879943359375 0.61888984375 0.8867909 0.5596002484375 0.8826556453125001 0.5519573921875 0.87875161875 0.5514167171875 0.8778073875000001 0.5514167171875 0.8725936890625 0.5557896671875 0.8703128249999998 0.5670524515625 0.8743449015625 0.6159748515625 0.8666761671875001 0.657231290625 0.8670444093749999 0.6878171796875 0.867806090625 0.6890625
1 0.76875 0.6673545265625 0.76875 0.6605381828125 0.7625162671875 0.626498628125 0.7659736265625 0.5793855906250001 0.7623502640625001 0.56945865 0.7566749796875 0.5673065453125 0.7529752640625 0.5689673281250001 0.7482114109375 0.5803093890625 0.7489746015625001 0.6257889421875 0.741039878125 0.6509793453125 0.741039878125 0.6792163796875 0.742622546875 0.6875 0.7560060249999999 0.6875 0.76875 0.6673545265625
1 0.63337089375 0.5950342234375 0.6338384093749999 0.6257566625 0.6302732671875 0.6432319875 0.6302732671875 0.6859375 0.6578125 0.6859375 0.6578125 0.6633853296875 0.6565722624999999 0.6597661421875001 0.6563723078125 0.6476623515625001 0.6535062953125 0.6437583890624999 0.6487454781249999 0.6220615734375 0.649829034375 0.5616761296874999 0.646081796875 0.5516702078125 0.638919621875 0.5493510859375 0.632866721875 0.5536135718749999 0.6302732671875 0.5598413484375 0.6302732671875 0.5801117812500001 0.63337089375 0.5950342234375
1 0.6266640859375 0.6875 0.6375 0.6875 0.6375 0.589650165625 0.63433839375 0.577936303125 0.6342772171875 0.561284790625 0.636198878125 0.5567157796875 0.6327649609374999 0.5552283859375 0.6304697125000001 0.556549078125 0.629165884375 0.563911021875 0.6327400734374999 0.5917645734375 0.6326684265625 0.6195120421875 0.6264437859375 0.64985543125 0.6254921421875 0.6822022203125 0.6266640859375 0.6875
0 0.740625 0.663325115625 0.7404126828125 0.6613313203125 0.7357540281249999 0.6458635359375 0.7234972609375 0.634263634375 0.707861221875 0.634263634375 0.697715284375 0.640925328125 0.68585451875 0.6604936671875 0.6818301437500001 0.6752593734375 0.6818301437500001 0.6859375 0.7309175296875 0.6859375 0.7406136640625001 0.685350803125 0.740625 0.6852734546875 0.740625 0.663325115625
2 1 0.68802289375 0.4965696515625 0.68802289375 0.4859898828125 0.6883488468750001 0.4803379484375 0.696505821875 0.47793178281250004 0.7373718703125001 0.47793178281250004 0.7618827953125 0.48094948281250005 0.7640625 0.49620638125000005 0.7640625 0.6551853281250001 0.749766221875 0.7639532906250001 0.7477651203125 0.7968735484375 0.741415859375 0.8113275718749999 0.7462071328125 0.83587139375 0.742146459375 0.9113060203125001 0.74189228125 0.9284073156249999 0.7446952265625 0.9581594703124999 0.7403615953125 1 0.7401334140625 1 0.68802289375