1 0.359977275 0.55 0.3601287140625 0.5481554859375 0.36564935468750004 0.513732453125 0.3768934484375 0.46424894375000003 0.380527853125 0.434537425 0.379739459375 0.416128090625 0.3741002703125 0.396589175 0.36491665625 0.386922609375 0.354629484375 0.3856166703125 0.34317400781249996 0.3935972890625 0.333447184375 0.410251371875 0.33006605312500004 0.4214989625 0.327402853125 0.43732158906249996 0.3246977609375 0.5131110359375 0.3209923703125 0.55 0.359977275 0.55
1 0.32837486562499996 0.55 0.32995217499999996 0.540070628125 0.331443028125 0.5123049734375 0.328835371875 0.497417421875 0.3206457984375 0.48564332656250003 0.3150709859375 0.4848912296875 0.3118189171875 0.4848912296875 0.30593313125 0.4890076 0.298759865625 0.5078375484375 0.2972875203125 0.55 0.32837486562499996 0.55
1 0.8953125 0 0.8953125 0.033498025 0.9053422937499999 0.12355428906249999 0.8995867984375 0.1674392 0.92800998125 0.18959669375 0.939194690625 0.20625 0.9407196140625 0.20625 0.9407196140625 0.15195455468750002 0.9347279531249999 0.13079581406250002 0.9329660328125 0.013822940624999999 0.9292600562499999 0 0.8953125 0
1 0.690544678125 0 0.6871108125000001 0.0123563203125 0.6871350421875 0.0693699453125 0.6829334312500001 0.12945578124999998 0.6765625 0.150289628125 0.6765625 0.3921875 0.691428384375 0.3921875 0.694417071875 0.38969709375 0.7146168578125 0.318795225 0.7241544234375 0.2627058578125 0.7250402328125001 0.215622146875 0.7132339734375 0.143546896875 0.7124142828125001 0.109380915625 0.727868653125 0.0030934328125 0.7274272125 0 0.690544678125 0
1 0.6076026156250001 0 0.603125 0.0825179734375 0.603125 0.237102728125 0.6061114671875 0.2435772171875 0.6220689296874999 0.3125 0.62475564375 0.3125 0.627192853125 0.309268603125 0.6360987640625 0.2688831140625 0.641575121875 0.2116116109375 0.6303092765625 0.11402464375000002 0.6320732875 0.0825980046875 0.6444870140625 0 0.6076026156250001 0
1 0.42877983906250006 0 0.432348246875 0.0405776421875 0.429583078125 0.050535728125 0.42944484843749997 0.1006447390625 0.41875 0.145072828125 0.41875 0.23458215781249997 0.42393780468750003 0.21219524218750002 0.44505997031250005 0.161142859375 0.45700945624999995 0.1535462078125 0.46342279218750004 0.14295714375 0.4568700078125 0.0998512875 0.46605986875000005 0 0.42877983906250006 0
1 0.80625 0 0.80625 0.0653209578125 0.8079381953125001 0.0834044234375 0.8198323750000001 0.098789775 0.825268684375 0.1157931640625 0.8233753859374999 0.1401604765625 0.8109318625 0.1719854265625 0.8204628140625001 0.2 0.8229181125 0.2 0.845864459375 0.17883470937499998 0.8479689015625 0.17090775625000001 0.8349305203124999 0.1155120328125 0.8346081218750001 0.074047621875 0.8399717359375 0.0281273703125 0.840299028125 0 0.80625 0
0 0.9354937843750001 0.3139471015625 0.9367650453125 0.273889878125 0.927619259375 0.2295408078125 0.9122766796875 0.19878258124999998 0.888371790625 0.177323353125 0.8594029296875 0.1758927390625 0.8318279671875001 0.1930601203125 0.8133707687499999 0.22238773125 0.8046875 0.256438446875 0.8046875 0.34197805937500003 0.8116561578125001 0.36974109374999997 0.8365939828125001 0.4062217796875 0.851618159375 0.4125 0.8668206421875 0.4125 0.8913110921874999 0.4090830109375 0.9157153843749999 0.3876237828125 0.9252160187499999 0.3668798625 0.9354937843750001 0.3139471015625
1 0.409375 1 0.409375 0.55 0.1770877390625 0.55 0.0899884953125 0.632446878125 0.0322947140625 0.7052643296875 0.028125 0.7300780703124999 0.028125 0.780937503125 0.0392432265625 0.838022265625 0.057071075000000006 0.872942903125 0.1591225328125 0.9692673203125001 0.2043207953125 1 0.409375 1
1 0.731448409375 1 0.731448409375 0.8276975421875001 0.7303978234375 0.824148678125 0.7274804749999999 0.7907880640625 0.7176900984375 0.7474869703125 0.713457478125 0.7057657421875 0.7149408328125 0.6559294328125 0.7123795015625 0.6281243734374999 0.6985154203125 0.5972637609375 0.6935890703125001 0.5972637609375 0.6696381921875 0.6058451015624999 0.6671875 0.6084165109375 0.6671875 0.6673449796875 0.6778265625 0.733622878125 0.6798736562500001 0.7655673234375 0.6793989921875 0.7946521453125 0.6671875 0.8636509796875 0.6671875 0.8704195015625 0.6972095890625 0.9144512531250001 0.7148124640625 0.9580251640625 0.7207062093750001 1 0.731448409375 1
1 0.5531169640625 1 0.5531169640625 0.7926581890625 0.539769290625 0.7527822265624999 0.5347989984375 0.7262295640625 0.528203371875 0.6096447859375 0.5201544984375 0.5891578765625 0.5094876421875 0.58182925625 0.5029695375000001 0.58182925625 0.4949602546875 0.5850699031250001 0.4875 0.6060740390625 0.4875 0.6063369546875 0.49107899687499995 0.6464455515624999 0.50199506875 0.7023695984375 0.506272659375 0.7524105421874999 0.49599357812499995 0.8169103921875 0.495879315625 0.8598021734374999 0.5015251640625 0.9071472265625001 0.5112757890624999 0.9464046078124999 0.5277620203125 0.9929339828125 0.5357353 1 0.5531169640625 1
1 0.5212578 0.55 0.51875 0.555852021875 0.51875 0.6026038093749999 0.5220822984375 0.6165715953124999 0.51875 0.660330165625 0.51875 0.7737999671875 0.5262599265625 0.812852115625 0.5297139718749999 0.8828125 0.5309162171875 0.8828125 0.5359519984375 0.8746151296875 0.5463867546875 0.8367056953125 0.553785059375 0.775430809375 0.5512299281249999 0.734050746875 0.5401738796875 0.680662009375 0.548623371875 0.5598286765625 0.544566140625 0.55 0.5212578 0.55
1 0.540625 0.55 0.540625 0.5510600046875 0.545449065625 0.5633604140624999 0.540625 0.6047520375 0.540625 0.7079500875 0.5474444484375 0.7484704671875 0.546952134375 0.8 0.55024291875 0.8 0.551062109375 0.7994043296875001 0.561041084375 0.7628836953125 0.567579671875 0.7113582984375 0.5649576406250001 0.6672778734375 0.5574089921875001 0.6359249640625 0.5565391046875 0.618005915625 0.5639004812499999 0.55 0.540625 0.55
1 0.409375 0.55 0.409375 0.846875 0.42362097656250003 0.846875 0.430546140625 0.8393131703125001 0.43898392187499996 0.7991990484375 0.44287970625 0.7548091546875 0.44106423437500003 0.71723641875 0.4241035421875 0.6431707140625 0.4280373609375 0.55291111875 0.42711559687499995 0.55 0.409375 0.55
0 0.6913140984374999 1 0.691535046875 0.9808888421875 0.682413253125 0.9367990625000001 0.6520495343749999 0.883042865625 0.622033359375 0.8646624140625001 0.5993447828125 0.8668424765625 0.559506440625 0.9015399015625001 0.5377203703125 0.9487906484374999 0.53125 0.9728928984374999 0.53125 1 0.6913140984374999 1