1 0.334375 0.261092984375 0.32789168125 0.22941897187500002 0.3294762828125 0.1905300828125 0.323316696875 0.178453940625 0.317814125 0.188663690625 0.31840349687499997 0.23181474687499998 0.31123561875 0.2557436078125 0.31123561875 0.3045572875 0.3182680515625 0.3171875 0.32774985 0.3171875 0.3328745375 0.2991817484375 0.334375 0.2754795984375 0.334375 0.261092984375
1 0.364328265625 0.174569603125 0.36002108125 0.171875 0.359307825 0.171875 0.3570438984375 0.1722761296875 0.35400390625 0.17939818125 0.35634765625 0.22099665000000002 0.34853515625 0.2545573046875 0.34775390625 0.27402448125 0.354375778125 0.3109375 0.366515459375 0.3109375 0.371875 0.2917254078125 0.371875 0.2527564484375 0.36728515625 0.2234561796875 0.3678529546875 0.1782251765625 0.364328265625 0.174569603125
1 0.40625 0.2324888 0.401138559375 0.2127277140625 0.4035362671875 0.17089727187499998 0.39928691562499996 0.1625 0.39279818906249997 0.1625 0.3894495234375 0.1702453671875 0.389788928125 0.1896898125 0.392544809375 0.21317809375 0.38597418125 0.239935475 0.38477532812500004 0.26085069375000003 0.3857990078125 0.274698640625 0.3917283796875 0.3008009234375 0.399703540625 0.3015625 0.401246878125 0.3015625 0.4049611421875 0.2973271046875 0.40625 0.29236925937499997 0.40625 0.2324888
1 0.43125 0.184482565625 0.43125 0.1642234296875 0.4236899515625 0.1616205921875 0.42067214062499997 0.16507690625 0.419210646875 0.1734056953125 0.42096279062499997 0.199817309375 0.4154443109375 0.21689425 0.4154443109375 0.2921875 0.42243570625000004 0.2921875 0.4264336015625 0.2860011421875 0.43125 0.26009380625 0.43125 0.2186761453125 0.42832179375 0.20541831875 0.43125 0.184482565625
1 0.2881332828125 0.29871298749999997 0.2893137859375 0.3078125 0.302426503125 0.3078125 0.30625 0.2925337421875 0.30625 0.2454732625 0.300757059375 0.22045770625 0.30436689375000003 0.17866370781250002 0.2993938171875 0.169842846875 0.295792309375 0.16870435156250002 0.29544501093750003 0.16870435156250002 0.28953930625 0.17787965625 0.291382059375 0.2208397078125 0.28316552968750003 0.25588026875000003 0.2826151234375 0.264666815625 0.2826151234375 0.274629415625 0.2843401625 0.2891499328125 0.2881332828125 0.29871298749999997
1 0.2674950671875 0.3015625 0.2708923515625 0.294916059375 0.2765625 0.2717023609375 0.2765625 0.240978496875 0.27654020625000003 0.24069484531250002 0.2707380390625 0.21442868750000002 0.275087134375 0.171332221875 0.2726438578125 0.1651299484375 0.2640501078125 0.165279953125 0.261024634375 0.17157768281250002 0.2613630390625 0.214592328125 0.2550980765625 0.234610128125 0.2550980765625 0.29781734531250004 0.25513797656250004 0.29796657031249996 0.2579318078125 0.3015625 0.2674950671875 0.3015625
1 0.249092528125 0.2862822375 0.2515625 0.27341294375 0.2515625 0.2304149640625 0.2454907875 0.2045928859375 0.246818959375 0.1641875625 0.23548679374999998 0.1644178234375 0.2335781109375 0.1722161453125 0.23612386875000002 0.20674705000000002 0.22925422499999998 0.23509878125 0.22863458125 0.2629403328125 0.2350461875 0.29020792812499996 0.237790484375 0.29375 0.24412935 0.29375 0.2452266796875 0.29354554843749997 0.249092528125 0.2862822375
1 0.3453125 0.2640625 0.3453125 0.22829997500000002 0.33962807968750003 0.21025076562499997 0.340130825 0.17273258593750002 0.335202665625 0.16372980625 0.32895266562500003 0.16376616875 0.325874084375 0.1700366203125 0.32645680781249997 0.17836995312499998 0.3299702890625 0.1839073296875 0.33211551250000004 0.192231571875 0.335616140625 0.231115915625 0.345059740625 0.2640625 0.3453125 0.2640625
1 0.3140625 0.25515019375 0.3140625 0.22083189218750002 0.31059813593749996 0.20891196406249998 0.30914205156249996 0.18391196406250002 0.31005740312499996 0.17284631718750001 0.3088716859375 0.1658791421875 0.306527675 0.1641038078125 0.3024446140625 0.1641038078125 0.2959406140625 0.1648096171875 0.2966143671875 0.169682096875 0.30025133125000003 0.1718677234375 0.304211871875 0.17960890625 0.304914390625 0.21845233125000002 0.3140625 0.25515019375
1 0.06875 0.2260201203125 0.06351935 0.20266533125000002 0.06530001875 0.1653020328125 0.052421514062499994 0.162090915625 0.0504158671875 0.17094781718750002 0.05337118125 0.20038788593749998 0.046559109375000005 0.23250892968749998 0.046559109375000005 0.26409901874999997 0.05128345937499999 0.2905289625 0.0515931453125 0.290625 0.0644150578125 0.290625 0.06875 0.26535951406249997 0.06875 0.2260201203125
1 0.0333038390625 0.27838995781250003 0.034375 0.2558099640625 0.034375 0.2381748125 0.026676603124999997 0.2091091671875 0.0292789234375 0.164610171875 0.0187603296875 0.1599945421875 0.013629682812499998 0.16914051562500002 0.0164961125 0.21351222343749998 0.0084977640625 0.24563850468749998 0.0083442390625 0.27202739375 0.01444879375 0.29688192343750003 0.018458971875 0.2984375 0.026559415625 0.2984375 0.029300621875 0.2951475421875 0.0333038390625 0.27838995781250003
0 0.20625 0.4390625 0.20625 0.4314295453125 0.198514753125 0.4123452484375 0.189887740625 0.40524133593749995 0.1794400171875 0.40524133593749995 0.177032871875 0.40536366562500004 0.171693496875 0.40849189687500004 0.1612974328125 0.4191818546875 0.1554414875 0.4380905765625 0.1554606890625 0.4390625 0.20625 0.4390625
0 0.859375 0.0558227203125 0.847265625 0.027702846875 0.833203125 0.022556465625 0.81171875 0.041931596875 0.8078125 0.071211925 0.81171875 0.091931596875 0.818359375 0.10354393125000001 0.8278035703125 0.1140625 0.8395000890625 0.1140625 0.85625 0.0878580921875 0.859375 0.0558227203125
2 0.4796875 0.46707219218749996 0.040289068750000004 0.4651076703125 0.0495550984375 0.584282553125 0.06645964374999999 0.646875 0.0735891578125 0.646875 0.0974854859375 0.634939021875 0.1312142703125 0.62922565625 0.1285514515625 0.588293196875 0.4796875 0.580436775 0.4796875 0.46707219218749996
1 0.7254160546875 0.4390625 0.7221290093749999 0.449450284375 0.7221290093749999 0.5484375 0.7359113671874999 0.5484375 0.757060690625 0.5164507796875 0.773217128125 0.4656348890625 0.7746055593750001 0.4390625 0.7254160546875 0.4390625
1 1 0.4390625 0.9947289421875001 0.4390625 0.984375 0.47568030156249996 0.953515625 0.5161615484375 0.92890625 0.568960940625 0.9125 0.66527165 0.9140625 0.6763372953125 0.920703125 0.6879496281249999 0.9303192421875 0.696875 0.942326446875 0.696875 0.97421875 0.6537535953125 0.97890625 0.6050060890625 0.988671875 0.5873608296875 0.996875 0.5822610312500001 1 0.5587574046875 1 0.4390625