1 0 0.2738696609375 0.0033346218750000003 0.2852043203125 0.0051108546875 0.2875 0.017221900000000002 0.2875 0.0211901859375 0.282112896875 0.021875 0.279416709375 0.021875 0.1744481171875 0.0171610421875 0.1640437046875 0.0177959546875 0.10287804687499999 0.013799290624999998 0.09113385625 0.005092353125 0.0885060828125 0.000461446875 0.0899767921875 0 0.0914867140625 0 0.1668099125 0.00019991250000000001 0.16989926875 0 0.17052169374999998 0 0.2738696609375
1 0.035831426562500004 0 0.035485109375000004 0.0052440296875 0.0294159375 0.0284866484375 0.031509875 0.07987553750000001 0.022927175 0.0988286578125 0.0226663109375 0.130691215625 0.029164784375000002 0.1753813203125 0.034636942187500006 0.18125 0.043623639062500004 0.18125 0.0453125 0.17703879375 0.0453125 0.0737855046875 0.0452894109375 0.07366807656249999 0.0453125 0.0728900109375 0.0453125 0.015200125 0.0410104515625 0.0069195234375 0.040728503124999996 0 0.035831426562500004 0
1 0.0916439328125 0.19375 0.0929915328125 0.19375 0.0953125 0.1887678921875 0.0953125 0.159882484375 0.08885664843749999 0.184478853125 0.0916439328125 0.19375
1 0.10621228593750001 0.259375 0.11520761718750001 0.2422538984375 0.12123396093750001 0.21002284843750002 0.11785559062499999 0.13526850937499998 0.125 0.10125131093749999 0.125 0.0818560859375 0.1172582015625 0.065509546875 0.1166057328125 0.065509546875 0.1084602640625 0.0698490265625 0.1023705796875 0.083350546875 0.1018984296875 0.11040001562499999 0.1018984296875 0.13057534531249998 0.1044773671875 0.1415201078125 0.1021390875 0.1860464375 0.10895214843750001 0.1981779453125 0.110320703125 0.20920717031249997 0.1024481890625 0.259375 0.10621228593750001 0.259375
1 0.10722748281250001 0.4140625 0.1078125 0.412821671875 0.1078125 0.1864413421875 0.10756114531250001 0.18597346875 0.10654252812500001 0.1456684171875 0.1026065984375 0.12696614687500002 0.0987003828125 0.18195680625 0.0886529234375 0.1960366109375 0.08990890781250001 0.27666035 0.079614221875 0.2990871234375 0.0755893234375 0.333918440625 0.07832866250000001 0.364460359375 0.08968153749999999 0.407365909375 0.094511740625 0.4140625 0.10722748281250001 0.4140625
1 0.20054094843749998 0.3859375 0.2076733859375 0.3859375 0.2251342984375 0.3604351046875 0.23309447656249999 0.32560379375 0.23184943281249998 0.2950482375 0.2251922328125 0.26594520625 0.2272985609375 0.24090884375 0.234375 0.216968978125 0.234375 0.17633460781250002 0.2318624953125 0.17068359375 0.22170129374999997 0.16536217343749998 0.22110785000000002 0.16536217343749998 0.212218059375 0.16813308124999998 0.20756438125 0.1786088375 0.20341936718750003 0.24952398750000002 0.1857446328125 0.2761310515625 0.1805133046875 0.3012037765625 0.1811468765625 0.335935090625 0.1870794203125 0.3664361015625 0.1928083640625 0.382349234375 0.20054094843749998 0.3859375
1 0.80625 0.4796875 0.80625 0.40088944218749994 0.803499240625 0.3928872984375 0.772098753125 0.3287492046875 0.7586227515624999 0.27967466406249997 0.75052256875 0.09539067031250001 0.743289925 0.07627665 0.72758635625 0.059005850000000006 0.7039031953125 0.052953271875 0.6804623765625 0.066386440625 0.6665570031250001 0.0982888890625 0.674192440625 0.1548119015625 0.6935023625 0.22603445781249998 0.699486771875 0.31050046249999996 0.673470903125 0.43827685 0.6745235953125001 0.4796875 0.80625 0.4796875
1 0.8080491640624998 0 0.8098253359375001 0.025400415625 0.8302578015625001 0.0935137453125 0.83451896875 0.1544512453125 0.8152005203125 0.2367199171875 0.8139765109375 0.3088495859375 0.832846478125 0.3770265828125 0.8609821875 0.443259078125 0.8741289640625001 0.45625 0.9044534703124999 0.45625 0.9125 0.452777903125 0.9125 0.2093079625 0.8838634046875 0.14303890156250001 0.8752267765624999 0 0.8080491640624998 0
1 0.9155649796875001 0 0.9222854421874999 0.0553684515625 0.9019676265625 0.13234005468750001 0.8991901343750002 0.179296875 0.922240315625 0.24612981875 0.9340346609375001 0.305341178125 0.9461035796874999 0.3137303765625 0.9656359296874999 0.3140625 0.96886158125 0.3140625 0.9854698265625 0.30131615156249997 0.9875 0.2928333515625 0.9875 0.1153322703125 0.962846775 0.0530968390625 0.96186355625 0 0.9155649796875001 0
1 0.752525440625 0 0.751306059375 0.026180625000000003 0.7470274359375 0.0393247828125 0.7470274359375 0.22318496875 0.748168134375 0.2276703984375 0.7561429859375 0.2359375 0.773576703125 0.2359375 0.7809078609375 0.228851090625 0.8026416187500001 0.16457041562500002 0.8078125 0.116292378125 0.8078125 0.1081341234375 0.805300046875 0.07396359531249999 0.7861177046875001 0.016405634375 0.787119403125 0 0.752525440625 0
1 0.5122206421875 0 0.502353071875 0.0071837640625000004 0.49215040156250006 0.027823646875000003 0.5022071984375 0.20222344531249997 0.48720557499999995 0.25334507031250003 0.48720557499999995 0.427716028125 0.506140984375 0.4796875 0.56492265 0.4796875 0.5708166421875001 0.4713156953125 0.590625 0.37759416562500003 0.590625 0.2967207765625 0.5812925218749999 0.2525111328125 0.5510903671875 0.189594471875 0.5546504015625 0.0256410984375 0.5415269609375001 0 0.5122206421875 0
1 0.6470257296874999 0 0.66116229375 0.0961252765625 0.6453409750000001 0.16701763281249998 0.644571653125 0.22466635625000003 0.6665686703125 0.3053365015625 0.6803420109375 0.3372416 0.6808193109375 0.3375 0.69110276875 0.3375 0.69375 0.3265978015625 0.69375 0.2321903234375 0.6740734703125 0.1451359875 0.6703462921875 0.0919291 0.69375 0.0587741546875 0.69375 0 0.6470257296874999 0
1 0.395252190625 0 0.4212259359375 0.115770703125 0.41393969999999997 0.2116288375 0.41913433906249997 0.2710038375 0.42628245781250007 0.2989651484375 0.4587231015625 0.3652250640625 0.46916217031249996 0.3734375 0.4859375 0.3734375 0.4859375 0.1610310875 0.45987833437500003 0.109719109375 0.44619779062500003 0 0.395252190625 0
1 0.5432471249999999 0 0.5523231546874999 0.016551503125 0.5566015515625 0.03974334375 0.5556003390625 0.1865364546875 0.5750128125 0.237034421875 0.5884566359375001 0.25 0.588918128125 0.25 0.603125 0.1920737984375 0.603125 0.1253536015625 0.5752970046874999 0.0418856984375 0.574864 0 0.5432471249999999 0
1 0.3325145046875 0 0.3467343265625 0.0671744078125 0.3363160640625 0.14869714375 0.338819303125 0.18775964375 0.371189315625 0.27792099375 0.382890859375 0.2875 0.3981178296875 0.2875 0.3984375 0.2872598796875 0.3984375 0.11098275937499999 0.37808445625 0.0681914375 0.3707866 0 0.3325145046875 0
1 0.0199578609375 0.4796875 0.0199489828125 0.48086861093750005 0.0046852875 0.5360983765625 0.0046852875 0.6974172 0.0117915703125 0.7046875 0.0195392078125 0.7046875 0.025940378125000003 0.70428881875 0.0342056984375 0.6944756906249999 0.0443519734375 0.6610423609375 0.053125 0.620539134375 0.053125 0.5413100421875 0.0443667859375 0.49307771093749997 0.04552158125 0.4796875 0.0199578609375 0.4796875
1 0.071322828125 0.4796875 0.0671367671875 0.49309808125 0.0671367671875 0.6339954015625 0.06989241093750001 0.639173165625 0.08127619999999999 0.640625 0.0829328015625 0.640625 0.09397520468750001 0.6320910703125 0.110584384375 0.569099996875 0.1109375 0.5554964765625 0.1109375 0.5092854109375 0.10667986249999999 0.4796875 0.071322828125 0.4796875
1 0.125340265625 0.4796875 0.12419216250000001 0.4851022828125 0.1334526359375 0.5784444421874999 0.13967452656249998 0.5890625 0.157646040625 0.5890625 0.1625 0.580937009375 0.1625 0.4796875 0.125340265625 0.4796875
1 0.0087316640625 0.4796875 0.007578073437500001 0.48828837812500003 0.011101921875 0.5285661546875 0.026823707812499997 0.575 0.02699854375 0.575 0.03125 0.5403073093749999 0.03125 0.4796875 0.0087316640625 0.4796875
1 0.33238179218749997 0.86105725625 0.3337890359375 0.8879091078125001 0.339327371875 0.9242325656249999 0.349688403125 0.9671875 0.371875 0.9671875 0.371875 0.8090780593750001 0.36509069375 0.7817295640624999 0.36459889218749997 0.6930833578125 0.356766965625 0.67739605625 0.3472463890625 0.6740722484375 0.34228068437500003 0.678398525 0.337987865625 0.6906103421875001 0.33863165156249997 0.7128022281249999 0.34321242343749997 0.7407620171875 0.34497229531249995 0.7842502015624999 0.3337242875 0.83713485625 0.33238179218749997 0.86105725625
1 0.41209292968749994 0.7962080984375 0.40152391249999997 0.8542097296875 0.40267793125000007 0.900590915625 0.4072245109375 0.9282625828125 0.4205519375 0.9769334296875 0.42446941406250005 0.9796875 0.4375 0.9796875 0.4375 0.8076327109375001 0.4340326765625 0.796242684375 0.43156943124999997 0.7684861296875 0.432628240625 0.7238719046875 0.4308153234375 0.69794598125 0.424407740625 0.6847428875 0.4162247609375 0.6823617484375 0.41217696249999997 0.6823617484375 0.4063080671875 0.6873375234375001 0.40288456406249995 0.7018697640625 0.4098943859375 0.7572979859375 0.41209292968749994 0.7962080984375
1 0.4680206390625 0.7144962687499999 0.47716221406250003 0.7773198375 0.477895628125 0.79358138125 0.47623509375 0.8217691828125 0.4699093078125 0.8603592250000001 0.4678873046875 0.8822735953125 0.4691977859375 0.9068202875000001 0.4741173156249999 0.9371937406249999 0.48794224531249997 0.9883536093749999 0.49361505625 0.99375 0.4995089640625 0.99375 0.50625 0.9934635843749999 0.50625 0.8245493390625 0.50328110625 0.8170866421875 0.49958086875 0.8007309703125 0.49861833125 0.7837548203125 0.497615859375 0.754656665625 0.49774474062500007 0.7265730203125 0.49584983437499996 0.71207841875 0.4913137296875 0.6977684937499999 0.48731438125000004 0.6954152359375 0.47660152343749995 0.6954152359375 0.47268300312499995 0.6971839078125 0.4697727109375 0.702577684375 0.4680206390625 0.7144962687499999
1 0.670691596875 0.9288421124999999 0.6832587921875 0.9814380671875 0.688972778125 0.987361128125 0.7037976625000001 0.9866390687500001 0.710304396875 0.9800393984374999 0.7109375 0.9762753265625002 0.7109375 0.8374515453125 0.7009394437500001 0.8013720609374999 0.6991432062499999 0.7828717234375 0.6996198390625 0.7050303078125 0.693007734375 0.6898570796875 0.6824401531250001 0.6863351984375 0.677382734375 0.690129815625 0.6719402125 0.7036602890625 0.672362596875 0.726817528125 0.6799551968750001 0.7980320046875 0.6674165734375 0.8612586125 0.6677027765625001 0.9066562546875 0.670691596875 0.9288421124999999
1 0.7640625 0.8473072859374999 0.7634084031249999 0.8382155875 0.7541926046875 0.7902007687499999 0.7550086687500001 0.7615031265625 0.7611591171875001 0.7188620484375 0.7621078828125001 0.698491678125 0.758826953125 0.68511120625 0.7502015937500001 0.6796875 0.7472885453125 0.6796875 0.7401200796875 0.68440345625 0.734503715625 0.6988128828125 0.7335748984375 0.7858135562499999 0.72290126875 0.8273641546875 0.72290126875 0.9737089359375 0.7269378796875 0.9765625 0.736343809375 0.9765625 0.7403160078125001 0.9763724843750001 0.7467385078125 0.9725960562499999 0.758011040625 0.9317462265625001 0.7640625 0.8871585515625 0.7640625 0.8473072859374999
1 0.602284615625 0.996875 0.6141456515625 0.9961160281249999 0.6189840671875 0.992248634375 0.6283057125 0.954938778125 0.6343514390625 0.9214417546875 0.6359375 0.8939812734375 0.6359375 0.888912425 0.6324398515625 0.8508737046875 0.6251261734375 0.82426715625 0.6233744234375 0.795153728125 0.6239544734375 0.770584165625 0.630295278125 0.7274156312500001 0.62969696875 0.7120917890625 0.62590313125 0.7021510453124999 0.618995478125 0.696875 0.6150656390625 0.696875 0.6101072328124999 0.698225659375 0.6040805015625 0.70701701875 0.6016554609375 0.7201595953125001 0.600836278125 0.7351115140625 0.602246628125 0.7903438749999999 0.6013467578125 0.8101742390625001 0.5968439812499999 0.8330895171874999 0.5891395640624999 0.8541167187500001 0.5891395640624999 0.9809692484374999 0.5908967953125 0.9923048546875 0.5978478625 0.996875 0.602284615625 0.996875
1 0.571875 1 0.571875 0.8483405874999999 0.5699451296875 0.84226095 0.5641147906249999 0.8146928953125 0.5628063328125 0.79541665 0.5629653359375 0.77663715625 0.5650886046875 0.7401871718749999 0.5635825406249999 0.7246181828125 0.5609444781249999 0.715495690625 0.5542375406250001 0.7049207578125 0.5461377281249999 0.7029472640625001 0.54063803125 0.7091648625 0.53673600625 0.716085790625 0.5347581578125 0.7274447734375 0.5416535421875001 0.7854291453125001 0.5417013578125001 0.80324121875 0.541607571875 0.82280736875 0.53902185625 0.8406403296875 0.53390646875 0.8648465296874999 0.5293661125 0.8959135703125 0.5306866140625 0.9283209765624999 0.536845528125 0.9646777484375001 0.5458248250000001 1 0.571875 1