1 0.6777306453125 0.3390625 0.6847703234375 0.215641415625 0.6821542109375 0.178573590625 0.663150678125 0.145329678125 0.6416927109375 0.136419571875 0.6142676687499999 0.145874046875 0.5988208765625 0.1766339859375 0.6004081828125 0.22208853125 0.6079037796875 0.24749499218749998 0.6183984015624999 0.3390625 0.6777306453125 0.3390625
1 0.8513053671874999 0.3390625 0.8494762109374999 0.3089298390625 0.8617538078125 0.211202090625 0.860852575 0.1724815515625 0.8421529781249999 0.13639015625 0.81417928125 0.12813425312499999 0.7900806296875 0.1442698875 0.7812132093749999 0.161158771875 0.7802431140625 0.1763179828125 0.8019557109375001 0.19976387812500002 0.8119594640625 0.2316965421875 0.8117338625 0.27884228437499997 0.8038649328125 0.3390625 0.8513053671874999 0.3390625
1 0.9578125 0.3390625 0.9578125 0.31468481718749997 0.9318681421875 0.23430289843750002 0.9309275156249999 0.2073668703125 0.94242074375 0.12007875625 0.941186171875 0.084725221875 0.92235900625 0.056635746875000004 0.900959828125 0.0495323203125 0.8840580078125001 0.057649675 0.8746370796875 0.0717862734375 0.8725206812499999 0.0868916125 0.8867329093749999 0.0963933046875 0.9042961109375 0.12614319375 0.9059422093749999 0.17328123906249998 0.895536578125 0.2538584328125 0.8965359921875 0.2824779625 0.9057658625 0.31965353125 0.91463809375 0.3390625 0.9578125 0.3390625
1 0.8856949578125001 0.3390625 0.8727763968750001 0.283879296875 0.8984375 0.13485327656249999 0.8984375 0.1317952328125 0.8859561625 0.101203971875 0.8617168625 0.08883449843749999 0.8355640453125 0.1017175515625 0.826831121875 0.119657590625 0.826831121875 0.128805034375 0.8472675609374999 0.1483679046875 0.8543581625 0.17720294375 0.8276889265625 0.3367969421875 0.8282201921875 0.3390625 0.8856949578125001 0.3390625
1 0.744361771875 0.12100694375000001 0.7456845234375 0.1765625 0.7615575390625 0.179929503125 0.7761078046875001 0.1765625 0.781398809375 0.154676978125 0.7946263234375 0.13615845937499998 0.7959490734375001 0.100804925 0.79065806875 0.0806029046875 0.7794146828125 0.0646096375 0.7516369046875 0.054508628125 0.7298115078125 0.0721853953125 0.7231977515625 0.0940709171875 0.744361771875 0.12100694375000001
1 0.7243551578125 0.3390625 0.7139384921875 0.267471590625 0.71526124375 0.22706754999999998 0.724520503125 0.198448021875 0.7456845234375 0.17487899843750002 0.747007275 0.1378419609375 0.7417162703125 0.1159564390625 0.730472884375 0.0999631734375 0.7013723546875 0.0898621640625 0.6742559531250001 0.1125894359375 0.6676421953125 0.1462594703125 0.67822420625 0.1630944859375 0.6835152109375 0.18834701250000002 0.6737486703125 0.3390625 0.7243551578125 0.3390625
1 0.5890625 0.3390625 0.6103054359375 0.3390625 0.6107638890625 0.33649515937499996 0.6041501328125001 0.25568707968750004 0.5962136250000001 0.22201704531250002 0.597536375 0.1715119953125 0.618039021875 0.1403672140625 0.649785053125 0.13363320781250002 0.6517691796875 0.11932344218749999 0.650446428125 0.09743792031250001 0.6425099203125 0.0772359 0.61539351875 0.057875631250000004 0.5915839953125 0.0679766421875 0.5890625 0.07332526875 0.5890625 0.21157115625 0.5895998671875 0.216966540625 0.5890625 0.22483164531250002 0.5890625 0.3390625
1 0.043248054687499995 0.6729086375 0.0379839015625 0.7251536765625 0.042647959375 0.7820299265624999 0.051320403125000004 0.8221031140624999 0.0601460921875 0.8390625 0.07895801875 0.8390625 0.0846422390625 0.8336483687499999 0.0859375 0.8275046078125001 0.0859375 0.6837063515625 0.083433028125 0.6696003562499999 0.0778966375 0.6489034140625 0.0748555078125 0.605256384375 0.0767316265625 0.5627241078124999 0.07423218125 0.5290986703125 0.0667452421875 0.5192436671875 0.0539298203125 0.51772790625 0.0470321875 0.5223354796875 0.04278726875 0.535901075 0.0496929421875 0.6093985265625 0.04809595 0.6469894546875 0.043248054687499995 0.6729086375
1 0.4100626328125 0.875 0.4453125 0.875 0.4453125 0.7592992765625 0.44002228125 0.727870603125 0.43925149531249996 0.68344434375 0.4453125 0.6405919703125 0.4453125 0.5924219890625 0.43983804062500004 0.5772943546875 0.4224565359375 0.5713387546875 0.41410529062499996 0.578083178125 0.407289678125 0.5952715421875 0.41127199843750006 0.6869563921875 0.40989827187500005 0.71467961875 0.39020581875000004 0.7766704734375 0.38541085 0.8181916687499999 0.3867688796875 0.8570805578125 0.3886708890625 0.8668391484375 0.3955297671875 0.8732437109374999 0.4100626328125 0.875
1 0.475506253125 0.890625 0.4805048671875 0.887261284375 0.486607859375 0.8740668390625 0.4875 0.8694851390625 0.4875 0.701129346875 0.485444190625 0.6921223953125001 0.484199146875 0.6615668390625 0.4875 0.6285180390624999 0.4875 0.5621146234375 0.4866801953125 0.55948350625 0.47545973124999996 0.5525390625 0.4646920109375 0.556705728125 0.45792095312500003 0.57267795 0.46031995625000005 0.6699001734375 0.457262596875 0.69073350625 0.44478470000000003 0.7296223953125001 0.45424944375000004 0.7893446171875 0.456060415625 0.8337890640625 0.452289453125 0.8754557281250002 0.4644081703125 0.890625 0.475506253125 0.890625
0 0.2180371546875 0.809375 0.23044796406249998 0.8036897249999999 0.24521623125 0.7755957312499999 0.2453125 0.7736815640625 0.2453125 0.706424546875 0.24325483750000002 0.6758142515625 0.229849621875 0.653853615625 0.2216257015625 0.6479791390624999 0.20459579374999998 0.6479791390624999 0.18302310625 0.65296476875 0.1683356421875 0.67411431875 0.160264565625 0.69688284375 0.158864959375 0.75685984375 0.158864959375 0.7639283984375 0.17662251874999998 0.8005147718749999 0.19489440625 0.809375 0.2180371546875 0.809375
1 0.72546985 0.8445296984375 0.7468203109375 0.75390743125 0.7484375 0.7191701859374999 0.7484375 0.6541234765625 0.7226615 0.5491920953125 0.7321948265625 0.40075846718749997 0.720014446875 0.3740120734375 0.6957989343750001 0.3740120734375 0.6791244562500001 0.3997784921875 0.683708259375 0.5425339375 0.6575642578124999 0.6451013078125 0.6575642578124999 0.7839460703125 0.673852721875 0.8528301359375 0.6817303828125001 0.853125 0.7186169828125 0.853125 0.72546985 0.8445296984375
1 0.6892734 0.5505317406250001 0.6795266484375 0.4003333578125 0.690625 0.37387040625 0.690625 0.370554709375 0.68398461875 0.35687431406250003 0.6681410718749999 0.3475755453125 0.6557503453125 0.35234310468749996 0.6444960078124999 0.37236433281250003 0.6552042546875 0.496732025 0.628467140625 0.62366530625 0.6316687421875 0.69407875 0.6456439359375 0.7573863109375 0.6563540453125001 0.790625 0.6729210562500001 0.790625 0.6651695546874999 0.656320078125 0.6892734 0.5505317406250001
1 0.7718208750000001 0.3390625 0.7526687296875 0.3478734390625 0.7422072749999999 0.3723213046875 0.7418374484375 0.48048436250000004 0.730665065625 0.5143847015625 0.730665065625 0.759375 0.7329246515625 0.759375 0.7351024484375 0.6519913359375 0.7733280296875 0.5400062625000001 0.7817650140625 0.3873513671875 0.7875 0.37488961249999997 0.7875 0.3556112828125 0.7873802890625 0.3545602546875 0.7722690109375 0.3390625 0.7718208750000001 0.3390625
1 0.80234375 0.5636370312500001 0.7921875 0.576547828125 0.790625 0.5976745890625 0.8 0.6141065140624999 0.7953125 0.6305384390625 0.8078125 0.6328858562499999 0.80625 0.61880135 0.81875 0.602369425 0.8203125 0.576547828125 0.80234375 0.5636370312500001