1 0.41159708437500003 0.35863961093749996 0.41174532187499996 0.3266542234375 0.3994609734375 0.264806128125 0.4056707390625 0.1858441796875 0.4044315390625 0.17465118125 0.3991365796875 0.1671875 0.389521365625 0.1671875 0.3854727703125 0.1673980640625 0.3800511390625 0.1789374859375 0.3807109734375 0.2638234828125 0.3703125 0.30426416562499997 0.3703125 0.3621212421875 0.39854886718750004 0.3640625 0.408291471875 0.3640625 0.41159708437500003 0.35863961093749996
1 0.332233021875 0.181817153125 0.326386409375 0.194804678125 0.32331028906250003 0.28795573750000003 0.31875 0.303260725 0.31875 0.36303802812499997 0.33560195937500004 0.3640625 0.3493691 0.3640625 0.35388329218750003 0.3546341875 0.3519184875 0.3211416859375 0.3439463640625 0.2832278515625 0.352948909375 0.19588701718749998 0.3441944515625 0.1781279875 0.332233021875 0.181817153125
1 0.1934117859375 0.811455828125 0.1914137484375 0.8173788109375 0.19118915625 0.860951921875 0.1875 0.8810032781250001 0.1875 0.926963809375 0.1904248 0.934375 0.1991957265625 0.934375 0.20579931562499998 0.9145758656249999 0.2061675546875 0.8839930140625001 0.2017135890625 0.8577941328125 0.20325820781249998 0.8226362421874999 0.199715671875 0.8099315265625 0.1934117859375 0.811455828125
1 0.159375 0.8133279999999999 0.159375 0.9296875 0.1636725859375 0.9296875 0.1643646453125 0.9288279968750001 0.17061608749999999 0.9021671421875 0.1709226484375 0.8789765515625 0.1665956359375 0.8546690296874999 0.17031529843749998 0.8176956609375001 0.1659336359375 0.8077718265625 0.1606174453125 0.80941145625 0.159375 0.8133279999999999
1 0.22474435625 0.8118825265625 0.22022838125000002 0.8066611187500001 0.2155732046875 0.8083765781250001 0.21335067031250002 0.8152528265625001 0.2155273296875 0.8504834765624999 0.2125 0.87236643125 0.2125 0.9064260640625001 0.21411915937499998 0.9189262218749998 0.21625097968749998 0.9217646187499999 0.229427175 0.9161325437500001 0.2309125359375 0.9085976437500001 0.2309125359375 0.8767561765625 0.2249508171875 0.8535340390624999 0.22589915624999998 0.8183943171875001 0.22474435625 0.8118825265625
1 0.2328125 0.9125 0.2427083328125 0.921759259375 0.24635416718749997 0.91898148125 0.24895833281250002 0.9078703703125001 0.25 0.8819444437499999 0.24895833281250002 0.8680555562500001 0.2442708328125 0.8495370375 0.2453125 0.8115740734374999 0.24296875 0.8055555562500001 0.2377604171875 0.8046296296875 0.234375 0.809722221875 0.2359375 0.8476851859375 0.23072916718749997 0.871759259375 0.23072916718749997 0.8995370375 0.2328125 0.9125
1 0.25 0.903240740625 0.2536458328125 0.91805555625 0.2625 0.9171296296874999 0.2677083328125 0.8819444437499999 0.2614583328125 0.8439814812499999 0.2625 0.809722221875 0.25859375 0.8027777781250001 0.25390625 0.803703703125 0.2515625 0.809722221875 0.2526041671875 0.846759259375 0.2494791671875 0.878240740625 0.25 0.903240740625
1 0.1515625 0.9226851859374999 0.1552083328125 0.9254629624999999 0.1572916671875 0.9245370375 0.1572916671875 0.9171296296874999 0.1552083328125 0.8865740734374998 0.1598958328125 0.8550925921874999 0.159375 0.809722221875 0.1565104171875 0.8046296296875 0.15 0.809722221875 0.1505208328125 0.8495370375 0.1453125 0.878240740625 0.1453125 0.89398148125 0.14791666718750002 0.9087962968750001 0.1515625 0.9226851859374999
1 0.1244791671875 0.9171296296874999 0.1291666671875 0.928240740625 0.13515625 0.9277777781250001 0.1385416671875 0.921759259375 0.1432291671875 0.890277778125 0.1421875 0.8754629625 0.1364583328125 0.8504629625 0.1375 0.8143518515625001 0.1325520828125 0.80648148125 0.1265625 0.8134259265625001 0.1270833328125 0.8541666671874999 0.1213541671875 0.8875 0.1244791671875 0.9171296296874999
1 0.0947916671875 0.8986111109374999 0.1 0.921759259375 0.109375 0.9199074078125001 0.1135416671875 0.8949074078125001 0.1135416671875 0.8763888890625001 0.1078125 0.8495370375 0.109375 0.8134259265625001 0.1059895828125 0.80648148125 0.1018229171875 0.8055555562500001 0.0984375 0.8115740734374999 0.09895833281250001 0.8495370375 0.09427083281250001 0.8791666671874999 0.0947916671875 0.8986111109374999
1 0.18203125 0.925 0.1854166671875 0.9263888890625 0.1895833328125 0.9245370375 0.1885416671875 0.8893518515625001 0.1927083328125 0.8643518515625 0.1911458328125 0.8476851859375 0.1921875 0.8125 0.18828125 0.80648148125 0.18411458281249998 0.80648148125 0.1807291671875 0.8115740734374999 0.1817708328125 0.8504629625 0.1760416671875 0.88101851875 0.1760416671875 0.8949074078125001 0.1796875 0.91805555625 0.18203125 0.925
1 0.20677083281250003 0.8708333328125001 0.20729166718749997 0.883796296875 0.2114583328125 0.88101851875 0.2130208328125 0.8615740734374999 0.2114583328125 0.8476851859375 0.2125 0.8125 0.21015625 0.8046296296875 0.20598958281250002 0.803703703125 0.20208333281250002 0.8125 0.2036458328125 0.8199074078125002 0.203125 0.8578703703125001 0.20677083281250003 0.8708333328125001
0 0.2446180546875 1 0.2455729171875 0.9990740734374999 0.2510416671875 0.9875 0.2541666671875 0.971759259375 0.2520833328125 0.940277778125 0.2455729171875 0.925 0.23151041718749998 0.915740740625 0.2231770828125 0.9175925921874999 0.21119791718749997 0.9268518515625 0.2052083328125 0.9421296296874999 0.2036458328125 0.9550925921874999 0.2046875 0.978240740625 0.209375 0.9949074078125001 0.213330853125 1 0.2446180546875 1
1 0.56875 0.8463888890625 0.5671875 0.840277778125 0.5682291671875 0.803240740625 0.5643229171875 0.7953703703125 0.5596354171875 0.796296296875 0.5567708328125 0.8050925921874998 0.5567708328125 0.8523148140625001 0.559375 0.86898148125 0.5578125 0.9069444437499999 0.559375 0.9106481484375 0.5658854171875001 0.9111111109374999 0.5682291671875 0.9078703703125001 0.56875 0.9049897140625 0.56875 0.8463888890625
1 0.5453125 0.9143518515625001 0.5479166671875 0.916203703125 0.55390625 0.915740740625 0.5572916671875 0.909722221875 0.5598958328125 0.8828703703125 0.5583333328125 0.8578703703125001 0.5536680390625001 0.8344722640625001 0.5539614187499999 0.81101074375 0.551614309375 0.7990193015625 0.54765625 0.7981481484375 0.54375 0.8078703703125001 0.5453125 0.8412037031249999 0.5432291671875 0.8541666671874999 0.5463541671875001 0.878240740625 0.5453125 0.9143518515625001
1 0.5338541671875 0.9199074078125001 0.5354166671875 0.9226851859374999 0.5403645828125 0.922222221875 0.5447916671875 0.915277778125 0.5463541671875001 0.8949074078125001 0.5453125 0.8606481484374999 0.538411771875 0.8402073031249999 0.5407589015625 0.8063184374999999 0.5372395828125 0.7990740734374999 0.53125 0.8041666671875 0.53125 0.85694444375 0.534375 0.8754629625 0.5338541671875 0.9199074078125001
1 0.5151041671875001 0.9087962968750001 0.5203125 0.9273148140625 0.5294270828125 0.9277777781250001 0.5322916671875 0.9236111109374999 0.5354166671875 0.9004629625 0.5354166671875 0.8791666671874999 0.5302083328125 0.8504629625 0.52961009375 0.8329081859375 0.5307291671875001 0.8078703703125001 0.5263020828125 0.8027777781250001 0.5205729171875 0.8046296296875 0.51875 0.809722221875 0.5203125 0.846759259375 0.5145833328125 0.8819444437499999 0.5151041671875001 0.9087962968750001
1 0.49296875 0.9166666671874999 0.49635416718750003 0.9171296296874999 0.5018229171875 0.9166666671874999 0.5046875 0.9106481484375 0.5072916671875001 0.883796296875 0.50625 0.859722221875 0.5026041671875 0.8439814812499999 0.5036458328125 0.8050925921874998 0.49973958281249997 0.7981481484375 0.49401041718750005 0.8 0.49114583281249996 0.80601851875 0.4927083328125 0.8430555562500001 0.49010416718750005 0.8523148140625001 0.49010416718750005 0.8625 0.49322916718750004 0.8856481484375 0.4916666671875 0.9125 0.49296875 0.9166666671874999
1 0.5046875 0.909722221875 0.5078125 0.9115740734374999 0.5145833328125 0.909722221875 0.5145833328125 0.8819444437499999 0.5171875 0.8643518515625 0.5140625 0.8300925921874999 0.515625 0.8041666671875 0.51171875 0.797222221875 0.50703125 0.7981481484375 0.5041666671875 0.8050925921874998 0.5046875 0.8375 0.503125 0.8476851859375 0.5067708328125 0.8699074078125001 0.5046875 0.909722221875
1 0.4778645828125 0.922222221875 0.4817708328125 0.9236111109374999 0.4856770828125 0.9240740734374999 0.4890625 0.9199074078125001 0.49322916718750004 0.8958333328125001 0.4927083328125 0.8745370375 0.4875 0.8430555562500001 0.4895833328125 0.809722221875 0.48463541718750003 0.8009259265625002 0.47942708281249996 0.8018518515625 0.4770833328125 0.80601851875 0.478125 0.846759259375 0.4713541671875 0.8800925921874999 0.475 0.9134259265625001 0.4778645828125 0.922222221875
1 0.45416666718750004 0.9106481484375 0.45729166718750003 0.9134259265625001 0.46510416718750003 0.9106481484375 0.4703125 0.8819444437499999 0.46979166718750004 0.8625 0.4640625 0.8375 0.465625 0.809722221875 0.46276041718750005 0.7981481484375 0.4565104171875 0.7990740734374999 0.4536458328125 0.8115740734374999 0.453125 0.9041666671874999 0.45416666718750004 0.9106481484375
1 0.43854166718750004 0.9143518515625001 0.44114583281249997 0.9171296296874999 0.44817708281249996 0.9175925921874999 0.4505208328125 0.9143518515625001 0.45416666718750004 0.89398148125 0.45416666718750004 0.866203703125 0.4484375 0.8412037031249999 0.4505208328125 0.808796296875 0.4466145828125 0.7990740734374999 0.44244791718750004 0.7990740734374999 0.4390625 0.80601851875 0.440625 0.840277778125 0.43385416718750003 0.8754629625 0.4348958328125 0.896759259375 0.43854166718750004 0.9143518515625001
1 0.4036458328125 0.9143518515625001 0.409375 0.91898148125 0.41302083281249996 0.916203703125 0.41822916718750003 0.8726851859375 0.4114583328125 0.840277778125 0.41302083281249996 0.8041666671875 0.41119791718750004 0.7990740734374999 0.40546875 0.7981481484375 0.403125 0.803240740625 0.40260416718750003 0.9013888890625001 0.4036458328125 0.9143518515625001
1 0.7989121406249999 0.787017346875 0.8023566796875 0.7088480828125 0.8000238453125 0.7088480828125 0.7800006671874999 0.7109118703125 0.780162140625 0.7860347015625 0.771875 0.8211237984374999 0.771875 0.9201078031249998 0.7762084171875 0.9353607296875002 0.7779257484375 0.9359375 0.7940439296875 0.9359375 0.7978342359375 0.9316255671875 0.8077615999999999 0.8862426124999999 0.8100515250000001 0.8613244999999999 0.8085968515624999 0.8306461140625 0.7989121406249999 0.787017346875
1 0.7446555765625 0.7082073281250001 0.7357981765625 0.7088914609375 0.7299515624999999 0.7218789875 0.7284656296875001 0.8011729875 0.7234375 0.8195837515625 0.7234375 0.953125 0.7378683640625 0.953125 0.7409846609375 0.9492547140625 0.748448065625 0.9286760484375 0.7553196921875001 0.89136705 0.7568843546874999 0.8510574390624999 0.746919740625 0.793571825 0.75425120625 0.7214769375 0.7477098468750001 0.7082073281250001 0.7446555765625 0.7082073281250001
1 0.7015533359375 0.8105064546874999 0.7034176921874999 0.7383751593750001 0.700879996875 0.727195853125 0.6925192921875001 0.7179293875 0.684779521875 0.721868734375 0.6792474281249999 0.7404482437500001 0.683681559375 0.815539171875 0.6749126375 0.849988609375 0.6703125 0.8887135374999999 0.6703125 0.8911588734375 0.680685609375 0.957046715625 0.6864721015625 0.9671875 0.7040269109375 0.9671875 0.705806825 0.964718584375 0.712450184375 0.9427009515624999 0.7139915453125 0.9259858015625 0.7139915453125 0.8621434015624999 0.7015533359375 0.8105064546874999
1 0.63359375 0.9796875 0.63671875 0.9838541671875 0.647265625 0.9845486109374999 0.65234375 0.9782986109374999 0.6625 0.914409721875 0.6609375 0.8782986109375 0.6484375 0.8255208328125001 0.6515625 0.74774305625 0.641796875 0.733159721875 0.628125 0.7532986109375 0.63046875 0.82413194375 0.615625 0.8977430562500001 0.63125 0.9380208328125 0.634375 0.9560763890625001 0.63359375 0.9796875
1 0.56875 0.9050019656250001 0.577734375 0.895659721875 0.60078125 0.8907986109374999 0.59921875 0.8630208328125001 0.5875 0.81024305625 0.59140625 0.7338541671875 0.580078125 0.71649305625 0.56875 0.7218634265625 0.56875 0.7741319453125 0.5703125 0.7810763890625 0.5703125 0.81024305625 0.56875 0.817699196875 0.56875 0.9050019656250001
1 0.60859375 0.8977430562500001 0.6125 0.901909721875 0.615625 0.9005208328125001 0.63046875 0.82413194375 0.6265625 0.7519097218749999 0.64296875 0.7324652781250001 0.6421875 0.7185763890625 0.637109375 0.708159721875 0.623828125 0.708159721875 0.61796875 0.7255208328125 0.6203125 0.8046875 0.61015625 0.8421875 0.60625 0.8782986109375 0.60859375 0.8977430562500001
1 0.66329359375 0.913119125 0.6740637234375 0.9379999234374999 0.66953125 0.91024305625 0.6671875 0.889409721875 0.67109375 0.8560763890625 0.68203125 0.8116319437499999 0.67890625 0.7380208328125001 0.684765625 0.7220486109375 0.6921875 0.7185763890625 0.6918219406249999 0.70938309375 0.6689793296875 0.710194940625 0.6682940453125 0.734550390625 0.67265625 0.7741319437499999 0.6609375 0.8255208328125001 0.65859375 0.8505208328125 0.66329359375 0.913119125
0 0.56875 1 0.629367590625 1 0.6296875 0.9991319437499999 0.63359375 0.969965278125 0.6328125 0.94913194375 0.62578125 0.9227430562500001 0.617578125 0.9081597218749999 0.599609375 0.89288194375 0.580078125 0.8942708328125001 0.56875 0.9043402781250001 0.56875 1