1 0.66875 0.240625 0.6827892328125 0.240625 0.6843142984374999 0.238761475 0.696167875 0.18007347812500002 0.6958177515624999 0.138461375 0.685594265625 0.0874817125 0.6895478109375001 0.018663509375 0.66875 0.021328521875 0.66875 0.240625
1 0.7532740359375 0.034140101562500004 0.75007581875 0.0189147 0.731974128125 0.0189147 0.7302216359375 0.023230515625 0.7357911796875001 0.1025200109375 0.728125 0.15596525625 0.728125 0.1659123015625 0.729427309375 0.2140625 0.7296345703125 0.2140625 0.7456858937499999 0.18272914375 0.763965490625 0.17556850625 0.763965490625 0.1442360234375 0.7538731140625 0.10623949218749999 0.7508957921875 0.0714353828125 0.7532740359375 0.034140101562500004
1 0.8263537453125 0.1411409484375 0.8200843578124999 0.11966549687500001 0.8166397015625 0.0432493359375 0.8088940171875001 0.0287432734375 0.799413775 0.027463471875 0.7949144875 0.0351614515625 0.79375 0.048896846875 0.79375 0.0583603671875 0.80253658125 0.1254301390625 0.79375 0.1793904765625 0.79375 0.181716015625 0.8119316609375 0.2184584203125 0.8181532718750001 0.2489685234375 0.8186917062500001 0.2765625 0.8263537453125 0.2765625 0.8263537453125 0.1411409484375
1 0.8673782578125 0.033443718750000004 0.861649315625 0.01782659375 0.848368065625 0.018755309375 0.84365779375 0.028138184375000003 0.8491707453125 0.1057520703125 0.8418220390625001 0.1369085578125 0.8390625 0.1804069390625 0.8390625 0.20181804531249997 0.8514331203125 0.2574141109375 0.8544444984374999 0.259375 0.8732934218749999 0.259375 0.87576505625 0.258498346875 0.8776720140625001 0.2445844234375 0.8776720140625001 0.1413328234375 0.8672526812499999 0.10727335 0.8673782578125 0.033443718750000004
1 0.9013772953125001 0.240625 0.9078726937500001 0.240625 0.91318359375 0.2351764421875 0.92412109375 0.184233221875 0.92412109375 0.1453443328125 0.91083984375 0.0850809421875 0.91279296875 0.0164105265625 0.8935147671875001 0.015625 0.8932571265625 0.015625 0.89052734375 0.021753271875 0.89365234375 0.0871583828125 0.88271484375 0.1283793796875 0.88125 0.14589781562499998 0.88125 0.177625246875 0.88896484375 0.232800715625 0.89443359375 0.23996799375000002 0.9013772953125001 0.240625
1 0.9588661140625 0.015861946874999998 0.9432411140625 0.0156801328125 0.9402236109375 0.0205094265625 0.9390357296874999 0.0677498296875 0.9296875 0.10008197187500001 0.9296875 0.22066931875 0.9307914734375 0.221875 0.9439120593749999 0.221875 0.9499113703125 0.21658820781250002 0.9633033609374999 0.16115083125000002 0.9647871328125 0.12225285156250001 0.9561423390625 0.0693387140625 0.9613982546875001 0.0193659859375 0.9588661140625 0.015861946874999998
1 0.8265625 0.1732638890625 0.82890625 0.21631944375 0.8328125 0.21631944375 0.83046875 0.18993055625 0.83359375 0.1510416671875 0.84453125 0.0982638890625 0.84140625 0.046875 0.84375 0.0204861109375 0.841015625 0.017013889062500002 0.828125 0.0204861109375 0.8296875 0.0704861109375 0.8203125 0.10381944375 0.81640625 0.131597221875 0.8265625 0.1732638890625
1 0.7671875 0.1704861109375 0.78125 0.1829861109375 0.79453125 0.12048611093749999 0.79140625 0.053819443749999994 0.7953125 0.0302083328125 0.80234375 0.0260416671875 0.799609375 0.017013889062500002 0.778125 0.0204861109375 0.78125 0.08854166718749999 0.76953125 0.1357638890625 0.7671875 0.1704861109375
1 0.7078125 0.181597221875 0.71875 0.221875 0.72109375 0.21770833281250002 0.721875 0.162152778125 0.73203125 0.10659722187500001 0.73125 0.019097221875 0.726953125 0.017013889062500002 0.71640625 0.019097221875 0.71796875 0.0732638890625 0.70546875 0.13715277812499999 0.7078125 0.181597221875
0 0.738671875 0.3114583328125 0.7578125 0.32465277812500004 0.766015625 0.325347221875 0.786328125 0.305902778125 0.79921875 0.274652778125 0.8015625 0.2510416671875 0.7984375 0.221875 0.79140625 0.2010416671875 0.780859375 0.18506944375 0.767578125 0.17534722187500001 0.747265625 0.178125 0.733203125 0.1920138890625 0.72421875 0.21076388906250001 0.71953125 0.234375 0.71953125 0.26076388906250003 0.728125 0.2954861109375 0.738671875 0.3114583328125
1 0.44567613906250003 0.462995728125 0.44633597343750003 0.5476088234375001 0.4359375 0.5888536046875 0.4359375 0.6421875 0.4756577234375 0.6421875 0.477222084375 0.6394912578125 0.47737032187499995 0.607574096875 0.4650859734375 0.546954059375 0.4712957390625 0.4676509828125 0.4700565390625 0.4565944359375 0.4644194328125 0.449160159375 0.4510977703125 0.45101284062499997 0.44567613906250003 0.462995728125
1 0.391546115625 0.5726108265625001 0.3828125 0.6058591124999999 0.3828125 0.6453125 0.4200340171875 0.6453125 0.4240217265625 0.6360870859375 0.4210853765625 0.60295846875 0.412020265625 0.5659907359374999 0.41847250625 0.47828601718749997 0.4092120375 0.46143670312499996 0.39737205000000003 0.46621752031249997 0.39191000625 0.479678096875 0.391546115625 0.5726108265625001
2 0.66875 0.64375 0.190625 0.64375 0.190625 0.6994680390625 0.1915005046875 0.71699775 0.20107910625 0.732051934375 0.2153113828125 0.7369555859375 0.2394169484375 0.735447059375 0.24365170625000002 0.7245816093749999 0.260997934375 0.710245534375 0.66875 0.726482171875 0.66875 0.64375
1 1 0.79241776875 0.9971987062500001 0.7762731109375001 0.98769805625 0.7451553875 0.9864857984375 0.7331729140625 0.9881920671875001 0.6924139859375 0.9993273359374999 0.595826684375 0.9995069875 0.571770796875 0.9963999874999999 0.55337959375 0.9860013203125 0.5352430203124999 0.977161434375 0.5369022890624999 0.9608125515625 0.54067959375 0.95224118125 0.5562092390625 0.9465931734374999 0.57203760625 0.9449181937500001 0.6060515578125 0.9516196046875001 0.6938412296875001 0.9484649656249999 0.73450063125 0.94346310625 0.7633498390625 0.9287090640625 0.8054893890624999 0.928125 0.808458884375 0.928125 1 0.99822334375 1 1 0.9915083093749999 1 0.79241776875
1 0.8854817703125001 0.9774290515625002 0.9031901046874999 0.8957432031250001 0.9068359375 0.8607065781250001 0.9063151046875 0.8134631296875 0.9005859375 0.77619265 0.8932942703125001 0.749043684375 0.8886067703125 0.7136674984375 0.8802734375 0.6929575703124999 0.8781901046874999 0.671576384375 0.8787109375 0.643819828125 0.8839192703125001 0.594957978125 0.8823567703125 0.5393387578125 0.8787109375 0.5262272375 0.8727213546874999 0.5171868843749999 0.8689129125000001 0.5143234734375 0.8559772609374999 0.5143234734375 0.8458984375 0.523964303125 0.8391276046874999 0.546836559375 0.8391276046874999 0.5746143375 0.8469401046874999 0.6703030437499999 0.8443359375 0.6998265625 0.8287109375 0.7640047078125 0.825 0.790242384375 0.825 0.88045586875 0.8276692703125 0.9000733750000001 0.8417317703125 0.9663871171875 0.8472005203125 0.980961803125 0.8529296875 0.9858248781250001 0.8556936203125 0.9859375 0.8725723359374999 0.9859375 0.8810546875 0.9832671828125001 0.8854817703125001 0.9774290515625002
1 0.79901939375 0.543562425 0.7957340484375 0.5194338078125 0.7842764359375 0.505865459375 0.7754222703125 0.5057624328125 0.768902625 0.5103193375 0.7611433328125 0.5227375203125 0.7576223718749999 0.538447959375 0.7564714046875001 0.5671577250000001 0.7585688671875 0.6385267453125 0.753340634375 0.67460149375 0.746875 0.69696378125 0.746875 0.9203125 0.7689643921875 0.9203125 0.7780764671875 0.912087003125 0.7864651703125001 0.8843880109375 0.8004411546875 0.8233981109374999 0.804089871875 0.76970046875 0.8031390500000001 0.7502317796875 0.78784195 0.6638843109375 0.786424221875 0.643483640625 0.79901939375 0.543562425
1 0.73125 0.54913194375 0.7307291671875 0.5195023140625 0.72421875 0.5032986109375 0.7174479171875 0.49774305625000004 0.71015625 0.4968171296875 0.6984375 0.508391203125 0.6942708328125 0.5250578703125 0.7005208328125 0.6046875 0.7005208328125 0.6370949078125 0.6848958328125 0.713946759375 0.6838541671875 0.7648726859375 0.6864583328125 0.7917245375 0.6994791671875 0.8528356484374999 0.7033854171875 0.863483796875 0.71015625 0.8671875 0.72890625 0.8653356484374999 0.7354166671875 0.8574652781250001 0.7432291671875 0.8213541671875 0.7453125 0.79820601875 0.7484375 0.7213541671874999 0.7432291671875 0.6917245375000001 0.7286458328125 0.63524305625 0.7276041671875 0.6176504625 0.73125 0.54913194375
1 0.9161458328125001 0.770428240625 0.915625 0.720428240625 0.9098958328125001 0.68616898125 0.8984375 0.6435763890625 0.8958333328125001 0.6167245375 0.9 0.5565393515625 0.9 0.5157986109375 0.896875 0.5056134265625 0.8908854171874999 0.49774305625000004 0.87890625 0.494965278125 0.8705729171875 0.5023726859375 0.8671875 0.5130208328125 0.8802083328125001 0.5306134265625 0.8838541671875 0.5500578703125 0.884375 0.5852430562500001 0.8791666671874999 0.6306134265625 0.8791666671874999 0.682465278125 0.8807291671874999 0.6935763890625 0.8880208328125001 0.7083912031249999 0.8932291671874999 0.7491319437499999 0.9026041671874999 0.78524305625 0.90703125 0.820891203125 0.9114583328125001 0.8093171296874999 0.9161458328125001 0.770428240625