1 0.34255519375 0.4390625 0.3462699796875 0.4172079125 0.3473211640625 0.3573401421875 0.33773049374999997 0.3039437796875 0.34044987187500003 0.265054890625 0.3546875 0.1784484890625 0.3546875 0.1687966015625 0.3532997828125 0.159754046875 0.34289430468750004 0.1460319859375 0.32688082343749997 0.1508597953125 0.31717232968750003 0.17200550625 0.311552190625 0.28600355624999996 0.2987658203125 0.325504740625 0.2987658203125 0.4390625 0.34255519375 0.4390625
1 0.2971430453125 0.3141105859375 0.29861645625 0.2946661421875 0.2911074546875 0.23890603281249997 0.3015625 0.1376601984375 0.3015625 0.1220439234375 0.296545621875 0.1103588109375 0.28571336718749996 0.10877900625 0.27427192031250003 0.1204004671875 0.27098097499999996 0.13285955625 0.2674149234375 0.2315388515625 0.2599321171875 0.25287793125 0.2599321171875 0.370045365625 0.260691559375 0.37188481093750003 0.2688676015625 0.40625 0.27408277187499996 0.40625 0.281635521875 0.36390603125 0.2971430453125 0.3141105859375
1 0.465625 0.4390625 0.465625 0.2595948140625 0.46450201875 0.2435354375 0.465625 0.23017982187500002 0.465625 0.1524867953125 0.460976403125 0.14300473593750002 0.45443504062500006 0.138546971875 0.4420321609375 0.1393536625 0.43484880156249994 0.1535549296875 0.434253221875 0.1784457671875 0.4403761046875 0.2548710453125 0.42540523593749996 0.3303138625 0.4230486296875 0.363428871875 0.42537952343749996 0.39676220624999997 0.43399382343750004 0.4390625 0.465625 0.4390625
1 0.0546875 0.3919396984375 0.0546875 0.2386618328125 0.047809146875 0.21267361093749998 0.045276062500000006 0.11961805625 0.036871540625 0.10086805624999999 0.026490253125 0.0984375 0.02478898125 0.0984375 0.0167143296875 0.111284721875 0.0173160640625 0.1376736109375 0.025497415625 0.20434027812500002 0.034275590625000005 0.2376736109375 0.028554535937499997 0.26267361093749997 0.0157294421875 0.286284721875 0.014967615625 0.3015625 0.0249831984375 0.35850694375000003 0.0334702203125 0.38628472187499996 0.039313426562499997 0.3921875 0.048428009375 0.3921875 0.0546875 0.3919396984375
0 0.1950709578125 0.4390625 0.2017126375 0.4203379046875 0.2046875 0.390641234375 0.2046875 0.38664896249999997 0.196008934375 0.32064702968750003 0.177252815625 0.29543445468749996 0.1566852859375 0.288980971875 0.1259453484375 0.303560846875 0.1088469375 0.323368965625 0.0969722828125 0.347922040625 0.0969722828125 0.4390625 0.1950709578125 0.4390625
1 0.7780208328125 0.4390625 0.7717708328125 0.4109375 0.7734375 0.36593749999999997 0.7676041671875 0.3571875 0.7584375 0.36343749999999997 0.7601041671875001 0.4134375 0.7523390140624999 0.4390625 0.7780208328125 0.4390625
1 0.7884970250000001 0.4390625 0.7901041671875 0.4334375 0.7801041671875 0.3909375 0.7817708328124999 0.3559375 0.7726041671875 0.3421875 0.7651041671875001 0.3559375 0.7751041671875 0.3734375 0.7717708328125 0.4109375 0.7811458328125 0.4390625 0.7884970250000001 0.4390625
1 0.15293703281249998 0.4390625 0.1509709890625 0.4805602203125 0.1370465453125 0.52581936875 0.1370465453125 0.7953125 0.1681596796875 0.7953125 0.184407171875 0.7496527078125 0.2015625 0.6377003765625 0.2015625 0.6085473765625 0.185869678125 0.48961718593750003 0.18940480625 0.4390625 0.15293703281249998 0.4390625
1 0.1937140546875 0.4390625 0.1937140546875 0.5249654890625 0.2048816625 0.601848996875 0.1937140546875 0.6781995796875 0.1937140546875 0.7453125 0.195029340625 0.7453125 0.22178589531249998 0.6540644953125 0.228125 0.5890126062500001 0.228125 0.5387325671875 0.212782940625 0.44251700781250003 0.2130447078125 0.4390625 0.1937140546875 0.4390625
1 0.353997778125 0.4390625 0.3606648578125 0.49280856875 0.34109218281250003 0.59895455 0.34210527968750004 0.67283455625 0.37668784375 0.8110359890625001 0.38336771718749996 0.821875 0.4171875 0.821875 0.4171875 0.569336146875 0.3958225359375 0.490754421875 0.3950197234375 0.4390625 0.353997778125 0.4390625
1 0.55219276875 0.4390625 0.5591459421875 0.5133752890625 0.5412759515625 0.6096715859375 0.54196185625 0.702264175 0.5740876046875 0.8390625 0.6208679546875 0.8390625 0.621875 0.8333652234375 0.621875 0.55897858125 0.5968506515625001 0.49656021250000004 0.593995865625 0.4390625 0.55219276875 0.4390625
1 0.975 1 0.975 0.9121559593749999 0.9601433953124999 0.8690288984375 0.9547348140625 0.7394697750000001 0.9332653546875 0.7196125171875 0.9111567515625 0.74282789375 0.9271763640625 0.8674934328125001 0.9112460656250001 0.9529562765625 0.9145356828125 1 0.975 1
1 0.8921875 1 0.8921875 0.9184115953124999 0.8759671687499999 0.8623996999999999 0.8776274703125001 0.75429159375 0.8491634453125 0.7353726734375 0.8373344312500001 0.75429159375 0.8506094296875 0.867805109375 0.8323141171874999 0.9380753765625001 0.8355594484375001 1 0.8921875 1