1 0.583428240625 0.461464584375 0.5792938999999999 0.45995285468749997 0.574053240625 0.462229859375 0.5705304484375 0.47037657812500006 0.5712040328125 0.5211749578125 0.565625 0.55097748125 0.565625 0.6300617328125 0.5670963546875 0.6359375 0.5820975890625 0.6359375 0.5843364234374999 0.6329049796875 0.5917860625 0.59346339375 0.59175009375 0.5657281281250001 0.5831993609375 0.5192711812499999 0.5871324671875 0.4727197921875 0.583428240625 0.461464584375
1 0.5589544484375 0.6390625 0.5589544484375 0.5571604984375 0.5502992843750001 0.5180690453125 0.5523063421875001 0.482777778125 0.5511386234375 0.46890404375 0.5478643453125 0.4601910953125 0.5394016359375 0.45765579375 0.5363628874999999 0.4595985734375 0.53290945625 0.46943445625 0.53762345625 0.5258553187499999 0.531492859375 0.5621937499999999 0.53125 0.568087034375 0.53125 0.5980476312499999 0.533951025 0.614971528125 0.5519475515625001 0.6390625 0.5589544484375 0.6390625
1 0.5049100453124999 0.45834718125 0.5008807828124999 0.45576533750000003 0.49918401875 0.45576533750000003 0.4924100453125 0.457910671875 0.487578784375 0.4693301484375 0.48726591093750005 0.523088415625 0.48125 0.5462873562499999 0.48125 0.6078125 0.4866689875 0.6078125 0.48928759531250005 0.607057496875 0.495475584375 0.6078125 0.5113932 0.6078125 0.511992346875 0.60645978125 0.5115938734375 0.573071884375 0.5031207390625 0.5319855734375001 0.5084444546875 0.46913173906249994 0.5049100453124999 0.45834718125
1 0.4647351921875 0.6390625 0.466369271875 0.6352806906249999 0.475400421875 0.622062640625 0.475400421875 0.5640874484375 0.4659877703125 0.5274497140625 0.466457890625 0.4663689046875 0.4622121328125 0.4566012296875 0.4579484640625 0.45377496875 0.4497121328125 0.45645577968750006 0.44565689218750004 0.4670524140625 0.4501976109375 0.5374470265625 0.4421875 0.5773268421875 0.4421875 0.6273844203125 0.444561321875 0.6390625 0.4647351921875 0.6390625
1 0.418958746875 0.6390625 0.42466475625 0.6161130015625 0.42433785 0.5827645140625 0.41475984375 0.5278469453125 0.41823499062499997 0.4677526890625 0.41542158125000006 0.458873040625 0.41023479687500003 0.45501779062500003 0.4029323546875 0.4566574765625 0.39843255 0.46902866249999997 0.40067579531249997 0.531141471875 0.39269091562499997 0.5605437796875 0.390625 0.5754381000000001 0.390625 0.6156529625 0.3922707390625 0.632766003125 0.3935880375 0.6390625 0.418958746875 0.6390625
1 0.3856156546875 0.6390625 0.3856156546875 0.5461934609375 0.3783865203125 0.5174807125 0.3794604921875 0.46830055625 0.3756140796875 0.459602765625 0.370781003125 0.4569613796875 0.3626417734375 0.46090755781250003 0.3611827984375 0.46790504374999997 0.3653786375 0.52805991875 0.359375 0.5727434078125 0.359375 0.5853212734375 0.3626969140625 0.61623505 0.3696080546875 0.6390625 0.3856156546875 0.6390625
1 0.3344774265625 0.63264305 0.344570634375 0.5893518515625 0.34513031562499996 0.5587659875 0.3389806390625 0.5168568453125 0.34405961875 0.46971039687499994 0.3426976953125 0.4608610578125 0.33873266874999997 0.4578125 0.33461751875 0.4578125 0.331336415625 0.45867580312499995 0.3280593609375 0.4664628234375 0.326092434375 0.523900540625 0.3203125 0.5450207875 0.3203125 0.633936325 0.32175059687499996 0.6359375 0.3219564046875 0.6359375 0.3344774265625 0.63264305
1 1 0.4641686265625 0.9899193796875 0.42979048437499995 0.98765034375 0.32508508125 0.9809491859375001 0.309981584375 0.9733556421875 0.30371226875 0.96814730625 0.30386381562500003 0.958596478125 0.3115591609375 0.9520147234374999 0.3326122359375 0.9607560390625001 0.419512884375 0.95949209375 0.43716609218749997 0.9515625 0.47621723281249995 0.9515625 0.5390625 0.9544636328125 0.5390625 0.9641330921875 0.5200137328125 0.97811266875 0.5066264390625 0.9888776640625 0.502604484375 0.9998151640625 0.5022862359375 1 0.5023875921875 1 0.4641686265625
1 0.9108147359375 0.6390625 0.9172115765625 0.5997356453125 0.9183109343750001 0.5682541640625 0.916612121875 0.5422373 0.903153503125 0.4796546234375 0.8991738625 0.4442875625 0.9065127546875 0.368525325 0.9069942765625001 0.339803434375 0.9016028734375 0.32246464375 0.891509546875 0.3128416265625 0.885259546875 0.312623371875 0.8777738750000001 0.317924296875 0.8690381125 0.33662386718750004 0.86780941875 0.37180905000000003 0.8720905296874999 0.4433417890625 0.8685810093749999 0.4691767765625 0.8578125 0.5080337421875 0.8578125 0.6390625 0.9108147359375 0.6390625
1 0.8515424875000001 0.6390625 0.8535142718750001 0.6278877421875 0.8535142718750001 0.501186865625 0.83732289375 0.44235623437499993 0.8355086999999999 0.40531313750000003 0.8366971453125001 0.3349851890625 0.8305978812499999 0.316866 0.8209968859375 0.309375 0.8208940578125 0.309375 0.8086258796875001 0.3138336828125 0.8022574765625 0.3327333484375 0.8038453343749999 0.363294965625 0.8110583796874999 0.42076297656249995 0.8112812265624999 0.4420532125 0.8 0.5012479640625 0.8 0.57184703125 0.80603451875 0.60488890625 0.8147438265625 0.6390625 0.8515424875000001 0.6390625
1 0.6181155781250001 1 0.6181139859375 0.9996849546875 0.632184321875 0.864006140625 0.6294472125 0.8420390093750001 0.6215228828125 0.8267364031250001 0.6052620921874999 0.8197423 0.5870751546874999 0.8337090765624999 0.5744203078125001 0.8659475546875001 0.5727420609375 0.9174002171875 0.5768706578125 1 0.6181155781250001 1
1 0.35294176875 1 0.3531737078125 0.97517856875 0.366380290625 0.8657837296875 0.3675443171875 0.8324503984374999 0.358282721875 0.7952765359375 0.343969715625 0.780915178125 0.33313565624999997 0.780915178125 0.323368975 0.787104409375 0.31548634062500003 0.8000396734375 0.3125 0.8122826468750001 0.3125 1 0.35294176875 1
1 0.07798056406250001 1 0.07695365625 0.9946698453125 0.07715566406249999 0.9599476250000001 0.08061195625 0.90309410625 0.0879098578125 0.8574653640625 0.08816034687499999 0.8144098078124999 0.0859135609375 0.7976749453125 0.07394559218749999 0.7730170421875 0.059971975 0.7573300859375001 0.045753665625 0.7528646671875 0.0371738328125 0.7528646671875 0.0247995640625 0.7590849234375 0.015625 0.7808605375 0.015625 0.8495403375 0.02052035 0.8902326265625 0.023241334375 0.9597680015625001 0.0215172265625 0.9875003124999999 0.0184751109375 1 0.07798056406250001 1
1 0.4521969859375 1 0.4574808078125 0.9424148984375 0.45430244374999995 0.92841235 0.4464977015625 0.917154484375 0.43524483593749996 0.917154484375 0.4283853296875 0.9227897171875 0.4234375 0.9378639281249999 0.4234375 1 0.4521969859375 1
1 0.27857875625 1 0.28203125 0.9131944437499999 0.273046875 0.89305555625 0.260546875 0.8847222218749999 0.25625 0.890972221875 0.2546875 0.9951388890625001 0.254140625 1 0.27857875625 1
1 0.504541015625 1 0.50546875 0.98680555625 0.5015625 0.9673611109374999 0.494140625 0.9583333328125001 0.483203125 0.9611111109374999 0.47734375 0.9784722218749999 0.47578125 0.9993055562500001 0.47584635468750003 1 0.504541015625 1
1 0.7587524109375 0.6390625 0.75885859375 0.6425009578124999 0.753125 0.6673120890625001 0.753125 0.7278895703125 0.7556464796875 0.734375 0.7697639015625001 0.734375 0.7774928484375 0.692295525 0.777026759375 0.6743037421875 0.7694235484374999 0.6390625 0.7587524109375 0.6390625
1 0.7225758515625 0.6390625 0.71875 0.65860351875 0.71875 0.684127440625 0.7235888312500001 0.7178694609375 0.7311561296875 0.7265625 0.7331083640625 0.7265625 0.740970396875 0.7215360234375 0.7410588140625001 0.720757753125 0.7410588140625001 0.6536282124999999 0.7369384671875 0.6390625 0.7225758515625 0.6390625
1 0.6784133999999999 0.6390625 0.678125 0.640110509375 0.678125 0.7027003796875 0.6802539640624999 0.7109375 0.6928083843749999 0.7109375 0.7011399203125 0.6725601421875 0.6999116953125 0.6405338515625 0.699528896875 0.6390625 0.6784133999999999 0.6390625