1 0.4424530890625 0 0.44331196874999995 0.06851220625 0.44049667968749995 0.11146763281250001 0.426218971875 0.1638952890625 0.426218971875 0.2527558296875 0.43452257968749997 0.2734375 0.437631321875 0.2734375 0.46383976562499996 0.17001415 0.4659142171875 0.1256197703125 0.46361105625 0.0433749359375 0.4734375 0.0102431 0.4734375 0 0.4424530890625 0
1 0.43001323906250005 0 0.43275268593750005 0.04734011875 0.41828603906249995 0.1304825484375 0.4200694171875 0.1735471953125 0.4313715109375 0.215625 0.43227245625000005 0.215625 0.4364110125 0.1709603203125 0.44895415937500005 0.10584617656249999 0.44964383750000003 0.06836435625000001 0.4459369546875 0.0433279953125 0.4449284859375 0 0.43001323906250005 0
0 0.4452572828125 0.309375 0.44371174375000005 0.2905988421875 0.42558610625000004 0.23609523124999998 0.4073293109375 0.2231138171875 0.37379981406249996 0.2231138171875 0.34733959375 0.2434040765625 0.32546494843749996 0.27610446718750004 0.3188454140625 0.294957296875 0.3188454140625 0.309375 0.4452572828125 0.309375
1 0.6595986421875 0 0.6436181140625 0.0670097671875 0.635819953125 0.11222558593750001 0.6287976359374999 0.1907747390625 0.6303493203125 0.25744140781249997 0.63357846875 0.2843387140625 0.6387122765625 0.309375 0.8234375 0.309375 0.8234375 0.0899575078125 0.81842415 0.061731070312500004 0.8053087921875001 0 0.6595986421875 0
1 0.1635071484375 0.4865031484375 0.18148304843750002 0.5430440671875 0.1868134796875 0.593116796875 0.18107262500000001 0.6148827015625 0.13073493593750002 0.688973584375 0.1214820328125 0.7387917609375 0.13967613750000002 0.804707678125 0.17614746406249998 0.8506383781250001 0.21058612656250003 0.878125 0.265891490625 0.878125 0.289011140625 0.8682270734374999 0.3421875 0.8069694921874999 0.3421875 0.6912726515625 0.336621259375 0.676948690625 0.29368172812500004 0.621533896875 0.289151384375 0.6058361671875 0.2901800578125 0.56056003125 0.31153291875 0.49377254375 0.3140994109375 0.4250952734375 0.2989705625 0.4014032203125 0.2746667390625 0.38614127656249997 0.22243793437499998 0.3789821578125 0.1893591734375 0.389337821875 0.1619433421875 0.41931564843749997 0.1635071484375 0.4865031484375
1 0 0.309375 0 0.36518606406250004 0.0212806640625 0.4510254546875 0.0163411078125 0.47732094375 0 0.5074445921875 0 0.648834390625 0.024923178125 0.684505484375 0.047295821875 0.703125 0.108213471875 0.703125 0.16021146875 0.625862375 0.1625 0.5936082515625 0.1625 0.5725922421874999 0.1502119953125 0.5391238359375 0.10406842812499999 0.475115696875 0.098454925 0.4528401796875 0.1046699515625 0.309375 0 0.309375
1 0.197538390625 0.309375 0.20113498281250003 0.375 0.2717673421875 0.375 0.28494087343749996 0.309375 0.197538390625 0.309375
1 0.31313496875 0.309375 0.309375 0.3223597671875 0.278125 0.3677792765625 0.278125 0.3787167765625 0.30520833281250004 0.4002907015625 0.3177083328125 0.4211854 0.3177083328125 0.4633729 0.30397209375 0.5171875 0.3162566296875 0.5171875 0.35104166718749996 0.4789879234375 0.3614583328125 0.4544730875 0.3614583328125 0.3200980875 0.3650890640625 0.309375 0.31313496875 0.309375
1 0.4806924421875 0.309375 0.4796875 0.3114092859375 0.4796875 0.3140239109375 0.49441669531250004 0.375006971875 0.493041628125 0.39997281406249996 0.4796875 0.429071753125 0.4796875 0.5145750625 0.488588753125 0.5448361796875 0.518757596875 0.5803485578125 0.5095547421875 0.6051777671874999 0.51350634375 0.60625 0.53040039375 0.60625 0.534645925 0.590621828125 0.5265853843749999 0.5804851921875 0.538152503125 0.5731901468749999 0.5546875 0.5356724375 0.5546875 0.4366180375 0.552390115625 0.42849757187500004 0.5300490625000001 0.3931218296875 0.5314626312499999 0.309375 0.4806924421875 0.309375
1 0.743535253125 0.309375 0.7401542624999999 0.314554759375 0.7396379625 0.3996801671875 0.7109313375 0.44292447187499995 0.7046875 0.46409323125 0.7046875 0.5364721359375 0.7149765109375 0.5734260984375 0.7376221640624999 0.5875 0.74669074375 0.5875 0.7538972265625 0.5834342359375 0.7872451734375 0.515440746875 0.7887727671875 0.46294074687500003 0.77261509375 0.4118120828125 0.7921875 0.32795199375 0.7921875 0.32436538593750003 0.784017196875 0.309375 0.743535253125 0.309375
1 0.94113831875 0.7122241125000001 0.9402073078125 0.6722241125 0.9252285390625001 0.6170647140625001 0.9453125 0.562754134375 0.9453125 0.5281318359375 0.927531534375 0.5058716421875 0.9079620640625 0.5056439296875 0.8917644234375001 0.524200375 0.8878719796875 0.6091320625 0.853636128125 0.65122218125 0.8408103203125 0.6885627828125 0.8419158953125001 0.7360627828124999 0.854704965625 0.7811994109375 0.86768963125 0.79375 0.894572828125 0.79375 0.9283707 0.7520647140625 0.94113831875 0.7122241125000001
1 0.803348265625 1 0.815625 0.9692047406250002 0.815625 0.9147096640625 0.815607034375 0.91424980625 0.794080615625 0.8782471968750001 0.815607034375 0.8217498062499999 0.815625 0.82149818125 0.815625 0.7913428031249999 0.7950590890625 0.7595427703125 0.7715757234374999 0.7609490140624999 0.75689861875 0.7765154171875001 0.751027778125 0.7962419781250001 0.7549416718749999 0.8614242718749999 0.7216735703125 0.8948747843749999 0.7099318875 0.93182790625 0.7099318875 0.96432790625 0.7215113375 1 0.803348265625 1
1 0.6282857921875 0.7890625 0.650643984375 0.7890625 0.678125 0.7427464921875 0.678125 0.654010765625 0.6572422812500001 0.6160485203125 0.6636222421875 0.5187762625 0.6502473203125 0.49973019843749994 0.6324601921874999 0.49432026249999994 0.6170665203125 0.501455875 0.606958075 0.5199553578125 0.6177541296875 0.6051375515625 0.593972553125 0.652045421875 0.587628896875 0.6943632281250001 0.5949838703125 0.7369998734375 0.6179944234375 0.78000090625 0.6282857921875 0.7890625
1 0.4796875 1 0.51855634375 1 0.5257644328125 0.991875 0.5375061156250001 0.951875 0.5375061156250001 0.921875 0.5257644328125 0.881875 0.496410225 0.846875 0.5042380140625 0.806875 0.5003241187499999 0.766875 0.485647015625 0.748125 0.4796875 0.74660234375 0.4796875 1
1 0.6118701078125 0.309375 0.6118701078125 0.351875 0.6333965265625 0.421875 0.6422027890625 0.433125 0.66470768125 0.434375 0.6764493640625 0.41937499999999994 0.6921049406249999 0.366875 0.6937719703124999 0.309375 0.6118701078125 0.309375