1 0.32896226875 0.46875 0.3299152765625 0.4182515234375 0.33395629375 0.3867336796875 0.334082059375 0.364517515625 0.32957868281249997 0.34929731406250003 0.31669255625 0.3448191953125 0.306581190625 0.35234175 0.3006679015625 0.3676831640625 0.3024187578125 0.468554546875 0.30236771562500003 0.46875 0.32896226875 0.46875
1 0.2494943296875 0.46875 0.24877325 0.4274394359375 0.2517726 0.3902750828125 0.25037536718750003 0.3699410875 0.24463994375000003 0.3548542828125 0.237515190625 0.3497426828125 0.231829825 0.3497426828125 0.231001303125 0.34977161562500003 0.2238066078125 0.3555818 0.217627515625 0.37479063125 0.2248435953125 0.45977575000000004 0.2239939765625 0.46875 0.2494943296875 0.46875
1 0.1641932609375 0.46875 0.16407136093750002 0.468040009375 0.165942309375 0.4022265390625 0.16451612499999999 0.3763097046875 0.156333528125 0.358385971875 0.152115959375 0.35625 0.1452866609375 0.35625 0.13924303124999998 0.36146375625 0.135579284375 0.3684763859375 0.13342779531249999 0.3814848046875 0.13485398125 0.407401640625 0.13940516875 0.43326392656249996 0.14102853906249999 0.46875 0.1641932609375 0.46875
1 0.18186026718749998 0.46875 0.18089764218749999 0.4544328109375 0.18503906718750002 0.3694812609375 0.181984096875 0.35724396718749996 0.177592028125 0.3509417453125 0.1666706890625 0.34746306250000003 0.160919975 0.35079962343750004 0.15807256249999999 0.3565295578125 0.15807256249999999 0.3567749734375 0.16366335468749998 0.3718165296875 0.1651504375 0.384879621875 0.161176003125 0.44112746718749996 0.1613529375 0.46875 0.18186026718749998 0.46875
1 0.10078587812499999 0.46875 0.09990758281249999 0.46031058125 0.1015625 0.39559518125 0.1015625 0.373442703125 0.0956817125 0.3571653796875 0.0876027765625 0.3514093625 0.0867732609375 0.3514093625 0.0753907640625 0.3591558359375 0.070299159375 0.375646146875 0.0708594890625 0.3997202203125 0.0751087546875 0.4254550734375 0.0775333015625 0.4624102234375 0.077306184375 0.46875 0.10078587812499999 0.46875
1 0.7805842390625 0.46875 0.7890625 0.4009343703125 0.7890625 0.389506971875 0.7626634812499999 0.24986144999999998 0.7821925046875 0.059028209374999994 0.771041040625 0.033696765625 0.746286853125 0.0212852453125 0.7310410390625 0.031367031249999996 0.7163877796875 0.060680396875 0.711754390625 0.246896334375 0.694118546875 0.2972865 0.694118546875 0.46875 0.7805842390625 0.46875
1 0.664489553125 0.46875 0.6689678578125 0.43342529531249996 0.66905815625 0.3843507765625 0.655845221875 0.319306040625 0.6703125 0.20888448906249998 0.6703125 0.1833849140625 0.6594026875 0.1652418765625 0.6397337109375 0.1652418765625 0.6261970625 0.18385790156249998 0.623532021875 0.314793828125 0.606086378125 0.35791359218749996 0.606086378125 0.46875 0.664489553125 0.46875
1 0.601454234375 0.46875 0.6021179421875 0.381793665625 0.598640578125 0.376371496875 0.6000715796875 0.32719116875 0.60386694375 0.32168437499999997 0.60625 0.2967487890625 0.60625 0.2625637515625 0.5969225359375 0.248019665625 0.57874071875 0.24823123125 0.569093309375 0.2674626953125 0.569708671875 0.37124551875 0.554566775 0.4317479421875 0.554566775 0.46875 0.601454234375 0.46875
1 0.5583554234375 0.46875 0.5578607578125 0.4404106375 0.5679114015625 0.39084935625 0.56875 0.362921746875 0.56875 0.31212796875 0.561442909375 0.301676678125 0.5461521328125001 0.301676678125 0.5410261140625 0.3097710359375 0.546188603125 0.3970757453125 0.539202025 0.41372315625 0.539392790625 0.42465211875 0.52886523125 0.44689099531250004 0.52924678125 0.46875 0.5583554234375 0.46875
1 0.9140625 0.46875 0.9140625 0.3701112265625 0.8989430890625 0.326146321875 0.8976180312500001 0.1840063484375 0.891686425 0.17044035468750002 0.869486596875 0.15989223125000002 0.8503453046875 0.184831496875 0.8625794499999999 0.3267810515625 0.8464966953124999 0.38720770937500004 0.8461525281250001 0.46875 0.9140625 0.46875
1 0.96875 0.46875 0.96875 0.4427086171875 0.9500692078124999 0.345092671875 0.957755225 0.2745204796875 0.9452028046875001 0.2436502328125 0.9342937140625001 0.2429511453125 0.9233528312499999 0.2477165421875 0.9178188078125 0.26102819843749997 0.9244874968750001 0.36531939375 0.9170876046875 0.38671126093749997 0.9145843984375001 0.46875 0.96875 0.46875
1 1 0.46875 1 0.40714619374999994 0.9979750984375 0.40155749218750003 0.9975935374999999 0.38516405 0.993829984375 0.3798901421875 0.9934484250000001 0.3634967 0.9969576015625 0.3578416453125 0.9956857281249999 0.3031968359375 0.9910964703125 0.29676585625 0.9715315546875001 0.29676585625 0.9665948203125 0.304721425 0.973283678125 0.43567839218750004 0.9770472281250001 0.4409523 0.9768137515624999 0.46875 1 0.46875
1 0.8272776000000001 0.46875 0.8305241125 0.3990460890625 0.85 0.339975775 0.85 0.3080991421875 0.8443234984375 0.298535765625 0.8334144078125 0.2978366796875 0.82394173125 0.305450828125 0.8202606781250001 0.3218474921875 0.8194084109374999 0.340146 0.8211420953124999 0.36556011875 0.8245239468750001 0.3712576265625 0.8229968734374999 0.40404451249999995 0.8152151203125 0.414507415625 0.812351340625 0.425312028125 0.812351340625 0.46875 0.8272776000000001 0.46875
1 0.7078125 0.46875 0.7078125 0.46219410156249996 0.7064132140625 0.450467771875 0.702458584375 0.4453001234375 0.697366265625 0.3578684296875 0.703365915625 0.33541683906249997 0.7050926609375 0.30233312031250004 0.6997200046875001 0.2953125 0.69020743125 0.2953125 0.6882516187500001 0.2954721515625 0.6802746531249999 0.31533991875 0.68250254375 0.353591284375 0.6962760625 0.4018811109375 0.7001707296874999 0.46875 0.7078125 0.46875
1 0.058650768750000006 0.6147616609375 0.06391258125 0.5412877984375 0.05423386718749999 0.525 0.0542102046875 0.525 0.0464212046875 0.5250906328125 0.03266258125 0.541651425 0.035395125 0.6087843796875 0.0206399546875 0.65414734375 0.0206399546875 0.7255960406249999 0.0279964984375 0.7556957437499999 0.0388735234375 0.75625 0.0532512390625 0.75625 0.068059209375 0.720866209375 0.071875 0.6791774593750001 0.071875 0.667767321875 0.058650768750000006 0.6147616609375
1 0.201394171875 0.7625 0.2146917046875 0.7280611265625 0.215625 0.7148346812499999 0.215625 0.665040153125 0.20181778281249999 0.617505571875 0.20355183281250003 0.5377089453125 0.1947262578125 0.5247277953125 0.1930226421875 0.5244475421875 0.1859281421875 0.5244475421875 0.1723018328125 0.53880021875 0.1767632359375 0.6152535921875 0.16192916875000002 0.6611117281250001 0.161239421875 0.7111662921875 0.172995128125 0.7576593468749999 0.1804475875 0.7625 0.201394171875 0.7625
2 0 1 0.296875 1 0.296875 0.8784911187500001 0.016098715625000003 0.8553951125000001 0 0.854816959375 0 1
2 1 0.6682389609375 0.9937024874999999 0.6675141359375 0.9886260171875 0.656995265625 0.9778071890625 0.654506378125 0.9708451562499999 0.6652534703125 0.9492536453125 0.6677134328125 0.6187486328125 0.653110615625 0.49333327968749996 0.652311678125 0.48869852031249994 0.6552945718750001 0.4859031546875 0.6662843421875 0.48022008749999995 0.7468095625 0.4796875 0.7468090875 0.4796875 0.8300851343750001 0.49659662187500003 0.8216492453124999 0.5243919874999999 0.812115559375 0.5306617734375 0.799934075 0.530674965625 0.7915704078125 0.5372875765625 0.7821970390625 0.5453374203125 0.778948359375 0.55660455625 0.7907571796875 0.5906499203125 0.7815875125 0.8354547796875 0.7874813390625001 1 0.7970650046875 1 0.6682389609375