1 0.15110148125 0.3890625 0.1509798046875 0.3866649625 0.15739127656250002 0.311514959375 0.1571622140625 0.2767791 0.14751103125 0.25401925468750003 0.13917399531250002 0.24887199999999998 0.13810342656250002 0.24887199999999998 0.12407353125000001 0.2544283578125 0.117197225 0.2733079078125 0.12117106562499999 0.38301649375 0.1199350109375 0.3890625 0.15110148125 0.3890625
1 0.1203125 0.3890625 0.1203125 0.3181123546875 0.1178748828125 0.2856098265625 0.1203125 0.26601493593750003 0.1203125 0.224703071875 0.119622528125 0.2218800609375 0.10838805781250001 0.209767625 0.0938678828125 0.21489127031250002 0.08955824531249999 0.2279379546875 0.09691956093750001 0.35432684375 0.088525878125 0.3890625 0.1203125 0.3890625
1 0.08762991875000001 0.3890625 0.09632781406249999 0.33953525 0.090565546875 0.2326044390625 0.09369553593749999 0.21586959062500002 0.1015625 0.2074742890625 0.1015625 0.1829467796875 0.092113159375 0.1735016609375 0.0820862859375 0.1764567171875 0.0768414515625 0.1897534375 0.08025996875 0.2967251546875 0.066306896875 0.36646960625 0.067359178125 0.3890625 0.08762991875000001 0.3890625
1 0.2421875 0.3890625 0.2421875 0.3454638609375 0.239652140625 0.33369680156250003 0.2389298578125 0.29065942968749997 0.2421875 0.248778221875 0.2421875 0.214285875 0.24034092031249998 0.20812055156249998 0.23150466406249998 0.2009760859375 0.21763616875 0.2062043328125 0.21311580624999998 0.22205836093750003 0.215875134375 0.32342906562499996 0.2006276765625 0.3785845765625 0.1992548078125 0.3890625 0.2421875 0.3890625
1 0.284103775 0.3890625 0.2849707140625 0.3531688671875 0.293963290625 0.285910665625 0.294283921875 0.2594762765625 0.2901109984375 0.2444260109375 0.283510928125 0.23730233125 0.2692462125 0.23730233125 0.2653682859375 0.23822045468750003 0.256759678125 0.2602715125 0.25779666562500003 0.36448368124999997 0.2546148109375 0.3890625 0.284103775 0.3890625
1 0.3982762 0.3890625 0.393969871875 0.3618433515625 0.3970276109375 0.3132095140625 0.4046875 0.261660553125 0.4046875 0.24636996562500002 0.4019199953125 0.2353953734375 0.3912654859375 0.22647079374999998 0.39102162812499996 0.22647079374999998 0.377982775 0.2292840015625 0.370082690625 0.2466928375 0.3706833 0.32586404999999996 0.3681401359375 0.3592155640625 0.35828794531249997 0.3890625 0.3982762 0.3890625
1 0.7358891984375 0 0.7298570265625 0.0069587890625 0.727486409375 0.0173118140625 0.7243384890625 0.030318625 0.7249681921875 0.048350959375 0.72881028125 0.0647143984375 0.7358219578125 0.0771795046875 0.7390833125 0.078125 0.7532258875 0.078125 0.7611530921874999 0.073022984375 0.765625 0.0659387484375 0.765625 0.0173793203125 0.760699865625 0.0038478328125000003 0.75312748125 0 0.7358891984375 0
1 0.603125 0.717974553125 0.603125 0.7023898234375 0.5997166875 0.694810390625 0.5968324859375 0.69375 0.5944729078125001 0.69375 0.58792790625 0.701169890625 0.582690925 0.7485285046875 0.5693253203124999 0.7785370015625 0.5640625 0.7992249171875 0.5640625 0.8023326859375001 0.564325371875 0.8055252453125 0.5670284296875 0.80625 0.5692002406250001 0.80625 0.5950545375 0.8046311171875 0.5946054484375 0.7537355015625 0.597414321875 0.7360671359375 0.603125 0.717974553125
1 0.749362071875 0.809375 0.7585204109375 0.8036899500000001 0.7703125 0.8034841187499999 0.7703125 0.7623213343749999 0.765951140625 0.745660484375 0.7653224203125 0.6882348953124999 0.7635443875 0.6808547609375 0.759543840625 0.677682203125 0.751785225 0.679670425 0.7496974203125 0.6885076296875 0.7524633578125 0.74774870625 0.7458721734375 0.7719500578125 0.7444893234375 0.796060496875 0.744839565625 0.808097534375 0.747482575 0.809375 0.749362071875 0.809375
1 0.85 0.8171875 0.85 0.7561657015625001 0.8469397875 0.7441788765625 0.845787378125 0.688683940625 0.8424643984374999 0.6807302203125 0.8370942765624999 0.6778008953125 0.8310599921874999 0.68132274375 0.82922856875 0.6900508421875 0.8344397875 0.7438151640624999 0.8277967109375 0.781520496875 0.828211128125 0.8064901890625 0.83109865 0.8171875 0.85 0.8171875
2 0.5296875 0.8898048984375 0.652086196875 0.8876684218750001 0.7653226609375 0.890325265625 0.9456172437500001 0.8890315687499999 0.9548628671875001 0.8860901468750001 0.9890625 0.8884190249999999 0.9890625 0.81611764375 0.988667875 0.81611764375 0.9711149015625 0.8209389609375 0.9700500109375 0.8260542781249999 0.9723920968750001 0.8315734703125 0.9691144953125 0.8339473765625 0.9668188593749999 0.8182339125 0.9406720937500002 0.81611764375 0.7855136078125 0.81611764375 0.7453353140625 0.8193198875000001 0.7251962 0.81611764375 0.686641878125 0.81611764375 0.5712476046875 0.8195785624999999 0.5296875 0.8187597109375 0.5296875 0.8898048984375
0 0.6811876828125 0.768535340625 0.669862175 0.75716965625 0.656288175 0.7559285453125 0.6471071796875 0.7612658953125 0.638493771875 0.7754056031250001 0.6339967890625 0.7956547484375001 0.634090303125 0.81323521875 0.6346785359375 0.8140625 0.6875 0.8140625 0.6875 0.783545646875 0.6811876828125 0.768535340625