1 0.4203125 0.6390625 0.4203125 0.6062526609375001 0.4200656078125 0.6050572953125 0.40102983437499995 0.57376956875 0.394310521875 0.49305484687499995 0.3880388890625 0.4810105390625 0.38091063593749996 0.477946259375 0.37573289218749995 0.486056759375 0.367042140625 0.48292881249999997 0.3603720328125 0.504154171875 0.3617837953125 0.5222415609375 0.373249575 0.560155396875 0.376320840625 0.58108423125 0.3685463765625 0.6265355625 0.3686316046875 0.6390625 0.4203125 0.6390625
1 0.4433073390625 0.5114441125 0.4551770171875 0.5469730265625 0.4649128859375001 0.55 0.46727640625000005 0.55 0.4756107328125 0.5390825125 0.482345596875 0.5110136359374999 0.4828125 0.5021245249999999 0.4828125 0.45949528749999996 0.4692958390625 0.40892721718749997 0.47111954375 0.3491686078125 0.46552435625 0.337754521875 0.46292058281250004 0.337754521875 0.45374748593750003 0.338181765625 0.4459740859375 0.358666334375 0.4521325828125001 0.4083388484375 0.4517689359375 0.42917218281249997 0.44352005781250003 0.45453605625 0.44165023281250004 0.47661483125000004 0.44165023281250004 0.498078409375 0.4433073390625 0.5114441125
1 0.553125 0.6390625 0.553125 0.5512960062500001 0.55060933125 0.5370489218750001 0.54935864375 0.46931223125 0.5358507484375 0.4447445265625 0.5331144109375 0.40863341406250003 0.5283439421875 0.4020326640625 0.5296007484375 0.44423434375 0.5226302 0.4547077265625 0.519205625 0.47099175468750004 0.53029683125 0.5353908265625 0.5299972562499999 0.5519299484375 0.52023359375 0.5870206921875 0.522714896875 0.6300124765625 0.52605005625 0.6390625 0.553125 0.6390625
1 0.6718918875 0.6390625 0.675814384375 0.6317924703125 0.6796875 0.615685259375 0.6796875 0.5539266265625 0.673645859375 0.5275803390625 0.6796875 0.47312030937499994 0.6796875 0.4405173109375 0.6730479171875 0.4248025609375 0.6724431625 0.387985640625 0.6675468453125 0.41908788281250003 0.65360555 0.4395120375 0.653204075 0.504767084375 0.650941128125 0.5185877765625 0.640898003125 0.5377367046875 0.633295590625 0.5736204953125 0.6342546078125 0.6041987828125001 0.6413379953125 0.6390625 0.6718918875 0.6390625
1 0.767417821875 0.628125 0.7850307578125 0.607942803125 0.7945944109374999 0.5753109703125 0.7954834875000001 0.544755415625 0.7915638234375 0.5179838890624999 0.7931937390625 0.48888099531250007 0.8058823875 0.45650425468750006 0.80625 0.4535347140625 0.80625 0.42233683906249997 0.805040609375 0.418150378125 0.7920018328125 0.40873290625 0.780370615625 0.41822486562499994 0.775858175 0.438739334375 0.7740666140625 0.473397784375 0.7687729234375 0.49384848124999997 0.7499959234375 0.52015948125 0.745131884375 0.54081448125 0.745131884375 0.6095952296875 0.7463453828125 0.6187068203125 0.7517166828125 0.628125 0.767417821875 0.628125
1 0.58359375 0.40833333281249995 0.5875 0.34444444375 0.58515625 0.3291666671875 0.5796875 0.322222221875 0.578515625 0.28125 0.575 0.28194444375 0.57421875 0.32083333281250004 0.5640625 0.3375 0.565625 0.40833333281249995 0.55625 0.43194444374999996 0.553125 0.45416666718750004 0.55390625 0.48055555625 0.5609375 0.5166666671875 0.566015625 0.5270833328125 0.575 0.5291666671875 0.58671875 0.5069444437499999 0.59375 0.475 0.590625 0.43333333281249997 0.58359375 0.40833333281249995
1 0.669140625 0.39097222187499997 0.659375 0.40833333281249995 0.65546875 0.42222222187499997 0.6578125 0.43055555625 0.66640625 0.42222222187499997 0.669140625 0.39097222187499997
1 0.6828125 0.4611111109375 0.67578125 0.497222221875 0.67734375 0.5041666671875 0.6890625 0.48055555625 0.69453125 0.45 0.6875 0.3875 0.69609375 0.3236111109375 0.691796875 0.31180555625 0.680859375 0.30763888906250003 0.671875 0.3236111109375 0.67421875 0.4236111109375 0.6828125 0.44305555625000004 0.6828125 0.4611111109375
1 0.609375 0.240277778125 0.609375 0.21944444375 0.606640625 0.21458333281250003 0.60390625 0.240277778125 0.5953125 0.2541666671875 0.59609375 0.30416666718749996 0.58828125 0.33194444375 0.58515625 0.377777778125 0.58828125 0.40694444374999994 0.594140625 0.41875 0.603125 0.42083333281249996 0.609375 0.41111111093749997 0.61796875 0.3708333328125 0.6171875 0.34305555625 0.6109375 0.31805555625 0.6140625 0.2541666671875 0.609375 0.240277778125
1 0.521875 0.2638888890625 0.5140625 0.25 0.51328125 0.22638888906250001 0.510546875 0.22430555624999998 0.5078125 0.25 0.5015625 0.2625 0.5046875 0.3125 0.4953125 0.3638888890625 0.4953125 0.39305555625 0.50546875 0.43055555625 0.515625 0.434722221875 0.521875 0.4263888890625 0.52578125 0.41111111093749997 0.52734375 0.36805555624999997 0.5265625 0.3458333328125 0.5203125 0.325 0.521875 0.2638888890625
1 0.53359375 0.2736111109375 0.53125 0.309722221875 0.53828125 0.3458333328125 0.543359375 0.35208333281250004 0.54921875 0.3513888890625 0.5546875 0.34444444375 0.56015625 0.31944444375000003 0.5609375 0.2916666671875 0.553125 0.2541666671875 0.55390625 0.2236111109375 0.543359375 0.21875 0.5390625 0.225 0.53984375 0.2541666671875 0.53359375 0.2736111109375
1 0.290625 1 0.290625 0.9047819859375 0.28632541875 0.8884985562499998 0.2851002125 0.8385197796874999 0.28784069218749997 0.8127424109374999 0.2873268375 0.783134 0.281568825 0.7671810390625 0.2737742359375 0.7599288703125 0.2649847375 0.7614199421875 0.256403665625 0.7763263296874999 0.2554878453125 0.79478118125 0.25935304062500003 0.8309984015625 0.2605459125 0.8800512546875 0.24604213593750002 0.956202771875 0.24757157031250002 1 0.290625 1
1 0.340625 1 0.340625 0.9669098109375 0.329301265625 0.9049516750000001 0.3316880296875 0.8576566781249999 0.3370866640625 0.8166976140625 0.33700220625 0.791721871875 0.334087315625 0.7798303843750001 0.3261841 0.7704841640625 0.3245158203125 0.7701651015625 0.31600487031249996 0.7701651015625 0.3121054359375 0.7720650625000001 0.302171021875 0.78964346875 0.3005475203125 0.8230253187500001 0.303126653125 0.8839666218750001 0.301713259375 0.905311434375 0.2858528515625 0.9665321640625001 0.2858528515625 1 0.340625 1
1 0.4125 1 0.4125 0.9718742062500001 0.4068940171875 0.9520537578124999 0.40420630312500005 0.8892608531249999 0.407029109375 0.858204528125 0.4057554171875 0.8277340000000001 0.4010166796875 0.8061826125 0.390814578125 0.7910867453125 0.379736753125 0.7883420734375 0.37175423125 0.79229145625 0.366191009375 0.8042600156249999 0.363978121875 0.8160419624999999 0.365842809375 0.8474809265625 0.3759031265625 0.9255988281249999 0.3746725125 0.9503437359374999 0.3656598125 1 0.4125 1
1 0.47886236249999997 1 0.47740117968749995 0.99316623125 0.47659484218750003 0.9440770046875 0.481609246875 0.9108952171875 0.48392252343750003 0.860970990625 0.477945559375 0.8182116953125 0.46719575312499995 0.8054010234375 0.4583362 0.8042174687499999 0.4495143546875 0.8095153937499999 0.443570559375 0.8172114859375 0.43795990312500005 0.837415153125 0.4376868671875 0.8799925921874999 0.4437769546875 0.9421963312500001 0.4434285015625 0.9718108078125001 0.44045433281249996 0.9976458031250001 0.43983419531249995 1 0.47886236249999997 1
1 0.5850312078125001 1 0.5800413140625 0.9720864484374999 0.57907153125 0.9515885328125 0.579933665625 0.921958903125 0.5890625 0.8601512124999999 0.5890625 0.8273178734375 0.58714474375 0.8176693953124999 0.5778730390625 0.8043828640624999 0.5616733234375 0.8049167421875 0.5504708781250001 0.822100734375 0.5481270687500001 0.8488250421875 0.5502641671875 0.9009745 0.5486207234375 0.9574559812500001 0.5351070640625 1 0.5850312078125001 1
1 0.6753515625000001 1 0.675 0.9958333328125001 0.6619791671875 0.9356481484374999 0.6614583328125 0.9125 0.6677083328125 0.8486111109374999 0.6677083328125 0.8208333328125 0.6627604171875 0.8046296296875 0.64921875 0.7953703703125 0.6377604171875 0.803703703125 0.6328125 0.8171296296874999 0.6317708328125 0.8449074078125001 0.6359375 0.9143518515625001 0.6322916671875001 0.9421296296874999 0.6171618249999999 1 0.6753515625000001 1
1 0.7342507109375 1 0.734375 0.9902777781250001 0.7229166671875 0.93101851875 0.7203125 0.9013888890625001 0.7260416671875001 0.8458333328125001 0.7265625 0.8143518515625001 0.72265625 0.8009259265625 0.7153645828124999 0.7925925921875 0.7096354171875 0.7916666671875 0.6997395828124999 0.8009259265625 0.6953125 0.8143518515625001 0.6947916671875001 0.8449074078125001 0.6973958328125 0.86898148125 0.696875 0.89398148125 0.6989583328125 0.9004629625 0.6817708328125 0.9689814812499999 0.678125 0.991203703125 0.678125 1 0.7342507109375 1
1 0.5105011265625 1 0.5104166671874999 0.9986111109374999 0.4963541671874999 0.933796296875 0.49375 0.9069444437499999 0.5005208328125 0.8375 0.5010416671875 0.808796296875 0.4924479171874999 0.7870370375 0.47942708281250007 0.7833333328125 0.47213541718749996 0.7879629625 0.46770833281250007 0.8004629624999999 0.4796875 0.8263888890625001 0.48385416718749996 0.8708333328125001 0.47708333281250004 0.933796296875 0.47604166718749996 0.978240740625 0.4791015625 1 0.5105011265625 1
1 0.4375 1 0.440625 0.9791666671874999 0.43854166718749993 0.9504629625 0.4265625 0.89398148125 0.42760416718749994 0.8439814812499999 0.43177083281250006 0.81805555625 0.43177083281250006 0.791203703125 0.42630208281250004 0.7759259265624999 0.41953125 0.771296296875 0.4075520828125 0.7740740734375 0.4010416671875 0.7875 0.4036458328125 0.816203703125 0.40208333281249997 0.8865740734375 0.3953125 0.9263888890625 0.3953125 0.9458333328125 0.406793478125 1 0.4375 1