1 0.509375 0.11807973281249999 0.50841761875 0.1183027734375 0.4998259515625 0.1234504609375 0.4978800859375 0.1316816078125 0.4961080625 0.14428829375000002 0.502816190625 0.2139510625 0.5023686374999999 0.2644842796875 0.49375 0.31832343125 0.49375 0.371097640625 0.50324766875 0.4164741296875 0.5084605343749999 0.4347480078125 0.509375 0.43579082031249994 0.509375 0.11807973281249999
1 0.254550296875 0.514360546875 0.254550296875 0.34128409843749996 0.2400379171875 0.2967525421875 0.23510312187500002 0.19542731875 0.2301288234375 0.1786014859375 0.222128421875 0.1692712890625 0.20893617656250002 0.170119009375 0.2015625 0.1890690640625 0.2015625 0.19273823437499998 0.21392043749999998 0.302614646875 0.203774115625 0.36315275625 0.2041499171875 0.3811764765625 0.211121878125 0.4534942015625 0.225352528125 0.5053287578125001 0.23371237812499998 0.515625 0.244197309375 0.515625 0.254550296875 0.514360546875
1 0.13043418125 0.4984375 0.14260492656249998 0.4984375 0.14260492656249998 0.329726953125 0.12392151093749999 0.28197481875 0.11321896406250001 0.181865690625 0.10370029218750001 0.1642181203125 0.0959531484375 0.1623567671875 0.0891812 0.1623567671875 0.0828125 0.1709128921875 0.0828125 0.20715010625 0.0957803546875 0.26021390312500003 0.108357209375 0.2925130109375 0.109514890625 0.3077907890625 0.0984153703125 0.366967375 0.09994948125 0.39749564843749996 0.1182378859375 0.474321046875 0.12895878125 0.497551453125 0.13043418125 0.4984375
1 0.9337920531249999 0 0.921875 0.07497683125 0.921875 0.1442133390625 0.9222548921874999 0.15014147656250001 0.93150598125 0.2037124984375 0.9521811343749998 0.2799132125 0.9617985250000001 0.2890625 0.9879849078125 0.2890625 0.9879849078125 0.0394719625 0.9767336593749999 0 0.9337920531249999 0
1 0.8455727484375 0 0.8317096421875 0.090038415625 0.8314720718749999 0.1417447640625 0.8381256921875 0.19664687812499998 0.8552930953125 0.2696468828125 0.86692948125 0.30255958125000004 0.8750162984375001 0.3078125 0.8947824390625 0.3078125 0.8947824390625 0.0420896125 0.8823439703125 0 0.8455727484375 0
1 0.78783473125 0 0.78125 0.0342824078125 0.7920833328125 0.0728009265625 0.8004166671874999 0.12168981406249998 0.8012499999999999 0.20613425937500002 0.7929166671875001 0.2698379625 0.8012499999999999 0.2757638890625 0.8175000000000001 0.2750231484375 0.8204166671875001 0.26835648125 0.8095833328125 0.20613425937500002 0.8070833328125 0.1320601859375 0.81125 0.089097221875 0.82125 0.0579861109375 0.83125 0.004652778125 0.8308848109374999 0 0.78783473125 0
1 0.741148003125 0 0.74125 0.007615740625000001 0.7204166671875 0.0994675921875 0.7154166671875 0.1528009265625 0.7170833328125 0.2179861109375 0.72875 0.2920601859375 0.7391666671875 0.32539351875 0.7495833328125 0.32613425937499996 0.7716666671875 0.32687499999999997 0.78125 0.3187268515625 0.7970833328125 0.2387268515625 0.8004166671874999 0.203171296875 0.7979166671875 0.1098379625 0.7754166671875 0.00020833281250000002 0.7754278875 0 0.741148003125 0
1 0.7043991203125 0 0.68625 0.0787268515625 0.6820833328125 0.1098379625 0.6904166671875 0.22835648125 0.7004166671875 0.2787268515625 0.7079166671875 0.2935416671875 0.7279166671875 0.290578703125 0.7154166671875 0.204652778125 0.7145833328125001 0.14243055625 0.7229166671874999 0.08465277812500001 0.7404166671875 0.006134259375 0.7404166671875 0 0.7043991203125 0
1 0.6121361390625 0 0.6120833328125 0.0016898140625 0.60375 0.044652778125 0.6058333328125001 0.0498379625 0.6416666671875 0.0587268515625 0.6533333328125 0.070578703125 0.6645833328124999 0.09206018593750001 0.6670833328125 0.08761574062500001 0.6654166671875 0.0787268515625 0.6472286546875 0 0.6121361390625 0
1 0.575418140625 0 0.5629166671875 0.053541667187499996 0.5620833328125 0.06983796249999999 0.6016666671875 0.046875 0.6095833328125 0.012060185937499999 0.610092121875 0 0.575418140625 0
1 0.509375 0 0.509375 0.295605159375 0.515 0.2957638890625 0.52625 0.284652778125 0.5329166671875 0.2520601859375 0.5279166671875 0.20613425937500002 0.5287499999999999 0.169097221875 0.5337500000000001 0.1365046296875 0.5445833328124999 0.1009490734375 0.5234713875 0 0.509375 0
0 0.5716666671875 0.3179861109375 0.6029166671875 0.3320601859375 0.6158333328125 0.3328009265625 0.6508333328125 0.3165046296875 0.67375 0.284652778125 0.6879166671875 0.2357638890625 0.6829166671875 0.13502314843750002 0.6729166671875 0.1009490734375 0.6591666671875 0.07502314843749999 0.6408333328125 0.0572453703125 0.6066666671875 0.046875 0.5766666671875 0.0602083328125 0.5549999999999999 0.08094907343749999 0.5370833328125 0.129097221875 0.5287499999999999 0.18243055625 0.53125 0.23131944375 0.5454166671875 0.28168981406250004 0.5716666671875 0.3179861109375
1 0.5016853015625 0.5876097515625001 0.4927865140625 0.5634040640625 0.48361839375000004 0.55966663125 0.48080630468749996 0.55966663125 0.475444378125 0.5648762828125 0.4734375 0.57434025625 0.4734375 0.6206540015625001 0.47416714375 0.630283028125 0.48169299375 0.663790965625 0.48758571718750005 0.8073663609375 0.4901555734375 0.8303121296875 0.5047451015625 0.8875 0.5049186984375 0.8875 0.5049186984375 0.65225950625 0.5016853015625 0.5876097515625001
1 0.509375 1 0.509375 0.606145834375 0.5082291671875 0.6072916671875 0.5011458328125 0.6354166671875 0.5086458328125001 0.7854166671874999 0.4936458328125 0.8604166671875 0.4878125 0.9125 0.48995535781250005 1 0.509375 1
1 0.4882754625 1 0.4844791671875 0.9145833328125 0.4686458328125 0.8270833328125 0.4719791671875 0.6625 0.46739583281249997 0.6385416671875 0.4557291671875 0.6260416671875 0.4415625 0.640625 0.4369791671875 0.66875 0.44281249999999994 0.83125 0.4294791671875 0.90625 0.4236458328125 0.9625 0.424087009375 1 0.4882754625 1
1 0.3882291671875 1 0.3903125 0.9708333328125001 0.3886458328125 0.9083333328125001 0.3703125 0.7979166671875 0.37364583281249997 0.6458333328125 0.3703125 0.6229166671875 0.35989583281250004 0.6072916671875 0.3465625 0.6135416671875 0.3403125 0.6375 0.3444791671875 0.7979166671875 0.32947916718750003 0.89375 0.3261458328125 0.9395833328125001 0.32697916718750003 0.9979166671874999 0.32725048437500004 1 0.3882291671875 1
1 0.42293595625 1 0.4236458328125 0.9520833328125 0.4419791671875 0.83125 0.4419791671875 0.8041666671875 0.43531250000000005 0.7625 0.43947916718749996 0.6229166671875 0.4344791671875 0.59375 0.4265625 0.5822916671875 0.41239583281250003 0.5885416671875 0.4061458328125 0.6125 0.4103125 0.7666666671875 0.3969791671875 0.8479166671874999 0.3928125 0.8979166671875 0.3969791671875 0.9895833328125001 0.3985723046875 1 0.42293595625 1
1 0.32697916718750003 1 0.3253125 0.98125 0.3261458328125 0.9208333328125 0.3444791671875 0.7833333328125001 0.3386458328125 0.6541666671875 0.3461458328125 0.6 0.3428125 0.58125 0.33406250000000004 0.565625 0.32406250000000003 0.5677083328125 0.3144791671875 0.59375 0.31864583281250003 0.7416666671875001 0.3019791671875 0.8729166671874999 0.30281250000000004 0.93125 0.3069791671875 0.96875 0.31197916718749996 1 0.32697916718750003 1
1 0.2939421296875 1 0.2961458328125 0.9854166671875 0.2986458328125 0.9479166671874999 0.2969791671875 0.88125 0.2786458328125 0.775 0.2819791671875 0.63125 0.2794791671875 0.6104166671875 0.2707291671875 0.5927083328125 0.2557291671875 0.596875 0.2486458328125 0.6208333328125 0.2528125 0.7833333328125001 0.2386458328125 0.8604166671875 0.23531249999999998 0.90625 0.23531249999999998 0.95 0.24014008593749997 1 0.2939421296875 1
1 0.2040304484375 1 0.20947916718749998 0.9645833328125001 0.2128125 0.9145833328125 0.2111458328125 0.8541666671874999 0.1936458328125 0.7479166671875 0.1969791671875 0.6020833328124999 0.18656250000000002 0.5739583328125 0.17239583281249998 0.578125 0.1653125 0.60625 0.1703125 0.74375 0.1561458328125 0.8333333328125001 0.1528125 0.8791666671874999 0.1536458328125 0.9395833328125001 0.1586458328125 0.9875 0.16072916718750002 1 0.2040304484375 1
1 0.9244230921875001 0.55 0.9253783406250001 0.5659277484375 0.9125 0.6319845328125 0.9125 0.702364434375 0.9158689875 0.721754259375 0.9254416375 0.76473498125 0.928315221875 0.774115534375 0.933164371875 0.7798894125 0.952537384375 0.78125 0.952717915625 0.78125 0.9569610546875001 0.7754497328125 0.9627007187500001 0.7431975937499999 0.9627007187500001 0.6236960828125 0.948896665625 0.56979714375 0.9485266687500001 0.55 0.9244230921875001 0.55
1 0.861650978125 0.55 0.8629368578125 0.5608199265625 0.8631412468749999 0.5802219265625 0.8571813562500001 0.6169194046875 0.8736634421874999 0.6471432609375001 0.8828670531249999 0.6853821140624999 0.8842449718750001 0.7149905203125 0.8819638671875 0.7361382625 0.8717647812500001 0.7634279265625 0.8711516578125 0.778179071875 0.8760830984375 0.786229834375 0.88604796875 0.7875 0.8966116562499999 0.7875 0.89829411875 0.7872170109375001 0.89829411875 0.6134764015624999 0.8874424062500001 0.5784415968750001 0.8851365874999999 0.55 0.861650978125 0.55
1 0.7107862062500001 0.55 0.712102796875 0.578988125 0.7019100015624999 0.643275490625 0.708815621875 0.7275529374999999 0.7225703890625 0.7788244343749999 0.727023021875 0.7859375 0.745165484375 0.7859375 0.745165484375 0.6063491015625 0.73988775625 0.58919315625 0.7347280453125 0.5622321765625 0.7347568625 0.55 0.7107862062500001 0.55
1 0.7669019484375 0.55 0.7671875 0.5557291671875 0.7640625 0.5779513890625 0.7510416671875 0.6251736109375 0.7479166671874999 0.6510995375 0.7494791671875 0.7029513890625 0.7614583328125001 0.7649884265625 0.7671875 0.7751736109375 0.7736979171874999 0.7747106484375 0.775 0.77054398125 0.765625 0.7473958328125 0.7588541671875 0.710358796875 0.7583333328125 0.6399884265625 0.7671875 0.6038773140625 0.77734375 0.5895254624999999 0.7825520828125001 0.5867476859375 0.7854166671874999 0.579803240625 0.786988321875 0.55 0.7669019484375 0.55
1 0.553293603125 0.55 0.5536458328125 0.5622106484375 0.5442708328125 0.6214699078125 0.54609375 0.6274884265625 0.5653645828125 0.635821759375 0.5760416671875 0.6520254624999999 0.578125 0.6594328703125 0.5752604171875 0.667303240625 0.5486979171875 0.6839699078125 0.5372395828125 0.6950810187500001 0.5348958328125 0.7010995375 0.5390625 0.7372106484375001 0.546875 0.7770254624999999 0.5497395828125 0.7839699078125 0.5572916671875 0.7872106484375 0.5752604171875 0.7867476859375 0.5807291671875 0.7788773140625 0.5927083328125 0.72054398125 0.5942708328124999 0.7029513890625 0.5947916671875 0.66961805625 0.5927083328125 0.64461805625 0.5802083328125 0.5909143515624999 0.5765625 0.5631365734375 0.5773242859375001 0.55 0.553293603125 0.55
1 0.6098958328124999 0.767766203125 0.615625 0.7751736109375 0.6346354171875 0.7747106484375 0.6385416671875 0.7714699078125 0.6291666671875 0.7196180562500001 0.6276041671875 0.6927662031249999 0.6247395828125 0.685821759375 0.6015625 0.7159143515624999 0.6036458328125 0.7381365734375 0.6098958328124999 0.767766203125
1 0.615844315625 0.55 0.6161458328125 0.55758101875 0.6140625 0.5779513890625 0.6046875 0.6186921296875 0.63515625 0.617303240625 0.6421875 0.5909143515624999 0.6395833328125 0.55850694375 0.6394651812500001 0.55 0.615844315625 0.55
0 0.79140625 0.7895254625 0.8010416671874999 0.792766203125 0.8231770828125 0.792303240625 0.8450520828125001 0.7784143515624999 0.8625 0.7409143515625 0.8677083328125 0.7122106484375 0.8666666671875 0.673321759375 0.8572916671874999 0.6390625 0.84453125 0.6163773140625001 0.82109375 0.6006365734375 0.8091145828125 0.5997106484375 0.7934895828125 0.6061921296875 0.7841145828125 0.6154513890625 0.7723958328125 0.6335069437499999 0.7619791671874999 0.6659143515625 0.7604166671874999 0.704803240625 0.765625 0.74461805625 0.7815104171874999 0.7793402781250001 0.79140625 0.7895254625