1 0.38203125 0.2798611109375 0.38359375 0.30763888906250003 0.378125 0.3451388890625 0.3828125 0.3673611109375 0.390625 0.36875 0.39453125 0.3548611109375 0.3953125 0.33125 0.38984375 0.30902777812500004 0.39140625 0.278472221875 0.385546875 0.27638888906250003 0.38203125 0.2798611109375
1 0.409375 0.2923611109375 0.409375 0.284027778125 0.406640625 0.27777777812500004 0.404296875 0.27638888906250003 0.401953125 0.27777777812500004 0.39921875 0.284027778125 0.4015625 0.31319444375 0.4 0.31597222187499996 0.39609375 0.334027778125 0.39609375 0.3548611109375 0.40078125 0.3729166671875 0.402734375 0.375 0.40625 0.37430555625 0.409375 0.37013888906250003 0.41328125 0.35625 0.4140625 0.340972221875 0.4125 0.3298611109375 0.40703125 0.3104166671875 0.409375 0.2923611109375
1 0.42734375 0.3145833328125 0.4296875 0.290972221875 0.426953125 0.28194444375 0.422265625 0.28194444375 0.41875 0.28819444375000003 0.41875 0.303472221875 0.4203125 0.3145833328125 0.41953125 0.321527778125 0.41484375 0.33541666718749996 0.4140625 0.3604166671875 0.419921875 0.38194444375000003 0.4265625 0.38125 0.428125 0.37986111093749997 0.42890625 0.3729166671875 0.4328125 0.3604166671875 0.4328125 0.34375 0.43046875 0.33680555624999997 0.42734375 0.3145833328125
1 0.44827012499999996 0.3354250671875 0.446875 0.321527778125 0.44765625 0.2979166671875 0.444140625 0.28611111093749997 0.439453125 0.2888888890625 0.43828125 0.2923611109375 0.43828125 0.30625 0.43984375 0.321527778125 0.43359375 0.346527778125 0.43359375 0.36319444375 0.4359375 0.3770833328125 0.438671875 0.38333333281250004 0.44296875 0.3826388890625 0.444921875 0.3763888890625 0.446951334375 0.3739263015625 0.44845851718749996 0.36790001875 0.44996571406249997 0.3591953953125 0.449212109375 0.3451340765625 0.44827012499999996 0.3354250671875
1 0.47521112499999996 0.34814721875 0.4734375 0.340972221875 0.471875 0.321527778125 0.4703125 0.31597222187499996 0.4703125 0.3104166671875 0.4734375 0.2951388890625 0.471484375 0.2791666671875 0.467578125 0.2791666671875 0.4625 0.28680555625 0.46171875 0.29375 0.4640625 0.31597222187499996 0.4578125 0.3423611109375 0.4578125 0.35902777812500003 0.46015625 0.37152777812500004 0.463671875 0.38055555625 0.4671875 0.38125 0.46953125 0.37986111093749997 0.47109375 0.37152777812500004 0.4729503484375 0.3642172921875 0.47408072343749996 0.35718663125 0.474645925 0.35182994375 0.47521112499999996 0.34814721875
1 0.49609375 0.2798611109375 0.494140625 0.27638888906250003 0.489453125 0.27638888906250003 0.48671875 0.284027778125 0.48828125 0.3145833328125 0.484375 0.32847222187499997 0.4828125 0.34930555625 0.4859375 0.36180555625 0.48671875 0.37013888906250003 0.489453125 0.375 0.4953125 0.37430555625 0.5 0.3576388890625 0.50078125 0.33819444375 0.4984375 0.3229166671875 0.49453125 0.3145833328125 0.496875 0.28819444375000003 0.49609375 0.2798611109375
1 0.51953125 0.278472221875 0.516796875 0.27638888906250003 0.512109375 0.27638888906250003 0.5109375 0.278472221875 0.5109375 0.28958333281250004 0.5125 0.29652777812500003 0.5125 0.303472221875 0.50703125 0.3270833328125 0.50703125 0.3479166671875 0.511328125 0.36666666718749996 0.51875 0.3673611109375 0.5203125 0.365972221875 0.521875 0.35902777812500003 0.52421875 0.334027778125 0.52265625 0.321527778125 0.51796875 0.30625 0.51953125 0.278472221875
1 0.452734375 0.2791666671875 0.447265625 0.27638888906250003 0.44453125 0.2798611109375 0.44375 0.2854166671875 0.446875 0.29652777812500003 0.446875 0.32430555625 0.45053090156250003 0.3494863875 0.450342509375 0.36354770625 0.4475165203125 0.374930678125 0.44996571406249997 0.37693944375 0.4539220796875 0.376269846875 0.45674805625000003 0.3444644921875 0.45625 0.32847222187499997 0.45234375 0.3145833328125 0.45390625 0.2826388890625 0.452734375 0.2791666671875
1 0.4328125 0.2979166671875 0.43359375 0.29652777812500003 0.434375 0.2798611109375 0.431640625 0.27638888906250003 0.427734375 0.27638888906250003 0.425 0.2798611109375 0.42734375 0.284027778125 0.42890625 0.2923611109375 0.42890625 0.29930555625 0.42734375 0.30763888906250003 0.42734375 0.3201388890625 0.4296875 0.3270833328125 0.4296875 0.33541666718749996 0.43125 0.34375 0.4328125 0.34375 0.4359375 0.33680555624999997 0.4375 0.32847222187499997 0.43671875 0.32569444375 0.4360242109375 0.32035936875000004 0.4328125 0.3104166671875 0.4328125 0.2979166671875
1 0.47734375 0.2798611109375 0.475390625 0.27638888906250003 0.470703125 0.27638888906250003 0.4671875 0.2798611109375 0.471875 0.28680555625 0.471875 0.2923611109375 0.47265625 0.29375 0.46953125 0.31597222187499996 0.47109375 0.321527778125 0.47265625 0.340972221875 0.47578125 0.34930555625 0.4765625 0.35625 0.477734375 0.3583333328125 0.47890625 0.3576388890625 0.480297878125 0.34379490625 0.48125 0.33680555624999997 0.48046875 0.33541666718749996 0.4793558953125 0.32672044375 0.47578125 0.30902777812500004 0.47734375 0.2798611109375
1 0.6448406953125 0.27665411875 0.6388344265625 0.27665411875 0.63671875 0.278472221875 0.6368323359375 0.3051166015625 0.63610430625 0.308997846875 0.63515625 0.31319444375 0.6328125 0.3270833328125 0.6328125 0.346527778125 0.63671875 0.365972221875 0.638671875 0.36805555624999997 0.64453125 0.3673611109375 0.64765625 0.36319444375 0.6482988609375 0.3546024890625 0.649936934375 0.3284040765625 0.6453125 0.30763888906250003 0.64611475625 0.287974425 0.6448406953125 0.27665411875
1 0.66796875 0.3104166671875 0.66953125 0.28125 0.666796875 0.275 0.661328125 0.2736111109375 0.658984375 0.275 0.65703125 0.2798611109375 0.65859375 0.30902777812500004 0.653125 0.3326388890625 0.653125 0.35069444375000003 0.65625 0.3673611109375 0.658984375 0.372222221875 0.66484375 0.3729166671875 0.667578125 0.372222221875 0.66953125 0.36875 0.67265625 0.3576388890625 0.6734375 0.33541666718749996 0.6703125 0.31736111093749997 0.66796875 0.3104166671875
1 0.6899787374999999 0.30867441093750003 0.6905247671875 0.29153223437500003 0.68925070625 0.27665411875 0.6848824984374999 0.274390059375 0.6801502875 0.27633068125000004 0.6774201671875 0.2850634890625 0.68046875 0.3145833328125 0.678125 0.3201388890625 0.67578125 0.3326388890625 0.67421875 0.34930555625 0.67890625 0.37152777812500004 0.683203125 0.377777778125 0.6890625 0.3770833328125 0.6921875 0.37430555625 0.6948929500000001 0.3607478 0.694528946875 0.342635315625 0.6943469203125 0.3287275125 0.69252685625 0.320641584375 0.6899787374999999 0.30867441093750003
1 0.700707690625 0.3138797921875 0.6985651515625 0.328837459375 0.695810446875 0.34488295625 0.6967286781250001 0.35902475312500004 0.701171875 0.372222221875 0.71171875 0.3729166671875 0.7132568796875 0.35820888125 0.713103846875 0.281788796875 0.706829253125 0.27526181250000004 0.7017789640625 0.2782533453125 0.7005546578125 0.28831578125 0.700707690625 0.3138797921875
1 0.241796875 0.2833333328125 0.237109375 0.2833333328125 0.23515625 0.2854166671875 0.23359375 0.2923611109375 0.23515625 0.31875 0.23125 0.33819444375 0.23125 0.3673611109375 0.23203125 0.37430555625 0.234765625 0.38055555625 0.240625 0.38125 0.243359375 0.38055555625 0.246875 0.37013888906250003 0.246875 0.340972221875 0.24296875 0.3145833328125 0.24375 0.28680555625 0.241796875 0.2833333328125
1 0.26953125 0.28819444375000003 0.26875 0.28125 0.267578125 0.2791666671875 0.262890625 0.2791666671875 0.259375 0.2854166671875 0.2609375 0.31597222187499996 0.25859375 0.32569444375 0.25703125 0.340972221875 0.25703125 0.35625 0.259765625 0.372222221875 0.262890625 0.375 0.26953125 0.37430555625 0.27109375 0.3729166671875 0.2734375 0.3548611109375 0.2734375 0.3326388890625 0.26875 0.3104166671875 0.26875 0.28958333281250004 0.26953125 0.28819444375000003
1 0.293359375 0.27777777812500004 0.287109375 0.27777777812500004 0.2859375 0.2798611109375 0.2859375 0.2951388890625 0.2875 0.30763888906250003 0.2828125 0.33125 0.2828125 0.346527778125 0.28515625 0.3645833328125 0.288671875 0.36944444375 0.29296875 0.36875 0.29609375 0.3645833328125 0.29765625 0.34930555625 0.29765625 0.3270833328125 0.29375 0.303472221875 0.29453125 0.2798611109375 0.293359375 0.27777777812500004
1 0.20078125 0.28680555625 0.198828125 0.2833333328125 0.192578125 0.2833333328125 0.190625 0.2854166671875 0.1890625 0.2923611109375 0.18984375 0.3229166671875 0.1875 0.346527778125 0.18828125 0.37152777812500004 0.1890625 0.37847222187499996 0.191015625 0.38194444375000003 0.19921875 0.38125 0.2015625 0.37847222187499996 0.20390625 0.3645833328125 0.20390625 0.33680555624999997 0.20078125 0.321527778125 0.2015625 0.29375 0.20078125 0.28680555625
1 0.182421875 0.28055555625 0.176953125 0.2791666671875 0.1754476578125 0.2828963640625 0.1745310046875 0.2906338328125 0.17421875 0.3145833328125 0.17109375 0.33541666718749996 0.17109375 0.3576388890625 0.17265625 0.37152777812500004 0.176171875 0.3763888890625 0.18125 0.37569444375 0.183984375 0.375 0.18671875 0.365972221875 0.1875 0.33680555624999997 0.18359375 0.3145833328125 0.184375 0.28680555625 0.182421875 0.28055555625
0 0.33984375 0.6145833328125 0.33828125 0.640972221875 0.350390625 0.6708333328125 0.36640625 0.6729166671875 0.374609375 0.665277778125 0.384375 0.6423611109375 0.38359375 0.61875 0.369921875 0.5930555562500001 0.354296875 0.5916666671875 0.33984375 0.6145833328125