1 0.33515625 0.8298611109375 0.33203125 0.8173611109375001 0.3296875 0.7451388890625 0.322265625 0.7333333328125 0.314453125 0.73194444375 0.305859375 0.7041666671875 0.30546875 0.7354166671875 0.29609375 0.759027778125 0.29765625 0.7826388890625 0.30703125 0.8145833328125001 0.309375 0.8395833328125001 0.30078125 0.8798611109375001 0.3 0.9131944437499999 0.311328125 0.95555555625 0.326953125 0.9791666671874999 0.33828125 0.9798611109375001 0.344921875 0.9736111109375001 0.3515625 0.95625 0.35859375 0.9159722218749999 0.35859375 0.8854166671874999 0.35234375 0.85625 0.33515625 0.8298611109375
1 0.40703125 0.60625 0.403515625 0.5986111109375 0.392578125 0.5958333328125 0.387890625 0.5986111109375 0.3828125 0.61319444375 0.3890625 0.684027778125 0.3828125 0.703472221875 0.3796875 0.7506944437499999 0.39453125 0.8020833328125001 0.4046875 0.8076388890624999 0.41640625 0.7923611109375 0.4234375 0.753472221875 0.4234375 0.7256944437499999 0.4171875 0.696527778125 0.40859375 0.6798611109375 0.40703125 0.60625
1 0.4796875 0.71875 0.470703125 0.702777778125 0.455859375 0.70694444375 0.45078125 0.7173611109375 0.45 0.7423611109375 0.45546875 0.7951388890625 0.4421875 0.8479166671874999 0.4453125 0.8993055562500001 0.45859375 0.9381944437499999 0.46875 0.9451388890624999 0.48125 0.928472221875 0.4890625 0.8965277781250001 0.49140625 0.871527778125 0.48828125 0.8298611109375 0.47578125 0.7923611109375 0.4796875 0.71875
1 0.521875 0.596527778125 0.518359375 0.584722221875 0.509765625 0.58194444375 0.505078125 0.5833333328125 0.5 0.5979166671875 0.5015625 0.6631944437499999 0.49296875 0.6868055562500001 0.48984375 0.73819444375 0.5 0.778472221875 0.503515625 0.7833333328125 0.5125 0.7826388890625 0.51796875 0.77569444375 0.52578125 0.7493055562500001 0.52890625 0.71319444375 0.525 0.6729166671875 0.51875 0.6576388890625 0.521875 0.596527778125
1 0.45703125 0.5201388890625 0.45 0.50625 0.446484375 0.48055555625 0.44375 0.509027778125 0.43828125 0.5215277781250001 0.43984375 0.571527778125 0.43359375 0.6104166671875 0.4328125 0.64375 0.440625 0.684027778125 0.444140625 0.690277778125 0.45234375 0.690972221875 0.4609375 0.68125 0.4625 0.6145833328125 0.46171875 0.5979166671875 0.45625 0.5868055562500001 0.4546875 0.571527778125 0.45703125 0.5201388890625
1 0.486328125 0.4763888890625 0.475 0.4798611109375 0.47578125 0.509027778125 0.4671875 0.5423611109375 0.4671875 0.5701388890625 0.47421875 0.6020833328124999 0.48515625 0.6076388890625 0.4890625 0.6048611109375 0.496875 0.5673611109375 0.49609375 0.5395833328124999 0.48828125 0.51180555625 0.4890625 0.4798611109375 0.486328125 0.4763888890625
1 0.54453125 0.49930555625000006 0.54453125 0.47569444375 0.541796875 0.47222222187499996 0.5390625 0.49791666718750005 0.53203125 0.5215277781250001 0.53203125 0.5729166671875 0.52265625 0.5923611109375 0.52109375 0.6243055562500001 0.52578125 0.66875 0.531640625 0.675 0.53984375 0.67430555625 0.54765625 0.65625 0.5515625 0.6298611109375 0.5515625 0.6006944437499999 0.54609375 0.565972221875 0.55 0.5104166671875 0.54453125 0.49930555625000006
1 0.60234375 0.671527778125 0.60390625 0.65069444375 0.601171875 0.647222221875 0.590625 0.6770833328125 0.59296875 0.6881944437499999 0.60234375 0.671527778125
1 0.621484375 0.559722221875 0.612890625 0.5638888890625 0.60703125 0.5770833328125 0.60703125 0.6229166671875 0.61015625 0.6354166671875 0.60859375 0.6798611109375 0.615625 0.6923611109375 0.6171875 0.703472221875 0.61015625 0.753472221875 0.6125 0.75625 0.62265625 0.73680555625 0.628125 0.7048611109375 0.6234375 0.6298611109375 0.63046875 0.59375 0.63046875 0.578472221875 0.621484375 0.559722221875
1 0.61640625 0.71875 0.6171875 0.6979166671875 0.609375 0.68125 0.6109375 0.640972221875 0.608203125 0.622222221875 0.60078125 0.6770833328125 0.58984375 0.690972221875 0.5859375 0.7715277781250001 0.57421875 0.79375 0.56796875 0.828472221875 0.56875 0.859027778125 0.57734375 0.9020833328125001 0.583203125 0.9111111109375001 0.59296875 0.91180555625 0.61171875 0.8770833328125001 0.61640625 0.8506944437499999 0.615625 0.815972221875 0.60859375 0.7826388890625 0.60859375 0.7604166671875 0.61640625 0.71875
1 0.74140625 0.70069444375 0.74296875 0.6798611109375 0.737109375 0.665277778125 0.726953125 0.659722221875 0.717578125 0.6625 0.7125 0.6729166671875 0.70546875 0.74375 0.68671875 0.7701388890625 0.68046875 0.7951388890625 0.6796875 0.8298611109375 0.684375 0.8604166671875 0.689453125 0.8763888890624999 0.70234375 0.8826388890624999 0.72265625 0.8548611109375001 0.73203125 0.8201388890624999 0.73203125 0.7895833328124999 0.7265625 0.7604166671875 0.7296875 0.7354166671875 0.74140625 0.70069444375