1 0.2010892265625 0.10625 0.19465300000000002 0.1193026484375 0.1985537375 0.185987496875 0.18971205625 0.2317662875 0.2053219 0.234375 0.20801293437499999 0.234375 0.2203125 0.2313138109375 0.2203125 0.21819293593750003 0.21425954374999998 0.19302284375 0.21574675000000001 0.11942536875000001 0.2105312546875 0.10759027031249999 0.20181127499999998 0.10625 0.2010892265625 0.10625
1 0.34422311250000004 0.0844868890625 0.32428048125000003 0.083913128125 0.3241557296875 0.1008237984375 0.3230493828125 0.129378521875 0.3137786421875 0.1613956109375 0.3137786421875 0.2328125 0.3419181671875 0.2328125 0.3453125 0.20189495468750002 0.3453125 0.1643043484375 0.339552753125 0.128849446875 0.34422311250000004 0.0844868890625
2 0 0.31038306250000003 0.22317912031249998 0.299988328125 0.34508645 0.29292301875 0.3764657546875 0.285911971875 0.379493775 0.2899330890625 0.4036802 0.290193971875 0.409375 0.2735415546875 0.409375 0.234375 0 0.234375 0 0.31038306250000003
1 0.0950573921875 0.559375 0.1033588046875 0.6097177078125 0.1049481140625 0.6791666953125001 0.085880025 0.7859929640625 0.08590683437499999 0.8554328671875 0.09187658125 0.8985202375 0.11553482343749999 0.9847631609375 0.12299231562499999 1 0.1627609390625 1 0.1717686625 0.983701521875 0.178125 0.9448808218749999 0.178125 0.756272665625 0.1776796546875 0.7531959625 0.169673221875 0.73648384375 0.15097721718749998 0.67387930625 0.1475613171875 0.648861125 0.14535237031249998 0.5932964796875 0.1469052 0.559375 0.0950573921875 0.559375
1 0.3037056109375 0.559375 0.3017753328125 0.5825258671875 0.2895466890625 0.6272046640625 0.2895466890625 0.8734375 0.3189634875 0.8734375 0.320294690625 0.8727470171875 0.3244415984375 0.8639034859375 0.3419961546875 0.8034884140624999 0.353125 0.7190993515625 0.353125 0.6778175515625 0.3396723875 0.6012397125 0.33848979687499997 0.5732981609375 0.33946339999999997 0.559375 0.3037056109375 0.559375
1 0.2655738984375 0.559375 0.263812984375 0.57104110625 0.263812984375 0.6776266 0.27248913125 0.718991146875 0.2800072515625 0.7296875 0.280048534375 0.7296875 0.28699879687499996 0.665594784375 0.3024513484375 0.6052175906249999 0.3080116703125 0.5674992671875 0.3077889484375 0.559375 0.2655738984375 0.559375
1 0.397985840625 0.559375 0.40078125 0.59913194375 0.41171875 0.6532986109375 0.421484375 0.6651041671875 0.43359375 0.664409721875 0.44140625 0.657465278125 0.4453125 0.59913194375 0.4542578125 0.559375 0.397985840625 0.559375
1 0.4552651609375 0.559375 0.4484375 0.5880208328125 0.44296875 0.6338541671875 0.44375 0.6810763890625 0.459375 0.764409721875 0.470703125 0.7748263890625 0.4859375 0.7741319437499999 0.494140625 0.7692708328125001 0.5 0.7560763890625 0.5140625 0.6963541671875 0.51875 0.6560763890625 0.515625 0.5935763890625 0.5087985125000001 0.559375 0.4552651609375 0.559375
1 0.5626085062499999 0.559375 0.5609375 0.57274305625 0.56171875 0.6213541671875 0.57265625 0.6782986109375 0.581640625 0.695659721875 0.6 0.69774305625 0.607421875 0.69288194375 0.61640625 0.6685763890625 0.62890625 0.6185763890625 0.63125 0.5810763890625 0.6308140343749999 0.559375 0.5626085062499999 0.559375
1 0.8854991171875 0.559375 0.8833888062499999 0.569974159375 0.8605797265625 0.621718771875 0.8605797265625 0.8 0.873461078125 0.8 0.8802523953125 0.7942403671875 0.8932294265625 0.7656469109375 0.902008846875 0.741015403125 0.9136090484375 0.687258171875 0.9155471765625001 0.6483283390625 0.9108382484374999 0.5923224046875 0.91229505625 0.5714890718750001 0.91473773125 0.559375 0.8854991171875 0.559375
1 1 0.559375 0.980574225 0.559375 0.9679298 0.596981353125 0.9640625 0.6176319125 0.9640625 0.725080515625 0.9661626453124998 0.739964134375 0.97412331875 0.7499987328125 0.9741396312500001 0.75 0.992004209375 0.75 0.9996917421875 0.741177259375 1 0.740224003125 1 0.559375