1 0.08427343125 0 0.0751847453125 0.054282779687500005 0.0782840328125 0.1209949109375 0.090956846875 0.17907819062500002 0.102662740625 0.21213874062500002 0.1131396015625 0.2203125 0.120909359375 0.2203125 0.128125 0.21975397343749997 0.128125 0.0044506515625 0.12659320000000002 0 0.08427343125 0
1 0.19415930625 0 0.19415930625 0.159375 0.2008547578125 0.159375 0.206916459375 0.15637376249999999 0.212844890625 0.14586845625 0.22841835625 0.098441684375 0.23717495312499998 0.058068446875 0.2403617921875 0.009470973437499999 0.23957338906249998 0 0.19415930625 0
0 0.2956643625 0 0.2821774453125 0.0220162609375 0.275 0.0494077421875 0.275 0.10329786249999999 0.2884814671875 0.14734374687500001 0.29506957031250003 0.1566808171875 0.3144796140625 0.17842383281250002 0.3191050765625 0.1796875 0.35354552968749997 0.1796875 0.36296559687499996 0.1723465125 0.3815310203125 0.137784946875 0.3859375 0.1164206546875 0.3859375 0.0582699515625 0.3820966421875 0.040562725 0.37284284687499997 0.01929274375 0.3597344125 0 0.2956643625 0
1 0.6296875 0 0.6296875 0.16510833281249998 0.6364076437499999 0.165625 0.6397629109375 0.165625 0.6631740015625 0.1044412375 0.6716394125 0.04604325625 0.665682684375 0 0.6296875 0
1 0.8579094234374999 0 0.8835822109375 0.06414009375 0.8814071453124999 0.1196093984375 0.8663499203124999 0.1605860546875 0.872691828125 0.1640625 0.8980139203124999 0.1640625 0.9091849218749999 0.12090316875 0.9109375 0.08508261406249999 0.9109375 0.024805512499999998 0.9049501531249999 0 0.8579094234374999 0
1 0.9301483203125 0 0.9258101859375 0.015972221875 0.9239583328125001 0.065972221875 0.940625 0.1576388890625 0.9758101859374999 0.16319444375 0.9924768515625001 0.07430555625 0.990625 0.013194443750000001 0.987241809375 0 0.9301483203125 0
0 0.7259987999999999 0 0.7109953703125 0.02430555625 0.6980324078125 0.1020833328125 0.70914351875 0.1520833328125 0.7341435187500001 0.1923611109375 0.769328703125 0.2173611109375 0.8017361109374999 0.22430555624999998 0.843402778125 0.1979166671875 0.8702546296874999 0.1576388890625 0.8832175921874998 0.11319444375000001 0.88506944375 0.06875 0.87210648125 0.021527778125 0.8584906218749999 0 0.7259987999999999 0
1 0.1483643984375 0.6150321390625 0.15920572500000002 0.6954361484375 0.15782603906249998 0.7279496375 0.1483015453125 0.7783285046875 0.1449004140625 0.8192511015624999 0.14560977656250002 0.8368588499999999 0.153531771875 0.8904413140624999 0.170952546875 0.960447971875 0.175810378125 0.9671875 0.1953125 0.9671875 0.1953125 0.733727275 0.18979682656250002 0.7149578546875001 0.1874011859375 0.6806985953125 0.188727553125 0.6175689296875 0.186655646875 0.5879393 0.1771259234375 0.5673408656250001 0.16957696093750002 0.562292878125 0.16483757968749999 0.562292878125 0.15512142812500002 0.5661255109375001 0.1488347703125 0.5769782484375 0.147334159375 0.5853722 0.1483643984375 0.6150321390625
1 0.22942740781249998 1 0.24628755937500002 0.9356080609374999 0.253140846875 0.8707659718749999 0.2530226640625 0.8467282624999999 0.2400416828125 0.757268003125 0.23962941249999997 0.7304616078125 0.24631504375 0.6804161515625 0.2532026875 0.6470100890625 0.25625 0.6148277734375001 0.25625 0.6029856234375 0.253797728125 0.588749484375 0.2457035125 0.5764085796875 0.239871365625 0.575 0.2323492640625 0.575 0.22635709375 0.5776708796875 0.21733939531250002 0.5893858671875 0.21136699062500003 0.605208428125 0.20820076406250002 0.6376249265625 0.20985671093749997 0.681052534375 0.20785858125 0.73101616875 0.2002233546875 0.7672091015625 0.195622603125 0.7805738124999999 0.195622603125 1 0.22942740781249998 1
1 0.632217209375 0.51875 0.6385837890625 0.650326040625 0.6296875 0.6962666703125 0.6296875 0.95173654375 0.6340004546875 0.9725482640625 0.648382515625 0.975 0.668004775 0.975 0.6760837890625 0.968844559375 0.6844171234374999 0.9392149296875001 0.6960837921875 0.86514085625 0.696875 0.8363057093750002 0.696875 0.7931164359375 0.694417125 0.761437153125 0.6727504578125 0.6651408562500001 0.6766346484375 0.51875 0.632217209375 0.51875
1 0.72767286875 0.51875 0.725430665625 0.5255174046875 0.7272164125 0.559591478125 0.7403634984374999 0.6516858062499999 0.737092321875 0.7004049609375 0.7239971484375001 0.7680681609375 0.7227808453125 0.8242432187500001 0.72801900625 0.8924398640625 0.7485108078125 0.9817894531250001 0.755465534375 0.9921875 0.7859375 0.9921875 0.7859375 0.7231152562500001 0.774338678125 0.6807796078124999 0.77156431875 0.6437183234375 0.7723302546874999 0.5313197093750001 0.768604853125 0.51875 0.72767286875 0.51875
1 0.679012428125 0.51875 0.67925569375 0.613160434375 0.6751474921875 0.657463246875 0.6751474921875 0.6775230765625 0.6860316984375 0.7379541953125 0.6934110312499999 0.7590442546875 0.6973449859375 0.7992383203125 0.6970260828125 0.8540531359375001 0.6840261796875 0.9393968640625001 0.6890515421875 0.940625 0.70974948125 0.940625 0.7098595125 0.9406000703124999 0.7026956546875 0.8824729765624999 0.7031869375 0.79802853125 0.7075518421875 0.7641485234375001 0.7234375 0.6981672484375 0.7234375 0.6951051203125 0.7124252656250001 0.6428611078124999 0.71173845625 0.6176371078125 0.7206147859375001 0.52469190625 0.7204736374999999 0.51875 0.679012428125 0.51875
1 0.7698190109375 0.51875 0.7716666671875 0.5296990734375 0.765 0.6704398140625 0.7849999999999999 0.7622916671875 0.7908333328125 0.8037731484374999 0.7908333328125 0.874884259375 0.7783333328125 0.959328703125 0.7983333328125 0.9622916671875 0.8074999999999999 0.9415509265625002 0.8158333328125 0.89710648125 0.8241666671875001 0.77710648125 0.7983333328125 0.6526620375000001 0.7975 0.6230324078125 0.8041666671875 0.54006944375 0.803738375 0.51875 0.7698190109375 0.51875
1 0.8540463546874999 0.51875 0.8533333328125 0.5504398140625 0.86 0.6215509265625 0.86 0.6659953703125 0.8408333328125 0.7474768515625 0.8416666671874999 0.756365740625 0.8654166671875 0.7259953703124999 0.9025000000000001 0.714884259375 0.8941666671874999 0.6689583328125 0.8925000000000001 0.639328703125 0.8991666671875 0.519328703125 0.899036459375 0.51875 0.8540463546874999 0.51875
1 0.8994862687499999 0.51875 0.9 0.5237731484375 0.8933333328125 0.6289583328124999 0.8975 0.6867361109375001 0.9054166671875 0.71710648125 0.9441666671875 0.7385879624999999 0.9416666671874999 0.714884259375 0.925 0.6422916671875 0.9303974515625001 0.51875 0.8994862687499999 0.51875
1 1 0.51875 0.9800000000000001 0.51875 0.9800000000000001 0.5459953703125 0.9858333328125 0.6022916671875 0.985 0.6585879625000001 0.9616666671875 0.7696990734375 0.9724999999999999 0.8037731484374999 0.9775 0.8378472218749999 0.9783333328125 0.871921296875 0.9733333328124999 0.916365740625 0.9800000000000001 0.951921296875 0.9879166671874999 0.9630324078125 1 0.9633437328125 1 0.51875
0 0.9043469046875 1 0.9345833328125 0.9867361109375 0.96 0.951921296875 0.975 0.90006944375 0.9775 0.8511805562500001 0.9683333328125 0.794884259375 0.9470833328125 0.7437731484375 0.92875 0.7289583328125 0.8954166671875001 0.71710648125 0.8620833328125 0.7289583328125 0.8470833328125 0.7452546296875 0.8341666671875 0.7696990734375 0.8241666671875001 0.8008101859375 0.8183333328125 0.9030324078125 0.8300000000000001 0.9474768515624999 0.84375 0.971921296875 0.8595833328125 0.9882175921874999 0.8875665500000001 1 0.9043469046875 1