1 0.49969825468750007 0.2503005125 0.49615065312500006 0.25931924687499996 0.49485688281250007 0.287097021875 0.48385968124999995 0.30444238437500004 0.48316307031249994 0.369884053125 0.4796875 0.38068955312499997 0.4796875 0.5 0.491231134375 0.5 0.49374735156250005 0.49603128906249994 0.50538645 0.4480757421875 0.5055705406250001 0.41046648125 0.499310565625 0.3765868453125 0.50508280625 0.3031396234375 0.49798188281250005 0.2873155421875 0.5000859515625 0.2503005125 0.49969825468750007 0.2503005125
1 0.45570618124999995 0.35743068437500003 0.4536857328125 0.3463468453125 0.4453748703125 0.33672461875000004 0.446048471875 0.286733709375 0.442633878125 0.2833023953125 0.4399061203125 0.336788253125 0.43263239374999996 0.3452034046875 0.42914368124999996 0.3577397671875 0.43255139218750005 0.42850946562500003 0.4234375 0.4672649 0.4234375 0.57061935625 0.4264626890625 0.584083203125 0.4297645 0.5875 0.443932028125 0.5875 0.44833768906250004 0.5838286640625 0.46191541562499994 0.519803415625 0.460043203125 0.476784221875 0.4497388921875 0.4283094703125 0.45570618124999995 0.35743068437500003
1 0.22810624062499998 0.6390625 0.2265014984375 0.5980910890625 0.22279461718750002 0.5733278875 0.215782234375 0.5578588625 0.203055946875 0.5490838328125001 0.1908145609375 0.5611421359375 0.1790958109375 0.56203013125 0.16875 0.588593428125 0.16875 0.6045369796875 0.1708980359375 0.6301312375 0.1734753078125 0.6390625 0.22810624062499998 0.6390625
1 0.6924312718750001 0.5896299140625 0.7046692546875 0.57259841875 0.718882240625 0.5104166671875 0.7218471484375 0.4687727328125 0.718508690625 0.4130353203125 0.7045966781249999 0.350035215625 0.7046355281250001 0.3194341953125 0.7124189953125 0.230636234375 0.70300034375 0.2088015734375 0.69078135 0.20625 0.6869545546875 0.20625 0.6779178421875 0.2171132921875 0.674210534375 0.228133475 0.675399275 0.354749684375 0.6703125 0.3751391703125 0.6703125 0.5872942828125 0.675988578125 0.590625 0.6831217484375001 0.590625 0.6924312718750001 0.5896299140625
1 0.509375 0.6390625 0.509375 0.73125 0.5223904609375001 0.73125 0.5335404734375 0.6820146078125 0.5332717437500001 0.6541275671875 0.5308698453125 0.6390625 0.509375 0.6390625
1 0.5453125 0.6390625 0.5453125 0.7234375 0.5464763140625 0.7234375 0.557943046875 0.72055250625 0.5681333078125 0.6754094562499999 0.5680751046875 0.6466602875 0.566683403125 0.6390625 0.5453125 0.6390625
1 0.4703125 0.6390625 0.4703125 0.6452414296875 0.4784465796875 0.6514825359375 0.48612884218749997 0.6648145234375 0.49067964999999997 0.6875 0.49286673125 0.6875 0.493294740625 0.686945840625 0.4938605171875 0.6675013953125 0.488128478125 0.6390625 0.4703125 0.6390625
1 0.41991108906249996 0.6390625 0.4134876375 0.6638466109375 0.4125 0.6740939125 0.4125 0.7220034390625 0.41649046093750003 0.7480269374999999 0.41808088281250005 0.7515625 0.43432823750000005 0.7515625 0.435739740625 0.7456407546875 0.42979866875 0.7145539390625 0.430129146875 0.68391945 0.4433727046875 0.647668671875 0.4408892421875 0.6390625 0.41991108906249996 0.6390625
1 0.3773046875 0.6390625 0.3734375 0.65625 0.3713541671875 0.677546296875 0.3729166671875 0.7081018515624999 0.3796875 0.7414351859374999 0.3815104171875 0.746527778125 0.3864583328125 0.7479166671875 0.39791666718749996 0.7442129625 0.40520833281249996 0.7173611109375 0.40729166718750004 0.696990740625 0.4046875 0.6571759265625 0.400462875 0.6390625 0.3773046875 0.6390625
1 0.3379596359375 0.6390625 0.33541666718749996 0.6516203703125 0.3333333328125 0.6738425921875 0.3401041671875 0.7229166671875 0.3458333328125 0.734953703125 0.35494791718749996 0.7354166671875 0.359375 0.73125 0.3682291671875 0.6821759265625 0.36666666718749996 0.6543981484375 0.363411459375 0.6390625 0.3379596359375 0.6390625
1 0.30493055625 0.6390625 0.3026041671875 0.65069444375 0.3015625 0.6664351859375001 0.30416666718749996 0.6960648140625001 0.3109375 0.7238425921875 0.3231770828125 0.72430555625 0.3255208328125 0.7201388890625 0.3328125 0.6766203703125 0.3317708328125 0.646990740625 0.32989309218749996 0.6390625 0.30493055625 0.6390625
0 0.44505208281249997 0.7613425921875 0.45625 0.7682870375 0.46848958281249997 0.7678240734375 0.48203125 0.7567129625 0.4927083328125 0.7395833328125 0.4973958328125 0.715509259375 0.4973958328125 0.6932870375 0.49114583281249996 0.6673611109375 0.4799479171875 0.6493055562500001 0.46796875 0.640046296875 0.45338541718750003 0.640046296875 0.44244791718750004 0.6483796296875 0.4328125 0.665509259375 0.4265625 0.6886574078125001 0.4265625 0.7173611109375 0.43177083281249995 0.7414351859374999 0.44505208281249997 0.7613425921875