1 0.2038260296875 0.359375 0.205159803125 0.3211278734375 0.1972794234375 0.2635593671875 0.20082663906249998 0.2107269578125 0.209041928125 0.17278991562499998 0.2109375 0.14775638124999999 0.2109375 0.1362563421875 0.2091002015625 0.1271204734375 0.2031923609375 0.1202675125 0.1877244375 0.1202675125 0.1799027984375 0.13469735 0.1718087515625 0.2445834609375 0.16595663125 0.2671334671875 0.15495861875 0.2924626921875 0.15495861875 0.359375 0.2038260296875 0.359375
1 0.8524747984375001 0.359375 0.848790321875 0.3453604296875 0.8520161296875 0.2165260734375 0.84717741875 0.2073236203125 0.83427419375 0.2073236203125 0.8262096781249999 0.2226610421875 0.8262096781249999 0.2410659515625 0.8229838703125001 0.2472009203125 0.8229838703125001 0.265605828125 0.8262096781249999 0.27174079687499997 0.8262096781249999 0.33922545937500004 0.8209122984375 0.359375 0.8524747984375001 0.359375
1 0.8930859375000001 0.359375 0.8842741937499999 0.31468558281250003 0.8907258062500001 0.16131135000000002 0.882661290625 0.1521088953125 0.876209678125 0.1521088953125 0.8713709671875 0.16131135000000002 0.8616935484375 0.2165260734375 0.8649193546875 0.23493098125 0.8649193546875 0.3085506140625 0.8552419359375 0.33922545937500004 0.8552419359375 0.359375 0.8930859375000001 0.359375
1 0.9842741937499999 0.2226610421875 0.9842741937499999 0.1858512265625 0.9875 0.1797162578125 0.9875 0.16744631875 0.9794354843749999 0.1459739265625 0.9697580640625001 0.1459739265625 0.9649193546875001 0.1551763796875 0.9649193546875001 0.2472009203125 0.9616935484375 0.25333588906250004 0.9616935484375 0.27174079687499997 0.9681451609374999 0.296280675 0.9681451609374999 0.35763036875 0.9810483874999999 0.35763036875 0.9907258062500001 0.3453604296875 0.9907258062500001 0.27787576718749996 0.9810483874999999 0.2472009203125 0.9810483874999999 0.2287960125 0.9842741937499999 0.2226610421875
1 0.9223606500000001 0.359375 0.9229838703125001 0.33922545937500004 0.9133064515625 0.30241564374999996 0.9165322578125 0.1858512265625 0.9116935484375001 0.170513803125 0.9084677421875 0.17664877343750002 0.9036290328125001 0.1735812890625 0.9020161296874999 0.1459739265625 0.8971774187499999 0.1551763796875 0.8971774187499999 0.1797162578125 0.8907258062500001 0.19812116562499998 0.8907258062500001 0.25947085937500003 0.8939516125000001 0.265605828125 0.8939516125000001 0.29014570625 0.8875 0.31468558281250003 0.8907258062500001 0.3514953984375 0.8939516125000001 0.35763036875 0.8939516125000001 0.359375 0.9223606500000001 0.359375
1 0.948790321875 0.359375 0.948790321875 0.31468558281250003 0.939112903125 0.27174079687499997 0.939112903125 0.2472009203125 0.942338709375 0.2410659515625 0.942338709375 0.1735812890625 0.9375 0.164378834375 0.9245967734375 0.164378834375 0.9197580640625 0.1735812890625 0.9197580640625 0.19198619687500001 0.9165322578125 0.19812116562499998 0.9165322578125 0.2472009203125 0.9197580640625 0.25333588906250004 0.9197580640625 0.27174079687499997 0.9165322578125 0.27787576718749996 0.9165322578125 0.31468558281250003 0.9229838703125001 0.33922545937500004 0.9229838703125001 0.359375 0.948790321875 0.359375
1 0.9766095421875001 0.359375 0.9858870968750001 0.3545628828125 0.9907258062500001 0.33309049062499996 0.9907258062500001 0.28401073593750004 0.9810483874999999 0.2472009203125 0.9875 0.16131135000000002 0.9794354843749999 0.1459739265625 0.9729838703125001 0.1459739265625 0.9649193546875001 0.16131135000000002 0.9633064515624999 0.2686733125 0.9584677421875 0.25333588906250004 0.9616935484375 0.2410659515625 0.9616935484375 0.16131135000000002 0.9568548390625 0.1521088953125 0.9471774187499999 0.1521088953125 0.942338709375 0.16131135000000002 0.942338709375 0.25333588906250004 0.939112903125 0.25947085937500003 0.939112903125 0.27174079687499997 0.948790321875 0.3085506140625 0.948790321875 0.359375 0.9766095421875001 0.359375
1 0 0.359375 0 0.8119029515625 0.011150223437499999 0.821875 0.0339743546875 0.821875 0.035349179687499996 0.8217136046875 0.05913784062500001 0.8067520296874999 0.06371060625 0.7951800234374999 0.08585391249999999 0.7056595031249999 0.0890625 0.644435996875 0.0890625 0.6439543671875001 0.07787190000000001 0.5855117421875 0.040237096875 0.51653821875 0.0410777765625 0.37940660937500004 0.0290752296875 0.359375 0 0.359375
1 0.18920183125 0.359375 0.18920183125 0.3604722796875 0.16850119375 0.42412730937500004 0.16531648125 0.47956878906250006 0.176462978125 0.532956878125 0.2067177546875 0.6048254625 0.2385648890625 0.6089322375 0.25448845468750003 0.5986652984375 0.2735967359375 0.5370636546875 0.2767814484375 0.45698151875 0.2656349515625 0.4077002046875 0.24314987968750001 0.359375 0.18920183125 0.359375
1 0.3452092453125 0.359375 0.33888335937499997 0.378952771875 0.3484375 0.5165297734375 0.32295979375 0.58634496875 0.313405653125 0.6664271046875 0.3213674359375 0.725975359375 0.35002985625 0.8060574953125 0.36674960156249997 0.8152977406249999 0.3898387734375 0.814271046875 0.407354696875 0.80195071875 0.42805533437500004 0.748562628125 0.4423865453125 0.6746406578125 0.4423865453125 0.639733059375 0.402577628125 0.5226899390625 0.402577628125 0.46314168437500003 0.4137241234375 0.37689938437500003 0.4053949109375 0.359375 0.3452092453125 0.359375
1 0.2604178890625 1 0.2656349515625 0.97443531875 0.2624502390625 0.9107802875000001 0.248119028125 0.857392196875 0.2067177546875 0.7855236140625 0.203533040625 0.615092403125 0.18044386875 0.5894250515625 0.167705015625 0.5894250515625 0.1597432328125 0.6017453796875 0.1470043796875 0.6017453796875 0.134265525 0.5894250515625 0.11754577968749999 0.6089322375 0.1127687109375 0.6438398359375 0.1382464171875 0.75677618125 0.1398387734375 0.8081108828125 0.11436106718750001 0.869712525 0.10480692656249999 0.95184805 0.113104875 1 0.2604178890625 1
1 0.6544703609375 1 0.6605394109375 0.986755646875 0.6700935515625 0.9456878843750001 0.66531648125 0.8738193015625001 0.631876990625 0.7814168375 0.631876990625 0.7382956875 0.654169984375 0.6417864468750001 0.655762340625 0.6007186859375 0.6358578828125 0.5729979468749999 0.6135648890625001 0.5812114984375001 0.599233678125 0.5771047234375001 0.5928642515625 0.5668377828125 0.5809215765625 0.571971253125 0.561813296875 0.615092403125 0.566590365625 0.6890143734375 0.561813296875 0.771149896875 0.5235967359375 0.8348049281249998 0.5108578828125 0.8779260781249999 0.525421821875 1 0.6544703609375 1
1 0.485984928125 0.359375 0.4646795375 0.4056468171875 0.45671775468750003 0.46724845937500004 0.46308718125 0.5247433265625 0.48378781875000004 0.5904517453125 0.520412021875 0.5986652984375 0.5347432328124999 0.5904517453125 0.561813296875 0.5206365500000001 0.5697750796875 0.46724845937500004 0.564998009375 0.4077002046875 0.54846486875 0.359375 0.485984928125 0.359375
1 0.7136261765625 0.359375 0.703533040625 0.506262834375 0.6573546968749999 0.58634496875 0.6589470546875 0.62946611875 0.6493929140625 0.703388090625 0.6605394109375 0.7300821359375 0.6700935515625 0.7855236140625 0.686813296875 0.8029774125 0.711494825 0.8060574953125 0.7385648890625001 0.789630390625 0.770412021875 0.7239219718750001 0.7863355890625 0.6561601640625 0.7863355890625 0.6089322375 0.7624502390625 0.5226899390625 0.7624502390625 0.5021560578125 0.7688196656249999 0.45698151875 0.791112659375 0.3892197125 0.791112659375 0.359375 0.7136261765625 0.359375
1 1 1 1 0.359375 0.9580631578125001 0.359375 0.9656320390625 0.3753184375 0.9861282453125 0.45950776718749997 0.958016534375 0.5206309375 0.903175225 0.57194741875 0.8155247390625 0.64034749375 0.809375 0.6464342203125 0.809375 0.9555388390624999 0.844384565625 0.980819675 0.877339103125 1 1 1