1 0.3759404796875 0 0.3800437234375 0.025411096875 0.38323347343749997 0.0763461140625 0.369504246875 0.1519629390625 0.3699313015625 0.1898986296875 0.37366451093749997 0.22141647656250002 0.390276246875 0.290162275 0.394076290625 0.29375 0.4203125 0.29375 0.4203125 0.1095505921875 0.41083763749999996 0.076827946875 0.408861034375 0.049041078125 0.41017801875000004 0 0.3759404796875 0
1 0.2899642203125 0 0.2919386203125 0.04091353125 0.2905009953125 0.0566360828125 0.2829655125 0.0836328296875 0.2829655125 0.2484375 0.3202867265625 0.2484375 0.3245245875 0.247561190625 0.33907316875000004 0.2262657234375 0.3417880796875 0.170691978125 0.346875 0.1335903046875 0.346875 0.12844289375 0.34317466093750004 0.10208251875 0.32660028125 0.055113271875 0.32408695781249997 0.0355415125 0.323777725 0 0.2899642203125 0
1 0.4390625 0 0.43566058906249994 0 0.43680115781250006 0.0413710921875 0.43475364687500007 0.0552508921875 0.421890825 0.10085789999999999 0.421890825 0.23346427812499998 0.42353466875 0.2422606578125 0.42624560312500004 0.24375 0.42910085468750003 0.24375 0.43502184843749997 0.22658355000000002 0.4333911921875 0.21360846718749998 0.42987469375 0.2098835515625 0.4280823671875 0.2015380984375 0.432231121875 0.1946163796875 0.4390625 0.1900931015625 0.4390625 0
0 0.1987290578125 0.3062507125 0.22580937343750002 0.315625 0.24607134843749998 0.315625 0.266437390625 0.3046747828125 0.280626925 0.27984074375 0.2890625 0.24662389375 0.2890625 0.1796313984375 0.28585948437500003 0.1632104453125 0.2725711703125 0.127919909375 0.2502376 0.11413306406249998 0.22926830312500002 0.11413306406249998 0.22864236875000002 0.1141476328125 0.2199854609375 0.11989715000000001 0.209334621875 0.133090440625 0.186200075 0.1775507625 0.18076951875 0.2021192046875 0.18076951875 0.2784352484375 0.1812556171875 0.2803042953125 0.1987290578125 0.3062507125
1 0.0028986078124999997 0 0.0028863343749999998 0.0019003734375000001 0.0063601765625 0.029040332812500003 0.008848128125 0.059490006250000005 0.004649928125 0.09460109375 0 0.11059188281250001 0 0.278125 0.020594734375 0.278125 0.034745398437500005 0.2764991203125 0.041549010937500006 0.2617430890625 0.043083064062499996 0.2113243625 0.046875 0.1522411390625 0.046875 0.13464921875 0.036128346875 0.07623130624999999 0.030897940625 0.0372038734375 0.030526121875 0 0.0028986078124999997 0
1 0.8046875 0.5 0.8046875 0.3240726609375 0.7976899 0.29740286718750003 0.79550624375 0.25573619999999997 0.7988058515625001 0.16976145781250002 0.791818253125 0.148131403125 0.7796627703125 0.13959351874999998 0.7674539250000001 0.1449308859375 0.7615047921875 0.15800941875000002 0.7601800828125 0.1774129515625 0.76816249375 0.2552589140625 0.7679101859374999 0.280231640625 0.7535080781250001 0.3479735484375 0.7500046203125 0.38537809218749997 0.753915778125 0.4451139515625 0.7653766640624999 0.5 0.8046875 0.5
1 1 0.5 0.9613259609375 0.5 0.958941728125 0.5134023187500001 0.9573307734375 0.5869179734375 0.9624599140625001 0.6550008015625 0.9746008796875 0.7079422187500001 0.9821335015624999 0.7203125 1 0.7203125 1 0.5
1 0.8838896375 0.5 0.8838896375 0.6875 0.899969953125 0.6875 0.9084901406250001 0.683964075 0.914956215625 0.6734110281250001 0.9190519390624999 0.6566716265625 0.9180833812500001 0.63311506875 0.92339466875 0.55531910625 0.9328153718750001 0.5 0.8838896375 0.5
1 0.8163100453125001 0.5 0.815113553125 0.5038872343749999 0.8075005015624999 0.5534777078124999 0.8074413687499999 0.625745434375 0.8072885546874999 0.627023946875 0.8072885546874999 0.6812353765625 0.8138147703125 0.7192264125 0.81913451875 0.73858691875 0.8201451593750001 0.7390625 0.8557430421875001 0.7390625 0.8557659296875 0.73905151875 0.8633736593750001 0.723511571875 0.8723552765625 0.690678765625 0.8796875 0.6418070625000001 0.8796875 0.5548426531249999 0.8722714343749999 0.5 0.8163100453125001 0.5
1 0.750421875 0.5 0.74296875 0.53680555625 0.74453125 0.5951388890625 0.746875 0.63680555625 0.75120186875 0.6714750109375001 0.76171875 0.70625 0.7921875 0.7104166671875 0.79921875 0.703472221875 0.8084617546875 0.6832915578125001 0.809375 0.6465277781250001 0.809375 0.5604166671875 0.8140625 0.5215277781250001 0.8098999015625001 0.5 0.750421875 0.5
1 0.6843030421874999 0.5 0.6828125 0.6006944437499999 0.68984375 0.65625 0.697265625 0.6736111109375 0.703515625 0.6777777781250001 0.73359375 0.6770833328125 0.73984375 0.6645833328124999 0.74453125 0.640972221875 0.74140625 0.5423611109375 0.7483038656250001 0.5 0.6843030421874999 0.5
1 0.616310975 0.5 0.615625 0.50625 0.61796875 0.5576388890625 0.63046875 0.634027778125 0.641015625 0.647222221875 0.65546875 0.6479166671875001 0.671484375 0.64305555625 0.6796875 0.61875 0.68125 0.5104166671875 0.682637746875 0.5 0.616310975 0.5
0 0.675106534375 1 0.678125 0.996527778125 0.70078125 0.9326388890625001 0.703125 0.878472221875 0.7015625 0.8548611109375 0.6953125 0.828472221875 0.673046875 0.7819444437499999 0.651953125 0.7611111109375 0.616796875 0.7541666671874999 0.576171875 0.784722221875 0.565625 0.80069444375 0.55234375 0.8395833328125001 0.54765625 0.86875 0.54765625 0.89375 0.55234375 0.94930555625 0.5761626843750001 1 0.675106534375 1