1 0.17074363125 0.509375 0.1734375 0.48685426249999997 0.1734375 0.412689271875 0.171319509375 0.39678407187500003 0.1522382171875 0.3392940578125 0.147750184375 0.239180396875 0.1410327953125 0.22579273125000002 0.1348971203125 0.2234375 0.132386909375 0.2234375 0.12309636718750001 0.2308254484375 0.1203125 0.2402774 0.1203125 0.24868140625000001 0.129557725 0.3344681625 0.12157 0.438384775 0.1256540171875 0.4690539921875 0.1367501609375 0.509375 0.17074363125 0.509375
1 0.8657046203124998 0 0.8623292515625 0.00580076875 0.8599295687499999 0.023162665625000002 0.8638313390625001 0.05094767812499999 0.8670037890625 0.09406872187500001 0.869264434375 0.1191389890625 0.8655115828125 0.1533763484375 0.859375 0.179906890625 0.859375 0.2392375859375 0.8619280437499999 0.2620424640625 0.870160734375 0.2982444796875 0.8782641328124999 0.3233353875 0.882766146875 0.3265625 0.9024700921874999 0.3265625 0.9094656515625001 0.31953234531249997 0.91775290625 0.27251205624999997 0.91775290625 0.20222774999999998 0.9083010937499999 0.1582136046875 0.9001122531250001 0.126006996875 0.8942990546875 0.09022023125 0.8935879484375 0.026993465625 0.8929177046875001 0.0113639390625 0.8908679781250001 0.003095284375 0.8888776875 0 0.8657046203124998 0
1 0.632702628125 0.3578125 0.6421564796875 0.3561312734375 0.6487365031250001 0.3459078296875 0.651650371875 0.316756784375 0.651650371875 0.25310281875 0.6471957015625 0.21532954062499998 0.6290976671875 0.19258448125 0.62351579375 0.1729809140625 0.617015303125 0.1297435015625 0.6134862875 0.060208128125 0.6043928281250001 0.041196709375 0.6043107593749999 0.041183109375 0.592295278125 0.041183109375 0.5864563984375 0.046229426562499995 0.584375 0.051659020312500005 0.584375 0.0902837515625 0.595188784375 0.1374403375 0.59771838125 0.1694529765625 0.5925162828125 0.2151271859375 0.5927344515625 0.2526271859375 0.6048248953125 0.3168570546875 0.619097484375 0.3533773421875 0.6239538703124999 0.3578125 0.632702628125 0.3578125
1 0.8286219499999999 0.1565158421875 0.8229258296874999 0.14015625 0.7989147328125 0.10745941249999999 0.7924669390625 0.092340759375 0.7840610546875 0.04666655 0.7762089828125001 0.02184840625 0.7681195765625 0.01164769375 0.7603070765625 0.0118750140625 0.753125 0.02151296875 0.753125 0.051209796875000005 0.774517975 0.105386328125 0.7796208499999999 0.14837368906249998 0.79519641875 0.171575621875 0.8053032375000001 0.19493668125000002 0.8119883999999999 0.250401309375 0.82287070625 0.2640625 0.8286219499999999 0.2640625 0.8286219499999999 0.1565158421875
0 0.716796875 0.3045138890625 0.734375 0.31493055625 0.748828125 0.3142361109375 0.773046875 0.303125 0.7890625 0.274652778125 0.7953125 0.2510416671875 0.79609375 0.221875 0.7921875 0.18993055625 0.778515625 0.16006944375 0.765234375 0.143402778125 0.745703125 0.1420138890625 0.721484375 0.14895833281249998 0.70546875 0.174652778125 0.69921875 0.196875 0.6984375 0.2427083328125 0.70703125 0.2857638890625 0.716796875 0.3045138890625
1 0.465234375 0.3697916671875 0.50234375 0.3802083328125 0.512890625 0.380902778125 0.524609375 0.3739583328125 0.52734375 0.369097221875 0.5265625 0.346875 0.51640625 0.306597221875 0.5046875 0.2802083328125 0.47629638593750007 0.24304438125 0.45969823437499996 0.219166903125 0.452734375 0.19756944375000002 0.43359375 0.1357638890625 0.423828125 0.125347221875 0.412890625 0.125347221875 0.400390625 0.1364583328125 0.39453125 0.15243055625 0.39453125 0.169097221875 0.428125 0.2329861109375 0.4375 0.26076388906250003 0.4453125 0.3204861109375 0.4546875 0.356597221875 0.465234375 0.3697916671875
1 0.259375 0.8479616562500001 0.24827217968749998 0.808277828125 0.24381461249999997 0.7832293437500001 0.24256823593750002 0.76562463125 0.24645845156249999 0.69716065625 0.24603826093749998 0.6610495453125 0.2392962 0.64106638125 0.228793340625 0.6335377671875 0.22202250625 0.63345898125 0.21273369999999997 0.6407572984375001 0.20645492812500002 0.6605889515625 0.2068212484375 0.6920704328125 0.2126544796875 0.7458347421875 0.2131500890625 0.7884273343749999 0.1984375 0.8595516578125 0.1984375 0.9328039765625 0.20179556875000002 0.976232725 0.207072584375 1 0.2574863140625 1 0.259375 0.98972316875 0.259375 0.8479616562500001
1 0.1950851515625 1 0.1950851515625 0.9352251328125 0.1911129453125 0.9009051921874999 0.1735106546875 0.8291087906250001 0.17129803593749998 0.80682595 0.1730581578125 0.7513310125 0.17700396093749998 0.7134892875000001 0.1762514921875 0.6736593171875 0.1725356296875 0.6615161984375 0.16177504843749999 0.646853675 0.1538612296875 0.64350465625 0.1508716953125 0.64350465625 0.148222609375 0.6446078 0.1378598109375 0.653563965625 0.130949765625 0.6741927109375 0.131170628125 0.7121556734375 0.1378892859375 0.792893084375 0.1370146125 0.8215664796875 0.11974261718749998 0.8960512203125 0.115625 0.9264707390625 0.115625 0.9980920265624998 0.1157966640625 1 0.1950851515625 1
1 0.5085895609375 0.7383978843750001 0.507533571875 0.71477768125 0.51209178125 0.703721115625 0.5102545421875 0.6800918234375001 0.5042739578125 0.6696069765624999 0.4980239578125 0.6695342515625 0.492301953125 0.681271628125 0.49612188437500004 0.7410302124999999 0.48794832499999996 0.7770413234375 0.4875 0.7979320375000001 0.4875 0.8009692812499999 0.496633528125 0.8521322328125001 0.5015806140625 0.8546875 0.5135210375 0.8546875 0.516100134375 0.8468039390625 0.5202875625 0.801839965625 0.5202875625 0.7805115796875001 0.5142037625 0.75096151875 0.5085895609375 0.7383978843750001
1 0.6218565828125 0.6774887828125 0.6231605124999999 0.6330898031250001 0.6188030359375001 0.622548109375 0.6133342859375001 0.622388984375 0.6083086828125 0.631269003125 0.610902921875 0.6743927546874999 0.6046875 0.7116349828125 0.6046875 0.7394300828125 0.6083112234375 0.76596849375 0.6124876359375 0.7734375 0.6242673468750001 0.7734375 0.6263042140625 0.770657996875 0.6301321703125 0.7436101953125 0.6301321703125 0.7181705562499999 0.6298549296875 0.7096605453125 0.6218565828125 0.6774887828125
1 0.597344171875 0.712432746875 0.59119556875 0.6881264125 0.5909582015625 0.6477804390624999 0.5852125453125 0.63751153125 0.5782703 0.6391050093749999 0.5765625 0.6440654359375 0.5765625 0.6669408625 0.5801888515625 0.6995785046874999 0.5765625 0.7291217031249999 0.5765625 0.7581657484375001 0.5797043265624999 0.77751540625 0.5886712921875 0.8 0.5909858578125 0.8 0.597344171875 0.7970769515624999 0.597344171875 0.712432746875
1 0.5359375 0.8211805562500001 0.5453125 0.8267361109374999 0.5546875 0.8197916671875 0.56015625 0.787847221875 0.56015625 0.7545138890625 0.55 0.718402778125 0.5515625 0.66006944375 0.541015625 0.65381944375 0.53515625 0.668402778125 0.53828125 0.718402778125 0.5296875 0.7545138890625 0.52890625 0.7725694437499999 0.5359375 0.8211805562500001
1 0.55 0.715625 0.5578125 0.74618055625 0.56015625 0.7364583328125001 0.55859375 0.7142361109375 0.55546875 0.69756944375 0.551171875 0.6927083328125 0.55 0.715625
1 0.53828125 0.6545138890625 0.55078125 0.65868055625 0.553125 0.6475694437499999 0.5515625 0.6322916671875001 0.548046875 0.6260416671875 0.541015625 0.62743055625 0.5375 0.63506944375 0.53828125 0.6545138890625
1 0.5078125 0.7392361109375 0.51953125 0.787847221875 0.52421875 0.7753472218749999 0.52578125 0.740625 0.51640625 0.700347221875 0.5171875 0.6489583328124999 0.508203125 0.6385416671875 0.5015625 0.6475694437499999 0.50078125 0.66006944375 0.5015625 0.668402778125 0.51015625 0.68368055625 0.5078125 0.7392361109375
1 0.47734375 0.7392361109375 0.48046875 0.7767361109375 0.4859375 0.7753472218749999 0.49140625 0.7392361109375 0.48984375 0.7142361109375 0.48203125 0.6864583328125 0.48359375 0.640625 0.480078125 0.6302083328125 0.475390625 0.62743055625 0.46875 0.63506944375 0.46796875 0.6545138890625 0.47265625 0.6711805562500001 0.4703125 0.7128472218749999 0.47734375 0.7392361109375
1 0.4578125 0.825347221875 0.4625 0.8295138890625001 0.47578125 0.825347221875 0.48125 0.787847221875 0.4796875 0.7545138890625 0.47109375 0.7197916671875 0.471875 0.665625 0.466796875 0.6552083328125 0.459765625 0.656597221875 0.4546875 0.668402778125 0.45859375 0.715625 0.45 0.765625 0.45078125 0.7920138890625 0.4578125 0.825347221875
1 0.428125 0.800347221875 0.43203125 0.8045138890625001 0.4453125 0.800347221875 0.45078125 0.76006944375 0.45 0.7350694437499999 0.440625 0.700347221875 0.4421875 0.655902778125 0.436328125 0.6427083328125 0.429296875 0.644097221875 0.425 0.653125 0.428125 0.705902778125 0.42109375 0.7420138890625 0.421875 0.77118055625 0.428125 0.800347221875
1 0.3984375 0.7739583328125 0.40546875 0.78368055625 0.415234375 0.781597221875 0.41953125 0.7697916671874999 0.421875 0.725347221875 0.41171875 0.68368055625 0.4125 0.640625 0.405078125 0.6302083328125 0.396875 0.6420138890625 0.4 0.690625 0.39453125 0.7114583328125 0.39375 0.7295138890625 0.3984375 0.7739583328125