1 0.0772062828125 0 0.0767466046875 0.0056312828125 0.0765625 0.006267081250000001 0.0765625 0.2078125 0.0902434171875 0.2078125 0.0982608703125 0.20190096875000002 0.114413575 0.1381393484375 0.1177014203125 0.097861571875 0.1167428953125 0.06170500625000001 0.10342247812500001 0.0045514765625 0.1036734546875 0 0.0772062828125 0
1 0.7016573 0.409375 0.692749203125 0.36549822656250003 0.7152104375 0.2250855546875 0.6912216531250001 0.1845203390625 0.6907587375 0.1845203390625 0.6570436171875 0.21899818437500002 0.6524561625 0.3650293765625 0.640625 0.3958271921875 0.640625 0.409375 0.7016573 0.409375
1 0.834847353125 0.409375 0.824324634375 0.37166385156250004 0.8316506406249999 0.236528715625 0.8115041203125 0.20679898593749999 0.793189103125 0.2122043921875 0.7730425828125 0.2581503375 0.7767055859374999 0.37706925625 0.768496021875 0.409375 0.834847353125 0.409375
1 0.9291459203125001 0.409375 0.9195627296875 0.37166385156250004 0.9268887359375 0.24733952656249997 0.9030792125 0.22301520312499998 0.8829326921875001 0.24193412187500002 0.8865956953125 0.37166385156250004 0.8760729765625002 0.409375 0.9291459203125001 0.409375
1 1 0.25793074374999997 0.9873282968750001 0.23923141874999998 0.95985576875 0.2581503375 0.9671817765625 0.3662584453125 0.9569554140625 0.409375 1 0.409375 1 0.3946114890625 0.9928228015624999 0.37166385156250004 1 0.260456078125 1 0.25793074374999997
1 0.43201394375 0.409375 0.425057234375 0.3662584453125 0.4323832421875 0.2527449328125 0.41589972500000005 0.2284206078125 0.39209020156249996 0.24733952656249997 0.39575320468749997 0.3662584453125 0.3829702515625 0.409375 0.43201394375 0.409375
1 0.5127028250000001 0.409375 0.49831730781250005 0.360853040625 0.505643315625 0.236528715625 0.4891597984375 0.217609796875 0.4616872703125 0.24193412187500002 0.469013278125 0.360853040625 0.4562261515625 0.409375 0.5127028250000001 0.409375
1 0.6042710703124999 0.409375 0.59721840625 0.3662584453125 0.6045444140624999 0.236528715625 0.588060896875 0.20679898593749999 0.5532623624999999 0.2311233109375 0.5605883703125001 0.360853040625 0.5467436625 0.409375 0.6042710703124999 0.409375
1 0.628318165625 0.409375 0.619196428125 0.37706925625 0.6228594328125 0.24733952656249997 0.606375915625 0.2338260140625 0.59721840625 0.360853040625 0.6087268203124999 0.409375 0.628318165625 0.409375
1 0.22223970624999997 0.76209273125 0.21828741875 0.7689977828125001 0.216489925 0.778244921875 0.21569287187500003 0.8199418890625001 0.21305572499999997 0.8458617546875 0.2109375 0.8520223421875001 0.2109375 0.8978498218750002 0.212250425 0.8940462671875 0.22157045625 0.8788624234375 0.23587207187499998 0.866516965625 0.231082878125 0.8293890218750001 0.23792792031249999 0.7710799296874999 0.23384920468749998 0.760374209375 0.2303545375 0.7584799343749999 0.22223970624999997 0.76209273125
1 0.17239583281249998 0.9601851859374999 0.1770833328125 0.9638888890625001 0.1861979171875 0.9643518515625 0.1901041671875 0.9601851859374999 0.1979166671875 0.93148148125 0.2 0.9138888890625001 0.196875 0.8731481484374999 0.1885416671875 0.8379629625 0.1885416671875 0.8055555562500001 0.190625 0.797222221875 0.1911458328125 0.7740740734375 0.1872395828125 0.7615740734375 0.18203125 0.758796296875 0.1768229171875 0.7606481484375001 0.17239583281249998 0.76851851875 0.1734375 0.8388888890625001 0.1666666671875 0.865740740625 0.16354166718750002 0.8888888890625001 0.165625 0.928703703125 0.17239583281249998 0.9601851859374999
1 0.1338541671875 0.9453703703125 0.1380208328125 0.9509259265625001 0.1466145828125 0.9513888890625001 0.1515625 0.9472222218749999 0.1604166671875 0.8953703703125001 0.1578125 0.865740740625 0.1484375 0.825 0.1510416671875 0.803703703125 0.1510416671875 0.7675925921875 0.14505208281249998 0.7606481484375001 0.1393229171875 0.7615740734375 0.1338541671875 0.7703703703125 0.1364583328125 0.8268518515625001 0.128125 0.8648148140625 0.12552083281249998 0.890740740625 0.1286458328125 0.922222221875 0.1338541671875 0.9453703703125
1 0.1010416671875 0.9361111109374999 0.10625 0.940740740625 0.11484375 0.940277778125 0.1171875 0.9370370375 0.125 0.89351851875 0.1244791671875 0.8675925921874998 0.115625 0.825 0.1171875 0.772222221875 0.11484375 0.765277778125 0.11015625 0.7625 0.10390625 0.765277778125 0.1015625 0.771296296875 0.10260416718750001 0.83055555625 0.09375 0.8796296296874999 0.09427083281250001 0.9 0.1010416671875 0.9361111109374999
1 0.19583333281249998 0.865740740625 0.2010416671875 0.91944444375 0.2052083328125 0.89444444375 0.20572916718749998 0.8768518515625001 0.196875 0.83055555625 0.1979166671875 0.7740740734375 0.1934895828125 0.7625 0.19088541718750002 0.7625 0.1885416671875 0.8370370375 0.19583333281249998 0.865740740625
0 0.259375 1 0.259375 0.86532738125 0.2455729171875 0.866203703125 0.2283854171875 0.8819444437499999 0.21875 0.9046296296874999 0.21458333281250003 0.934259259375 0.2171875 0.9611111109374999 0.221875 0.9768518515625001 0.2309895828125 0.9930555562500001 0.2401041671875 1 0.259375 1
1 0.659375 0.9296875 0.6700329453125 0.9296875 0.6730333484375 0.9269051140624999 0.6696307546875 0.9111098296875 0.676249046875 0.8555785140625 0.673883996875 0.843039121875 0.6662226609374999 0.8410963640624999 0.6597335453125 0.853532728125 0.659375 0.8852413484374999 0.659375 0.9296875
1 0.6325520828125001 0.9324074078125001 0.6390625 0.9328703703125001 0.6513020828125 0.93148148125 0.6526041671874999 0.9236111109374999 0.6489583328125 0.916203703125 0.646875 0.8986111109374999 0.6479166671875 0.858796296875 0.6463541671874999 0.846759259375 0.64296875 0.8398148140625 0.6356770828125 0.8379629625 0.6307291671874999 0.8439814812499999 0.6286458328125001 0.8541666671874999 0.634375 0.91805555625 0.63125 0.921759259375 0.6307291671874999 0.9273148140625 0.6325520828125001 0.9324074078125001
1 0.5770833328125 0.9245370375 0.5786458328125 0.9300925921874998 0.59609375 0.9305555562500001 0.5984375 0.9254629624999999 0.59375 0.8995370375 0.5973958328125001 0.8550925921874999 0.5953125 0.8458333328125001 0.5908854171875 0.840740740625 0.58359375 0.8425925921874999 0.5796875 0.8541666671874999 0.58125 0.8949074078125001 0.5770833328125 0.9245370375
1 0.5369791671874999 0.93194444375 0.5479166671875 0.934722221875 0.5609375 0.93194444375 0.5552083328125 0.9069444437499999 0.5572916671874999 0.8523148140625001 0.5533854171874999 0.8416666671874999 0.5455729171874999 0.8398148140625 0.540625 0.846759259375 0.5390625 0.8550925921874999 0.5416666671874999 0.9050925921874999 0.5369791671874999 0.93194444375
1 0.49791666718749994 0.93194444375 0.5078125 0.9328703703125001 0.5197916671874999 0.93194444375 0.5151041671875 0.915277778125 0.5166666671875 0.8550925921874999 0.5151041671875 0.8476851859375 0.51015625 0.840740740625 0.5028645828125 0.8444444437499999 0.49947916718749996 0.858796296875 0.5015625 0.9060185187500001 0.49791666718749994 0.93194444375
1 0.41822916718750003 0.93194444375 0.4203125 0.934722221875 0.43671875 0.9351851859375 0.440625 0.93194444375 0.4348958328125 0.9069444437499999 0.4369791671875 0.8550925921874999 0.43359375 0.8444444437499999 0.42890625 0.8416666671874999 0.42369791718750005 0.8435185187500001 0.41979166718750005 0.85601851875 0.421875 0.9041666671874999 0.41822916718750003 0.93194444375
2 0.8364820078124999 1 0.8375 0.9800925921874999 0.8315104171875 0.9305555562500001 0.81171875 0.93148148125 0.80859375 0.928703703125 0.7877604171875 0.93148148125 0.7138020828125 0.928703703125 0.67890625 0.9333333328125001 0.6591145828125 0.9305555562500001 0.6440104171875 0.9351851859375 0.60390625 0.9305555562500001 0.5919270828125001 0.9361111109374999 0.5768229171874999 0.9361111109374999 0.57265625 0.93148148125 0.56953125 0.9351851859375 0.56484375 0.9324074078125001 0.5513020828125 0.9370370375 0.49140625 0.9351851859375 0.31796875 0.9398148140625 0.30078125 0.9453703703125 0.2658854171875 0.9453703703125 0.2630208328125 0.9523148140625001 0.2630208328125 0.965277778125 0.26953125 0.9648148140625 0.2713541671875 0.9689814812499999 0.2630208328125 0.971759259375 0.26268284531249997 1 0.8364820078124999 1