1 0.1699013625 0.659375 0.175880371875 0.635669415625 0.18125 0.595722275 0.18125 0.5252080265625 0.17095700625000002 0.463256278125 0.171582284375 0.4229648640625 0.18125 0.35026101249999997 0.18125 0.3098814671875 0.1803923765625 0.304991128125 0.1663515125 0.29293329218749997 0.15453575625 0.29550651875 0.1430916125 0.3210168671875 0.1374117546875 0.46128100781250003 0.117157009375 0.5311536734375 0.117157009375 0.659375 0.1699013625 0.659375
1 0 0.659375 0.0234375 0.659375 0.0234375 0.5311779015625 0.0134873453125 0.4996456078125 0.009495874999999999 0.41766021875000003 0.010434584375 0.3395958375 0 0.31330389531249997 0 0.659375
1 0.2969416484375 0.4213103859375 0.315625 0.2991443734375 0.315625 0.2983227953125 0.309491184375 0.2801744203125 0.3043036109375 0.2765625 0.2960738734375 0.2765625 0.28935669218750004 0.2783427125 0.278033496875 0.30310310937499996 0.2711801859375 0.41004755312499996 0.2531620734375 0.463824415625 0.2531620734375 0.6484375 0.25551361875 0.6484375 0.26915273906250003 0.6483178578125 0.275847759375 0.6410823156250001 0.2852623328125 0.61571844375 0.3009862640625 0.552672634375 0.3043882046875 0.48743124218749995 0.2969416484375 0.4213103859375
1 0.40556307656249996 0.6046875 0.4117092953125 0.5990566203125 0.41794583750000003 0.5819274046875 0.425 0.5373219296875 0.425 0.449761590625 0.4178435703125 0.40984159375000007 0.4163834546875 0.38064764375000004 0.425 0.30463194531250004 0.425 0.28919432968750003 0.42343093125 0.280975025 0.4126416046875 0.270190053125 0.40248535468749996 0.2698353890625 0.3923102375 0.28543930781250004 0.3916743984375 0.39227462343749997 0.3749663921875 0.44581380781249996 0.3681236953125 0.48720765625 0.3712378765625 0.5539288874999999 0.37666889375 0.586037021875 0.383648946875 0.6008522515625 0.3974769234375 0.6046875 0.40556307656249996 0.6046875
1 0.25611356406249997 0.5544559046875001 0.26082273749999996 0.4890826671875 0.271875 0.44028279687499994 0.271875 0.4088046890625 0.2649824328125 0.3764872125 0.264562240625 0.34037610156250003 0.271875 0.274408475 0.271875 0.260158703125 0.26818310312500004 0.24862761249999998 0.2598910921875 0.241131909375 0.24665832499999998 0.245530403125 0.24173373125 0.2588134875 0.241447965625 0.3685629828125 0.23084984999999997 0.3979205625 0.22122691875 0.4439311734375 0.2227192609375 0.5050286484375001 0.2294702578125 0.547975109375 0.23839714218750002 0.559375 0.253430159375 0.559375 0.25611356406249997 0.5544559046875001
1 0.11814066875 0.5287633671874999 0.1378227359375 0.456724315625 0.14086145156250002 0.3261687609375 0.145220275 0.3070660703125 0.1515625 0.2967718359375 0.1515625 0.2688965203125 0.150877578125 0.26580950625 0.1413867296875 0.2531495703125 0.1288220765625 0.2548337375 0.1209637921875 0.2729344078125 0.11831299843750001 0.386823296875 0.1012332953125 0.4479562875 0.09958177343749999 0.45790869218749997 0.09958177343749999 0.5668069250000001 0.10346936874999998 0.5873236296875 0.105213465625 0.5890625 0.10851300312500001 0.5890625 0.11814066875 0.5287633671874999
1 0.128125 0.40381676562499996 0.128125 0.3264948125 0.124560440625 0.2755192015625 0.128125 0.262684334375 0.128125 0.2308752234375 0.1202364296875 0.2192714734375 0.11027442031250001 0.222108340625 0.1039694328125 0.2381237390625 0.11115635312500001 0.34090151875 0.1004930734375 0.3895944421875 0.09911624375 0.414612625 0.10427220625 0.46599242343749997 0.11509544375 0.5090025265625 0.1155434546875 0.509375 0.1184715203125 0.509375 0.119804371875 0.453396971875 0.128125 0.40381676562499996
1 0.7328125 0.23855702812500001 0.7205101875000001 0.17218234375000002 0.7285442625 0.07643082968750001 0.72172865 0.05894016875 0.714151390625 0.0546875 0.713972271875 0.0546875 0.7044926499999999 0.060029048437499996 0.6972942625 0.0758853578125 0.6993679375 0.1732030390625 0.687090340625 0.2193415109375 0.687090340625 0.33784231875000004 0.6906220453125 0.35649546249999997 0.6960888671875 0.3640625 0.708336809375 0.3640625 0.71667266875 0.360424515625 0.724016559375 0.34040153906250004 0.7328125 0.29662805625 0.7328125 0.23855702812500001
1 0.7758027515625 0.3253706515625 0.780249734375 0.36135893281250003 0.7944229765624999 0.416341275 0.80135549375 0.425 0.8215880312499999 0.425 0.8234375 0.42285558125 0.8234375 0.2446333171875 0.813943409375 0.21331464531250002 0.8113825015625 0.18280003281249999 0.8139390828125 0.132513428125 0.81191674375 0.0977912046875 0.8034836999999999 0.0808190578125 0.791724934375 0.0763255125 0.7902502171875 0.0763255125 0.7802888796875 0.08621403125 0.776221925 0.103841275 0.788081265625 0.21327689218749998 0.7765009453125 0.2835402078125 0.7758027515625 0.3253706515625
2 0.509375 0.659375 1 0.659375 1 0.5291817 0.509375 0.5291817 0.509375 0.659375
1 0.0609375 1 0.0609375 0.9555444609375 0.0479233859375 0.9259331390625001 0.042052953125 0.862045440625 0.038371475 0.761933140625 0.035296721875 0.7460454421875 0.0184988609375 0.7098128421875 0.0153408953125 0.7094900296875 0.0046435953125 0.7094900296875 0 0.7147748140625 0 0.8433214140625 0.0082178203125 0.8838797156249999 0.012690412500000001 0.9237674109375 0.0053748515625 1 0.0609375 1
1 0.2415937875 1 0.2424093 0.9872741109375 0.233304928125 0.895972746875 0.23625274218749998 0.849972746875 0.25242345 0.7754404515625 0.2578125 0.7241601078125 0.2578125 0.722518953125 0.2543631515625 0.6896067921875 0.2422409640625 0.669062790625 0.23728970781249997 0.669062790625 0.22652398906250001 0.6739541625000001 0.21262353906250003 0.707503090625 0.20707491406249998 0.7496361640625 0.2016559875 0.8675363609375001 0.18284940624999999 0.9248997453125 0.18284940624999999 1 0.2415937875 1
1 0.469235553125 1 0.46905811406250003 0.960403921875 0.46100027499999996 0.89017943125 0.46741435156250005 0.8284538093749999 0.4773838296875 0.7968279609375 0.48125 0.7709812265625 0.48125 0.693039665625 0.4682167921875 0.663615940625 0.4489776265625 0.6649424703125 0.43777379375000003 0.689530903125 0.433565153125 0.7233562984375 0.4324769296875 0.7992565265625 0.42854759218750005 0.8450819203125001 0.4210548390625 0.8757950734375001 0.398981040625 0.9239844109375 0.3914337234375 0.9676850921875 0.3961383921875 0.9858347484374999 0.3962657953125 1 0.469235553125 1
1 0.2730870875 0.659375 0.2714192796875 0.666255775 0.270506265625 0.7412869453125001 0.26838310781249997 0.712318115625 0.264834953125 0.7143804546875 0.266270671875 0.7763679875 0.275726440625 0.852218371875 0.2834009796875 0.867087459375 0.28399348281250003 0.8671875 0.2917258625 0.8671875 0.30052056718750003 0.8647882296875 0.3085370421875 0.8476448484375 0.3270780453125 0.783308215625 0.33125 0.755128621875 0.33125 0.659375 0.2730870875 0.659375
1 0.080280965625 0.659375 0.0791768390625 0.6646662015625 0.0791768390625 0.8130655921875001 0.090021834375 0.8704164984375 0.09833767812500001 0.8921875 0.116638634375 0.8921875 0.11926901406249998 0.8900099125 0.1312481765625 0.8519785359375 0.143312428125 0.7949159171875 0.146875 0.7614521234375 0.146875 0.7103635703125 0.144195353125 0.6647284390625 0.14315905 0.659375 0.080280965625 0.659375
1 0.8313718140624999 0.659375 0.8277963578125 0.6664521125 0.8409106874999999 0.8429558234375 0.8222918937499999 0.9082941625000001 0.8222918937499999 1 0.9328125 1 0.9328125 0.9567711375 0.9209241890625 0.9031892765624999 0.8896027609375 0.8362560562500001 0.890296359375 0.6719201531250001 0.8840736640625 0.659375 0.8313718140624999 0.659375
1 0.7293499234375 0.659375 0.7421875 0.75390625 0.7265625 0.84921875 0.7265625 0.90859375 0.73125 0.93671875 0.7562681687499999 1 0.80517578125 1 0.8125 0.98046875 0.821875 0.91640625 0.821875 0.86953125 0.8109375 0.82109375 0.78125 0.74921875 0.777922453125 0.659375 0.7293499234375 0.659375
1 0.88984375 0.659375 0.89375 0.67890625 0.8953125 0.82578125 0.915625 0.87734375 0.9296875 0.89140625 0.94375 0.83046875 0.94375 0.77265625 0.9125 0.68203125 0.911870659375 0.659375 0.88984375 0.659375
1 0.6666590078125 0.659375 0.6734375 0.70546875 0.6578125 0.78671875 0.6578125 0.82578125 0.684375 0.91640625 0.69765625 0.928125 0.709375 0.92734375 0.725 0.91640625 0.725 0.84921875 0.7359375 0.78359375 0.7046875 0.70703125 0.7026450890625 0.659375 0.6666590078125 0.659375