1 0.10436468437499999 0 0.10093342812499999 0.021329896875 0.09957539843749999 0.0602187859375 0.102247721875 0.0730179734375 0.10379184374999999 0.133012090625 0.10813064375 0.1725266515625 0.1114854734375 0.18066891406250002 0.1131842828125 0.2064583625 0.11234360000000002 0.2305324359375 0.1157735625 0.28118540468750003 0.11712367500000001 0.346735075 0.11528844687499999 0.3796875 0.20818379375 0.3796875 0.2075546734375 0.3475411765625 0.2053385140625 0.33656654218750004 0.20740440312500003 0.262519765625 0.211657609375 0.2151610640625 0.2185831328125 0.1806015515625 0.23112338281249997 0.07458196875 0.2328898359375 0 0.10436468437499999 0
1 0.4296875 0.11622444375 0.42870927812500004 0.1143389609375 0.4222193953125 0.10918480781249999 0.407765290625 0.10918480781249999 0.400183778125 0.11837257812499999 0.397385653125 0.1265238109375 0.39497905 0.14026701875 0.3942894125 0.16989664843750002 0.396660121875 0.2025225765625 0.39243961875 0.2717849203125 0.37111782031249996 0.3361416921875 0.3703125 0.34034271562499996 0.3703125 0.3796875 0.4296875 0.3796875 0.4296875 0.3139015875 0.4246881828125 0.275894825 0.42737134374999997 0.2278559359375 0.4296875 0.2128631984375 0.4296875 0.11622444375
1 0.2649641609375 0.3796875 0.26617119375 0.3382044375 0.26245359687500003 0.304789284375 0.250034540625 0.248062340625 0.25051055 0.2137939921875 0.25817951875 0.147227325 0.2549738109375 0.09621958124999999 0.25368072656249996 0.08693304843750001 0.2471209546875 0.0706066125 0.2379885421875 0.0640005484375 0.2379293515625 0.0640005484375 0.2234375 0.172879778125 0.2234375 0.3796875 0.2649641609375 0.3796875
1 0.8489637546874998 0.3796875 0.8499421296874999 0.3692418984375 0.8493634265625001 0.354484953125 0.8480131171874999 0.3486979171875 0.8432870375 0.341608796875 0.8398148140625 0.338715278125 0.8334490734374999 0.3384259265625 0.828240740625 0.34103009218749997 0.8243827156249999 0.34594907343750003 0.822357253125 0.349565971875 0.8206211421875 0.35679976875 0.820428240625 0.3712673609375 0.821512653125 0.3796875 0.8489637546874998 0.3796875
1 0.7844623359374999 0.3796875 0.7849344140625 0.375896990625 0.7849344140625 0.3562210640625 0.7828125 0.34898726875 0.7771219140625 0.3404513890625 0.7694058640625 0.33813657343750003 0.7634259265625 0.3404513890625 0.759760803125 0.3442129625 0.7558063265625 0.35506365781250004 0.7556134265625 0.3741608796875 0.75631521875 0.3796875 0.7844623359374999 0.3796875
1 0.1747191859375 1 0.18332501406249999 0.9631215765625001 0.18686686875 0.936133246875 0.186497240625 0.8871683562499999 0.1720904671875 0.8084394859374999 0.1782872015625 0.720312746875 0.17509404374999998 0.7075408546874999 0.1668398015625 0.6982690125 0.1552844671875 0.7016472953124999 0.1500617109375 0.7097769749999999 0.1470695359375 0.7210245656250001 0.14557519218749998 0.73404211875 0.14920613437500002 0.8087145703124999 0.14394010937499999 0.8404144171875 0.1390625 0.8590400468750001 0.1390625 1 0.1747191859375 1
1 0.8354021750000001 1 0.849547890625 0.9399430578124999 0.8490419484375 0.8651068328125 0.8213385890625 0.7651820734375001 0.833461621875 0.6413351374999999 0.8277572578125 0.6260376859375001 0.8118148 0.613616253125 0.791338609375 0.619368284375 0.7773753125 0.6395955765625001 0.7756838390625 0.6880330765625 0.7848753 0.737459865625 0.78038620625 0.776686140625 0.7880895796875 0.77940170625 0.7769338250000001 0.7862249140625 0.7578125 0.8559377765625001 0.7578125 1 0.8354021750000001 1
1 0.9311047562500001 1 0.9311047562500001 0.8718861453125001 0.9051072828125001 0.781417065625 0.9087177609375001 0.6776543343749999 0.8928871734375001 0.6546472718749999 0.8740735046874999 0.65461531875 0.8597072593749999 0.6675457546875 0.8546875 0.688515209375 0.8546875 0.6931207609375 0.8670634546875 0.8096057078125 0.859152796875 0.8463084828125 0.8700558031250001 0.8830432078125 0.87403765 0.9422906624999999 0.8677556843750001 1 0.9311047562500001 1
1 0.7312491828125001 1 0.743533671875 0.9421868765625 0.73895658125 0.8698748343750001 0.7200987859375 0.8059544453124999 0.728930884375 0.6954539875 0.7215547953125 0.6761576843749999 0.7108412234375 0.6683587515625 0.697097996875 0.6683587515625 0.69433833125 0.6687768734375 0.6805661187500001 0.6889419078125 0.6841249171875 0.8050039515625 0.6609375 0.8837741359375 0.6609375 0.9794557015625 0.664962184375 1 0.7312491828125001 1
1 0.5770229828125 1 0.5927707359375 0.937109375 0.5896744796875 0.8823400546875 0.5698453640625 0.811645725 0.5804766390625 0.7149070921874999 0.57624378125 0.6992002718749999 0.565066446875 0.6890625 0.5634564375 0.6890625 0.5475421203125 0.6916644609375 0.536908496875 0.7078934328125 0.53836804375 0.8189127546874999 0.51875 0.8809188046875001 0.51875 0.99592516875 0.5198656734375 1 0.5770229828125 1
1 0.7453125 0.8339028484375 0.7453125 0.89558509375 0.747442659375 0.8779674328125001 0.7830249015625 0.7522687515625 0.783500090625 0.7084732875 0.7773785234374999 0.6887374484375 0.7574470124999999 0.696762896875 0.75025094375 0.716893540625 0.752061690625 0.8123878953125001 0.7453125 0.8339028484375
1 0.7483838796875 0.95825695 0.74375 0.9294362312499999 0.74375 0.9666116265625 0.7483838796875 0.95825695
1 0.9664535984375 1 0.9765625 0.95234375 0.975 0.89453125 0.9484375 0.79609375 0.95625 0.70078125 0.9515625 0.68359375 0.93828125 0.671875 0.92421875 0.671875 0.9140625 0.67890625 0.90625 0.71171875 0.9140625 0.79453125 0.9109375 0.83046875 0.93125 0.90078125 0.9240602359375 1 0.9664535984375 1
1 1 0.6996448859375001 0.99609375 0.6921875 0.98046875 0.6875 0.9640625 0.69921875 0.959375 0.71015625 0.965625 0.77734375 0.9609375 0.83984375 0.978125 0.91953125 0.971875 0.99296875 0.9859375 0.99765625 1 0.9971354171875 1 0.8194196421874999 0.9984375 0.81484375 1 0.78828125 1 0.6996448859375001