1 0.14089376874999998 0.2711921859375 0.1317476703125 0.27518769062500004 0.133238640625 0.2922053546875 0.13240951875 0.3111622921875 0.1296875 0.3229634 0.1296875 0.384375 0.1345570484375 0.384375 0.13848540468749998 0.38144959375 0.1442726078125 0.35756546718750004 0.1445263765625 0.3353887484375 0.14243344687499998 0.3202877734375 0.13944076875 0.31075276875 0.14189852812499998 0.2941894859375 0.143207665625 0.2800607046875 0.14089376874999998 0.2711921859375
1 0.1640825703125 0.27087468124999997 0.15963410625000002 0.27087468124999997 0.156351940625 0.273906575 0.157084515625 0.2874509984375 0.157437409375 0.3033283328125 0.15625 0.3063615125 0.15625 0.3794673421875 0.16010251874999998 0.377577171875 0.1676108015625 0.3488569171875 0.16809211875000002 0.3307375875 0.164070046875 0.30872485 0.1671318484375 0.2851342515625 0.1687548203125 0.2763158296875 0.1655791171875 0.27116774062500004 0.1640825703125 0.27087468124999997
1 0.4537161796875 0.07405894375 0.4495381 0.063394459375 0.43665711093750004 0.055574253124999994 0.42312114999999995 0.061816548437499994 0.416143403125 0.07780556875 0.4168283 0.16347005312500001 0.4 0.21932503906249998 0.4 0.320063790625 0.40413559374999997 0.33561806875 0.40751227500000003 0.3375 0.43149815468749997 0.3375 0.44014586875 0.3319624484375 0.4608265484375 0.255961390625 0.4596664640625 0.21395590156250002 0.4440457734375 0.1478604640625 0.4537161796875 0.07405894375
1 0.5464305640625 0.08113852656250001 0.5426171500000001 0.06825588906249999 0.531013675 0.059757734375 0.5206501203125 0.059757734375 0.5114764109375 0.064142475 0.5060240859375 0.0746973375 0.5019378828125001 0.178077428125 0.4875 0.2148676953125 0.4875 0.36966293437500003 0.494530303125 0.37390011093750003 0.5026923265625001 0.375 0.5109702984375 0.375 0.52320160625 0.3683834359375 0.547305378125 0.29335148437499997 0.54923921875 0.2432239390625 0.533515665625 0.17594084375000002 0.5464305640625 0.08113852656250001
1 0.623416540625 0.0915602625 0.618456253125 0.207057928125 0.603125 0.2471853953125 0.603125 0.4265625 0.632073584375 0.4265625 0.641206065625 0.4164674203125 0.6680742046875 0.32188975000000003 0.6685548062500001 0.27045458437500003 0.652831253125 0.2056572546875 0.667166540625 0.0897775875 0.649110309375 0.06947967499999999 0.6363917875 0.0731140109375 0.623416540625 0.0915602625
1 0.6230652390625 0.15072638124999999 0.6254340703125 0.07090248906249999 0.611766375 0.058007684375 0.5978402671875 0.063104359375 0.5926215703125 0.0718572359375 0.5980652390625 0.1514538078125 0.5828125 0.2106587046875 0.5828125 0.2753059265625 0.5829978312499999 0.27856187499999996 0.6011369421875 0.328125 0.6044780624999999 0.328125 0.6109242546875 0.3246639859375 0.6125489390625 0.27301055625 0.628172625 0.20743843750000002 0.628172625 0.1736654 0.6230652390625 0.15072638124999999
1 0.73671436875 0.0829478703125 0.7240606015625 0.066063259375 0.7099435374999999 0.068773671875 0.6993234968750001 0.08288396875000001 0.69733935625 0.1843189234375 0.68125 0.23221014687500002 0.68125 0.349234434375 0.6848145296875 0.36451660625 0.68826425 0.3671875 0.7173747796875001 0.3671875 0.7238770296875 0.3613279625 0.7419028328125 0.2913025046875 0.7394524453125 0.2276226421875 0.7285347921875001 0.1833305078125 0.73671436875 0.0829478703125
1 0.9343474859375 0.1610233828125 0.9323761906249999 0.073559746875 0.9184124015624999 0.0616864546875 0.90625 0.070206090625 0.90625 0.121596375 0.9081490062500001 0.1669643015625 0.9301597859375 0.2499767953125 0.9308410312500002 0.3140625 0.9354381890625 0.3140625 0.9446464906250001 0.3110415640625 0.9457561515624999 0.3027830078125 0.9457561515624999 0.198142928125 0.9343474859375 0.1610233828125
1 0.9065293624999999 0.086259884375 0.9019236765624999 0.07197906093749999 0.8929984734375 0.0653577078125 0.8844490171875 0.0653577078125 0.8824242421874999 0.065600628125 0.8721907250000001 0.07840884375 0.8732532546874999 0.1644191171875 0.871875 0.1714863328125 0.871875 0.2080753234375 0.886597615625 0.28851158906249996 0.8847066171875 0.3546875 0.898299484375 0.3546875 0.9034396828125001 0.348687109375 0.9179112484375 0.2790295828125 0.915058959375 0.23200903281250002 0.9012964421875 0.17979156093749998 0.9065293624999999 0.086259884375
1 0.8359280546875001 0.35999566875 0.8325632015625001 0.30335573125000004 0.813340503125 0.22221481562499998 0.822079178125 0.1127852734375 0.8156928234375 0.0893841359375 0.7945218046875 0.0762256046875 0.7781564609375 0.0833523046875 0.7689269078125001 0.10840684687499999 0.777421184375 0.2255488953125 0.752821159375 0.294444340625 0.74375 0.342818853125 0.74375 0.34354642343749997 0.7455904421875 0.3944897921875 0.7568642859375 0.452238659375 0.7680199546875001 0.4896750265625 0.7754564890625 0.49375 0.8117929171875 0.49375 0.8195551828125 0.48468754531249997 0.8359280546875001 0.40027237187500003 0.8359280546875001 0.35999566875
1 0.8690087265625 0.19887430781249998 0.872405353125 0.08807319999999999 0.8562776734374999 0.0701684640625 0.8501530546874999 0.0701684640625 0.8433081984375 0.0708258640625 0.830272396875 0.09153316875 0.8346882718749999 0.2025615953125 0.8234375 0.23318656718750003 0.8234375 0.2499944765625 0.8358700578124999 0.3041240953125 0.8402132078125 0.4089025234375 0.84221365625 0.4109375 0.8687084875 0.4109375 0.8760779812500001 0.4036982 0.8878212671875 0.3580089125 0.8878212671875 0.2755815703125 0.8690087265625 0.19887430781249998
1 0.7705593375 0.061594304687500004 0.758068428125 0.0638848484375 0.7495610359375 0.079229128125 0.753158734375 0.1602971171875 0.7421875 0.2044449234375 0.7421875 0.21794444687499998 0.7519538953125 0.284375 0.755505340625 0.284375 0.7585552828125001 0.2818991 0.7769871203125 0.22611953749999997 0.76849284375 0.1093870625 0.7822780875 0.075964890625 0.7822780875 0.075651921875 0.7705593375 0.061594304687500004
1 0.17436670781250002 1 0.1744069359375 0.9978214828125 0.16008623125000002 0.9087713078125 0.1715859171875 0.7825489078125 0.16963688125 0.7726752875 0.1579899109375 0.7555194671875001 0.1430973640625 0.7649472640624999 0.13448224687500002 0.7861366859375 0.1327776625 0.9089351171875 0.11875 0.957430109375 0.11875 1 0.17436670781250002 1
1 0.064173528125 1 0.051918035937499996 0.9148872156250001 0.06656240625 0.7981025640625 0.06393717812500001 0.77774533125 0.053460498437500004 0.753869628125 0.058367221875 0.69528013125 0.0569647265625 0.68125 0.05636475 0.68125 0.0467191578125 0.75763568125 0.0328125 0.7743669609375 0.0328125 0.9696983984374998 0.036896878125 0.9733704703124999 0.050927859374999995 1 0.064173528125 1
1 0.40782522187500003 0.55 0.3942522484375 0.5714144828125 0.3891965671875 0.6465054859375 0.3933703375 0.7241754609375001 0.3854079796875 0.794760975 0.346875 0.8881595843750001 0.346875 1 0.477726565625 1 0.47892673124999996 0.995004628125 0.48085741249999997 0.9200956328125001 0.45215883125000006 0.80022275 0.4540167390625 0.72687625625 0.4739354406249999 0.6337787031250001 0.4779722765625 0.5805626968750001 0.46504270000000003 0.55 0.40782522187500003 0.55
1 0.777779975 0.55 0.7625 0.57997738125 0.7625 0.7578125 0.779107728125 0.7578125 0.7876159796875 0.7515148625 0.8201878140625001 0.667745640625 0.8240119359375001 0.613058140625 0.8156625453124999 0.55 0.777779975 0.55
1 0.7054524015625001 0.55 0.701262671875 0.5952609234375 0.675 0.6477855703125 0.675 0.85 0.7028617875000001 0.85 0.7104527296875001 0.8426160843750001 0.7362611125 0.7854747453125001 0.74702365 0.7429689109375 0.7434173203125 0.57173058125 0.7480144796875 0.55 0.7054524015625001 0.55
1 0.5978246203124999 0.55 0.60136923125 0.671820328125 0.572165115625 0.7430421109375 0.5625 0.791288790625 0.5625 0.8706553546875 0.5779845218749999 0.9430421109375 0.5881778750000001 0.9708943265624999 0.6028562234375 0.98125 0.6318928375 0.98125 0.6459449109375 0.9676496546875001 0.67052709375 0.894198240625 0.67052709375 0.74616064375 0.6499885859375001 0.6766609406249999 0.659418715625 0.55 0.5978246203124999 0.55
1 0.46327324999999997 0.55 0.4741573 0.5745512374999999 0.47511960000000003 0.5916111921875 0.459375 0.6893155953125 0.459375 0.8227045875 0.4606262984375 0.8265625 0.475696578125 0.8265625 0.48779318125 0.808703096875 0.5068358453125 0.75417509375 0.5146681921875 0.7083524109375 0.514960859375 0.65535495625 0.49490630781250006 0.56039314375 0.4961478125 0.55 0.46327324999999997 0.55
1 0.5795657562500001 0.55 0.565625 0.6048517875 0.565625 0.6250985734375 0.5681238171875 0.6680016078125 0.58525956875 0.725 0.5859746078125 0.725 0.6103113171875 0.668492503125 0.6034099140625 0.55 0.5795657562500001 0.55
1 0.3403301015625 0.55 0.3400339609375 0.5507777359375 0.3375 0.567122103125 0.3375 0.6462370500000001 0.3470556 0.6870791078125 0.35783856406250003 0.7141510296875 0.3699205390625 0.71875 0.379602371875 0.71875 0.388293678125 0.7179138843749999 0.39538401562500003 0.7080851218750001 0.3914873765625 0.5719292953124999 0.40035765 0.55 0.3403301015625 0.55
1 0.309375 0.55 0.309375 0.9484375 0.31881595625000003 0.9484375 0.322964778125 0.9476442078125 0.33768580937500003 0.9264641000000001 0.35914265156249997 0.8544618328125001 0.3660314390625 0.8091221749999999 0.3660314390625 0.7704086265625 0.363148375 0.7372470625 0.33289727343750003 0.6405447796875 0.3373079046875 0.55 0.309375 0.55