1 0.5997873234375 0 0.5961305953125 0.044796759375 0.5729249968750001 0.11366929218749999 0.5729249968750001 0.3336223828125 0.576230659375 0.334375 0.582175434375 0.334375 0.600226490625 0.33276475 0.609947796875 0.3232136921875 0.635726984375 0.2360105171875 0.6421875 0.1568659359375 0.6421875 0.110999875 0.6385077390625 0.0685919984375 0.6298377203125 0.041451257812499996 0.6342005140625 0 0.5997873234375 0
1 0.5237104875 0 0.523274725 0.0098679265625 0.5048077906249999 0.10088231406249999 0.5040267171874999 0.1815469984375 0.5085661578125 0.23004898125 0.5151260468750001 0.267358009375 0.524898465625 0.2941276 0.5334487515624999 0.2984375 0.5498874421875 0.2984375 0.562149284375 0.2976928234375 0.5681163953125 0.287752346875 0.5734375 0.2603769953125 0.5734375 0.0881252765625 0.5686008140625 0.0625068109375 0.553743475 0.008803934375 0.5534873078125 0 0.5237104875 0
1 0.444957584375 0 0.42060101562499996 0.079940490625 0.42060101562499996 0.20891392656250002 0.42713206562500006 0.2565679578125 0.43677979218749996 0.26875 0.46929987031250003 0.26875 0.47635081562500003 0.25886035937499996 0.48732635 0.21346367187499998 0.496875 0.0865546859375 0.496875 0.07415835 0.4826133890625 0.0010941140625 0.473685465625 0 0.444957584375 0
1 0.6761775296874999 0 0.6844270874999999 0.0581920234375 0.6744627609375 0.1353791453125 0.6707828765625 0.1804160078125 0.6734354625 0.22814308125 0.6746483875 0.26868465937499997 0.6825496203125001 0.305486096875 0.69106558125 0.3319991125 0.7015117796875 0.3594505 0.7085147953125001 0.3625 0.7359375 0.3625 0.7359375 0.11725513125 0.727640434375 0.0977954265625 0.7173450406249999 0.0492546734375 0.7160990125 0 0.6761775296874999 0
1 0.72981835625 0 0.7299312265625 0.0181142015625 0.7184656828125 0.06241319375 0.7180723546875 0.07907077031250001 0.7344085421875001 0.1098081390625 0.7403945203125 0.132093996875 0.7440259328125001 0.22100106562500002 0.7400496203125 0.25150207812500003 0.7395862296875 0.29870611875 0.7438039078124999 0.3046875 0.7668692234375 0.3046875 0.7729860203125 0.290763684375 0.78125 0.244110634375 0.78125 0.10544427187500001 0.7611812265625 0.018477828125 0.7607511515625001 0 0.72981835625 0
1 0.80797585 0 0.80361328125 0.053443673437500006 0.7824236796875 0.1151599265625 0.7824236796875 0.3390625 0.8097238609375002 0.3390625 0.8273970875 0.310203990625 0.8477198953125 0.215098696875 0.8484375 0.2086585453125 0.8484375 0.18037115312500002 0.8476559937499999 0.1774166875 0.8484375 0.1494763890625 0.8484375 0.11415804843749999 0.8449700609375 0.0949262125 0.8452215421875 0.0726129859375 0.8382150296875001 0.052668010937499996 0.8452284203125 0 0.80797585 0
0 0.0828125 0.60275966875 0.0781194078125 0.5855616328125001 0.064498996875 0.5796144578125 0.0605056375 0.5796144578125 0.0548759734375 0.5833081531250001 0.04677486875 0.598497328125 0.0453125 0.6173355546875 0.0453125 0.6246552234375 0.054436828125 0.6453125 0.0688373578125 0.6453125 0.07959734375000001 0.6290246546875 0.0828125 0.6059372234375 0.0828125 0.60275966875
1 0.5427845484375 0.4796875 0.5424300171875001 0.49544697812500005 0.538684865625 0.5052574890625 0.538684865625 0.5578125 0.5430388359375 0.5578125 0.549998859375 0.5378921937500001 0.5504791921875001 0.516517596875 0.5491211453125 0.49920412187499996 0.5515625 0.4823955203125 0.5515625 0.4796875 0.5427845484375 0.4796875
1 0.5250296984375 0.4796875 0.526103746875 0.49013660156250005 0.5228331374999999 0.5095661703125 0.520985296875 0.5292437453125001 0.523084753125 0.540067946875 0.526198890625 0.55 0.5343507734374999 0.55 0.5359375 0.542536959375 0.5359375 0.506598475 0.535757284375 0.5057247968749999 0.531653321875 0.49272340468750003 0.53330188125 0.4796875 0.5250296984375 0.4796875
1 0.5663117859375 0.4796875 0.5669398890624999 0.494803265625 0.562416909375 0.509824678125 0.562416909375 0.5434240171875 0.5646435734375 0.5515625 0.571714459375 0.5515625 0.575 0.5406507796875 0.575 0.5029797578124999 0.5738741359375 0.49790852812499997 0.5745982234375 0.4796875 0.5663117859375 0.4796875
1 0.590325590625 0.4796875 0.5908621468749999 0.4867683578125 0.58833375625 0.50347945625 0.5895714734374999 0.5259121546875 0.5939989421874999 0.540625 0.6015625 0.540625 0.6015625 0.49799631875 0.5973516609375 0.4848825234375 0.5971823640625 0.4796875 0.590325590625 0.4796875
1 0.6109507703125 0.4796875 0.610966190625 0.48035000156249996 0.6084096890625 0.493298784375 0.607335853125 0.5097991703125 0.6084707453125 0.5232065359375 0.6118563124999999 0.5362335125 0.6143226875 0.5375 0.619147865625 0.5375 0.6203125 0.5364567375 0.6203125 0.488020934375 0.617954878125 0.4796875 0.6109507703125 0.4796875
1 0.50646528125 0.4796875 0.5063204078125 0.4890988078125 0.5018197171875001 0.50152604375 0.5018197171875001 0.54375 0.5100994578125 0.54375 0.5136299390625 0.5341802890625 0.515625 0.5171321546875001 0.515625 0.5086747640625 0.51190253125 0.48802843749999997 0.5132146984375 0.4796875 0.50646528125 0.4796875
1 0.48883605 0.4796875 0.488811325 0.4823704359375 0.48641481718749996 0.4946697015625 0.485491084375 0.5177715078125 0.48884234062500004 0.537361503125 0.4891881734375 0.5375 0.49724790781249995 0.5375 0.4984375 0.5311289734375 0.4984375 0.48912673125 0.49568667031249997 0.4796875 0.48883605 0.4796875
1 0.705273590625 0.4796875 0.7039314937500001 0.4909170984375 0.7029140546875 0.5025788140625 0.7029570046875 0.5158433703124999 0.706746103125 0.5359375 0.7140625 0.5359375 0.7140625 0.484962796875 0.7126843968750001 0.4796875 0.705273590625 0.4796875
0 0.5625 0.72619716875 0.5578069078125 0.7089991328125 0.544186496875 0.7030519578125001 0.5401931375 0.7030519578125001 0.5345634734375 0.706745653125 0.5264623687500001 0.721934828125 0.525 0.7407730546875 0.525 0.7480927234375001 0.534124328125 0.76875 0.5485248578124999 0.76875 0.55928484375 0.7524621546875 0.5625 0.7293747234375 0.5625 0.72619716875