1 0.165625 0.46875 0.165625 0.45091655781249995 0.1568029296875 0.43537517187499997 0.14914134375000002 0.4319898078125 0.1422573265625 0.4350434734375 0.14111765468749998 0.44387160468750003 0.134339453125 0.457089234375 0.135079290625 0.4644541984375 0.1335435703125 0.46875 0.165625 0.46875
1 0.5913276609375 0.41371527812500003 0.6084079703125 0.4171875 0.614204475 0.41163194374999995 0.621875 0.38671095625 0.621875 0.23986080625 0.61955160625 0.22829861093749998 0.619287753125 0.1963541671875 0.621875 0.1783083125 0.621875 0.10926217499999999 0.62006488125 0.10538194375000001 0.6116855109375 0.0984375 0.601642634375 0.09982638906249999 0.5941888093750001 0.11857638906250001 0.596732509375 0.18802083281249998 0.593997103125 0.2310763890625 0.5901155890625 0.25052083281250004 0.5739608234375 0.27274305625 0.57267454375 0.314409721875 0.5755212625 0.35885416718749996 0.5838367296875 0.40329861093749997 0.5913276609375 0.41371527812500003
0 0.4796875 0.3703125 0.48664754062500004 0.3703125 0.500281703125 0.361914065625 0.5078125 0.3454262921875 0.5078125 0.24515495 0.50328795 0.2320529546875 0.48562574999999997 0.206358509375 0.4796875 0.20468650937500002 0.4796875 0.3703125
1 0.7077118546875 0.4359375 0.72769439375 0.43178674375000003 0.7389327609375 0.41932980937500003 0.7502002640625001 0.3838742625 0.761142671875 0.3246983421875 0.77197344375 0.297576128125 0.8078125 0.2378737203125 0.8078125 0.2129228796875 0.8047666249999998 0.20298772812500002 0.792848934375 0.19100253125 0.781911434375 0.19023770625 0.7715998953125001 0.19997149375 0.749220178125 0.26043860625000004 0.7411244437500001 0.2815491046875 0.7232749265624999 0.3042659265625 0.6929361328125 0.339444578125 0.6798343984375 0.3650140140625 0.67763275625 0.372115409375 0.67763275625 0.4359375 0.7077118546875 0.4359375
1 0 0.99375 0.002854715625 0.99375 0.0143276796875 0.9791032328124999 0.0339486734375 0.9186806718749999 0.0444776328125 0.8516956703125 0.0445563265625 0.811481559375 0.03421790625 0.7398005062499999 0.0377045640625 0.6925146171875 0.0515625 0.6016712640625 0.0515625 0.5911573625 0.045447409375 0.569486534375 0.0377554953125 0.564537575 0.0280772875 0.564537575 0.019722751562499998 0.5691481515625 0.0106424390625 0.5910101812499999 0.0028091781249999998 0.725827903125 0 0.7346521234375001 0 0.99375
1 0 0.7944444875000001 0.016695328125 0.7160027343750001 0.013832532812500001 0.588061065625 0.0203125 0.5617095062499999 0.0203125 0.5383282515625 0.0176490390625 0.5279018015625 0.012800229687500001 0.5234375 0.0009083281250000001 0.5234375 0 0.5237052921875 0 0.7944444875000001
1 0.17198966875 0.8436085703125 0.1741927515625 0.7866094984374999 0.1689472765625 0.722119675 0.1734746828125 0.6806168984375001 0.1859375 0.6304003781249999 0.1859375 0.588213059375 0.181704596875 0.57594699375 0.1748917125 0.5712886546875 0.161392096875 0.5745266046874999 0.153133153125 0.5899798374999999 0.14362218124999998 0.6966511328125 0.13847852656249998 0.7199890906249999 0.118659909375 0.7662729015625 0.118659909375 0.9421875 0.140384065625 0.9421875 0.1443110078125 0.9378576234375 0.15777668281249999 0.9053437453125 0.17198966875 0.8436085703125
1 0.140625 0.7679604703124999 0.140625 0.67805269375 0.1394647421875 0.6717441359375 0.138300125 0.6495219140625 0.140625 0.607667478125 0.140625 0.5458673 0.130269153125 0.5334131156249999 0.11798751874999999 0.5367056984375 0.1128196359375 0.549490415625 0.11388243437500001 0.6588848546875 0.0972627265625 0.71307465 0.0946860953125 0.7530246484375 0.0987234078125 0.8003561296875 0.1070842765625 0.8410709531249999 0.1142993703125 0.8484375 0.1313871875 0.8484375 0.1369124453125 0.7864209796875 0.140625 0.7679604703124999
1 0.2727677890625 0.8455558796875 0.279072503125 0.8109973468749999 0.28081909375 0.7734973468749999 0.275529446875 0.7190578625 0.27701728281250004 0.68711341875 0.29375 0.6011685734375 0.29375 0.5946796265625001 0.2894525203125 0.5797337078125 0.2780572125 0.572380034375 0.2684234578125 0.577608209375 0.261103603125 0.591959646875 0.2518232171875 0.6904070671875 0.2268853375 0.7557116140625 0.2268853375 0.90494078125 0.2277965 0.90625 0.24918375625000003 0.90625 0.2546199359375 0.8991769093750002 0.2635968296875 0.874449728125 0.2727677890625 0.8455558796875
1 0.7385149359375001 1 0.7390625 0.9930821062499999 0.7390625 0.9531027468750001 0.7381689875 0.9283292890624999 0.7182050234374999 0.8274196453125 0.7203995421875 0.7735622937500001 0.729262175 0.7136204890625001 0.7308635812500001 0.6743191796875 0.7242648703125 0.6491572781249999 0.70716204375 0.6402282140625 0.705635884375 0.6402282140625 0.69118805 0.65341143125 0.6842397859375 0.6762189546874999 0.68308636875 0.724221134375 0.6867889171874999 0.7909168828124999 0.6843243421875 0.8317065515625 0.66448703125 0.9108992687499999 0.66448703125 1 0.7385149359375001 1
1 0.6046875 1 0.6046875 0.8900491875000001 0.596902271875 0.8652677750000001 0.5920585359375 0.8157772390625 0.593883309375 0.7691979078125 0.5908849296875001 0.722618578125 0.5804838875 0.6986011109375 0.5670280515625 0.691323090625 0.5562493125 0.6971455046875 0.5492031078124999 0.7240741796875 0.5521736046875 0.760464284375 0.5623157703125 0.8157772390625 0.5646012296875 0.8536229453124999 0.5618258984375 0.8885574421874999 0.5511865640625 0.945326 0.5500189515625 0.9802605 0.5516302718749999 1 0.6046875 1
1 0.51340290625 1 0.513988209375 0.9845306578125002 0.5177729140625 0.9584984171875 0.5325770515625 0.906939840625 0.540625 0.8228691734375 0.540625 0.7854784406249999 0.5381987718750001 0.7765789578125 0.5249146015624999 0.7683453453125 0.5106210859375 0.7870685156249999 0.5080388625000001 0.8979192703125001 0.4951085625 0.9472515937499999 0.4951085625 1 0.51340290625 1
1 0.659375 1 0.659375 0.9140587499999999 0.6547593921875 0.89734203125 0.6508221171875 0.8680613156250001 0.6527111624999999 0.7971301953125 0.6500764640625001 0.7621394859375 0.6415625328125 0.7448660328125 0.6268642234375 0.73948741875 0.6189195609375 0.7483586265625 0.6149355437499999 0.7640330015625001 0.6256326390625 0.8764517843749999 0.6150537203125 0.949675790625 0.61700675 1 0.659375 1
1 0.6735126124999999 0.7788584875 0.6669084703125 0.7985091421874999 0.6722150140625 0.9091350515624999 0.6647184265625 0.9557143828125 0.669105909375 0.9609375 0.6696759015625 0.9609375 0.675430446875 0.9091350515624999 0.690625 0.8401658624999999 0.690625 0.7817923 0.687931253125 0.7744916749999999 0.6735126124999999 0.7788584875
1 0.859375 1 0.859375 0.9617760140625 0.8459611 0.9065429500000001 0.845280853125 0.8003540234375001 0.8379609859375 0.7834157625 0.8265799078124999 0.778721490625 0.8176108328125 0.7879139343749999 0.8157498562499998 0.8067666171875001 0.8219300546875001 0.908752465625 0.839575175 0.9907106984375 0.8396068843750001 1 0.859375 1
1 0.8296875 1 0.8296875 0.9530258015624999 0.8138140578125 0.8895594515624999 0.81564061875 0.7701999171875 0.8077753062499999 0.7505492640625 0.7948627578125 0.7461824515625001 0.7868919234374999 0.752004865625 0.78028778125 0.771655521875 0.7877010234374999 0.856080559375 0.7859330718749999 0.9113935140624999 0.7969082953125 0.9565172390625001 0.7996416843749999 0.984173715625 0.799419325 1 0.8296875 1
1 0.796148 1 0.79662379375 0.9797534578124999 0.790996784375 0.940452146875 0.773311896875 0.8618495265625 0.7773311890625 0.7279339515625 0.769694534375 0.708283296875 0.7560289390625 0.7010052765625 0.7455787781250001 0.708283296875 0.7371382640624999 0.735211971875 0.7435691312499999 0.8225482171875 0.7435691312499999 0.864760734375 0.7403536984375 0.8895060046874999 0.7540192921875001 0.9695642281249999 0.75330405 1 0.796148 1