1 0.42971582656249996 0 0.42835399687500003 0.047885014062499995 0.4221189609375 0.09795319687500001 0.40296080312500004 0.16161961875 0.40296080312500004 0.34841888593750003 0.40823079843750004 0.35423728906249996 0.42812032968749997 0.35458399687500003 0.4371668984375 0.34471176875 0.45446881406250006 0.29167489375 0.465908859375 0.2304137765625 0.466998590625 0.17349660625000002 0.4559117625 0.1098531796875 0.46038524687500004 0.04732590625 0.4699580515625 0 0.42971582656249996 0
1 0.5762644453125 0 0.5788360875 0.0519989 0.5777383921875 0.0714978953125 0.56118385 0.1428221953125 0.5592752625 0.198505034375 0.5656934125 0.2498211890625 0.576087028125 0.28991713125 0.5836321 0.296875 0.6061615578125 0.296875 0.60625 0.2967343359375 0.60625 0.05700569531250001 0.6056458124999999 0.043029134375 0.60625 0.0324126796875 0.60625 0 0.5762644453125 0
1 0.6890625 0 0.675047990625 0 0.6703119703125 0.05088201875 0.6505216578125 0.0959632703125 0.6505216578125 0.2578125 0.667239390625 0.2578125 0.675069546875 0.2514549390625 0.6890625 0.20822821875000003 0.6890625 0
1 0.5188436656250001 0 0.51706099375 0.0196176578125 0.5043330796875 0.051822151562499995 0.5043330796875 0.2140625 0.51275940625 0.2140625 0.5159238562499999 0.21082415000000002 0.5285330218750001 0.1377047140625 0.5444008203124999 0.094134353125 0.54127974375 0.0213111984375 0.5448349921875 0 0.5188436656250001 0
1 0.40673167968749996 0 0.40653448281250004 0.038689342187499996 0.38782231875 0.1034151390625 0.384375 0.1269486421875 0.384375 0.1709776953125 0.3881242453125 0.21167569843749998 0.39482456718750003 0.2375 0.40046210000000004 0.2375 0.40314576874999997 0.1957065609375 0.4269009796875 0.1002068859375 0.4313243875 0.055580503125 0.43151143281250004 0 0.40673167968749996 0
1 0.3952447140625 0 0.386026996875 0.038164615624999995 0.3842771875 0.062012525 0.390342040625 0.12572381562499998 0.39598664375000003 0.1453125 0.4010953609375 0.1453125 0.40302935 0.10104710937500001 0.4171875 0.0240138765625 0.4171875 0.021307842187500002 0.41561165781250003 0 0.3952447140625 0
1 0.24723587343750003 0 0.2484589078125 0.090019121875 0.2230034109375 0.2386267828125 0.2230034109375 0.329521309375 0.2349301671875 0.4014712125 0.2430242078125 0.4199825265625 0.264507303125 0.425 0.26768627500000003 0.425 0.2797510390625 0.4175252328125 0.2841004359375 0.40837242656250006 0.299332040625 0.341273853125 0.30625 0.2836247078125 0.30625 0.22308244375 0.301018284375 0.1856955640625 0.29178873125 0.16096834843750002 0.2880117671875 0.13885978593749998 0.2884723453125 0.059693118749999996 0.2962529703125 0 0.24723587343750003 0
1 0.73798689375 0 0.7348453359375 0.0653399203125 0.7306643453125 0.0891329671875 0.7113163828125 0.141395153125 0.7046875 0.1806098421875 0.7046875 0.268311496875 0.7094255234375 0.303895153125 0.7195142718749999 0.3140625 0.7382087171875 0.3140625 0.7453307015624999 0.3049991140625 0.7574373203125 0.2711199703125 0.7691020734375 0.20811054843750001 0.76898343125 0.15120249218749998 0.7611330953125 0.08771386249999999 0.76396168125 0.045938035937499996 0.7732529921875 0 0.73798689375 0
1 0.700595734375 0 0.701020284375 0.02744025625 0.6890625 0.06929343125000001 0.6890625 0.1831705640625 0.6952919859375 0.21201677968750002 0.7047437624999999 0.2203125 0.706656140625 0.2203125 0.719295740625 0.21996301406250002 0.7247878484375 0.15258595156250002 0.728125 0.134853215625 0.728125 0.04419275625 0.7266674328125 0.0366569796875 0.7253731359375 0.01443475625 0.7260789234375 0 0.700595734375 0
1 0.845389803125 0 0.8421718281249999 0.060398171875 0.81832223125 0.131913465625 0.8123939453125001 0.175789265625 0.8123939453125001 0.21646425468750002 0.8130610296875 0.23066096875 0.8198741109375 0.26795638125 0.8287898031250001 0.27950051875000004 0.8440541375 0.2796875 0.8455956453125 0.2796875 0.8534597796875 0.2683677921875 0.8614177265624999 0.243140471875 0.8693999124999999 0.21374648437500002 0.8742894203125001 0.17888786875 0.8745075890624999 0.14138786875 0.867010221875 0.08744852343750001 0.86719606875 0.055504078125 0.8756483046874999 0 0.845389803125 0
1 0.2744476 0.4890625 0.2752289765625 0.499682159375 0.26954251406249996 0.5264264046875 0.237760621875 0.588019978125 0.237760621875 0.7158662515625001 0.256866625 0.7509096390625001 0.2695011921875 0.759375 0.2722940578125 0.759375 0.307667228125 0.7566841578125001 0.3548027171875 0.6981305984375 0.3699990796875 0.6578978640625 0.371875 0.6176211140625 0.371875 0.6032350640625 0.3362091796875 0.525262734375 0.3378952328125 0.4890625 0.2744476 0.4890625
1 0.4859375 0.4890625 0.4859375 0.5240903953125 0.498393603125 0.5660622546875 0.5203453578125 0.5875 0.5466749546874999 0.5875 0.5560420953125 0.586603315625 0.5783677453125 0.5681789390625 0.6052671265625 0.5274030187500001 0.61814545 0.4890625 0.4859375 0.4890625