1 0.8494140625 0.4221960796875 0.8478515625 0.3934651046875 0.8442057296875 0.37117924375 0.8301432296875 0.315378225 0.8291015625 0.27832300781249997 0.8332682296874999 0.224692034375 0.8327473953125001 0.199682940625 0.8267578125 0.18059691093750002 0.8173828125 0.1730258640625 0.8059244796874999 0.1765295609375 0.8009765625 0.1833876375 0.7973307296875 0.1962869625 0.7962890625 0.2175650765625 0.8014973953125001 0.27135969375 0.8014973953125001 0.313952284375 0.7869140625 0.3757347703125 0.784375 0.4001944234375 0.784375 0.4348802625 0.7858723953125001 0.4673832546875 0.7973307296875 0.5259165921875 0.8017578125 0.53849386875 0.8074711375 0.540625 0.82774069375 0.540625 0.8337890625 0.533960384375 0.8468098953125001 0.46844692343750005 0.8494140625 0.4221960796875
1 0.8950856484375 0.4875 0.90662205625 0.4875 0.90662205625 0.30795874218749997 0.8988124062499999 0.2824377125 0.8951389656250001 0.18534282500000002 0.8880163078125 0.168895065625 0.8782528265625 0.1629575078125 0.8696576484375 0.1663004328125 0.865625 0.17767980625 0.865625 0.21171049062499997 0.873623878125 0.26386889375 0.8745922265624999 0.28514396875000003 0.865625 0.34243958281250003 0.865625 0.38791620312499997 0.8700475437499999 0.4206820765625 0.8807736593750001 0.46266707656249995 0.8867561015625001 0.481376596875 0.8950856484375 0.4875
1 0.9157606484375 0.1623138234375 0.909509925 0.1760582671875 0.9077841984375 0.205687896875 0.9094346546875001 0.23973480937499997 0.9072420234375 0.26846885 0.903125 0.28173269375 0.903125 0.44375 0.9196577859375001 0.44375 0.9221033625 0.44108683906249996 0.9381272078125 0.3709446875 0.938667940625 0.33492458125 0.9291170234374999 0.2671947765625 0.9375809984375 0.1753460984375 0.9324273156250001 0.16134310000000002 0.9238427937499999 0.157229165625 0.9157606484375 0.1623138234375
0 0.7754859187500001 0.36627953125 0.76788493125 0.3396988171875 0.7572842234375 0.31488669687500004 0.74877310625 0.305235534375 0.737722471875 0.299454959375 0.7221136328125001 0.30138218125 0.7004649031250001 0.315746959375 0.694645021875 0.325853009375 0.68821359375 0.34573134843750003 0.6859375 0.3587322515625 0.6859375 0.42381877343749996 0.6876818203124999 0.43475374375 0.7088284921875 0.4663057421875 0.71085440625 0.4671875 0.7482404421875 0.4671875 0.755166496875 0.46240930625 0.771063640625 0.4321912796875 0.7754859187500001 0.40902609375 0.7754859187500001 0.36627953125
1 0.5234375 0.390368834375 0.5269896796875 0.41036130625 0.534783 0.43363058125 0.5426671671875 0.4373886578125 0.5487019921874999 0.4375 0.552956396875 0.4375 0.5599447875 0.432454875 0.5648841953125 0.4239422796875 0.57241148125 0.38446122968749996 0.5738505500000001 0.3418018859375 0.570206159375 0.3146162671875 0.558031175 0.28130769375 0.5527164234375 0.2558737984375 0.55381490625 0.2011106640625 0.552343246875 0.1814993359375 0.5476749296875 0.17190780156250002 0.533869146875 0.17190780156250002 0.526696821875 0.1775323828125 0.5234375 0.18669225625000002 0.5234375 0.21912865625000003 0.5234617984375001 0.21961195 0.5234375 0.219676178125 0.5234375 0.22950989531250002 0.528723340625 0.23249577968750001 0.534810834375 0.249150065625 0.5282528296875 0.29891642812499997 0.5234375 0.316342853125 0.5234375 0.390368834375
1 0.14846992187500002 0.6796875 0.13125 0.740613315625 0.1359375 0.8136118031249999 0.153125 0.8764118125 0.16640625 0.8881019703125 0.17827238437499998 0.8890625 0.1851614328125 0.8890625 0.20078125 0.8866186546874999 0.2140625 0.8524754796874999 0.2265625 0.788110334375 0.2265625 0.71519366875 0.23783712031249998 0.6796875 0.14846992187500002 0.6796875
1 0.2917818203125 0.6796875 0.2960931875 0.709527 0.3096529421875 0.7474726687500001 0.31801556249999996 0.753125 0.348107209375 0.753125 0.353640765625 0.7492989125 0.353640765625 0.6796875 0.2917818203125 0.6796875
1 0.03125 0.6796875 0.03125 0.834375 0.0696552546875 0.834375 0.0740843421875 0.833148665625 0.10490867968749999 0.7316925828125 0.1056516453125 0.6922002546875 0.10208731093750001 0.6796875 0.03125 0.6796875
0 0.509375 0.6796875 0.393990384375 0.6796875 0.3921875 0.7109375 0.4 0.7567708328125 0.41484375 0.7640625 0.4390625 0.7963541671875001 0.50390625 0.7932291671875 0.509375 0.78504464375 0.509375 0.6796875
1 0.98780044375 1 0.9875 0.9906476062499999 0.96796875 0.9000289109375 0.9734375 0.7779021453125 0.96953125 0.7611672953124999 0.961328125 0.7506074421875 0.944140625 0.7558629890625 0.9359375 0.76613646875 0.9328125 0.7785819218750001 0.93828125 0.885621825 0.934375 0.9272203062500001 0.92109375 0.9769884812499999 0.91875 0.9986142375 0.91875 1 0.98780044375 1
1 0.6753577734375 1 0.6753577734375 0.9660355640624999 0.65254869375 0.9125097734375001 0.646505790625 0.8817950484375 0.63726219375 0.794167715625 0.627650821875 0.7736945734375 0.6193868 0.7704989734375001 0.6131245296875 0.7704989734375001 0.606654190625 0.774223959375 0.603125 0.7879384671875 0.603125 0.80833491875 0.62364244375 0.9113319328125 0.6250992515625 0.932165265625 0.6203903234375 0.9873706515624999 0.6210202546875 1 0.6753577734375 1
1 0.5569281265625 1 0.5579736984375 0.9897879859375 0.5529115796874999 0.9430207906250001 0.536320184375 0.8803149703125 0.5392622015625 0.776330315625 0.531208103125 0.7608813718749999 0.5219948890625 0.7586496265625 0.5125 0.7675034249999999 0.5125 0.8835259984375 0.5130167859375 0.8927456578124999 0.5125 0.8949468703125 0.5125 1 0.5569281265625 1