1 0.322014525 0 0.323323934375 0.048693828125 0.31737325156249996 0.080387653125 0.3140625 0.0910246078125 0.3140625 0.2484375 0.3396479921875 0.2484375 0.3412162265625 0.246720509375 0.3512473453125 0.2044223796875 0.3568477 0.168921465625 0.3537525140625 0.1112566375 0.3465009109375 0.081011634375 0.3436555515625 0.057810590625000005 0.34255286093750004 0.0405722421875 0.34696837343750003 0.007518504687499999 0.3475134609375 0 0.322014525 0
1 0.251251084375 0 0.25119100625 0.0091408984375 0.2498892390625 0.042588125 0.24375 0.07155672187499999 0.24375 0.240625 0.2566562515625 0.240625 0.2599446328125 0.2377696140625 0.27282775625 0.19070804375 0.2797010640625 0.1478178453125 0.28187609999999996 0.119114140625 0.27368570625 0.0700919921875 0.270922290625 0.051913595312500005 0.27348860468749997 0.01121536875 0.2752658859375 0 0.251251084375 0
1 0.12208427031249999 0 0.12295987343749999 0.027287662499999997 0.1109375 0.0872024265625 0.1109375 0.1847598828125 0.11461609375 0.2072206453125 0.1175526109375 0.2171875 0.14225426562500001 0.2171875 0.14306798125 0.21666332656249998 0.1480464 0.19972364375 0.157349459375 0.1436827265625 0.1570674109375 0.10022487656250001 0.144055446875 0.040858740625 0.14283235156250002 0.021505299999999998 0.1442491125 0 0.12208427031249999 0
1 0.18665769375000002 0 0.18750556093749998 0.010192540625 0.1866973109375 0.037970318749999996 0.1765625 0.07646444687500001 0.1765625 0.2129873359375 0.1809003765625 0.228242034375 0.1860755546875 0.2296875 0.20064444531249997 0.2296875 0.20274843437499998 0.2296771078125 0.20740452187499997 0.22190977812499998 0.2182343734375 0.17212798437500001 0.22128760781249998 0.138843140625 0.21981499218749997 0.0998936390625 0.20744981875000001 0.041232996875 0.20779111874999998 0.0115912453125 0.2094002796875 0 0.18665769375000002 0
1 0.39164435468750003 0 0.392016890625 0.004052881249999999 0.39342942187499996 0.032304071875 0.3933776640625 0.04120065625 0.3904232640625 0.06665715 0.3812703296875 0.09999362187500001 0.3796875 0.10830528749999999 0.3796875 0.1892842640625 0.388846275 0.234375 0.41662651093749997 0.234375 0.41775350468749994 0.2333235703125 0.42632386093749997 0.1919025859375 0.4301905546875 0.153642015625 0.42983671562500003 0.12498082656250001 0.4268625484375 0.09930999375 0.41807384374999995 0.0647387859375 0.4136818015625 0.0383783515625 0.41650606718749994 0 0.39164435468750003 0
1 0.45645701250000004 0 0.456910340625 0.0317754765625 0.45 0.058900112500000004 0.45 0.196875 0.4507617203125 0.196875 0.45683711875000005 0.19346319218750002 0.4803123484375 0.1929463703125 0.48610915625000006 0.1721994015625 0.4890602484375 0.1509394703125 0.4907129390625 0.1231707828125 0.48961055 0.09906034531249999 0.47707192656249997 0.0358337359375 0.479511671875 0 0.45645701250000004 0
1 0.5390625 0 0.5249516953125 0 0.5257066 0.0135410484375 0.521956615625 0.040338353125 0.515625 0.0655202 0.515625 0.1934684 0.518555134375 0.2088659640625 0.5236557140625 0.21358650468749998 0.5327472046875 0.2140625 0.5372644984375 0.2140625 0.5390625 0.21289968906249998 0.5390625 0
0 0.53459536875 0.352278896875 0.53459536875 0.25384203437499997 0.5279259703125 0.23544050625000001 0.501696034375 0.2064952859375 0.492833621875 0.20074287656249998 0.4806277078125 0.1990131421875 0.463818121875 0.20514648124999998 0.44494993593750004 0.2310432359375 0.435603796875 0.2547081109375 0.434375 0.2622766796875 0.434375 0.3124274 0.4363664921875 0.3283119296875 0.44704289062499997 0.3562865625 0.469106159375 0.3855963171875 0.4788062109375 0.3890625 0.5196065828124999 0.3890625 0.52379778125 0.38407530625 0.5332153828124999 0.3580728328125 0.53459536875 0.352278896875
1 0.7896045859375 0 0.7888497734375 0.0185244515625 0.746875 0.14253928437500002 0.746875 0.481132853125 0.7603455 0.526928946875 0.7732128359375 0.5546875 0.842440196875 0.5546875 0.8625791609375 0.5409896 0.89965735 0.4338157171875 0.9211105374999999 0.327825828125 0.9242302203125 0.25126332812499996 0.9153592390625 0.1631480203125 0.8685372734375001 0.01248609375 0.8696765390625 0 0.7896045859375 0
1 0 0.6 0 1 0.3579395078125 1 0.3541352734375 0.9612645375 0.33554178281249997 0.9206162250000001 0.27359488125000003 0.854436040625 0.1627939859375 0.7639196296875 0.14550832656249998 0.729402921875 0.152453346875 0.6354161234375 0.167675975 0.6 0 0.6
1 0.7404584984375 0.6 0.7404293984375 0.610664009375 0.715625 0.6958889265625 0.715625 0.9498378875 0.715715353125 0.950288465625 0.7237490984375 0.9625 0.7799789078125 0.9625 0.7882199671875 0.9502420031250001 0.8162726421875 0.7955832546874999 0.8161988484375 0.7084271078125 0.7913384890625 0.60680635 0.7918806484375001 0.6 0.7404584984375 0.6
1 0.8484391359375 0.6 0.8466917687500001 0.6855992640624999 0.8375 0.7122239875 0.8375 0.9390625 0.8700738234375001 0.9390625 0.8708666718749999 0.9388678609374999 0.885088353125 0.8942615125 0.898572184375 0.8117006312499999 0.8994906296874999 0.7518881765625001 0.8798331156250001 0.67746328125 0.8899528140624999 0.6 0.8484391359375 0.6
1 0.9551060140625001 0.9055840640625 0.9669689343750001 0.850303871875 0.9676366125000001 0.81205250625 0.9508855374999999 0.7311442625 0.9563341765625001 0.6271073328125001 0.94757710625 0.608511134375 0.9293952890625 0.6095701046875 0.91875 0.6257624125 0.91875 0.6784580796874999 0.9190167109375 0.68387008125 0.9225576921875 0.68912276875 0.921699246875 0.738303096875 0.91875 0.742789128125 0.91875 0.9328125 0.949041459375 0.9328125 0.9547244828124999 0.9274419875 0.9551060140625001 0.9055840640625
1 0.9828329046875 0.9210548390625 0.9992863609375 0.85581961875 0.9961269984375001 0.8393415390625 0.9970809984375 0.806554653125 0.986807909375 0.7844428171875 0.987125909375 0.7735138546875 0.9803301812499999 0.7569511390625 0.9865105484375001 0.6696040828125 0.98130261875 0.6612933562500001 0.966501071875 0.6612933562500001 0.9609375 0.6691795968750001 0.9609375 0.7628000671875 0.9681490890625 0.8004130734375 0.9662410874999999 0.86598684375 0.9609375 0.8838368531249999 0.9609375 0.9232810593749999 0.9644920859375 0.926096134375 0.9683061796875 0.928125 0.971229815625 0.928125 0.9828329046875 0.9210548390625
1 0.630615278125 0.6 0.6324217765625 0.691154575 0.6125 0.7564084171875 0.6125 0.87888219375 0.6224367234375 0.9359375 0.6715826015624999 0.9359375 0.689713434375 0.8394107 0.686617525 0.746811359375 0.6687854125 0.6881862375 0.6737916953124999 0.6 0.630615278125 0.6
1 0.602427171875 0.60692285 0.5917407421875 0.60126795 0.5808316515625 0.60107753125 0.56687974375 0.630910021875 0.5712578859375 0.70207521875 0.5546875 0.77076820625 0.5546875 0.9254112859375001 0.554856075 0.9259919890624999 0.5768780359375001 0.928125 0.5896484890625 0.928125 0.599828403125 0.893966778125 0.6022038734375 0.746362321875 0.5958217890624999 0.7243774546875 0.607325065625 0.6206792609375 0.602427171875 0.60692285
1 0.5390625 0.9228495062500001 0.5434699578125 0.9234375 0.5449623124999999 0.9234375 0.5504807046875 0.915518146875 0.549515271875 0.8007005749999999 0.553278821875 0.7952995671875 0.5599676796875 0.6642154984374999 0.5549111375 0.65625 0.5390625 0.65625 0.5390625 0.9228495062500001
1 0.7049679109375 0.731594125 0.708158215625 0.7258115046875 0.7090075796875001 0.70032930625 0.7075138859375001 0.6820307984375 0.7032515375 0.6657022140625 0.6934915359375 0.65830084375 0.68258244375 0.6592552671874999 0.6765625 0.67016679375 0.6765625 0.6960361765624999 0.6999254921875 0.7595528093749999 0.7079546062500001 0.8579134671875 0.7006140078125 0.9025837359375 0.7020611953125 0.9203125 0.7145635828125 0.9203125 0.7145635828125 0.7731035359375 0.70764428125 0.7643810109375 0.7049679109375 0.731594125
1 0.8188352265625 0.8991632515625 0.8188352265625 0.92648565625 0.842471590625 0.9292178968750001 0.8479261359375 0.9155566937499999 0.8442897734375 0.9046277328125001 0.8442897734375 0.8827698093749999 0.840653409375 0.8773053281250001 0.840653409375 0.8499829234374999 0.8370170453125001 0.8445184421875 0.8370170453125001 0.7625512296875 0.8479261359375 0.7133709015624999 0.8479261359375 0.6751195359375 0.8388352265625001 0.655993853125 0.8279261359374999 0.655993853125 0.8224715906250001 0.6641905734375 0.8261079546874999 0.696977459375 0.8333806812500001 0.7188353828125 0.8333806812500001 0.8062670765625001 0.8297443187500001 0.8117315578125 0.8261079546874999 0.8718408468749999 0.8188352265625 0.8991632515625