1 0.2249686703125 0.2390625 0.230644284375 0.193234475 0.2269434828125 0.1780718609375 0.2195844796875 0.1726981453125 0.21035239843750003 0.1775338578125 0.20371211718749999 0.1920129953125 0.2015202203125 0.218864846875 0.201765565625 0.2390625 0.2249686703125 0.2390625
1 0.1064008109375 0.2390625 0.10633795312500001 0.23797278125000002 0.108041375 0.2101101453125 0.10609610625000002 0.189751896875 0.0991676890625 0.17646537812500002 0.0890128703125 0.17299200312500002 0.0814903015625 0.18105027499999998 0.0796875 0.192260075 0.0796875 0.202282278125 0.08473763125 0.2390625 0.1064008109375 0.2390625
1 0.026087581250000002 0.2390625 0.026855423437499998 0.18943700937500002 0.0232022234375 0.176583175 0.0158502796875 0.1689583375 0.005025965625 0.17211806093749998 0.0009195750000000001 0.18014303125 0 0.1854193796875 0 0.20621692343750003 0.0028124015624999997 0.2390625 0.026087581250000002 0.2390625
1 0.0634871265625 0.2390625 0.0691505578125 0.187099646875 0.0652003296875 0.170316009375 0.0597408078125 0.1660870015625 0.0534908078125 0.1665240453125 0.04594723125 0.1758120140625 0.042695915625000004 0.1871052265625 0.0405804609375 0.2390625 0.0634871265625 0.2390625
1 0.2685091765625 0.2390625 0.2716651046875 0.1921992171875 0.26784325937500003 0.1776270828125 0.26097363906250004 0.17109216249999998 0.2536604234375 0.172442778125 0.24938600000000002 0.177315090625 0.2446464265625 0.19099886562499999 0.2449663640625 0.2390625 0.2685091765625 0.2390625
1 0.1911530203125 0.2390625 0.1932291671875 0.1825286828125 0.1872395828125 0.168002553125 0.17956507500000002 0.165625 0.176122509375 0.165625 0.17265625 0.167578221875 0.1708333328125 0.1744696234375 0.1799479171875 0.1761237203125 0.1864583328125 0.188813153125 0.18802083281249998 0.21385861718750002 0.1866208234375 0.2390625 0.1911530203125 0.2390625
1 0.31385038125000003 0.2390625 0.31616685625 0.183796334375 0.310355046875 0.168344278125 0.302026959375 0.165625 0.30057305625 0.165625 0.29628177187500004 0.1688610265625 0.290656796875 0.182127828125 0.29185512343750003 0.2390625 0.31385038125000003 0.2390625
1 0.7296875 0.2390625 0.7636854140625 0.2390625 0.7613404 0.2199627390625 0.74530731875 0.1621749734375 0.7465114640625 0.052566409375 0.741201940625 0.040931346875 0.7296875 0.0399820875 0.7296875 0.2390625
1 0.7785754609375 0.118657309375 0.7788597640625 0.029632010937499998 0.7731874140625 0.015226010937500001 0.7628047921875 0.010025118750000001 0.7559999140625 0.015826210937499998 0.753125 0.023064659374999998 0.753125 0.0546920984375 0.7574706609375 0.09992219375 0.7579455046875 0.1499767578125 0.7681659390625 0.1859375 0.7737272703125 0.1859375 0.7781330953125 0.17500279531250001 0.784665646875 0.16813313125 0.784665646875 0.1426767765625 0.7785754609375 0.118657309375
1 0.7296875 0.6560861124999999 0.7184555031250001 0.6491139421875001 0.7042959703125 0.651606453125 0.687479825 0.6692599593749999 0.683384496875 0.690184221875 0.6805705453125 0.7506008890625 0.6740879375 0.7892789484375 0.6421875 0.84670988125 0.6421875 1 0.6829159812500001 1 0.6922135703125 0.9863999937500001 0.7127586781249999 0.9473127546875 0.7232445671875001 0.906437703125 0.7242099078125 0.8689604359375 0.7135970609375 0.8120552140624999 0.7130534046875 0.7902256796875 0.7173427984375 0.76513475 0.7296875 0.7273721203125 0.7296875 0.6560861124999999
1 0.55994515625 0.6282974234375001 0.5531450343750001 0.6113008546875001 0.54489140625 0.607334209375 0.5344800640625 0.6106955984375 0.5245178390625 0.6228838796874999 0.5192830515625 0.658355096875 0.5195170140625 0.693699028125 0.5143512828125 0.7187717625000001 0.5 0.748094190625 0.5 0.8875 0.5135422671875001 0.8875 0.5196664625 0.882918684375 0.538522621875 0.8429716765624999 0.5493111890625 0.8063315062499999 0.5516070125 0.77820650625 0.5423912515625 0.7191588140625 0.5461645453124999 0.6920391125 0.5582445453125 0.64913075625 0.55994515625 0.6282974234375001
1 0.4296875 0.7159694234375 0.4296875 0.754108984375 0.4309691640625 0.7637731890625 0.4436474046875 0.8015625 0.44438774375 0.8015625 0.4473447109375 0.798872803125 0.4473447109375 0.7420736578125 0.4375790859375 0.6848455046875 0.43072350937500004 0.7043072671874999 0.4296875 0.7159694234375
1 0.457400653125 0.581944759375 0.44737173593749996 0.5854244234375 0.440625 0.5995325250000001 0.440625 0.6009098375 0.44490395781250003 0.64966425625 0.4451236890625 0.65 0.45635865156250005 0.65 0.4661973328125 0.6442265046875 0.46875 0.635299775 0.46875 0.5963053281249999 0.46674580781249997 0.5904851843750001 0.457400653125 0.581944759375
1 0.46361679999999994 1 0.48287775625 0.9562070125 0.49424765624999994 0.9076306796875 0.492947778125 0.8627116796875001 0.475521515625 0.7910506765624999 0.4766250765625 0.76396734375 0.48841942187500004 0.7049743453125 0.49051645468749994 0.6727145125 0.48863959687499997 0.661160678125 0.482444640625 0.6499525937499999 0.46904682812500004 0.64229793125 0.46800967031249996 0.64229793125 0.448069640625 0.64855191875 0.43990498593750005 0.666478665625 0.436627453125 0.6892998328125 0.441451578125 0.7437530031249999 0.4401357953125 0.77604466875 0.4362467921875 0.7946673343749999 0.415625 0.8435112078125 0.415625 0.983357571875 0.4166333328125 0.9879398312500001 0.42197851406250003 1 0.46361679999999994 1
1 0.38534458125 0.7556229546875 0.3731096484375 0.7118692640625001 0.3739058234375 0.6848405625 0.3826507625 0.6282081500000001 0.379115996875 0.6087442640624999 0.3697447265625 0.6026563109375 0.3563421375 0.605668359375 0.346417375 0.622442440625 0.34588723906249996 0.71169799375 0.334375 0.7442247734375 0.334375 0.8751740015625 0.3347388515625 0.8763905859375001 0.33707810781249997 0.878125 0.36102051562500004 0.878125 0.3659888515625 0.8742053734375 0.3818182484375 0.829526659375 0.387241253125 0.8032118390625002 0.38845465625000003 0.7823785062499999 0.38534458125 0.7556229546875
1 0.2633224390625 1 0.26884765625 0.99459196875 0.28447265625 0.9330427296875001 0.28681640625 0.8861540953125001 0.27900390625 0.8434912125 0.25244140625 0.785312415625 0.24931640625 0.7676222625 0.25322265625 0.6790578703125 0.25087890625 0.659279840625 0.23876953125 0.64007945625 0.23017578125 0.6349211203125 0.22080078125 0.6349756624999999 0.20673828125 0.6433908078125 0.19697265625 0.6658434578125 0.20009765625 0.702283609375 0.21181640625 0.7542987640625001 0.21259765625 0.7959608859375 0.19697265625 0.846051790625 0.1953125 0.8622940875000001 0.1953125 0.9217645734375001 0.19619140625 0.9304313359374999 0.20400390625 0.9564275484374999 0.21728515625 0.983433615625 0.21650390625 0.9990631609375 0.217209615625 1 0.2633224390625 1
1 0 0.996875 0.02189674375 0.996875 0.038179971875 0.9850532031250001 0.0535517046875 0.92798415625 0.058573226562500004 0.8798399765625 0.05451609843750001 0.853029659375 0.045747225 0.8275340234375002 0.0126572140625 0.77432780625 0.0083818796875 0.7568924890625001 0.0071722390624999995 0.6747828328125001 0.0037751359375 0.6531353453125 0 0.6488139796875 0 0.996875
1 0.21103515625 0.761624565625 0.19541015625 0.687211590625 0.19697265625 0.6570487218750001 0.20869140625 0.63655636875 0.20791015625 0.6177836359375 0.19970703125 0.601399115625 0.18798828125 0.5958498015625 0.17548828125 0.600694421875 0.16806640625 0.615582634375 0.17041015625 0.64690083125 0.17822265625 0.6825448187500001 0.17900390625 0.7086092171875 0.165625 0.7608861015625 0.165625 0.8148345140625001 0.16728515625 0.8228515703125 0.18547051406249998 0.871875 0.1881122890625 0.871875 0.19150390625 0.8693895968749998 0.19619140625 0.8424426562499999 0.21103515625 0.794957896875 0.21181640625 0.780397296875 0.21103515625 0.761624565625
1 0.3925367265625 0.753125 0.39349018281250003 0.753125 0.39891175 0.7514819359375 0.407027271875 0.7256675890625 0.41118806093750004 0.70390625 0.411466840625 0.6799479171875 0.40022080468750004 0.6389819359375 0.4040609375 0.5776145312500001 0.39986709062500003 0.5686353375 0.3897204890625 0.565625 0.3877192359375 0.565625 0.3814652921875 0.5717469671875 0.38125 0.5725638500000001 0.38125 0.6072715015625001 0.38382667656249997 0.6374628953125001 0.38125 0.65768028125 0.38125 0.7185145296875 0.38277215937500003 0.7280878953125 0.3925367265625 0.753125
1 0.305859375 0.5789121203125001 0.296875 0.5967804156250001 0.3015625 0.6714252187499999 0.28984375 0.713979878125 0.2890625 0.742164078125 0.30230129687499996 0.8 0.3270911015625 0.8 0.33046875 0.797359834375 0.3421875 0.73813850625 0.3421875 0.7256385062499999 0.3375 0.6978687031249999 0.32421875 0.6572084312500001 0.3265625 0.5955724968749999 0.318359375 0.5800482609375 0.305859375 0.5789121203125001
2 1 0.6675581171875 0.7296875 0.6793282046875 0.7296875 0.7453125 0.9749339703125 0.7453125 1 0.7442765484375 1 0.6675581171875