1 0.340625 0.1923888546875 0.340625 0.12299138125 0.335366584375 0.10542752343749999 0.3351472625 0.034480528125 0.330889753125 0.0151270125 0.32549692812500003 0.0078125 0.324378853125 0.0078125 0.31607260625 0.00929755625 0.3102813640625 0.0240741109375 0.3170742609375 0.10039480468749999 0.3068137578125 0.166081759375 0.3085934171875 0.196637315625 0.317836478125 0.247844346875 0.32353931406249997 0.259375 0.33573480624999996 0.259375 0.3394964828125 0.2569528046875 0.3363161125 0.229220490625 0.338442703125 0.1985512734375 0.340625 0.1923888546875
1 0.26246056093750003 0 0.25842004375 0.014963424999999999 0.2654028390625 0.0887383109375 0.2579203421875 0.12435809843750001 0.25585323125000003 0.1741124375 0.27099304375 0.24000436875000003 0.27764325 0.2421875 0.28991123124999996 0.2421875 0.290625 0.241676346875 0.290625 0.1094044765625 0.2832260109375 0.086902234375 0.2814936 0.0092472890625 0.2759701984375 0 0.26246056093750003 0
1 0.21208419531249997 0 0.21973753125 0.065893084375 0.2116812984375 0.1266217 0.215083634375 0.1655105890625 0.23051708125 0.2160706828125 0.23692139843749999 0.221875 0.23693620312500002 0.221875 0.2421875 0.22119095781250003 0.2421875 0.08142493281249999 0.2371680546875 0.067368471875 0.23458199062500001 0.0018538953125 0.23357534375000003 0 0.21208419531249997 0
1 0.164209828125 0 0.1634795828125 0.0008893734375 0.1664051359375 0.051053265625 0.1553005109375 0.1030115859375 0.1549717734375 0.1418458453125 0.1657744703125 0.1981115953125 0.1676625921875 0.2 0.1897896546875 0.2 0.18999322031250002 0.199805134375 0.196636603125 0.1669634765625 0.196875 0.15944997968750002 0.196875 0.10676089375 0.1835764734375 0.0508662421875 0.18458949375 0.0037532828125 0.1825161515625 0 0.164209828125 0
1 0.2843643859375 0 0.28264005000000003 0.0021857140625 0.2851373265625 0.0286018765625 0.28231129843749997 0.07995440312499999 0.29355585 0.13285945 0.2969070984375 0.17178469999999998 0.2948225015625 0.196875 0.29868718437499997 0.196875 0.30071638749999996 0.1551634875 0.3078125 0.125423965625 0.3078125 0.0943423859375 0.30656236875 0.0857917671875 0.2969934421875 0.052349346875 0.29826505000000003 0.0023675265625 0.2898263734375 0 0.2843643859375 0
1 0.323857715625 0 0.3213655875 0.006282628125 0.3213655875 0.00751195625 0.3276482890625 0.01178588125 0.32948883281249997 0.035601710937499996 0.3213655875 0.0959103453125 0.3213655875 0.1088529859375 0.3281913875 0.1640625 0.32993975625 0.1640625 0.34350057343749996 0.153537628125 0.34375 0.14101509843749999 0.34375 0.11588932031250002 0.3366072828125 0.07085620000000001 0.34375 0.01744425625 0.34375 0.0025440453125000003 0.332031340625 0 0.323857715625 0
0 0.36875 0.1567821203125 0.3552480953125 0.1567821203125 0.3442549328125 0.165387496875 0.3326845109375 0.182282453125 0.324318203125 0.203730940625 0.3238064625 0.2067476359375 0.3238064625 0.266679559375 0.3310428328125 0.2866992875 0.3487693328125 0.303125 0.35736102812500004 0.303125 0.3583569015625 0.302954490625 0.36875 0.2952223765625 0.36875 0.1567821203125
1 0.6276986593749999 0 0.6257683625 0.0685752 0.612891884375 0.1051350359375 0.612891884375 0.2765625 0.638634271875 0.2765625 0.66037654375 0.21590019843750002 0.6671875 0.164055978125 0.6671875 0.15154494375 0.6535461375 0.06873680625 0.6618118078125 0 0.6276986593749999 0
1 0.708032609375 0 0.7086155421875 0.0851312390625 0.6906470390624999 0.133732628125 0.6906470390624999 0.2682780828125 0.6937903999999999 0.288067346875 0.7050494640625 0.290625 0.7298620171875 0.290625 0.7349396828125 0.2838098078125 0.7524419203124999 0.216296703125 0.7546875 0.1611862125 0.7546875 0.15969192968749998 0.7381271734375 0.08490894843749999 0.7453022812500001 0 0.708032609375 0
1 0.79441484375 0 0.8008373843750001 0.093569821875 0.781192875 0.1615792015625 0.7789517515625 0.2056017578125 0.8002534453125 0.3015625 0.83285483125 0.3015625 0.8421875 0.2672994515625 0.8421875 0.14315676875 0.8283299249999999 0.082123171875 0.8304274750000001 0 0.79441484375 0
1 0.8795898484375 0 0.8908115578124999 0.084626225 0.8745660984375 0.1710286125 0.8767864484375 0.23725262812499998 0.8974089171875 0.310306596875 0.9272489437499999 0.3168037453125 0.9296875 0.31521410625 0.9296875 0.1326625 0.9195886109375 0.1009748375 0.918099590625 0 0.8795898484375 0
1 1 0 0.982718396875 0 0.9910940531249999 0.0839430671875 0.9725855515624999 0.166077528125 0.9732636734375 0.21010954375000002 0.9940993078125 0.2967501921875 0.998288178125 0.3015625 1 0.3015625 1 0
1 0.8318059359374999 0 0.8281122765625 0.0907180125 0.848233459375 0.1791814640625 0.8373516671874999 0.27463660624999997 0.838962165625 0.275 0.8494024249999998 0.275 0.8599993328124999 0.23568710468749998 0.8640625 0.17441163125 0.8640625 0.13698724375 0.8459150203124999 0.061515390625 0.8495608953125 0 0.8318059359374999 0
1 0.9108983312500001 0 0.8984746484375 0.09322843125 0.9110062031249999 0.1751383875 0.9054309421875001 0.2388638796875 0.897257971875 0.265985996875 0.897257971875 0.2890625 0.9004044296875 0.2890625 0.922842978125 0.2274653109375 0.9314717765625 0.16636206874999998 0.9175206703125 0.0819155 0.9295790468749999 0 0.9108983312500001 0
1 0 1 0.0331636671875 1 0.023667287500000002 0.9382683359375001 0.0333805046875 0.834516065625 0.0308780265625 0.8190014890625001 0.025329912500000003 0.8109186046874999 0.012161848437500001 0.80713443125 0.00359086875 0.8155406140625001 0.0015756265625000002 0.8265333265624999 0.001916525 0.914329325 0 0.92518989375 0 1