1 0.0682299484375 0.55 0.0667888484375 0.5335281468749999 0.0678309875 0.4915884640625 0.06543553125 0.4582247953125 0.057345459375 0.44054842812499995 0.050364070312499995 0.4348115453125 0.04187108125 0.4348115453125 0.0357482671875 0.43901438906249995 0.029810626562499998 0.4519239125 0.0289771984375 0.46034825156250003 0.0396950625 0.55 0.0682299484375 0.55
1 0.386315121875 0.55 0.3920156359375 0.5080580046875001 0.3934255453125 0.477532784375 0.3864796515625 0.4562595921875 0.37932269218750003 0.45120527031249996 0.37151019218750003 0.45075024375000006 0.3637560453125 0.45725483125000005 0.3569133296875 0.47726117968750004 0.3560781359375 0.5059648828125 0.3579344875 0.55 0.386315121875 0.55
1 0.454200175 0.55 0.45338526406249996 0.5238686718750001 0.455769428125 0.4998158078125 0.454071028125 0.46740839999999995 0.447898659375 0.4539506578125 0.435369134375 0.4484375 0.4349503640625 0.4484375 0.427586159375 0.4538324828125 0.42301513437500005 0.47093029687500004 0.4236103921875 0.4922235640625 0.43024694218750004 0.55 0.454200175 0.55
1 0.15206448749999998 0.55 0.1515626046875 0.5318626265625 0.155732946875 0.4878008171875 0.15542049687499998 0.4609489671875 0.1492423671875 0.4442563375 0.13875028125 0.4369245484375 0.1309916515625 0.44091645156250003 0.12464823437500001 0.45473686406249997 0.1275109796875 0.477171659375 0.1283513609375 0.5493938828125 0.128246553125 0.55 0.15206448749999998 0.55
1 0.22046479687499998 0.55 0.226490340625 0.47364320781249997 0.2206327359375 0.450644121875 0.2133841640625 0.44285457343749995 0.2055770515625 0.4415192140625 0.1985054 0.44809516406250005 0.20935132343750001 0.464409115625 0.2113861734375 0.47285163125 0.21365635468750002 0.5303955171875 0.2105094921875 0.55 0.22046479687499998 0.55
1 0.6563839046875 0.55 0.659375 0.5389930656249999 0.659375 0.45905640156249994 0.6304529171875 0.37532037812499996 0.6381749234375 0.2520587921875 0.6092173953125 0.2168670546875 0.5763988624999999 0.25361538437500003 0.587981875 0.383156 0.559375 0.44832522968750005 0.559375 0.5432350875 0.5615067796875 0.55 0.6563839046875 0.55
1 0.8765625 0.5161909171875 0.8765625 0.326457871875 0.8763211390624999 0.3253873703125 0.87572789375 0.18553748125 0.86424561875 0.17241011875 0.853456946875 0.17241011875 0.8255348437500001 0.1884608921875 0.8320462078125 0.30724247031249996 0.800651728125 0.39196547656249997 0.8230580812499999 0.5150021828125 0.8413698374999999 0.5359375 0.8508756468750001 0.5359375 0.871194015625 0.5329222046875 0.8765625 0.5161909171875
1 0.6688893328125001 0.20901535624999998 0.6661298921875 0.0904586546875 0.64459443125 0.075962925 0.623898803125 0.0975496703125 0.6305192421875 0.21639894062499998 0.6468030875 0.2536516921875 0.645821496875 0.3770704640625 0.6656169421875 0.4 0.6711101828125 0.4 0.6828125 0.36465697656249996 0.6828125 0.257866821875 0.6688893328125001 0.20901535624999998
1 0.6608383078125 0 0.6608383078125 0.18030805156250002 0.6653087296875 0.2273398828125 0.6809406421875 0.25 0.6848335203125 0.25 0.703125 0.17006822500000002 0.703125 0.1453410640625 0.692224371875 0.0998231703125 0.6989350812499999 0.0021099046874999998 0.6974795796875 0 0.6608383078125 0
1 0.6991450609375 0 0.7265625 0.1495368546875 0.7265625 0.0122709390625 0.7222503796875 0 0.6991450609375 0
1 1 0.033279021874999995 0.9973037484375 0.037388739062499995 0.9960441046875002 0.10955368593749999 0.959375 0.1918702234375 0.959375 0.259596409375 0.97883271875 0.2953125 0.9849694437500001 0.2953125 1 0.278781184375 1 0.033279021874999995
1 0.8294707796875 0.171866378125 0.7991825453125 0.2208914015625 0.8113712124999999 0.315625 0.8123586828124999 0.315625 0.8258496937500001 0.1921697640625 0.8578125 0.16606047031249999 0.8578125 0.07816832500000001 0.85695880625 0.0479415 0.8282711875000001 0.0687735953125 0.8294707796875 0.171866378125
1 0.8277402046875 0 0.8275251609375001 0.06875 0.8293395984374999 0.06875 0.8355628375 0.0565339375 0.85 0.0272433984375 0.85 0.015720529687500002 0.8488778890625 0 0.8277402046875 0
1 0.806131378125 0.184375 0.828125 0.15938270000000002 0.828125 0.07245850937500001 0.8118934250000001 0.10592704374999999 0.80031231875 0.17666462968750002 0.8041727171874999 0.176574778125 0.805344765625 0.184375 0.806131378125 0.184375
1 0.5458664109375 1 0.54375 0.9610758562499999 0.5265625 0.9022622984374999 0.4984375 0.8381242046875 0.4875 0.7890496640625 0.4890625 0.6047656703125 0.4828125 0.58565165 0.46796875 0.5683808499999999 0.44453125 0.562328271875 0.4203125 0.575761440625 0.4046875 0.6076638890625 0.409375 0.6641869015624999 0.425 0.7354094578125 0.4265625 0.8198754625 0.39375 0.9476518500000001 0.39233295468749996 1 0.5458664109375 1
1 0.489688015625 0.55 0.4871580328125 0.558051590625 0.4871580328125 0.71150686875 0.494320696875 0.7384088156249999 0.500654596875 0.7453125 0.5233395468750001 0.7453125 0.5270877328125 0.7418824265625 0.5477017609375 0.6789119890624999 0.55 0.653381915625 0.55 0.6017530109375 0.5487761796874999 0.588195984375 0.5357227078125 0.55 0.489688015625 0.55
1 0.23805477968750002 0.55 0.2625577796875 0.712771640625 0.24765647500000001 0.78610005625 0.246817671875 0.8595102859375 0.2627569328125 0.9252080093749999 0.2945668546875 0.9956841359374999 0.300084746875 1 0.3471118359375 1 0.3484375 0.9978960546875001 0.3484375 0.7724810953125 0.3465919421875 0.7663693406250001 0.31042206875 0.7021159406249999 0.29955376718750004 0.55 0.23805477968750002 0.55
1 0.38803440624999996 0.55 0.392942225 0.6050968640625001 0.3739445828125 0.6722129265625 0.3739445828125 0.75733868125 0.3861625703125 0.8142716046875 0.39774033124999997 0.8453125 0.40931800625000003 0.8453125 0.4190296171875 0.8132493249999999 0.4200387375 0.755436825 0.40303424374999997 0.6542352703125001 0.40239904531250004 0.6010101406249999 0.4312058828125 0.5637499734375 0.4323675171875 0.55 0.38803440624999996 0.55
1 0.139300959375 0.55 0.150585171875 0.6273834609375 0.1360692328125 0.7214205046875 0.136760125 0.7807955046874999 0.1417748875 0.8093031421875001 0.1691191859375 0.8786589203125 0.17838476406249998 0.8875 0.2067809546875 0.8875 0.2144498671875 0.8839202453125001 0.223533965625 0.8596855203124999 0.228125 0.826010621875 0.228125 0.7345308203125 0.22011696875000003 0.7001829765625 0.189593128125 0.6258846046875 0.185910721875 0.55 0.139300959375 0.55
1 0.29908640000000003 0.55 0.2994662984375 0.5519769078125 0.3001743046875 0.6989337953125 0.3201868203125 0.7515608281249999 0.3290447203125 0.7609375 0.33546618125 0.7609375 0.3484375 0.7067737546874999 0.3484375 0.64689568125 0.318198115625 0.556084553125 0.31806469375 0.55 0.29908640000000003 0.55
1 0.0756359234375 0.55 0.0796875 0.5774564171875001 0.0640625 0.65907009375 0.0640625 0.69813259375 0.090625 0.788139346875 0.1026124546875 0.7984375 0.11570445 0.7984375 0.13125 0.7871937890625 0.13125 0.7200062890625001 0.1421875 0.6541267140625 0.1109375 0.5782915656250001 0.10972379375 0.55 0.0756359234375 0.55
1 0.8261570140625001 0.55 0.8222736203125001 0.5736436046875 0.8260923625000001 0.6086022078125 0.8485908015625 0.6698579875 0.856112415625 0.73249069375 0.8456145296875001 0.77093105 0.8395588296875001 0.8588965625 0.8570779296875 0.9627688734375 0.8823965328125001 1 0.9375 1 0.9375 0.7707067656250001 0.912327615625 0.711528409375 0.90579436875 0.6368530515625 0.9016883328125 0.551850515625 0.9004299109375001 0.55 0.8261570140625001 0.55
1 0.73218635625 0.55 0.725438840625 0.5661516468750001 0.725438840625 0.6012079171875 0.7334359109374999 0.6822265625 0.725438840625 0.7399300640625001 0.725438840625 0.9087271171874999 0.74033815625 0.946875 0.7859420265624999 0.946875 0.80625 0.774263259375 0.80625 0.762348196875 0.7856870328125 0.6978515625 0.7917368375 0.5676432296875 0.7841226453125 0.55 0.73218635625 0.55