1 0.44148370937500003 0.361680984375 0.46252511093750004 0.344233446875 0.46252511093750004 0.3049162984375 0.4498216109375 0.2339347015625 0.4486935296875 0.198877328125 0.455279665625 0.099763190625 0.4501072640625 0.0786294671875 0.434346928125 0.059067940625 0.427218234375 0.059067940625 0.41506686249999997 0.0645960296875 0.40508570468749994 0.0882257125 0.40569450625 0.14789786875 0.4114487875 0.194031590625 0.41248324375 0.2384760359375 0.405085584375 0.2893142125 0.390625 0.33681569375 0.390625 0.425341059375 0.3968203875 0.4704576203125 0.40834678437500005 0.51875 0.4094146171875 0.51875 0.41172338281250004 0.507469896875 0.411017603125 0.44363107343749997 0.4157105109375 0.41064819375 0.42453595625 0.38763785781250004 0.44148370937500003 0.361680984375
1 0.2780108015625 0.46998532812500005 0.2857454296875 0.42360834687500004 0.2857454296875 0.300603284375 0.2639269125 0.1999031546875 0.264923753125 0.07522201875 0.2561872375 0.0516357375 0.2492106578125 0.0469959703125 0.24098849375000003 0.0469959703125 0.23196848750000001 0.049658778125000004 0.22354982968749998 0.07323094531249999 0.2242933453125 0.105175390625 0.23430406406249998 0.2002575640625 0.215625 0.31380320625 0.215625 0.3357823609375 0.21621129374999998 0.3609719234375 0.222649846875 0.403085 0.23647524375 0.46104980937500006 0.242609396875 0.4733336625 0.2493308359375 0.4773479546875 0.2650786421875 0.478125 0.271040753125 0.478125 0.2780108015625 0.46998532812500005
1 0.27366309375000003 0.369979128125 0.28926814218749997 0.3044060703125 0.29152725625000003 0.23905994062499997 0.2894372703125 0.21656431718750002 0.27705168593749996 0.1624878796875 0.28443615312500004 0.0376245796875 0.27719356875 0.022895653125000002 0.2625201765625 0.022895653125000002 0.2546875 0.035122723437499996 0.2546875 0.0463007765625 0.2604861328125 0.06342019374999999 0.26277018124999996 0.0817491515625 0.2546875 0.17458914375 0.2546875 0.2117702984375 0.2687615765625 0.3067956234375 0.268780971875 0.371875 0.27119945156249997 0.371875 0.27366309375000003 0.369979128125
1 0.3097834828125 0.2563686859375 0.3131241359375 0.1952757578125 0.2990214 0.11591818281249999 0.304854040625 0.02289899375 0.300200246875 0.0082565703125 0.289424396875 0.002573746875 0.2828125 0.007984653125000001 0.2828125 0.03650811875 0.2868987015625 0.049087884375 0.2828125 0.1309060578125 0.2828125 0.1689714296875 0.295667159375 0.2311959640625 0.295101175 0.303125 0.29597921718750003 0.303125 0.3008798453125 0.29377777968749996 0.3097834828125 0.2563686859375
1 0.1854933703125 0.18989164218750001 0.168012203125 0.1282118046875 0.1669971375 0.039322915624999996 0.163289940625 0.026822915625 0.15382040156250001 0.01640625 0.14144977812499998 0.0191840265625 0.1359375 0.034966870312499995 0.1359375 0.04801225625 0.14632628125 0.14904513749999998 0.13921538125 0.19765625 0.15631824218749998 0.2629340265625 0.1610504796875 0.3309895828125 0.163136403125 0.3359375 0.1834977296875 0.3359375 0.1854933703125 0.33206941093750003 0.1854933703125 0.18989164218750001
1 0.1465857734375 0.26063390625 0.12618181875 0.18483806875 0.1254924 0.0584810125 0.11708726093749999 0.04078565 0.1081607828125 0.0380500171875 0.09989776875 0.0380500171875 0.09103659375 0.05013589375000001 0.088805971875 0.059762615625 0.08997509218750001 0.0931277828125 0.0977174328125 0.1545253953125 0.097372534375 0.1919935625 0.084375 0.255741415625 0.084375 0.317147996875 0.0948991171875 0.3820803390625 0.10303484062499998 0.41017644999999997 0.113304209375 0.4203125 0.1287540234375 0.4203125 0.1396889484375 0.4061170703125 0.14790017187499999 0.35593600625 0.14790017187499999 0.27585178125 0.1465857734375 0.26063390625
1 0 0.36875 0.020529095312500002 0.36875 0.02900390625 0.35715165937500004 0.03525390625 0.319542565625 0.03837890625 0.2639324625 0.03291015625 0.21819458749999998 0.01416015625 0.157410759375 0.01259765625 0.050493587500000006 0.00595703125 0.034637278125 0 0.031715465625 0 0.36875
0 0.5526425828125 0.555962546875 0.5659856734375001 0.5069147890625 0.5676347500000001 0.43904116875000004 0.5536464578125 0.38158113125000004 0.5288031203125 0.3474562140625 0.49556185937499997 0.335168365625 0.4679913625 0.3392197 0.42843826093750004 0.375652125 0.403125 0.419412596875 0.403125 0.6163660203125 0.40757126093749996 0.6360505984375 0.43526754062500006 0.66875 0.48849234687500004 0.66875 0.495141346875 0.664486753125 0.504400890625 0.663003190625 0.5221399203125 0.6414279609375 0.5340681218750001 0.615755096875 0.5526425828125 0.555962546875
1 0.9196492687500001 0.2521575984375 0.90809216875 0.246465684375 0.9041387984375 0.23461013125000002 0.9064287249999999 0.20962831093749998 0.9183361265624999 0.17642224687500002 0.9095943156249999 0.1276929578125 0.9151417609375001 0.060222523437499995 0.9064347843749999 0.0385499125 0.8967570437500001 0.03954351875 0.8891286328125 0.044985859375 0.8830237828125 0.051552146875 0.8805804171875 0.077338421875 0.884859103125 0.1168405203125 0.8834897640625 0.1385040765625 0.8836363828125 0.15886270625 0.8777088281250001 0.191427240625 0.8734375 0.207090671875 0.8734375 0.3162358078125 0.8764715734375 0.3259858953125 0.878505434375 0.363522259375 0.8829318390625 0.371875 0.902805365625 0.371875 0.908974184375 0.36387679375 0.9195615593750001 0.3223192140625 0.9257443249999999 0.270984871875 0.9196492687500001 0.2521575984375
1 0.7956086453125 0.1497829859375 0.7899558046874999 0.1122829859375 0.7880201343750001 0.053949653125 0.7772518390625 0.032421875 0.764099965625 0.035199653125 0.759375 0.049265225 0.759375 0.060915035937499994 0.771519271875 0.15256076406250002 0.767662746875 0.20394965312500002 0.7769464968750001 0.2890625 0.783244984375 0.2890625 0.795280140625 0.26853298593749997 0.8120255500000001 0.25748665000000004 0.8120255500000001 0.1937241984375 0.7956086453125 0.1497829859375
0 0.85200508125 0.478216753125 0.8745267171875 0.434016953125 0.885674690625 0.3906004390625 0.885674690625 0.3562510296875 0.8842521281250001 0.33029595624999997 0.869720953125 0.289445175 0.8581908140625 0.27162247968750003 0.83063696875 0.25245275 0.8211193250000001 0.25053034531249996 0.8113331984375 0.25053034531249996 0.781676796875 0.2726694609375 0.7667414046875 0.297743153125 0.75625 0.3471553 0.75625 0.3622226890625 0.757667953125 0.390384871875 0.76747930625 0.428266875 0.78621846875 0.46165385 0.8004910640625 0.480282409375 0.8110945031250001 0.48557327343749995 0.8161595484375 0.4859375 0.8359426734375 0.4859375 0.85200508125 0.478216753125
1 0.28517184218749997 1 0.2842715046875 0.9822156359375 0.284997115625 0.924015809375 0.2902414203125 0.83652011875 0.28677881250000004 0.777127353125 0.2766064203125 0.742267315625 0.264467421875 0.7234607890625 0.25650350624999996 0.717072321875 0.22348011093750003 0.717072321875 0.2150313578125 0.7221418703125 0.20577308749999998 0.737728109375 0.19895554531249998 0.7576312093750001 0.1961933109375 0.7953605359375 0.1971846640625 0.8379531281249999 0.2080394828125 0.9468204874999999 0.20975108750000002 1 0.28517184218749997 1