1 0.1140625 0.2171875 0.120511003125 0.2171875 0.12577885312499998 0.1976896265625 0.12249422968749998 0.16009416875 0.12567460156250002 0.1323436640625 0.12236120937499999 0.12881007656250001 0.11638049531250001 0.13079113281250002 0.11616333593749999 0.16137396406249999 0.1140625 0.1682473015625 0.1140625 0.2171875
1 0.11269916718749999 0.17834430625 0.1102378296875 0.16888849687500002 0.108545953125 0.16603794375 0.10953124375 0.136980440625 0.1065057703125 0.1306030859375 0.10409733125000001 0.1291050359375 0.10181827031249999 0.1303847625 0.1 0.13494119375 0.1 0.146191815625 0.10294782499999999 0.16300545625 0.1 0.1754022609375 0.1 0.21215554218750002 0.1033856828125 0.2226185171875 0.10521868281249999 0.225 0.11228058437499999 0.225 0.11269916718749999 0.223058946875 0.11269916718749999 0.17834430625
1 0.0932160625 0.180366925 0.0912711625 0.1758625015625 0.08988235312500001 0.16895444375 0.09047275625 0.1577705578125 0.0891361234375 0.14249278125 0.0850736953125 0.13640652343749998 0.08038619531249999 0.136624846875 0.0796875 0.13991437812500002 0.0796875 0.15242024375000002 0.082851103125 0.1692819296875 0.0816702953125 0.1916497015625 0.0799341046875 0.1987033078125 0.08139225 0.215369975 0.0863921078125 0.22768803906250001 0.08773646874999999 0.234375 0.0932160625 0.234375 0.0932160625 0.180366925
1 0.0647846625 0.235409609375 0.0669548625 0.2359375 0.06931623906249999 0.2359375 0.0718159125 0.23042800937500002 0.0741596625 0.2167304390625 0.0741596625 0.2000637734375 0.0679096625 0.174553590625 0.0694721625 0.15940335781249998 0.0694721625 0.14551446875000001 0.0683002875 0.1419465875 0.064022634375 0.1390625 0.0635284484375 0.1390625 0.0600971625 0.15030475000000001 0.0608784125 0.173979634375 0.0594832875 0.187763040625 0.059375 0.1888703171875 0.059375 0.220549434375 0.060802078125000006 0.2263719265625 0.0628315375 0.2290001765625 0.0647846625 0.235409609375
1 0.039529325 0.2328125 0.044884428125 0.2328125 0.048146198437499996 0.22446379218749998 0.05006119999999999 0.2140154453125 0.05006119999999999 0.1943269140625 0.0439167359375 0.1687262984375 0.0461312 0.14661323906249998 0.0453095484375 0.1396324078125 0.0401869828125 0.13175699999999999 0.0362807328125 0.1315750671875 0.0359375 0.1345053765625 0.0359375 0.15473620625 0.037634414062499996 0.1628796484375 0.0376667359375 0.168435203125 0.0361365578125 0.17391798281249998 0.0359375 0.17657849375 0.0359375 0.219003153125 0.0372086984375 0.22395436875 0.03881968125 0.23236047499999998 0.039529325 0.2328125
1 0.02045049375 0.1369960234375 0.0178494546875 0.129277571875 0.0131619546875 0.1291411796875 0.011148221875 0.132556571875 0.010221514062500001 0.140867171875 0.012104643750000001 0.1673242578125 0.008052934375 0.17554393125 0.0078125 0.17694481875 0.0078125 0.21758975625 0.0097514171875 0.225 0.017831375 0.225 0.01894741875 0.22310713437500002 0.0198741265625 0.21479653281250002 0.023217315625000002 0.20238746093749999 0.0220184625 0.1815086625 0.01835464375 0.1675061140625 0.02045049375 0.1369960234375
1 0.061225079687499996 0.20301337656250001 0.063267321875 0.177704878125 0.061487240624999995 0.1499271 0.06358183437500001 0.1401872890625 0.06358183437500001 0.1371592421875 0.0627629421875 0.1331785875 0.0598060578125 0.1298018515625 0.0546875 0.1326739859375 0.0546875 0.1461923828125 0.0571755421875 0.168173628125 0.0546875 0.17974296875 0.0546875 0.198217653125 0.0595153234375 0.2296875 0.06358183437500001 0.2296875 0.06358183437500001 0.2210901921875 0.062314562500000004 0.217068115625 0.061225079687499996 0.20301337656250001
1 0.08251008125 0.1327329796875 0.0799171875 0.1293881140625 0.0760109375 0.12957005 0.07313508125 0.133169628125 0.07323721562499999 0.14979990781250002 0.0739618734375 0.15115240937500002 0.0734525375 0.163652409375 0.0703125 0.172414234375 0.0703125 0.1921875 0.07472604375 0.1921875 0.075558865625 0.1885068609375 0.0758984234375 0.18017352656250002 0.0785251375 0.1731199203125 0.0790344734375 0.1606199203125 0.07781153125 0.15235936249999998 0.0780944953125 0.1454149171875 0.07999655156249999 0.13700880937499998 0.08251008125 0.1327329796875
1 0.038585934375 0.169349240625 0.0350730453125 0.14716338125 0.0358300515625 0.1457654 0.035733078125 0.1402098453125 0.0402417859375 0.1332991109375 0.0402417859375 0.13315561250000002 0.03672313125 0.12977954375 0.03203563125 0.1298340875 0.030143112500000003 0.1333290359375 0.032214717187500005 0.162477521875 0.0289489015625 0.1802117828125 0.028125 0.1876779984375 0.028125 0.1961281015625 0.028304951562500003 0.1972972046875 0.029916084375000002 0.2109375 0.0315924125 0.2109375 0.032257734375 0.209708834375 0.0329177703125 0.2027552984375 0.0358973125 0.1943856015625 0.0371204078125 0.174922978125 0.038585934375 0.169349240625
1 0.21605552656250002 0.221875 0.220891353125 0.221875 0.22377476093749998 0.2178410328125 0.225 0.20696044374999997 0.225 0.182055215625 0.22043704218750002 0.1608556796875 0.221781353125 0.148382953125 0.2215146796875 0.13310517500000002 0.220449221875 0.13125 0.2138595390625 0.13125 0.2129209296875 0.13295517031249998 0.21411431250000001 0.15657991875 0.2109375 0.1779848859375 0.2109375 0.19830120625 0.2110080859375 0.20234506875 0.2128372609375 0.21765011875 0.216034990625 0.22187133281250002 0.21605552656250002 0.221875
1 0.6654482734375 0 0.6484375 0.0366027609375 0.6484375 0.2480507375 0.6557618890625 0.272475765625 0.660730109375 0.2811649734375 0.6738748515624999 0.2837405484375 0.69165923125 0.284375 0.720562971875 0.284375 0.73821036875 0.2801712625 0.7688681046875 0.2103224125 0.7853723359375 0.1417906015625 0.783399584375 0.0682440078125 0.761813959375 0 0.6654482734375 0
1 0.46608920000000004 0 0.4469538734375 0.050240454687500005 0.4359375 0.1075015046875 0.4359375 0.1114789109375 0.44369194062500006 0.18105380625 0.4723306703125 0.2603431984375 0.49193685 0.29633635625 0.5130669875 0.298100065625 0.5244475937499999 0.2984375 0.5604060703125 0.2984375 0.5673906140625 0.2928346765625 0.5811297046874999 0.2507360625 0.5811297046874999 0.0711007453125 0.5503185187499999 0 0.46608920000000004 0
1 0.6135977984375 0.2671875 0.61456370625 0.266778253125 0.61456370625 0.2025624046875 0.6046875 0.247684021875 0.6046875 0.266413815625 0.604841953125 0.2671875 0.6135977984375 0.2671875
1 0.5602210609375 0 0.61296225 0.10949417343750001 0.6140105531250001 0.13125 0.6140696718750001 0.13125 0.6140696718750001 0.014505703125 0.60650480625 0 0.5602210609375 0
1 0.258166428125 0 0.2390625 0.0438123890625 0.2296875 0.0818864 0.2296875 0.10945336406249999 0.234375 0.1731172515625 0.2640625 0.26304062031250003 0.27734375 0.278968509375 0.2953125 0.28121653593749996 0.2958399296875 0.28125 0.341552646875 0.28125 0.3546875 0.270438275 0.3765625 0.203473915625 0.384375 0.15723664375 0.38125 0.0647940515625 0.35441975000000003 0 0.258166428125 0
1 0.359184921875 0 0.37677148125 0.04025628125 0.3879453328125 0.0813907015625 0.386891890625 0.1688179296875 0.368786759375 0.2484375 0.38669580156250005 0.2484375 0.3951316375 0.2426193 0.4135725671875 0.190367596875 0.42508522031249996 0.0773135671875 0.42508522031249996 0.0549256046875 0.40484343906250003 0 0.359184921875 0
0 1 0 0.9365975437500001 0 0.9126616875 0.026347512499999996 0.909375 0.0343324671875 0.909375 0.159671865625 0.9148624312500001 0.1727256046875 0.96070121875 0.21786142968750002 0.9960279921874999 0.23125 0.9997101359375 0.23125 1 0.228037665625 1 0
1 0.671875 0.8500007281249999 0.6786962359375 0.853125 0.6847299718750001 0.853125 0.6935666015625 0.8528554156249999 0.705124646875 0.8356784015625 0.7177885984375 0.7928001234375001 0.7251455859375 0.7470486109375 0.7269806156249999 0.6886880046874999 0.71523850625 0.6217486015625 0.7135163828125 0.58418041875 0.724728575 0.4856647640625 0.7226551921875 0.4675546609375 0.717010165625 0.45625 0.7045409171875 0.45625 0.6963087671875 0.45666752656250004 0.6892232296875 0.46419050312500004 0.6853701875 0.47663595625 0.6827283859375 0.5085667640625 0.683100840625 0.5961622203125 0.6803249375 0.6169682796875 0.671875 0.6422253828125 0.671875 0.8500007281249999
1 0.409237534375 0.8453125 0.42738161718749995 0.8453125 0.4329827625 0.8402267765625 0.4329827625 0.672931340625 0.41611673906249996 0.6250613703125 0.4111107859375 0.601268321875 0.408274465625 0.5068966515625 0.40001413125 0.4801802765625 0.396004040625 0.4763266 0.3930082921875 0.4763266 0.3751086703125 0.48941435625 0.3734375 0.494864809375 0.3734375 0.5232845703125 0.3824035875 0.5874583796875 0.3850608078125 0.62777254375 0.37573553125000003 0.6786156234374999 0.3744914890625 0.7021175718749999 0.37630276562500004 0.7410064609375 0.3826074796875 0.77594700625 0.39834689375 0.82934336875 0.409237534375 0.8453125
1 0.3270897359375 0.6404221765625 0.307114975 0.593585553125 0.294129634375 0.5258574828125 0.27702897968749995 0.5231675890625 0.2734375 0.525957471875 0.2734375 0.5481700453125 0.28157674843749997 0.5975641125 0.2763331578125 0.6452229812500001 0.278485353125 0.6967210328125001 0.2859154515625 0.7368168734375 0.304352384375 0.7861619015625 0.309965940625 0.7953125 0.3270897359375 0.7953125 0.3270897359375 0.6404221765625