1 0.17537404375 0 0.17537404375 0.21548561406250002 0.2013779046875 0.2820317625 0.2037418296875 0.284375 0.2394991953125 0.284375 0.2426532328125 0.28185647343750003 0.2515326296875 0.2631827140625 0.2693304609375 0.1580516078125 0.2734375 0.0869974546875 0.2734375 0.0613781609375 0.27090913906249997 0.030902643749999997 0.265366625 0 0.17537404375 0
1 0.08572746249999999 0 0.08572746249999999 0.05113257812500001 0.09042012968749999 0.0689351640625 0.090868578125 0.07907183437500001 0.11609842343750001 0.1453059671875 0.119390640625 0.15 0.12739503593749998 0.15 0.14472652187499999 0.139817228125 0.15474939062499998 0.11487992968750001 0.159375 0.058187846875000004 0.159375 0 0.08572746249999999 0
1 0.5883928828125 0.41875 0.5685415375 0.29941288125 0.5868687593749999 0.146954990625 0.590625 0.127079203125 0.590625 0.107638003125 0.5782000843749999 0.075735346875 0.529321290625 0.06324374687499999 0.5061978093749999 0.082616475 0.49581150625000003 0.11192687812499999 0.5068131421875 0.29581761093750003 0.4608957453125 0.411358665625 0.4608957453125 0.41875 0.5883928828125 0.41875
1 0.7856250296875 0.41875 0.74925345 0.30135851874999997 0.7572288546875 0.08561107031250001 0.7366102140624999 0.04901454375 0.6866674640625 0.03796226875 0.653161946875 0.0589108609375 0.6505129843749999 0.08730550000000001 0.6524420546874999 0.123485134375 0.6834098296875 0.299442665625 0.6527168890625 0.41875 0.7856250296875 0.41875
1 0.8941574515624999 0.41875 0.86912756875 0.26867905937500003 0.8942183328125001 0.1479983953125 0.8965091062500001 0.08041238125 0.8792506609374999 0.0596402796875 0.8732993859375 0.05921933124999999 0.8362068453125 0.05921933124999999 0.8054140953125 0.0942444984375 0.806559125 0.28597718125 0.7955285125 0.3344374421875 0.7738412312499999 0.3515617953125 0.7738412312499999 0.41875 0.8941574515624999 0.41875
1 1 0.41875 1 0.0804352875 0.998849021875 0.078846153125 0.9700424375000001 0.0740384609375 0.9281037796875001 0.110001071875 0.9505467421875 0.2534010859375 0.9385771171874999 0.29712061093750003 0.918602109375 0.3985576921875 0.9220589 0.41875 1 0.41875
1 0.780639146875 0.41875 0.786914865625 0.360096153125 0.811606225 0.3360576921875 0.8198366765625 0.2927884609375 0.8095486109374999 0.08846153906250001 0.786914865625 0.1389423078125 0.79514531875 0.31201923125 0.7704539609375 0.3889423078125 0.7755568421875 0.41875 0.780639146875 0.41875
1 0.6226856796875 0.41875 0.630536265625 0.3889423078125 0.5976144546875 0.28798076875 0.614075359375 0.1581730765625 0.5996720671875 0.10769230781250001 0.58115355 0.297596153125 0.607079475 0.41875 0.6226856796875 0.41875
1 0.35018523749999997 0.7796281265625 0.358094575 0.7828125 0.3659607921875 0.7828125 0.36875 0.7818285796875 0.36875 0.6010772078125 0.3675666640625 0.59651876875 0.36828473125 0.49085411875 0.3644318453125 0.477019778125 0.3557555953125 0.4681351859375 0.344182421875 0.47111751562500004 0.33696194375 0.49001070156250004 0.3441097390625 0.5816364578125001 0.33254147500000003 0.6443955562499999 0.330236575 0.675019296875 0.335346290625 0.7277561640625001 0.3434160046875 0.7623692921874999 0.35018523749999997 0.7796281265625
1 0.4296875 0.4518627609375 0.415922434375 0.45265591406250005 0.404651440625 0.4737857734375 0.3928741390625 0.5749836593750001 0.368399725 0.6312029578125 0.368399725 0.809375 0.37887809375 0.809375 0.3864184859375 0.8017545531250001 0.4006623703125 0.7661209421875 0.41255393281249997 0.7081059453125 0.41955947031249996 0.6415347796875001 0.417291415625 0.5843356656250001 0.42567378125 0.5428918359375 0.4296875 0.5307738078125 0.4296875 0.4518627609375
1 0.225486665625 0.6703125 0.23106899374999998 0.656763196875 0.2421875 0.6470872468750001 0.2421875 0.59462165 0.223008403125 0.551845253125 0.22855588437500002 0.5131836859375001 0.225886396875 0.4673503515625 0.2176151390625 0.4525510640625 0.2065967453125 0.45084392500000003 0.20110139062500001 0.45692343593749996 0.19738461406250002 0.4734537125 0.2115600203125 0.5695370953125 0.20523345312500002 0.648385515625 0.2103797109375 0.663093871875 0.2212530625 0.6703125 0.225486665625 0.6703125
0 0.231091646875 0.825 0.26216459531249997 0.825 0.27482177343749997 0.8178320453125 0.292576609375 0.7872249921875 0.3046875 0.7477495359375 0.3046875 0.6962243375 0.3006105953125 0.6760411078125 0.28633418125 0.6469259359375 0.272154940625 0.634330484375 0.25124355 0.634330484375 0.2441743671875 0.6350383468749999 0.22383418124999999 0.6498369187499999 0.2069414890625 0.67901869375 0.2013269578125 0.7020653484375 0.2013269578125 0.7800755234375 0.204295359375 0.79133675625 0.2226398109375 0.8174922171875 0.231091646875 0.825
1 0.6078125 1 0.6078125 0.9156182140624999 0.587298028125 0.8652637625 0.5885366015625 0.7414176343750001 0.5578231421875 0.708417934375 0.5270306828125 0.747650578125 0.545367275 0.8763143750000001 0.5182612484375 0.9490184765624999 0.5209330765625 1 0.6078125 1
1 0.7787829484375 1 0.8073457812499999 0.9422320718750001 0.7998316093750001 0.8282007109375 0.81875 0.7050934453125001 0.81875 0.6858605203125 0.80889475625 0.6709055562499999 0.7709536515625001 0.6874522187500001 0.7588023578125 0.8058515953125 0.7293753734375 0.8594978843749999 0.7293753734375 1 0.7787829484375 1
1 1 0.632820765625 0.9831890796875001 0.64216311875 0.970064209375 0.7448061453125 0.9308244828125 0.8174223515625 0.9308244828125 0.9478534218749999 0.9466968578125 0.9546875 0.9666795046875001 0.9546875 1 0.899116571875 1 0.632820765625
1 0.6218171375 0.702300375 0.6149119953125 0.5837436734375 0.592925915625 0.570239184375 0.5730414015624999 0.5928171703125 0.5838075453125 0.7114862171875 0.6013531265625 0.7480180640625 0.6046974875 0.8716170609375 0.6253406984375001 0.89375 0.6296875 0.89375 0.6296875 0.7266487500000001 0.6218171375 0.702300375
1 0.6276140390625 0.4662490359375 0.609948059375 0.48432266406249996 0.609948059375 0.7258460203125 0.623881425 0.7453125 0.6250778593749999 0.7453125 0.6484375 0.65299458125 0.6484375 0.6415449703125 0.63763308125 0.5917284625 0.6471983296875 0.49361049218749997 0.6276140390625 0.4662490359375
1 0.6440407828125 0.41875 0.6373009171875 0.463740334375 0.66432794375 0.6699259015625 0.679771959375 0.5462145625 0.66432794375 0.4946681703125 0.6674871296875 0.41875 0.6440407828125 0.41875
1 0.9809302609374999 0.7060083765625 0.9770692562499999 0.5926063140625 0.9925132718749999 0.520441365625 0.9635557437500001 0.502400128125 0.9461812265624999 0.53075064375 0.9461812265624999 0.6029155921875 0.9075711875 0.6956990984375 0.9075711875 0.7472454890625 0.9345982140625001 0.7936372421875 0.9693472484375001 0.7524001281249999 0.9809302609374999 0.7060083765625
1 0.7724360515625 0.6853898203125001 0.8071850875 0.654461984375 0.805254584375 0.5384826031250001 0.77629705625 0.5616784796875 0.77629705625 0.6647712625000001 0.7454090250000001 0.7163176546875001 0.7569920359375001 0.8142557984375 0.7724360515625 0.6853898203125001
1 0.776536384375 0.5681908046874999 0.7844909250000001 0.551974165625 0.7994630796875001 0.520441365625 0.7936715734374999 0.44569909843750005 0.77629705625 0.479204253125 0.776536384375 0.5681908046874999
1 0.776536384375 0.5681908046874999 0.760041940625 0.6018174484375 0.7484608328125001 0.6722854843749999 0.7523212328125 0.6722854843749999 0.7536080015625 0.68087915 0.7767701171875 0.6550981499999999 0.776536384375 0.5681908046874999