2 0.55 0.029775665624999996 0.485203628125 0.0329360640625 0.46961635625 0.0319192359375 0.4563765203125 0.024433045312500002 0.414075834375 0.0269653828125 0.36519295625 0.024828698437499998 0.3598714390625 0.027576175 0.3573275484375 0.0196891390625 0.3577425625 0.0095039546875 0.3525190484375 0.0034536203125 0.33949821406249997 0.0033778671875 0.3369469578125 0.0084568234375 0.33664512812499997 0.01586423125 0.3394683 0.0232898203125 0.335392271875 0.027433759375 0.31515522812499996 0.025463734375 0.31009780937500003 0.021729729687499998 0.30982589531250004 0.009225184375 0.3055685921875 0.0050327609375 0.29295540625 0.007737815625 0.292276290625 0.024404481250000002 0.275088790625 0.0243044875 0.26009780937500004 0.0214388375 0.2579992953125 0.015406684374999998 0.2608675625 0.008940353125 0.25649707187500004 0.0075257078125 0.254229890625 0.0015625 0.2526913546875 0.0015625 0.24840529218750002 0.007941703125000001 0.24731852812500002 0.0218275625 0.24216310624999998 0.02689136875 0.169805 0.02554425625 0.1577126484375 0.028252340625 0.1443218953125 0.0244698546875 0.069472809375 0.0203298140625 0.049348953125 0.015582009375 0 0.01529490625 0 0.160120340625 0.0062122109375 0.1473067703125 0.012764040625 0.1399357234375 0.0173530890625 0.11680878750000001 0.0226216984375 0.108967203125 0.0273846546875 0.10714262187500001 0.2146960125 0.11286309375 0.283219640625 0.1188186265625 0.342594640625 0.119164059375 0.35442289374999997 0.12293745625000001 0.358219640625 0.1192549640625 0.367594640625 0.11930950625 0.3887224359375 0.1249892953125 0.4455687265625 0.1234677265625 0.5073969796875 0.127532015625 0.516923340625 0.1558348734375 0.5170668890625 0.1650971625 0.5245550109375 0.17949598125 0.5387296703125 0.1921875 0.55 0.1921875 0.55 0.029775665624999996
1 0.3390625 0 0.3390625 0.025 0.35720286562500003 0.025 0.3594036359375 0.0218264546875 0.36114467499999997 0 0.3390625 0
1 0.3741132546875 0.143142825 0.3675485578125 0.1294621890625 0.34632483281250004 0.1279378234375 0.330761565625 0.1279378234375 0.3296875 0.13260472968749998 0.3296875 0.15522883437499999 0.33429355312500003 0.189253284375 0.33514969843750003 0.21881014062499998 0.3467330890625 0.25901308749999996 0.35148413125 0.26875 0.371954284375 0.26875 0.3755128234375 0.24385045781249998 0.3755128234375 0.1507894828125 0.3741132546875 0.143142825
1 0.290625 0 0.290625 0.0207726359375 0.2926519703125 0.021875 0.3152773875 0.021875 0.3160607421875 0.020943546875 0.3160607421875 0.0193225765625 0.314779134375 0 0.290625 0
1 0.31430383906250003 0.26318471250000003 0.322241990625 0.226020396875 0.325250209375 0.20282679374999998 0.3256865859375 0.17782679375 0.3235834453125 0.149168546875 0.31794134375 0.1293656875 0.2836148328125 0.1271879265625 0.28125 0.13069448749999998 0.28125 0.14718994999999999 0.283939109375 0.183183715625 0.28125 0.2245951609375 0.28125 0.25575829375 0.2854802234375 0.27386991250000003 0.29070294375 0.278125 0.308363065625 0.278125 0.30883691406249997 0.2780904375 0.31430383906250003 0.26318471250000003
1 0.24792409062499998 0 0.246875 0.0034705140625 0.246875 0.012996790624999999 0.2475793375 0.0190668125 0.249978921875 0.0234375 0.2715326703125 0.0234375 0.2715326703125 0 0.24792409062499998 0
1 0.2798882859375 0.135351971875 0.27463319531249997 0.12638289062500002 0.25259898125 0.1249510140625 0.24350599375 0.1249510140625 0.240664115625 0.12935825 0.2375 0.1458737546875 0.2375 0.215656253125 0.24756522187500002 0.2673939640625 0.25274986093749996 0.28125 0.2768887875 0.28125 0.28001855937500003 0.27315124375 0.28520153593750003 0.24281394218750002 0.2860329234375 0.21787761562500002 0.2860329234375 0.174245028125 0.2798882859375 0.135351971875
1 0.8138442843749999 0 0.8137798328125001 0.0106127796875 0.80961028125 0.0643832359375 0.8041663328125 0.1043983109375 0.78634725625 0.1608884078125 0.7640625 0.2118333109375 0.7640625 0.5296875 0.77687181875 0.5296875 0.780382903125 0.5261075046875 0.8181561546874999 0.4521954609375 0.8357410562500001 0.4086349484375 0.8454950015625 0.3748009671875 0.8570286062499999 0.31041143125000004 0.859330540625 0.2530707765625 0.8525484625 0.12897194375 0.857651821875 0.076986584375 0.8727577984374999 0 0.8138442843749999 0
1 0.7465843875 0 0.7488233359375001 0.05064748125 0.7343980390625 0.11546641093750001 0.73125 0.1524050078125 0.73125 0.159921909375 0.7357983781249999 0.22160827656249998 0.74396268125 0.26441919375 0.754949653125 0.3036719546875 0.760313275 0.3089950015625 0.7662314234375 0.3109375 0.78218263125 0.3109375 0.782685146875 0.310849628125 0.782685146875 0.060011878124999994 0.7812661671875001 0.054003342187500004 0.77889836875 0.005927965625 0.77918570625 0 0.7465843875 0
1 0.5671875 0 0.5671875 0.06446969218750001 0.5673475578125 0.06555938125 0.5671875 0.0659480953125 0.5671875 0.1043201578125 0.568985446875 0.1359297515625 0.5746427484375001 0.17795161406249999 0.58960679375 0.2400888515625 0.6155318875 0.3203125 0.61630258125 0.3203125 0.6190987734375 0.3106056171875 0.6190987734375 0.111075028125 0.614545825 0.0830002453125 0.5991687046874999 0.025453171875000003 0.5981904453125 0 0.5671875 0
1 0.9354799859374999 0 0.93380594375 0.0704186578125 0.9291220921875001 0.100121015625 0.9213617234375 0.1271001453125 0.8968736875 0.18769443125000002 0.8921875 0.2072870140625 0.8921875 0.386959284375 0.9017794953125 0.3921875 0.91668304375 0.3921875 0.9242411390624999 0.3797506453125 0.9497061921875 0.3228418796875 0.950404809375 0.312647603125 0.9580358796875 0.29307588125 0.9605879140625 0.266187665625 0.965077821875 0.24759641718749997 0.968360796875 0.208662071875 0.962265125 0.14027083125 0.9634970921875 0.099521 0.9688634 0.0605502875 0.9808191125000001 0.0020260421875 0.9809493406249998 0 0.9354799859374999 0
1 0.8828125 0.8542620124999999 0.8888524953125 0.885498340625 0.8900501406250001 0.8859375 0.9130840328125001 0.8859375 0.9171472734374999 0.8814953015625001 0.9275519953125 0.837100853125 0.9266347890625 0.8308440375 0.8828125 0.8312782437500001 0.8828125 0.8542620124999999
1 0.9164570734374999 0.6109375 0.9139271625 0.6109375 0.8929656796875 0.612280771875 0.8921875 0.614015915625 0.8921875 0.73125 0.9012495375 0.73125 0.9137836578125 0.729253471875 0.910633134375 0.7031649718749999 0.9193929984375 0.6195813140624999 0.9164570734374999 0.6109375
2 1 0.71875 0.9098431874999999 0.71875 0.9063072015625 0.7196927234375 0.896305271875 0.71875 0.6109375 0.71875 0.6109375 0.7314189515624999 0.6111389953125 0.7315417984374999 0.6133941078125 0.749633740625 0.6158883359375 0.7801892953125 0.61399808125 0.7856356906249999 0.624172884375 0.8006374765625001 0.65019325 0.8143018703125 0.8719548765624999 0.8232469765625 0.8881220093750001 0.811547496875 0.9036336359374999 0.810886353125 0.9094425078124999 0.8153077312499999 0.937454134375 0.8152287859375 0.9480638796875 0.8212573765625001 1 0.822113515625 1 0.71875