1 0.10159885312500001 0 0.1015086875 0.00214794375 0.08792011250000001 0.062285028124999996 0.08792011250000001 0.0734375 0.1359375 0.0734375 0.1359375 0.06954075 0.123432175 0.0007719796875 0.12342592187500001 0 0.10159885312500001 0
2 0 0.1751466453125 0.1015678109375 0.166700696875 0.3999083296875 0.157324784375 0.4140678109375 0.1612459890625 0.4186071359375 0.17158765468749998 0.42102899687499995 0.191692453125 0.42633416874999996 0.1953125 0.44816878281249994 0.1953125 0.47164861562500004 0.18386161875 0.48352899687499995 0.190601509375 0.4859375 0.1895294359375 0.4859375 0.068086759375 0.48527102031249997 0.066619275 0.138034884375 0.066619275 0 0.0764439359375 0 0.1751466453125
1 0.9704456109375 0 0.9658680953125 0.019771395312500002 0.9544457328125 0.046848265625 0.949699990625 0.07282767500000001 0.949699990625 0.1637165625 0.9527299390625 0.1899538875 0.96216828125 0.20932969687499997 0.9624010765625 0.209375 0.9848566765625 0.209375 0.9942089187500001 0.188440653125 1 0.1593789921875 1 0.037392353125 0.9971423390625 0.0203850984375 0.9978005390625 0 0.9704456109375 0
1 0.44601697500000004 0.6035884296875 0.46875 0.5264682234375 0.46875 0.5008558984375 0.46015065312500003 0.4883922140625 0.45233815312500003 0.487891565625 0.4439289609375 0.4991714421875 0.42594690625 0.5883978578125 0.40021961250000004 0.6284624515624999 0.3886693078125 0.6676460578125 0.3886693078125 0.7466352406250001 0.39430179062500004 0.753125 0.40901387187499993 0.753125 0.42908831249999996 0.72208164375 0.4440478109375 0.671593921875 0.44601697500000004 0.6035884296875
1 0.7 0.5674913531250001 0.697133909375 0.5670797234375 0.6901664000000001 0.5670797234375 0.68061668125 0.579556690625 0.654070284375 0.6814501390625 0.624132221875 0.7215721265624999 0.6007351 0.7740850171875 0.5865593953125 0.8702047234375 0.5883805093750001 0.881288559375 0.5952959109375 0.892978203125 0.6046335 0.9015625 0.6175702484375 0.9015625 0.6480518578125001 0.8594051968749999 0.6516079218749999 0.8107122640625001 0.6609694625 0.79318069375 0.6690594437499999 0.7881763953124999 0.6780896656250001 0.7060410375 0.6867534765625 0.6753218406249999 0.7 0.6463281750000001 0.7 0.5674913531250001
1 0.8143830171875 0.491833521875 0.8156248906249999 0.465494696875 0.8098261234375 0.4616469890625 0.80627413125 0.46350502968749996 0.806594759375 0.48994398281249996 0.7997386843750001 0.5242656875 0.804698328125 0.553782809375 0.8070209484375 0.5546875 0.81398088125 0.5546875 0.8171875 0.54414590625 0.8171875 0.5051229921875 0.8143830171875 0.491833521875
1 0.840625 0.546875 0.840625 0.48447050156250004 0.8396167421874999 0.4809585140625 0.8392288203125 0.464291846875 0.8381173625 0.462413065625 0.8332663421875001 0.462413065625 0.8321975703125 0.464414578125 0.8333020875000001 0.47828982968750006 0.8276339687500001 0.5033989249999999 0.8281188687500001 0.524232259375 0.8325100203125 0.5449974078125 0.8339295421875 0.546875 0.840625 0.546875
1 0.788671875 0.4611111109375 0.783203125 0.4625 0.78125 0.465972221875 0.7828125 0.49652777812500004 0.7765625 0.5201388890625 0.7765625 0.5381944437499999 0.7796875 0.55625 0.783984375 0.5638888890625 0.7859375 0.5631944437499999 0.788671875 0.5625 0.79296875 0.55625 0.796875 0.5326388890625 0.796875 0.5215277781250001 0.790625 0.49652777812500004 0.7921875 0.465972221875 0.788671875 0.4611111109375
1 0.76796875 0.51319444375 0.765625 0.49930555625000006 0.765897175 0.4838814421875 0.7664582796875 0.47091913906249994 0.762904653125 0.4669307265625 0.7597250796875 0.4679278359375 0.755984415625 0.470254396875 0.755049259375 0.4808901375 0.75625 0.5048611109375 0.753125 0.515972221875 0.75078125 0.534027778125 0.75234375 0.5548611109375 0.75561035 0.5646465921875 0.760546875 0.5666666671874999 0.7625 0.565972221875 0.766796875 0.5638888890625 0.7703125 0.55625 0.7711341125 0.5317422703125001 0.76796875 0.51319444375
1 0.74765625 0.51319444375 0.74453125 0.49930555625000006 0.74296875 0.49652777812500004 0.74453125 0.47430555625000004 0.7449494671875 0.46859256875 0.742578125 0.4625 0.737109375 0.4625 0.734375 0.465972221875 0.734375 0.4770833328125 0.73671875 0.49513888906250003 0.7296875 0.5201388890625 0.7296875 0.5395833328125 0.73359375 0.5576388890625 0.736328125 0.5625 0.74140625 0.5631944437499999 0.7453125 0.559027778125 0.74765625 0.55069444375 0.748690125 0.5294156984375 0.74765625 0.51319444375
1 0.721484375 0.4625 0.716015625 0.4625 0.71328125 0.4673611109375 0.71484375 0.48958333281250005 0.709375 0.5104166671874999 0.70859375 0.53125 0.7125 0.55069444375 0.715234375 0.55694444375 0.7234375 0.55625 0.728125 0.53680555625 0.728125 0.515972221875 0.72265625 0.490972221875 0.72265625 0.478472221875 0.72421875 0.46875 0.7234375 0.46458333281249997 0.721484375 0.4625
1 0.7 0.5495833343750001 0.70234375 0.54930555625 0.70703125 0.5298611109375 0.7078125 0.5104166671874999 0.70234375 0.48402777812500003 0.70078125 0.48125 0.70234375 0.47291666718750003 0.70234375 0.465972221875 0.701171875 0.46388888906250003 0.7 0.46388888906250003 0.7 0.5495833343750001
1 0.7484375 0.5201388890625 0.7484375 0.5243055562500001 0.7496929171875 0.53681673125 0.751953125 0.5236111109375 0.753125 0.5201388890625 0.75390625 0.51319444375 0.7535273421875 0.5040087671875 0.74962190625 0.48861425937499997 0.7484857828125 0.4790242421875 0.7484375 0.47291666718750003 0.74921875 0.4673611109375 0.746484375 0.46527777812500004 0.744140625 0.46527777812500004 0.7450773984375 0.468550928125 0.74453125 0.47291666718750003 0.74453125 0.4798611109375 0.74296875 0.48402777812500003 0.74296875 0.48819444375 0.7431601890625 0.49000228906249993 0.74296875 0.49652777812500004 0.745148409375 0.5009803390625001 0.7460005062499999 0.506658640625 0.7472786453125 0.511832209375 0.7477757015625001 0.5143558921875 0.7484375 0.5201388890625
1 0.9590271593749999 0.4752945890625 0.9601105265625 0.4900032078125 0.9538605265625 0.51222543125 0.9538605265625 0.528892096875 0.9569855265625 0.5483365421874999 0.9605011515624999 0.5545865421875 0.9679230265625 0.5538920968750001 0.9722587234375 0.5365966125 0.9736763859374999 0.5187518499999999 0.9715498828125 0.5048959125 0.9687042765625 0.491392096875 0.9694855265625 0.46222543125 0.9628449015625 0.460142096875 0.9593292765625 0.46222543125 0.9590271593749999 0.4752945890625
1 0.9449123734375 0.46458333281249997 0.9448505203125 0.46248834843750003 0.9429592484375 0.4611111109375 0.9382717484375 0.4611111109375 0.9363445140625 0.46353804062500004 0.9378811234375 0.47569444375 0.934217996875 0.49439899374999996 0.9325640484375001 0.50552573125 0.9325640484375001 0.520851234375 0.9358719437499999 0.5420550234375 0.9355373734375 0.54375 0.9390529984375 0.547222221875 0.9441311234375 0.546527778125 0.9464748734375 0.5423611109375 0.9495998734375 0.528472221875 0.9503811234375 0.5048611109375 0.9449123734375 0.4798611109375 0.9449123734375 0.46458333281249997
0 0.7 0.8531848671875 0.708984375 0.8680555562500001 0.721875 0.8701388890625001 0.73515625 0.84930555625 0.7390625 0.8173611109374999 0.727734375 0.7916666671875 0.719921875 0.7861111109375 0.708984375 0.7875 0.7 0.8025042093749999 0.7 0.8531848671875