1 0.2572279234375 0.4 0.266714934375 0.360572940625 0.272806865625 0.3229741796875 0.273888028125 0.298936525 0.271930396875 0.270976646875 0.2611796484375 0.21736120468750003 0.258137246875 0.1911803359375 0.260604896875 0.15240070781249998 0.2649834671875 0.12117416875 0.2655437984375 0.0971000953125 0.259432078125 0.0795152125 0.25412715 0.0747681609375 0.245995478125 0.0747681609375 0.24120291093750001 0.0782405046875 0.234250696875 0.0967667328125 0.23550434843749998 0.199799453125 0.22370480312500002 0.236071665625 0.221875 0.244639140625 0.221875 0.3928991125 0.2221028875 0.3945506796875 0.22425531875 0.4 0.2572279234375 0.4
1 0.1619115296875 0.4 0.172930315625 0.36250728906249996 0.1819818578125 0.3190281625 0.1836576328125 0.26717025156249996 0.1706789203125 0.196702915625 0.1806071984375 0.0967301875 0.1756123921875 0.0777138609375 0.1675702109375 0.07210982187500001 0.157480275 0.075755953125 0.148836365625 0.0965453515625 0.1475746953125 0.12061942343750001 0.1490239203125 0.1724955171875 0.1472414203125 0.1965665609375 0.1375 0.22908693281249998 0.1375 0.4 0.1619115296875 0.4
1 0.0973700890625 0.0833305734375 0.092048953125 0.06852485625 0.0865982890625 0.06391526875 0.08321157031250001 0.06391526875 0.0749477046875 0.06537061562499999 0.0666409234375 0.08100205625 0.064998821875 0.10503666250000002 0.06648836875 0.1516092234375 0.0643718875 0.185829015625 0.0546875 0.21724843593749998 0.0546875 0.390625 0.077118878125 0.390625 0.0795790296875 0.386758009375 0.0934955265625 0.3348484953125 0.0988232609375 0.299013646875 0.0990255921875 0.24978170937500002 0.0882870921875 0.188570396875 0.088887528125 0.1644568546875 0.0960331921875 0.11203427656250001 0.0973700890625 0.0833305734375
1 0.2980978796875 0.4 0.29874745625 0.3985871328125 0.2939874765625 0.3343890515625 0.29561593125 0.292686009375 0.3050568828125 0.25125578437499996 0.3176228375 0.2099346890625 0.31726025 0.183010084375 0.32167088125 0.138620203125 0.32230381406249997 0.10430638125 0.3256332046875 0.0849346890625 0.316218653125 0.07300595 0.3044636421875 0.0772354453125 0.29697417656249997 0.09228587499999999 0.2935128796875 0.1951727796875 0.2859375 0.21959449531250003 0.2859375 0.4 0.2980978796875 0.4
1 0.2309531078125 0.1934589046875 0.23206279687500003 0.10250581875 0.238581325 0.0778091703125 0.229216459375 0.066842734375 0.2281550640625 0.066842734375 0.21941401562500001 0.0697271578125 0.211061259375 0.084565078125 0.20934023281249997 0.0974673703125 0.2103301015625 0.13839012343749998 0.2082790703125 0.18749453124999998 0.1984375 0.222890390625 0.1984375 0.39320235625 0.19902748750000002 0.39375 0.209241953125 0.39375 0.2106242453125 0.3919566109375 0.205771815625 0.3350201046875 0.20873188437499998 0.2785386234375 0.21872804218750003 0.23732698124999999 0.22732990000000003 0.21275167343749998 0.2309531078125 0.1934589046875
1 0.3482412734375 0.4 0.350563925 0.391339590625 0.3602354015625 0.3275870703125 0.3605677625 0.280346665625 0.3493789625 0.217156421875 0.347035271875 0.1902500234375 0.3496484984375 0.1541661859375 0.3540756421875 0.1273779734375 0.354830009375 0.10145204687500001 0.3488449546875 0.08328285156250001 0.342235771875 0.0776091109375 0.33012189687500004 0.0820296421875 0.3237147171875 0.0962769453125 0.32210727499999997 0.115703209375 0.32335529687500003 0.198174253125 0.3219633890625 0.21019310781249997 0.309375 0.25848391875 0.309375 0.3946314796875 0.31050822031249997 0.4 0.3482412734375 0.4
1 0.43077279218750003 0.4 0.43077279218750003 0.24687660937499997 0.418610159375 0.2039388609375 0.41687618281249994 0.180784653125 0.4187977171875 0.12806141875 0.41729341875000003 0.0993577125 0.4110239953125 0.08401630156249999 0.4007884828125 0.077419671875 0.3911838015625 0.0828600796875 0.38656425156249996 0.0990001484375 0.3946518265625 0.20366007812500003 0.38651586718750003 0.2470573890625 0.3828125 0.28329827343749997 0.3828125 0.3154413546875 0.38354299062499997 0.32937995 0.39740498281250003 0.3952418984375 0.3991012375 0.4 0.43077279218750003 0.4
1 0.36954083125000003 0.396875 0.3870376625 0.396875 0.3875255484375 0.39551229375 0.3761211328125 0.33127384375 0.3749753171875 0.304452328125 0.37877921875 0.26621635 0.3903588984375 0.2090453375 0.3903588984375 0.1941993265625 0.385945265625 0.10354227499999999 0.3896809078125 0.084781075 0.3866331390625 0.0770775484375 0.37812739687499997 0.0701555015625 0.36627753749999997 0.076408765625 0.3609375 0.093103034375 0.3609375 0.097453359375 0.3669222296875 0.18253345625 0.3609375 0.22992368437500002 0.3609375 0.237373103125 0.36838410312500003 0.26774897656249996 0.3721340859375 0.2944188171875 0.37262615781249997 0.3379676734375 0.3676261265625 0.3920353984375 0.36954083125000003 0.396875
1 0.48948112187500004 0.4 0.4905243890625 0.39173826875 0.4905243890625 0.24425426875 0.47847269531250003 0.19937170625 0.4773343625 0.09497887499999999 0.4712430921875 0.0792867 0.4657098390625 0.07448775468749999 0.45887459531249997 0.07448775468749999 0.45241763593749995 0.076014059375 0.4461598203125 0.09446274375 0.4539180703125 0.1956649328125 0.44323641093750005 0.25208568124999997 0.440625 0.28153038750000003 0.440625 0.28834670625 0.44226930781249996 0.3175501578125 0.44839049375 0.353090540625 0.459576465625 0.39824537968749996 0.4614612375 0.4 0.48948112187500004 0.4
1 0.5290419921875 0.2607596578125 0.5419981734375 0.2625507734375 0.5459583015625 0.2599399625 0.5447621703125 0.24431761875000002 0.5412671953125 0.238112403125 0.5338605624999999 0.19892905156250001 0.5350674265625 0.1470772 0.5388174109375 0.1199885484375 0.5394639453125001 0.0922107703125 0.5353493546875 0.07912031093750001 0.52904616875 0.0734375 0.5279564609375 0.0734375 0.5161431734375 0.0778027875 0.5092556125 0.09449982031250001 0.509532253125 0.1943024890625 0.496875 0.2464702734375 0.496875 0.2860478109375 0.5095771984375 0.2705532453125 0.516976621875 0.2653710859375 0.5290419921875 0.2607596578125
0 0.576004528125 0.4 0.5784547 0.390438440625 0.5792269375 0.334895009375 0.5698662765625 0.28976708906250004 0.5570052750000001 0.2720206578125 0.5406187734375 0.260371540625 0.5286396078125 0.260650359375 0.516531134375 0.266484734375 0.49611448437499994 0.29379724218750003 0.488770740625 0.307386821875 0.4819819625 0.3306804390625 0.48125 0.33608554218750003 0.48125 0.4 0.576004528125 0.4
1 0.0645909734375 0.407672734375 0.0626528125 0.407672734375 0.0502885765625 0.40896706875 0.037628125 0.426867640625 0.037484282812500005 0.5190824125 0.01875 0.5793330593749999 0.01875 0.7120863546875 0.02676128125 0.721875 0.051804906250000005 0.721875 0.059979003125 0.7161483093750001 0.08479529531249999 0.630328984375 0.08519808749999999 0.59281989375 0.0673355578125 0.51613013125 0.0784169 0.42397899062500005 0.0645909734375 0.407672734375
1 0.1967170078125 0.42630986562500006 0.18613826875 0.41573967968750003 0.16643108906249998 0.41573967968750003 0.15736340937499999 0.4295998859375 0.1568839125 0.540892584375 0.1375 0.60090061875 0.1375 0.7638542265625 0.14580490468750001 0.76875 0.1573562671875 0.76875 0.17765436875 0.7682605671875 0.2053855703125 0.677849053125 0.2052443296875 0.61354975625 0.18791558749999998 0.5479480671875 0.20067676093750003 0.44229006249999997 0.1967170078125 0.42630986562500006
1 0.117816675 0.67061135625 0.124045690625 0.6222829828125 0.15042652031249998 0.552734375 0.146980146875 0.5087661203125 0.1571747734375 0.4229923109375 0.1436175265625 0.4046875 0.14274233593750002 0.4046875 0.132344753125 0.4072482609375 0.12300003125 0.418666909375 0.1205177765625 0.5062760374999999 0.109375 0.537526028125 0.109375 0.6740335953125 0.109695159375 0.675 0.1097516359375 0.675 0.117816675 0.67061135625
1 0.26784070781249997 0.4274190171875 0.254829990625 0.4113501859375 0.24101888906250002 0.4113501859375 0.230258821875 0.426797390625 0.22847059218750002 0.520729403125 0.215625 0.5555813359374999 0.215625 0.7081080828124999 0.2260118484375 0.7140625 0.23743457812500002 0.7140625 0.24265816562500003 0.713546234375 0.25178418125 0.7038905156249999 0.2692859421875 0.6390845609375 0.26910887968749997 0.5826525499999999 0.2579124296875 0.527146003125 0.26784070781249997 0.4274190171875
1 0.33977795 0.5702244046875 0.3511821140625 0.44692327187499997 0.340031665625 0.42718747031250004 0.3294208359375 0.4229772578125 0.32518510625 0.4229772578125 0.31190666562499997 0.42669654843749993 0.301227578125 0.44448801875 0.29811929843749996 0.497585746875 0.303885915625 0.5680346140625 0.2765625 0.6416230031250001 0.2765625 0.801608740625 0.2866910875 0.836620971875 0.29729208749999997 0.8421875 0.32321773593750003 0.8421875 0.335219515625 0.8343414515625 0.35234483125 0.7830516875 0.35839625625 0.7362585078125 0.357362603125 0.6643289609374999 0.33977795 0.5702244046875
1 0.4648921453125 0.5063540640624999 0.4654034 0.426721109375 0.4617870796875 0.417309746875 0.4480554484375 0.4085614546875 0.4375 0.41684231406250005 0.4375 0.47707469218750004 0.43923040625 0.5232324828125 0.460102828125 0.5937449765625 0.4621787734375 0.6625 0.4652946 0.6625 0.4743977015625 0.657934746875 0.4753991984375 0.6537631171875 0.4753991984375 0.5382785812499999 0.4648921453125 0.5063540640624999
1 0.4361258453125 0.42564525 0.42409796875000005 0.413046540625 0.41319683749999997 0.4152460765625 0.40334971093750005 0.4291188609375 0.40709426718749997 0.5227778562500001 0.403125 0.5405397578125 0.403125 0.5429654171875 0.42188542656249994 0.6204873140625 0.4252501296875 0.7015625 0.4379005109375 0.7015625 0.4439072015625 0.6927417453125 0.44987921875000003 0.6604575765625 0.44987921875000003 0.5775092453124999 0.43536473750000004 0.5273897609375 0.4361258453125 0.42564525
1 0.4030274703125 0.5415357265624999 0.40325827968750005 0.43251592343749995 0.3873979609375 0.416121790625 0.3732914609375 0.416121790625 0.3626969484375 0.43100004687500004 0.37034230468749996 0.54217434375 0.3578125 0.5823031859375 0.3578125 0.590882521875 0.3730454921875 0.6467434453124999 0.38049985 0.7532302453125 0.38621846249999997 0.7578125 0.40608087968750006 0.7578125 0.417617846875 0.7466968234375 0.41821477656250006 0.7424686406250001 0.41821477656250006 0.5984490421875 0.4030274703125 0.5415357265624999
1 0.2837431125 0.4182536703125 0.2803635375 0.42942796874999994 0.283414496875 0.49938526875000006 0.271875 0.5413381421875 0.271875 0.5888831515625 0.2766407421875 0.63125 0.279546753125 0.63125 0.291769896875 0.609493975 0.30365295625 0.56804018125 0.298422553125 0.45769467812500003 0.313285140625 0.4222540859375 0.3003493828125 0.408416728125 0.2837431125 0.4182536703125
1 0.925 0.4 0.925 0.47742245156249996 0.957325571875 0.5185528734375 0.9809914609374999 0.5927658078125 0.977630325 0.6649307562500001 0.9258640875000002 0.784375 0.9329952171875 0.784375 0.9839315515625 0.7792105250000001 1 0.720374340625 1 0.44296849531250004 0.9898744656249999 0.4020441578125 0.9900529859375 0.4 0.925 0.4
1 0.7390625 0.4 0.7390625 0.5030507265625 0.79852455 0.4572220859375 0.7857819687500001 0.4047761828125 0.7861349328125 0.4 0.7390625 0.4
0 1 0.6064540671875001 0.9826496234375 0.53995348125 0.9486913234374998 0.49289587187499995 0.8820944531249999 0.45548168125000005 0.8319014046875001 0.45840509375 0.7673441171875 0.5086197703125 0.739526359375 0.5592754265625001 0.7265625 0.62268309375 0.7265625 0.6667326703125 0.7269617546875 0.683886278125 0.74782645625 0.7497721984375 0.7778037796875 0.791900046875 0.8199380953125001 0.821875 0.9113870578124998 0.821875 0.921380775 0.8145074000000001 0.9797266375 0.7465888046875 1 0.68761071875 1 0.6064540671875001