1 0.5074013328125 0.45 0.5074013328125 0.361081703125 0.49822747031250003 0.330671275 0.4942302953125 0.22858262499999998 0.48769321874999993 0.21371924375 0.47845056875 0.20883461875 0.467445465625 0.216184359375 0.4640625 0.22915083906249997 0.4640625 0.24128299531250003 0.474204390625 0.3315608046875 0.46520072968750004 0.382507996875 0.4640625 0.4027981234375 0.4640625 0.431357890625 0.4656234671875 0.45 0.5074013328125 0.45
0 0.4017179296875 0.45 0.395818103125 0.42436309687499996 0.38432025625 0.4069018671875 0.366350075 0.4040472046875 0.3541119203125 0.40830884218749997 0.3371272328125 0.42848103593750003 0.3296875 0.44530664687500005 0.3296875 0.45 0.4017179296875 0.45
1 0.9333718093750001 0.0600758671875 0.9446951984374999 0.1583952875 0.9234375 0.2258088765625 0.9234375 0.2294921359375 0.9492108375000001 0.309375 0.9992592640625 0.309375 0.9997482671875 0.3076148328125 0.9997482671875 0.2097052046875 0.9848317796875001 0.1598619828125 0.9826715234375001 0.06535629062500001 0.9657737171875 0.046350432812499995 0.9333718093750001 0.0600758671875
1 0.709375 0.296043003125 0.710536571875 0.303125 0.7225927890625 0.303125 0.747644853125 0.29271395 0.7445442671875 0.116305209375 0.719424053125 0.128649453125 0.7191452328125 0.19570794062500002 0.709375 0.2134514625 0.709375 0.296043003125
1 0.8268943578125001 0.22993974218750002 0.8490182515625 0.31065723125 0.8888412609374999 0.3061729265625 0.902115596875 0.2523612671875 0.8777793140625001 0.075231221875 0.8445934734375001 0.0909262890625 0.8490182515625 0.1761280828125 0.8268943578125001 0.22993974218750002
1 0.76494745625 0.212002521875 0.7782217921875001 0.3061729265625 0.8180448015625 0.297204315625 0.8268943578125001 0.2523612671875 0.802558075 0.097652746875 0.7782217921875001 0.10437920468749999 0.76494745625 0.212002521875
1 0.56875 0.5053822296874999 0.567087896875 0.5038385921875 0.5529325625 0.516957175 0.5467375484375 0.5331659156249999 0.5439510515625 0.6509667609375 0.5359375 0.6761787984375001 0.5359375 0.890625 0.55465398125 0.890625 0.561131425 0.884124328125 0.56875 0.8506727953125001 0.56875 0.5053822296874999
1 0.291015625 0.937847221875 0.3046875 0.944097221875 0.326171875 0.9420138890625 0.3328125 0.934375 0.34296875 0.8829861109374999 0.3484375 0.8260416671874999 0.3453125 0.7482638890625 0.32265625 0.659375 0.32421875 0.596875 0.3296875 0.549652778125 0.32890625 0.5204861109375 0.319921875 0.49895833281249996 0.307421875 0.490625 0.295703125 0.49895833281249996 0.28671875 0.524652778125 0.29375 0.6607638890625 0.275 0.7440972218749999 0.271875 0.771875 0.27265625 0.8357638890625001 0.28515625 0.91631944375 0.291015625 0.937847221875
1 0.49453125 0.85381944375 0.50234375 0.862152778125 0.526171875 0.8600694437499999 0.53515625 0.821875 0.53359375 0.749652778125 0.53671875 0.7024305562500001 0.525 0.659375 0.521875 0.6329861109375 0.525 0.5385416671875001 0.518359375 0.5197916671875 0.5109375 0.5135416671875 0.510546875 0.5059027781250001 0.49609375 0.524652778125 0.4921875 0.5399305562500001 0.49765625 0.6454861109375 0.48203125 0.719097221875 0.4875 0.821875 0.49453125 0.85381944375
1 0.436328125 0.912847221875 0.44609375 0.9135416671875 0.463671875 0.9114583328125001 0.4703125 0.9052083328125 0.484375 0.8177083328125001 0.48203125 0.7357638890625 0.46171875 0.65243055625 0.46796875 0.52881944375 0.461328125 0.5086805562500001 0.448046875 0.4947916671875 0.437890625 0.5045138890625 0.428125 0.52881944375 0.43515625 0.646875 0.4171875 0.734375 0.4140625 0.77881944375 0.4171875 0.83993055625 0.42890625 0.899652778125 0.436328125 0.912847221875
1 0.34765625 0.8552083328125001 0.35078125 0.8579861109374999 0.370703125 0.8586805562500001 0.3765625 0.8510416671875 0.3671875 0.771875 0.36953125 0.7302083328125001 0.37890625 0.6829861109375 0.371875 0.6454861109375 0.37578125 0.5427083328125 0.369921875 0.5253472218749999 0.361328125 0.5170138890625 0.350390625 0.5253472218749999 0.34375 0.544097221875 0.3484375 0.646875 0.33671875 0.7010416671874999 0.3484375 0.771875 0.34765625 0.8552083328125001
1 0.384375 0.87881944375 0.3890625 0.884375 0.412109375 0.8836805562500001 0.42109375 0.8704861109375 0.4140625 0.8204861109374999 0.4140625 0.762152778125 0.42265625 0.6927083328125001 0.4109375 0.6482638890625 0.415625 0.534375 0.408984375 0.5170138890625 0.398828125 0.5086805562500001 0.387109375 0.5170138890625 0.3796875 0.5371527781250001 0.38671875 0.6482638890625 0.36796875 0.749652778125 0.36875 0.7829861109375 0.378125 0.85381944375 0.384375 0.87881944375
1 0.25234375 0.8899305562500001 0.259375 0.9079861109374999 0.276953125 0.90868055625 0.28203125 0.90381944375 0.271875 0.834375 0.27109375 0.7732638890625 0.275 0.7413194437499999 0.2890625 0.67743055625 0.2890625 0.5857638890625 0.28671875 0.5204861109375 0.283984375 0.512847221875 0.272265625 0.503125 0.259765625 0.5142361109375 0.2546875 0.52881944375 0.2578125 0.6607638890625 0.2421875 0.7329861109375 0.2390625 0.7663194437499999 0.2390625 0.8065972218749999 0.24296875 0.8357638890625001 0.25234375 0.8899305562500001
1 0.2 0.8496527781250001 0.20390625 0.8552083328125001 0.2203125 0.8524305562500001 0.21171875 0.799652778125 0.2109375 0.7427083328125 0.22734375 0.6607638890625 0.225 0.534375 0.212890625 0.5225694437499999 0.2 0.5385416671875001 0.19765625 0.5510416671875 0.20234375 0.65243055625 0.18984375 0.7079861109375 0.1859375 0.7427083328125 0.190625 0.8052083328125 0.2 0.8496527781250001
1 0.2234375 0.8677083328125 0.23125 0.8802083328125001 0.2484375 0.87743055625 0.23984375 0.8204861109374999 0.23828125 0.7704861109375 0.2421875 0.731597221875 0.25546875 0.674652778125 0.25390625 0.52743055625 0.241015625 0.5142361109375 0.231640625 0.52118055625 0.22578125 0.534375 0.22890625 0.65243055625 0.21171875 0.749652778125 0.215625 0.8204861109374999 0.2234375 0.8677083328125
1 0.823040478125 0.45 0.8141696156249999 0.45690814375000005 0.809375 0.47625263906250004 0.809375 0.49504210156250006 0.8100012796874999 0.5039983171875 0.8242365953125 0.56156205625 0.8323190296874999 0.62098828125 0.8263303921875 0.70382071875 0.8281713984374999 0.7413799187500001 0.8474741234375 0.8264846359375 0.8645473609375 0.8684745984374999 0.8725233578125 0.875 0.8870608125 0.875 0.8870608125 0.6593220828125 0.865232934375 0.6087204749999999 0.8585101875 0.5687386953125 0.851221859375 0.475742340625 0.8397566265625 0.452176778125 0.8332156453125 0.45 0.823040478125 0.45
1 0.8375756515624999 0.45 0.8428405859375001 0.46248545312499995 0.8446059 0.48178434687500005 0.8382930609375 0.572062125 0.8415323234375001 0.6148265828125 0.8598181468749999 0.6762713515625001 0.8625760921874999 0.7370549765625001 0.8646087296875 0.7453125 0.8681106890624999 0.7453125 0.8708784796875 0.74082138125 0.8825758031250001 0.6849019546875 0.8866548671875 0.6265686203125 0.8743233953124999 0.557924696875 0.8694373687500001 0.5498460749999999 0.8645384859374999 0.5085432812499999 0.8680849375000002 0.45 0.8375756515624999 0.45
1 0.8726329984374999 0.45 0.87421875 0.5092013890625 0.88125 0.548090278125 0.90078125 0.61336805625 0.90546875 0.6689236109375 0.909375 0.6619791671874999 0.915625 0.6161458328125 0.9140625 0.5564236109375 0.9015625 0.5092013890625 0.89375 0.49253472187499997 0.8922162953124999 0.45 0.8726329984374999 0.45
1 0.70390625 0.823090278125 0.71171875 0.8328125 0.728515625 0.83211805625 0.740625 0.8161458328125001 0.7484375 0.7536458328125001 0.7484375 0.730034721875 0.740625 0.6703125 0.71484375 0.5939236109375 0.7078125 0.47309027812500004 0.698828125 0.4557291671875 0.687890625 0.4529513890625 0.675390625 0.4626736109375 0.67109375 0.47864583281249995 0.67421875 0.5189236109375 0.6859375 0.567534721875 0.68671875 0.61475694375 0.67734375 0.67725694375 0.678125 0.7272569437499999 0.6921875 0.792534721875 0.70390625 0.823090278125
1 0.7224516375000001 0.45 0.7328125 0.5467013890625 0.725 0.61336805625 0.7421875 0.6744791671874999 0.74921875 0.7314236109375 0.75625 0.7342013890625 0.769140625 0.73211805625 0.77734375 0.7189236109375 0.7828125 0.6703125 0.78203125 0.6203125 0.77421875 0.5814236109375 0.7578125 0.542534721875 0.753125 0.5008680562500001 0.7515053796875 0.45 0.7224516375000001 0.45
1 0.56875 0.5182291671875 0.5765625 0.5564236109375 0.5796875 0.5939236109375 0.57265625 0.660590278125 0.57265625 0.6939236109375 0.584375 0.7536458328125001 0.5953125 0.7869791671874999 0.60390625 0.798090278125 0.621484375 0.7960069437499999 0.63203125 0.780034721875 0.6375 0.7314236109375 0.6375 0.6967013890625 0.63125 0.655034721875 0.60390625 0.57586805625 0.59765625 0.47864583281249995 0.589453125 0.46128472187499997 0.578515625 0.45850694374999995 0.56875 0.466519765625 0.56875 0.5182291671875
0 1 0.6638921640625 0.963671875 0.6626736109375 0.935546875 0.6876736109375 0.91796875 0.7328125 0.90625 0.785590278125 0.90625 0.823090278125 0.91796875 0.8842013890625001 0.934765625 0.91961805625 0.949609375 0.9390625 0.97265625 0.95086805625 1 0.9480085781250001 1 0.6638921640625