1 0.2838223359375 0 0.2868827140625 0.033766098437499996 0.2870714859375 0.061539331249999996 0.2792485203125 0.1059292328125 0.3202602421875 0.109375 0.331021934375 0.109375 0.331021934375 0.0673823859375 0.3291134828125 0.057618103125 0.3272652078125 0.0270580015625 0.3286329203125 0 0.2838223359375 0
1 0.331180209375 0.43754357343750006 0.341486246875 0.429337509375 0.3458802875 0.4203688203125 0.3517377015625 0.38435770625 0.35358189218749997 0.36350900468749997 0.35358189218749997 0.20594428437499998 0.35007434531250003 0.1872900265625 0.3451986296875 0.1796011390625 0.274986503125 0.1765625 0.257117121875 0.1765625 0.253125 0.18471082656249999 0.253125 0.2714038765625 0.264460421875 0.3347738953125 0.29015650625 0.42665873593750003 0.297481215625 0.435763784375 0.307400434375 0.4390625 0.3120266546875 0.4390625 0.331180209375 0.43754357343750006
1 0 0.4421875 0.0009073875 0.4421875 0.008867003125 0.43872856093749996 0.0275637953125 0.4254963921875 0.035915946875 0.4092217515625 0.06251045937500001 0.313917803125 0.07159173437500001 0.2650520203125 0.0748274765625 0.20949647031250002 0.0733203484375 0.1818460234375 0.0683912484375 0.1661125515625 0.0381651796875 0.16318739375 0 0.1662106828125 0 0.4421875
1 0.3859375 0 0.3859375 0.1140625 0.3973335046875 0.1140625 0.40516740156250003 0.11350940624999999 0.4175536796875 0 0.3859375 0
1 0.43011698593750003 0.23726207968750002 0.426012940625 0.25235784687499996 0.426042621875 0.23353959375 0.42743700625000003 0.230135625 0.43064111718750003 0.2352014984375 0.43240141093749995 0.2199692234375 0.43067079531249997 0.21638324375 0.4273578953125 0.22525176249999998 0.430611471875 0.1989538796875 0.4276941609375 0.17717583750000002 0.390522746875 0.171618528125 0.3811769453125 0.171618528125 0.3765625 0.180266425 0.3765625 0.33442846875 0.37751604843750003 0.34223906406250004 0.38546271875000004 0.3515625 0.40680837500000006 0.3515625 0.4119701578125 0.34912504218749996 0.4223538828125 0.3155750421875 0.4284852328125 0.281080334375 0.43088834218749994 0.24358033437499998 0.43011698593750003 0.23726207968750002
1 0.21463836875000003 0 0.2131604578125 0.045497321875 0.2109375 0.06249082500000001 0.2109375 0.0999089265625 0.211030978125 0.100290178125 0.2270353203125 0.103125 0.2299702484375 0.103125 0.23406573125 0.10232695 0.23993527343749999 0 0.21463836875000003 0
1 0.24765044062500002 0.2318032734375 0.2481213734375 0.21939844062499997 0.2481213734375 0.1806669296875 0.24678015156250002 0.1753940125 0.215441146875 0.1758252296875 0.195375875 0.16862946406249998 0.18696013281249999 0.17190777031249999 0.1848042828125 0.18109480625000002 0.184375 0.1924025328125 0.184375 0.2187563671875 0.1895412828125 0.2672514203125 0.20526521718750002 0.32906888125 0.2091371703125 0.3375 0.2456945765625 0.3375 0.2461671203125 0.3371421609375 0.2481213734375 0.33121983906249997 0.2481213734375 0.2372352421875 0.24765044062500002 0.2318032734375
1 0.46475521875 0.0381868484375 0.46198147812499996 0.0187878578125 0.4550854125 0.009846440625 0.443986125 0.0127514875 0.4390625 0.0252418046875 0.4390625 0.1140625 0.455008934375 0.1140625 0.46475521875 0.0381868484375
1 0.437359328125 0.1783449 0.434375 0.18232325 0.434375 0.18990590000000002 0.4398183609375 0.2263640921875 0.44320231562499995 0.291778571875 0.44386344062500005 0.2921875 0.47019194999999997 0.2921875 0.475 0.26905229375 0.475 0.1935764578125 0.46839884062500003 0.17283310000000002 0.437359328125 0.1783449
1 0.3733889171875 0.184375 0.36973591093749997 0.1796875 0.3581168859375 0.1796875 0.35625 0.18249817031249999 0.35625 0.1946987265625 0.357735528125 0.214303071875 0.37075074531249996 0.2640625 0.3734375 0.2640625 0.3734375 0.22319544375000003 0.372684521875 0.216210315625 0.3733889171875 0.184375
1 0.3825819203125 0.1109375 0.38330159375 0.1092432375 0.38675563749999997 0.0549673109375 0.38489689843749997 0.0412423125 0.380037028125 0.035347409375 0.3689055234375 0.041667790625 0.3671875 0.046150195312499996 0.3671875 0.1109375 0.3825819203125 0.1109375
1 1 0.509375 1 0 0.8510869249999999 0 0.8157679859375 0.010583843749999999 0.785172096875 0.027549201562499997 0.7704452156249999 0.05597420937499999 0.7752106281250001 0.0746696625 0.7849957296875 0.07919352187499999 0.78515155625 0.11674806874999999 0.7956392890625 0.165076475 0.8130414015625 0.18511623906250002 0.8342123562499999 0.266120778125 0.8389381031250001 0.3380230515625 0.8271995203125 0.3648310140625 0.809377034375 0.3847031828125 0.6671102046875 0.493598715625 0.651418209375 0.509375 1 0.509375
1 1 1 1 0.509375 0.8413750203125 0.509375 0.8688515750000001 0.6615135703125 0.7796875 0.9165193281249999 0.7796875 0.9207653609375 0.7866196328124999 1 1 1