1 0.2893573109375 0.5796875 0.2893573109375 0.4729753328125 0.2711752078125 0.414223090625 0.2646485703125 0.3642912734375 0.26169817968750003 0.2781528890625 0.25144000312500003 0.25400415625 0.23779481093750002 0.2472915375 0.226440003125 0.2544405328125 0.221875 0.269474325 0.221875 0.310763434375 0.2221844328125 0.3149867484375 0.23261732031250001 0.36485038125 0.23745530625 0.4273231078125 0.2267410828125 0.491457459375 0.22816291249999998 0.5484291765625 0.23421164062500002 0.5796875 0.2893573109375 0.5796875
1 0.1352226734375 0.5796875 0.1381114078125 0.5666201703125 0.142731671875 0.51508573125 0.13887942343749998 0.4597848875 0.11984671250000001 0.38993401250000004 0.1180687390625 0.370598728125 0.11961800468749999 0.2637270578125 0.1111387859375 0.24678440156249998 0.09871961093750001 0.2445888203125 0.0879100546875 0.25410782656249997 0.0859375 0.26149100625 0.0859375 0.309207503125 0.0909674640625 0.3635389515625 0.090657575 0.4010025625 0.0859375 0.42298483593749997 0.0859375 0.5796875 0.1352226734375 0.5796875
1 0 0.5660959812499999 0.0094103953125 0.575 0.011470371875 0.575 0.024057570312500002 0.5738462671875 0.0339322796875 0.555608059375 0.040465090625 0.5073245 0.040007053125000004 0.451727996875 0.0316476328125 0.4109998390625 0.0147267828125 0.3642657484375 0.011475039062500001 0.2515610296875 0.0049111765624999994 0.23801856875 0.0005829796875 0.2360112734375 0 0.2360112734375 0 0.5660959812499999
1 0.1875 0.37891065625000003 0.17109677343750002 0.3327696421875 0.1646826328125 0.2285757015625 0.1556062125 0.2096825171875 0.1466627015625 0.20728341718749999 0.1436892171875 0.20728341718749999 0.1384834015625 0.21077139531250003 0.1328125 0.2275401734375 0.1328125 0.2291981375 0.1468780234375 0.33234690312500004 0.141648078125 0.404419121875 0.1562181109375 0.44908175312500004 0.166677853125 0.5228155953125 0.1699654015625 0.5265625 0.1866136265625 0.5265625 0.1875 0.525620525 0.1875 0.37891065625000003
1 0.2897925828125 0.528303178125 0.299200384375 0.4597148265625 0.295138165625 0.419851446875 0.27940046406249996 0.3573241484375 0.2843528046875 0.23782050312499997 0.2783669453125 0.21957369999999998 0.2637172 0.21514293593749997 0.2546875 0.22456970781250002 0.2546875 0.2664200671875 0.2578492734375 0.2827704453125 0.2546875 0.356017665625 0.2546875 0.394480840625 0.256124165625 0.4214225359375 0.27548234374999997 0.514150190625 0.27620735625 0.5546875 0.28196291093750003 0.5546875 0.2897925828125 0.528303178125
1 0.2969887015625 0.44216921249999996 0.3041736625 0.37808900625 0.3028378046875 0.3547329875 0.291677584375 0.30733356093749997 0.2988948578125 0.2018417796875 0.291902034375 0.1865391703125 0.279402034375 0.1875595390625 0.271875 0.20274796093749997 0.271875 0.2171678375 0.2791369640625 0.22691966562500002 0.2808937953125 0.244720128125 0.271875 0.3435193859375 0.271875 0.34554795 0.284715346875 0.4197060171875 0.2858588140625 0.4625 0.2909839875 0.4625 0.2969887015625 0.44216921249999996
1 0.7785881859374999 0.1609375 0.7785881859374999 0.1233342578125 0.76735595625 0.086126309375 0.7668512390625001 0.024273025 0.7461845078125 0.025328843750000003 0.75258499375 0.087774296875 0.7453125 0.12371076406249999 0.7453125 0.1609375 0.7785881859374999 0.1609375
2 0.8850453296874999 0.2202363703125 0.8867964781250001 0.18686665 0.88399478125 0.1759010875 0.8851397437500002 0.1633647 0.8809843125000001 0.15870371875 0.7517951734375 0.17442984687500002 0.5306206 0.18750523125000002 0.5031556109374999 0.1929454546875 0.49353813750000003 0.201715434375 0.46389104843749995 0.20170926250000001 0.4606448109375 0.2060214796875 0.45578895468749997 0.1986191078125 0.4515625 0.21164113593749997 0.4515625 0.23888238125 0.45287540000000004 0.2484375 0.774348790625 0.2484375 0.8059033109375001 0.245421071875 0.8639178734375002 0.2357839671875 0.8664636859375001 0.228730359375 0.8735353484375 0.2270139859375 0.8803241234375001 0.235019834375 0.8850453296874999 0.2202363703125
1 0.6671047890625 0.5796875 0.6671392875000001 0.5895674484375 0.6751621140624999 0.6431802390625 0.6773942984375 0.685772828125 0.6660621859375 0.748064421875 0.665625 0.7566168734375001 0.665625 0.7971546015625 0.6698245671875 0.8397492703125 0.6843400203125001 0.8978825968749999 0.6894222015625 0.910305321875 0.6913268359375 0.9109375 0.7159831203125 0.9109375 0.7181651421874999 0.90830240625 0.7181651421874999 0.7255500921875 0.7060886562500001 0.686198740625 0.703105959375 0.649179884375 0.7044581359375 0.5954034546875 0.7033066625 0.5796875 0.6671047890625 0.5796875
1 0.7287767390625 0.5796875 0.731969309375 0.63765675625 0.7308288203125001 0.6589773125 0.7203125 0.7007980500000001 0.7203125 0.8410447828125001 0.72355468125 0.8553463828125001 0.7248448859375 0.85625 0.7520872562500001 0.85625 0.752667465625 0.8558397734375 0.759644890625 0.830548675 0.7670533828125 0.7904427625 0.7672420921875001 0.73033035 0.7631922515625 0.69075811875 0.7554157546875 0.6541334703125 0.759968 0.5796875 0.7287767390625 0.5796875
1 0.779512371875 0.5796875 0.7822062812499999 0.6066149875 0.7815184546875 0.6352913953125 0.771875 0.671518596875 0.771875 0.7308091812499999 0.7720932781250001 0.732975515625 0.7743419109375 0.7942231062499999 0.7802210625 0.8135184890625 0.7870864796875 0.815625 0.800753384375 0.815625 0.8055057203124999 0.8106756640625001 0.8178889046875 0.741859021875 0.8165364921875 0.705666021875 0.8033934546874999 0.636437815625 0.8056623421874999 0.5796875 0.779512371875 0.5796875
0 0.6433545203125 0.7989534015624999 0.6433545203125 0.7300457234375 0.6369753203125 0.7093894484375001 0.6256331140625 0.6837492078125 0.616825396875 0.6734185640625 0.6055860171875 0.6667461671875 0.5900041421875001 0.6673993578124999 0.568732903125 0.6799804921875 0.5631961390625 0.689598165625 0.557330946875 0.7089244234375001 0.5546875 0.7267085265625 0.5546875 0.7597771578125 0.5552276609375 0.7755001781249999 0.559387678125 0.7977769484375 0.5814915578125 0.8310064203125 0.5942571265625001 0.8375 0.6171186546875 0.8375 0.6278025984375001 0.830889609375 0.6428503890625 0.8020093140625001 0.6433545203125 0.7989534015624999
1 0.3953125 0.5796875 0.3953125 0.608237071875 0.40000138749999997 0.6101882046875 0.406466790625 0.6258591124999999 0.4010749203125 0.6761353765625 0.3962292375 0.695895553125 0.3953125 0.7144944171875001 0.3953125 0.74444100625 0.396178525 0.7568487984375001 0.4024031671875 0.7868518234375 0.41072556562500007 0.8088463484374999 0.4123261421875 0.809375 0.42985369218749997 0.809375 0.43582256875000003 0.8041741828125 0.440556825 0.795042421875 0.44715552187499996 0.75483294375 0.44760122343750003 0.712319284375 0.44333057656249997 0.6858620953125 0.4303997671875 0.6545202812500001 0.42450195312499994 0.63003334375 0.42433963124999996 0.5796875 0.3953125 0.5796875