1 0.74375 0 0.74375 0.0842617703125 0.7547049875 0.10827813281250001 0.7530161640624999 0.1375 0.8342433609375 0.1375 0.835149425 0.136133225 0.83628435 0.1036332265625 0.845931178125 0.08908124843750001 0.8606176906249999 0.0491647296875 0.8703915078125 0.0071856578125 0.8705640703124999 0 0.74375 0
1 1 0 0.8969619718749999 0 0.897525578125 0.036024696875 0.9147046484375 0.083474475 0.9192366296875001 0.11063363281250001 0.9479750187499999 0.1140625 0.989372996875 0.1140625 0.990395703125 0.1129076359375 0.9905379828124999 0.0892207828125 1 0.0701686015625 1 0
1 0.6126609843749999 0 0.6128125 0.0025 0.6211458328124999 0.04 0.6528125 0.11374999999999999 0.6582291671875 0.118125 0.6928124999999999 0.11875 0.7078125 0.1125 0.7394791671875 0.04 0.7383980859375 0 0.6126609843749999 0
1 0.5099421296875 0 0.5119791671875 0.027500000000000004 0.5269791671874999 0.06375 0.5432291671875 0.088125 0.5711458328125 0.09 0.5957291671875 0.088125 0.6178125 0.041249999999999995 0.6111458328125 0.005 0.61099079375 0 0.5099421296875 0
1 0.3047805734375 1 0.30218825 0.985544078125 0.306308628125 0.927028478125 0.3017325546875 0.916813215625 0.298360003125 0.9153696281249999 0.2979897453125 0.9153696281249999 0.2902095515625 0.9196675421875 0.2865816296875 0.9269081734375 0.28521662187499996 0.9362585656250001 0.2863657578125 0.9776973968749999 0.28514104375 1 0.3047805734375 1
1 0.430318884375 1 0.4257567546875 0.9821373265624999 0.4255949859375 0.9229964640624999 0.42036007968750005 0.916741353125 0.4163425671875 0.916741353125 0.4132341640625 0.9179023390625 0.40963774375 0.9282544875 0.413364521875 0.9848938359375001 0.4096493921875 1 0.430318884375 1
1 0.392866896875 1 0.3885695421875 0.9823073734375001 0.3905380375 0.9277686828124999 0.3870394921875 0.9179282390625 0.38231091875 0.9140625 0.382300084375 0.9140625 0.378153003125 0.9148412671875 0.3728081546875 0.9252984421875 0.375070975 0.9855381921875 0.3725608296875 1 0.392866896875 1
1 0.3486567984375 1 0.346875 0.984953703125 0.3489583328125 0.9303240734374999 0.3450520828125 0.9178240734374998 0.3372395828125 0.915046296875 0.3307291671875 0.9210648140625001 0.328125 0.93125 0.3302083328125 0.97476851875 0.3258888140625 1 0.3486567984375 1
1 0.25709978125 1 0.2557291671875 0.9942129625 0.2557291671875 0.9618055562500001 0.2578125 0.953472221875 0.25833333281250004 0.9303240734374999 0.25442708281250004 0.9178240734374998 0.24921875 0.915046296875 0.2440104171875 0.9168981484375 0.23958333281250002 0.92476851875 0.240625 0.9951388890625001 0.2393992453125 1 0.25709978125 1
1 0.21993963125 1 0.215625 0.98125 0.2182291671875 0.959953703125 0.2182291671875 0.9238425921874999 0.21223958281250002 0.9168981484375 0.2065104171875 0.9178240734374998 0.2010416671875 0.9266203703125001 0.2036458328125 0.9831018515625001 0.1999364828125 1 0.21993963125 1
1 0.1867102578125 1 0.1828125 0.98125 0.184375 0.928472221875 0.18203125 0.921527778125 0.17734375 0.91875 0.17109375 0.921527778125 0.16875 0.927546296875 0.1697916671875 0.98680555625 0.16741106562500002 1 0.1867102578125 1
1 0.26658593750000004 1 0.2640625 0.98680555625 0.26510416718749996 0.9303240734374999 0.2606770828125 0.91875 0.2580729171875 0.91875 0.2557291671875 0.9932870375 0.25743447656249996 1 0.26658593750000004 1
1 0.6688437609375 0.409375 0.6713768609375 0.43599578125000005 0.6725431796875 0.47885205781250006 0.6736376984375 0.503727128125 0.66828861875 0.5383760328125 0.6671875 0.542432415625 0.6671875 0.6864289687499999 0.673134253125 0.70726686875 0.673987465625 0.7078125 0.6974735765625 0.7078125 0.70452975625 0.7003661812499999 0.7165775484375001 0.6453109593749999 0.71934734375 0.5882981625 0.710876071875 0.5389767984375 0.7041824359375 0.507544865625 0.7000324328125 0.4722931234375 0.70225399375 0.409375 0.6688437609375 0.409375
1 0.5609375 0.409375 0.5609375 0.424608003125 0.5800052109375 0.4815525703125 0.5828499578125 0.5246899703125 0.597187196875 0.54879215625 0.6060556874999999 0.572703365625 0.6098271343749999 0.62836805 0.62074524375 0.64375 0.6274917796875 0.64375 0.629918703125 0.64364706875 0.6379844578125 0.6321279734375 0.6390625 0.6245647078125 0.6390625 0.5885899890624999 0.6379091640625 0.5585441453125 0.6265191515625 0.5192733109375001 0.6042562828125 0.4851760859375 0.598609759375 0.46970733437499995 0.592607690625 0.42368302812499997 0.58889659375 0.409375 0.5609375 0.409375
0 0.527734375 0.6842013890625 0.5453125 0.6946180562500001 0.559765625 0.6939236109375 0.583984375 0.6828125 0.6 0.6543402781250001 0.60625 0.6307291671874999 0.60703125 0.6015625 0.603125 0.5696180562500001 0.589453125 0.5397569437499999 0.576171875 0.523090278125 0.556640625 0.5217013890625 0.532421875 0.5286458328125 0.51640625 0.554340278125 0.51015625 0.5765625 0.509375 0.6223958328125001 0.51796875 0.6654513890625 0.527734375 0.6842013890625