1 0.609375 0.204949021875 0.57978465 0.1778595421875 0.5462423515625 0.1801624234375 0.5281981203125 0.20628358281249998 0.522158215625 0.22401159062499998 0.514814390625 0.2638799328125 0.5174005578124999 0.284836096875 0.5279769984375 0.3214794734375 0.5451374984374999 0.3536097609375 0.5592320703125 0.365625 0.5996946296875 0.365625 0.609248484375 0.36113380156249997 0.609375 0.36081942968749997 0.609375 0.204949021875
1 0.609375 0.45 0.6685213796875 0.45 0.6701775999999999 0.4417238890625 0.6703125 0.44035159375 0.6703125 0.31419022343749997 0.6475573328124999 0.21549055 0.6470574124999999 0.1725275859375 0.6528793890625 0.1002843796875 0.651615090625 0.06320366875 0.64261513125 0.041263618749999995 0.6266956046875001 0.033026421875 0.6142990359375 0.0412602140625 0.609375 0.0569992375 0.609375 0.136036121875 0.6133906671875 0.21369995 0.609375 0.232426771875 0.609375 0.45
1 0.7572600453125 0.45 0.7607291671875 0.42841435156249996 0.7632291671875 0.37359953749999997 0.7590625 0.3217476859375 0.7373958328125 0.22693287031249998 0.7365625 0.1824884265625 0.7423958328125 0.1217476859375 0.7415625 0.0684143515625 0.7336458328125 0.0484143515625 0.7161458328125 0.041006943750000004 0.7069791671875001 0.0469328703125 0.6965625 0.074340278125 0.6965625 0.112858796875 0.7032291671875 0.1898958328125 0.7023958328125 0.2254513890625 0.6773958328124999 0.33804398125 0.6748958328125 0.4032291671875 0.6782291671875 0.44026620312500003 0.6802038515625 0.45 0.7572600453125 0.45
1 0.7709172109375 0.45 0.7690625 0.435821759375 0.7698958328125001 0.3513773140625 0.7782291671875 0.30248842656249997 0.7890625 0.2639699078125 0.7773958328124999 0.2032291671875 0.7765625 0.1795254625 0.7848958328125 0.0684143515625 0.7823958328125 0.0461921296875 0.7728125 0.0247106484375 0.7569791671875 0.020266203125 0.7469791671875 0.0276736109375 0.7398958328124999 0.0476736109375 0.7440625 0.1706365734375 0.7390625 0.234340278125 0.7490625 0.2876736109375 0.7590625 0.318784721875 0.7632291671875 0.3617476859375 0.7607291671875 0.435821759375 0.758260634375 0.45 0.7709172109375 0.45
1 0.8528627609375 0.45 0.8532291671875001 0.4476736109375 0.8548958328125 0.38248842656250004 0.8498958328124999 0.3291550921875 0.8290625 0.23730324062500002 0.8298958328125 0.17508101874999998 0.8348958328125 0.1217476859375 0.8332291671875 0.07878472187499999 0.8236458328125 0.057303240624999995 0.8061458328125 0.052858796875 0.7948958328125 0.0639699078125 0.7873958328125 0.0906365734375 0.7948958328125 0.22989583281249998 0.7723958328125 0.33952546250000004 0.7698958328125001 0.432858796875 0.771502821875 0.45 0.8528627609375 0.45
1 0.880461425 0.45 0.8882291671875 0.33952546250000004 0.8840625 0.3084143515625 0.8632291671875001 0.21804398125 0.8623958328124999 0.1691550921875 0.8682291671875 0.10693287031250001 0.8682291671875 0.0639699078125 0.8569791671875 0.0365625 0.8403124999999999 0.03211805625 0.8311458328124999 0.039525462500000004 0.8257291671875 0.05804398125 0.8332291671875 0.074340278125 0.8357291671875 0.09211805625 0.8298958328125 0.17804398125 0.8298958328125 0.235821759375 0.8473958328125001 0.314340278125 0.8557291671874999 0.37211805625 0.8548958328125 0.434340278125 0.8526177484374999 0.45 0.880461425 0.45
1 0.9582291671875 0.2313773140625 0.9573958328125001 0.2047106484375 0.9632291671875001 0.07582175937499999 0.9582291671875 0.05804398125 0.9478125000000001 0.0439699078125 0.9294791671875 0.0484143515625 0.9182291671874999 0.07285879687499999 0.9173958328125 0.1098958328125 0.9240625 0.1869328703125 0.9240625 0.2254513890625 0.9048958328125 0.3084143515625 0.9032291671875001 0.317303240625 0.9057291671875 0.3217476859375 0.9169791671875 0.30026620312499996 0.9286458328125 0.2884143515625 0.9644791671874999 0.2795254625 0.9665625 0.274340278125 0.9582291671875 0.2313773140625
1 1 0.25155408437500004 0.9890625 0.2047106484375 0.9907291671875 0.13508101875 0.9957291671874999 0.08915509218749999 0.9948958328125 0.0461921296875 0.9828125 0.0247106484375 0.9661458328125001 0.0232291671875 0.9532291671875001 0.0432291671875 0.9640625 0.080266203125 0.9582291671875 0.1824884265625 0.9607291671875 0.24174768593749998 0.9686458328124999 0.2765625 1 0.29475158281249997 1 0.25155408437500004
0 1 0.45 1 0.2959784546875 0.9936458328125 0.2898958328125 0.9636458328125 0.2765625 0.9294791671875 0.2869328703125 0.9111458328125 0.3047106484375 0.8973958328125 0.33063657343749997 0.8873958328124999 0.3647106484375 0.883162721875 0.45 1 0.45
1 0.1840252546875 1 0.1875 0.946875 0.172265625 0.9420138890625 0.1703125 0.971875 0.171355596875 1 0.1840252546875 1
2 0.609375 0.8097373375 0.64740410625 0.8110290484375 0.7127703484375 0.8066189843749999 0.8155038937500001 0.8111877249999999 0.8200056390625001 0.7793478265625 0.8246301171875 0.7724897484375 0.8338757390625 0.7698756140625 0.849905496875 0.7229715828125001 0.8899234109374999 0.7218197500000001 0.899056228125 0.7335438296875 0.90291436875 0.749339115625 0.9107865687500001 0.7675174046875 0.926239065625 0.764086434375 0.9383476078124999 0.767073309375 0.942497703125 0.7500300453125 0.9405901968749999 0.742595365625 0.9453125 0.7344312390625 0.9453125 0.70509914375 0.9431413093749998 0.7023948640625 0.9342871453124999 0.702240315625 0.9073331875000001 0.7045453484374999 0.69379151875 0.70081796875 0.673651525 0.7041671125000001 0.609375 0.7030451609374999 0.609375 0.8097373375
1 0.609375 0.695144190625 0.6260416671875 0.6953703703125 0.63125 0.6898148140625 0.6338541671875 0.6629629625 0.6234375 0.621296296875 0.6244791671875001 0.584259259375 0.6216145828124999 0.5791666671875 0.609375 0.579891975 0.609375 0.695144190625
1 0.6541666671875 0.6953703703125 0.67734375 0.6949074078125 0.6796875 0.6916666671874999 0.6760416671875 0.66851851875 0.665625 0.627777778125 0.6666666671875 0.5833333328125 0.6643229171875 0.5791666671875 0.6447916671875 0.58148148125 0.6442708328125 0.628703703125 0.63125 0.6898148140625 0.6330729171875 0.6949074078125 0.6541666671875 0.6953703703125