1 0.2078125 0.20078664062499998 0.1985403359375 0.167844734375 0.1993701359375 0.0691244953125 0.1897924578125 0.0530952375 0.185790915625 0.0530952375 0.17832758124999998 0.0552641328125 0.1720587125 0.07146825 0.17806620312500002 0.16160962031249998 0.16337326875 0.23579365000000002 0.1651675828125 0.2796875 0.181527375 0.2796875 0.2078125 0.270997684375 0.2078125 0.20078664062499998
1 0.2568154109375 0.3796875 0.258143146875 0.3780145296875 0.27613219375 0.3371400296875 0.28519748125 0.294129925 0.28993898281249997 0.23859255 0.3234375 0.1577561078125 0.3234375 0.13460093906249998 0.3156598796875 0.11997208749999999 0.3015973796875 0.119890275 0.2945728359375 0.133046084375 0.272738071875 0.212099121875 0.23115658125 0.271589540625 0.21447285 0.325259884375 0.21447285 0.3796875 0.2568154109375 0.3796875
1 0.49418338437500003 0 0.49370460625 0.018732521874999998 0.5160865359375 0.137233846875 0.5461112546875 0.140625 0.5515625 0.140625 0.5515625 0 0.49418338437500003 0
1 0.5571422171875 0 0.5571203265625 0.0323250625 0.5770223578125 0.1432085265625 0.5917607874999999 0.1484375 0.6188210359375 0.1484375 0.6258897421875 0.13562853749999998 0.6328125 0.09318289375 0.6328125 0 0.5571422171875 0
1 0.6313096390625 0 0.6313096390625 0.11632779374999999 0.635189809375 0.1359375 0.6574514046875001 0.1359375 0.665645234375 0.1355916703125 0.6759566609375 0.11820684687500001 0.6856491140625 0.065928796875 0.6875674453125 0 0.6313096390625 0
1 0.695099740625 0 0.6943627453125 0.0157340109375 0.7139705875000001 0.1349200578125 0.753186275 0.1407340109375 0.77116013125 0.06805959375000001 0.7748622984375 0 0.695099740625 0
2 0.3796875 0.7244258046875001 0.1281120453125 0.7140625 0.1223198328125 0.7140625 0.1199181515625 0.7924618375 0.31555413125 0.8 0.3796875 0.8 0.3796875 0.7244258046875001
1 0.3796875 0.959375 0.3824847265625 0.959375 0.38623467968749997 0.9593373015625 0.3940236078125 0.9580517515625001 0.395233690625 0.9561271781249999 0.39807092499999996 0.9453133796875001 0.3984375 0.94288953125 0.3984375 0.8337258796875 0.395228865625 0.8232068984375001 0.391953871875 0.8152128265624998 0.38914309375 0.802279565625 0.3881468359375 0.7843599578125 0.39038227187499996 0.7393959046875 0.3899445140625 0.720588034375 0.38723475625 0.7119950515625 0.382363878125 0.7059390234375 0.37980175781250003 0.7046875 0.3796875 0.7046875 0.3796875 0.959375
1 0.7759089203125 0.54034898125 0.7726801046875 0.5431661734375 0.7696007734375 0.549023803125 0.7679959796875 0.55650654375 0.7682586140625001 0.571552840625 0.77227630625 0.6028836562500001 0.7730045765625 0.6335594421875 0.7706988875 0.64507515 0.7688607875000001 0.650238584375 0.7683679453125001 0.6551440953125001 0.76231534375 0.672935746875 0.761654853125 0.6792835281249999 0.7585826093750001 0.6910706265625001 0.7572101453125001 0.7118635515625 0.7576757828125 0.7274930421875 0.7592836734375 0.7422814140625 0.7657737296875 0.7716451375 0.7684279140625 0.7800947078125 0.769731790625 0.7885128515625001 0.771718675 0.7921875 0.8001065624999999 0.7921875 0.8029723859375 0.7817664421875 0.80625 0.7640177484375 0.80625 0.6801620140625 0.801673221875 0.6631501421875 0.796593109375 0.6482809515625 0.7934521078125 0.6340353640625 0.7930076500000001 0.6085724015625 0.7933287703125 0.5938289265625001 0.79505575625 0.58229975 0.795002153125 0.55713511875 0.794129534375 0.551330121875 0.790932 0.54489254375 0.787685996875 0.5412015640625001 0.7834169156249999 0.539656028125 0.7759089203125 0.54034898125
1 0.5524391125 0.5436853703125 0.5505430359375 0.5491729546874999 0.5499284281250001 0.5702956390625 0.5530693281250001 0.608225425 0.5521776265625 0.632240503125 0.547722578125 0.646105825 0.5463294296875001 0.65420094375 0.543502525 0.658525509375 0.5406411984374999 0.6706636984375001 0.5360353421874999 0.6830811375 0.535932165625 0.6836285640625 0.535932165625 0.76392915625 0.5400246203125001 0.784684040625 0.5431853265625 0.7954102609375 0.546567215625 0.8 0.5495742859374999 0.8 0.5508841671875 0.7993619625 0.5524036421874999 0.8 0.5669940703125 0.8 0.570769834375 0.7988988499999999 0.571709453125 0.7964444109375 0.5763061484375 0.7909725375 0.5794606640625 0.782019465625 0.5837649109375 0.7667062609374999 0.58558595625 0.757166628125 0.58808599375 0.7508143546875 0.5890625 0.7406212734375 0.5890625 0.678191659375 0.5774561109375 0.63209816875 0.577978846875 0.6075021390625001 0.583300340625 0.57048979375 0.58382159375 0.5592061921875 0.58314334375 0.54936261875 0.58227145 0.5461741359375 0.5779445453125 0.5390586421875 0.57154586875 0.5335228 0.5650209015625001 0.5323272359375 0.559569153125 0.5340319234375001 0.5565914421875 0.536908609375 0.5524391125 0.5436853703125
1 0.6276813265625 0.5734085640625001 0.6296103390625 0.5887442125 0.63115355 0.5904803234375 0.63018904375 0.6006076390625 0.63115355 0.6069733796875 0.63134645 0.632146990625 0.6161072531249999 0.68538773125 0.6139853390625 0.70303819375 0.6135995375000001 0.7224247687500001 0.6161072531249999 0.7487557875 0.6265239203125 0.7936053234375 0.6295138890625 0.7957754625 0.6510223765625 0.7959201390625 0.6543981484375 0.7954861109375 0.6566165125 0.7930266203125 0.6645254625 0.762065971875 0.66934799375 0.736603009375 0.6703125 0.7076678234375 0.6689621906250001 0.6934895828125001 0.6670331796875001 0.683940971875 0.6645254625 0.6729456015624999 0.656037809375 0.6454571765624999 0.6535300921875 0.633015046875 0.654108796875 0.5948206015624999 0.657195215625 0.5635706015624999 0.656230709375 0.5493923609375 0.6530478390625 0.5405671296875 0.6461033953124999 0.5347800921875 0.6412808640625001 0.5336226859375 0.637615740625 0.5347800921875 0.6322145062500001 0.5396990734375 0.6299961421875 0.543315971875 0.6280671296875 0.5496817125 0.6271026234375 0.56038773125 0.6276813265625 0.5734085640625001
1 0.6963541671875 0.590190971875 0.6978973765625 0.595978009375 0.699054784375 0.61796875 0.6988618828125001 0.6315682875 0.685358796875 0.6787326390625 0.6815007718749999 0.7018807875 0.68111496875 0.7256076390625 0.6822723765625 0.7380497687500001 0.685358796875 0.7574363421875 0.6940393515625 0.7927372687500001 0.6960648140625001 0.7949074078125 0.7202739203125 0.7953414359375001 0.7222993828125001 0.79461805625 0.7237461421875 0.7918692125 0.734162809375 0.7496238421875 0.736670525 0.7261863421875 0.736670525 0.7076678234375 0.73570601875 0.695515046875 0.7320408953124999 0.6764178234375 0.7247106484375 0.6538483796875 0.7195023140625001 0.6318576390625 0.7204668203125 0.5922164359375 0.7222029328125 0.5846932875 0.7233603390625 0.5670428234375 0.7227816359375 0.5499710640625001 0.7214313265625 0.5459201390625 0.7180555562500001 0.540277778125 0.711882715625 0.5370949078125 0.7080246906250001 0.5365162031249999 0.7003086421875 0.5399884265624999 0.6953896609375001 0.5493923609375 0.6944251546875 0.5592303234375 0.6946180562500001 0.5736979171875001 0.6963541671875 0.590190971875
1 0.441242284375 0.5396990734375 0.43738425937500003 0.5347800921875 0.43217592656250003 0.5321759265624999 0.42581018593750003 0.532465278125 0.4223379625 0.535358796875 0.41761188281250006 0.5424479171875001 0.4162615734375 0.5482349531249999 0.4156828703125 0.5629918984375 0.418962190625 0.598003471875 0.418962190625 0.6260706015624999 0.41510416718750004 0.6437210640625001 0.407195215625 0.6671585640625001 0.40353009218749997 0.6824942125 0.40198688281250006 0.6900173609375 0.40102237656249995 0.70303819375 0.40102237656249995 0.726765046875 0.402179784375 0.7392071765624999 0.41008873437500004 0.7745081015624999 0.4118248453125 0.785503471875 0.41404320937500005 0.7896990734375 0.41790123437500004 0.7911458328125 0.4297646609375 0.7910011578125 0.43111496875000005 0.7904224531249999 0.4297646609375 0.7849247687500001 0.421662809375 0.7730613421875 0.41722607968750003 0.7632233796875 0.4147183640625 0.755121528125 0.412017746875 0.74296875 0.4108603390625 0.7296585640625001 0.4108603390625 0.7198206015624999 0.412017746875 0.7070891203125 0.41375385781249996 0.6978298609375 0.417804784375 0.6842303234375 0.42146990781250004 0.6764178234375 0.43333333281249997 0.66006944375 0.44278549375000004 0.6528356484375 0.44519675937500003 0.6495081015624999 0.44114583281249997 0.6315682875 0.44076003124999996 0.6211516203125 0.4419174375 0.5904803234375 0.44519675937500003 0.5650173609375 0.44500385781249996 0.5505497687500001 0.443267746875 0.543315971875 0.441242284375 0.5396990734375
1 0.5100115734375 0.5679108796875 0.5098186734375 0.5488136578125 0.505864196875 0.5379629625 0.5021990734375 0.5342013890625 0.4962191359375 0.5318865734375 0.4885030859375 0.5342013890625 0.4828125 0.5427372687500001 0.4806905859375 0.5499710640625001 0.4806905859375 0.569646990625 0.48396990781250004 0.595978009375 0.485320215625 0.6118923609375 0.485320215625 0.6208622687500001 0.48396990781250004 0.6318576390625 0.479340278125 0.6495081015624999 0.481365740625 0.6528356484375 0.4927469140625 0.6615162031249999 0.5030671296875 0.6778645828125001 0.5100115734375 0.6989872687500001 0.5119405859375 0.71085069375 0.5132908953124999 0.7149016203125 0.5142554015625 0.7250289359375 0.513676696875 0.7348668984375 0.5098186734375 0.755121528125 0.5042245375000001 0.7690104171875 0.499787809375 0.7774016203125 0.4887924375 0.79071180625 0.4923611109375 0.7934606484375 0.5030671296875 0.7936053234375 0.507793209375 0.79288194375 0.5098186734375 0.7904224531249999 0.5152199078125 0.7666956015624999 0.51695601875 0.75570023125 0.516570215625 0.75164930625 0.515412809375 0.749334490625 0.518402778125 0.7471643515624999 0.5200424375 0.744415509375 0.52100694375 0.7256076390625 0.52100694375 0.70390625 0.5200424375 0.694646990625 0.5140625 0.6879918984375 0.5129050921875 0.6850983796875 0.5121334875000001 0.6787326390625 0.5090470671875 0.6732349531249999 0.511554784375 0.6665798609375 0.5119405859375 0.6602141203125 0.511554784375 0.6552951390625 0.50731095625 0.6390914359375 0.5057677468749999 0.6246238421875 0.5069251546875 0.5922164359375 0.5100115734375 0.5679108796875
0 0.424266975 0.673090278125 0.421662809375 0.6758391203125 0.41799768593750003 0.6845196765624999 0.41394675937500003 0.697540509375 0.41163194374999995 0.713165509375 0.411053240625 0.7235821765624999 0.41163194374999995 0.7380497687500001 0.4141396609375 0.7519386578125 0.41799768593750003 0.7614872687500001 0.41915509218749997 0.7669849531249999 0.42320601875 0.77508680625 0.425617284375 0.777546296875 0.42966820937500005 0.784490740625 0.4356481484375 0.79085648125 0.4532021609375 0.800983796875 0.4614004625 0.8017071765625001 0.4694058640625 0.8012731484375 0.48695987656249995 0.79288194375 0.4952546296875 0.7839120375 0.5044174375 0.7690104171875 0.5078896609375001 0.7568576390625 0.5100115734375 0.7525173609375 0.5129050921875 0.7397858796875 0.513483796875 0.7285011578125 0.5127121906250001 0.7146122687500001 0.5109760796875 0.70101273125 0.50538194375 0.6824942125 0.5030671296875 0.6772858796875 0.49351851875 0.6626736109375 0.4856095671875 0.6551504625 0.4807870375 0.6519675921875 0.476350309375 0.6513888890625 0.4655478390625 0.646759259375 0.4572530859375 0.6470486109375 0.44529320937500005 0.6510995375 0.43738425937500003 0.656597221875 0.427739196875 0.6670138890625 0.424266975 0.673090278125