1 0.4203125 0.385489765625 0.4203125 0.2630559125 0.40272615468749995 0.2105251359375 0.39588625624999996 0.11380019062499999 0.3895504546875 0.1009114109375 0.3828447234375 0.09819440625 0.382383325 0.09819440625 0.3737989328125 0.10590955312500001 0.371875 0.1139281703125 0.371875 0.1234415625 0.3824885140625 0.20603052656249998 0.3783810203125 0.3065242390625 0.382877240625 0.336135090625 0.39393858125 0.37528708125 0.4025956546875 0.3890625 0.416769059375 0.3890625 0.4189854046875 0.3886113671875 0.4203125 0.385489765625
1 0.2886659609375 0.791451871875 0.270568425 0.7057796828124999 0.273360315625 0.6453608703125 0.27927354531250004 0.5996668375 0.27923662656250003 0.57148698125 0.27175137031249996 0.5507743453125 0.2608508109375 0.5428496765624999 0.2502683484375 0.5510243234375001 0.24172086250000002 0.5759492734375 0.24489615781250001 0.7074203234375 0.23125 0.7669485125 0.23125 0.9521877562500001 0.23152463124999997 0.9544888890625 0.2362378859375 0.9752337796875 0.24211276874999998 0.978125 0.2679579203125 0.978125 0.2733915265625 0.9714466640625 0.28355648906250003 0.9216774031250001 0.28968841562500003 0.8665874 0.2886659609375 0.791451871875
1 0.4390625 0.560327578125 0.4286891453125 0.5749895140625 0.42522414218750004 0.5897546140625 0.430075146875 0.6917680374999999 0.4162151328125 0.7629089765625 0.4210661375 0.8622378359375 0.42730314375 0.89311031875 0.43423315156250003 0.901164009375 0.4390625 0.9007039750000001 0.4390625 0.560327578125
1 0.3756745921875 0.9501572984374999 0.3843371015625 0.9508284390625 0.39992961718750003 0.9488150171874998 0.40582012343749996 0.9427747484375001 0.4182941359375 0.8582109906250001 0.4162151328125 0.779016359375 0.39819711562500004 0.698479446875 0.4037411203125 0.579016359375 0.397850615625 0.559553271875 0.386069603125 0.546130453125 0.37706059375 0.5555264265625001 0.3683980859375 0.579016359375 0.3746350921875 0.69311031875 0.3586960765625 0.7776740765625 0.3559240734375 0.8206270968750001 0.3586960765625 0.8796875 0.3690910859375 0.9374056203125001 0.3756745921875 0.9501572984374999
1 0.29701901406250003 0.8944525999999999 0.2997910171875 0.8971371640625 0.317462534375 0.8978083046875 0.32266004062500003 0.8904257546875 0.31434403125 0.8139156875 0.31642303437499997 0.77364723125 0.3247390421875 0.728009646875 0.31850203593750004 0.6917680374999999 0.3219670390625 0.592439178125 0.316769534375 0.5756606546875 0.3091465265625 0.5676069625 0.2994445171875 0.5756606546875 0.2935540109375 0.5937814593749999 0.297712015625 0.69311031875 0.2873170046875 0.7454593125000001 0.297712015625 0.8139156875 0.29701901406250003 0.8944525999999999
1 0.32959004687500004 0.9172713921875001 0.3337480515625 0.9226405203125001 0.354191571875 0.9219693796874999 0.3621610796875 0.9092177015625001 0.3559240734375 0.860895553125 0.3559240734375 0.8045197140625 0.36354708125 0.7374056203125 0.3531520703125 0.6944526 0.357310075 0.5843854859375 0.35141956875 0.5676069625 0.342410559375 0.559553271875 0.3320155484375 0.5676069625 0.3254320421875 0.58707005 0.3316690484375 0.6944526 0.3150370328125 0.792439178125 0.3157300328125 0.8246539421874999 0.324046040625 0.89311031875 0.32959004687500004 0.9172713921875001
1 0.2124729296875 0.9280096468749999 0.2187099359375 0.9454593124999999 0.23430245156249999 0.9461304531250001 0.23880695625 0.9414324671875001 0.229797946875 0.874318371875 0.229104946875 0.8152579703124999 0.23256994999999997 0.7843854859375 0.2450439625 0.7226405203125 0.2450439625 0.634049915625 0.24296495937499998 0.5709626671875 0.24053945781250002 0.5635801171875 0.23014444687500002 0.55418414375 0.21905643593750002 0.5649224 0.21455193125 0.579016359375 0.21732393437500003 0.7065331374999999 0.2034639203125 0.7763317953125 0.20069191718749999 0.8085465609375 0.20069191718749999 0.847472734375 0.20415692187499998 0.8756606546875 0.2124729296875 0.9280096468749999
1 0.1660418828125 0.8890834734374999 0.16950688593750002 0.8944525999999999 0.18405990156250002 0.8917680375 0.17643689375 0.8407613250000001 0.1757438921875 0.7857277687499999 0.1902969078125 0.7065331374999999 0.1882179046875 0.5843854859375 0.17747639531249998 0.572976090625 0.1660418828125 0.5884123328124999 0.16396288125 0.60049286875 0.16812088593750002 0.698479446875 0.15703287500000002 0.752170721875 0.15356787031250002 0.7857277687499999 0.157725875 0.846130453125 0.1660418828125 0.8890834734374999
1 0.1868319046875 0.9065331375 0.1937619109375 0.9186136749999999 0.2090079265625 0.9159291109375001 0.20138491875 0.860895553125 0.1999989171875 0.81257340625 0.2034639203125 0.7749895140625 0.21524493281249998 0.71995595625 0.21385893125000002 0.5776740765625 0.2024244203125 0.5649224 0.1941084109375 0.571633809375 0.18891090625 0.5843854859375 0.19168290937500002 0.698479446875 0.17643689375 0.792439178125 0.179901896875 0.860895553125 0.1868319046875 0.9065331375
1 1 1 1 0.5 0.9451799375000001 0.5 0.9472010453124999 0.513618309375 0.9494888187499999 0.5687930171875 0.947738321875 0.606376909375 0.9447840703124999 0.6251083625 0.91557953125 0.7008723531250001 0.9094156531250001 0.728919121875 0.909375 0.7290281828125 0.909375 1 1 1
1 0.7071474984374999 0.5 0.713024278125 0.534609046875 0.7152742078125 0.5990385781249999 0.7017625140625 0.6483481515625 0.6996936125 0.6684178609375 0.6912002125 0.6829732749999999 0.6761719968750001 0.74834184375 0.671875 0.7952772484375 0.671875 0.8662417203124999 0.6829686578125 0.942972715625 0.6978231156250001 0.9916013281249999 0.7012600296875 1 0.8144187421875 1 0.8182285546875001 0.9861784765625 0.8182285546875001 0.738681978125 0.8088798125000001 0.7018065890624999 0.771313515625 0.5976605265625 0.76829704375 0.5707664984375 0.7681362203125 0.5265034546875 0.77083373125 0.5 0.7071474984374999 0.5
1 0.4418190109375 0.5 0.444127128125 0.5148527125 0.441428965625 0.5712446796874999 0.4390625 0.5782364984375 0.4390625 1 0.5084234171875 1 0.514211040625 0.9863924718749999 0.535177159375 0.919052590625 0.5494319640625001 0.842397375 0.55086909375 0.7806524078124999 0.547648346875 0.740432334375 0.5366114640624999 0.678832515625 0.521197884375 0.6266770546875 0.5009333 0.5745780390624999 0.4972751671875 0.5531499125 0.49607093906250005 0.515590209375 0.498113121875 0.5 0.4418190109375 0.5
1 0.6261137515625 0.5 0.6237872484375 0.5157718124999999 0.5898302140625 0.628523490625 0.58082120625 0.6916107375 0.5794352046875 0.749328859375 0.5835932078124999 0.8097315437500001 0.59329521875 0.856711409375 0.6279452531249999 0.9533557046875 0.6373007625 0.9701342281249999 0.6480422734375 0.9748322140625 0.6667532921875 0.97080536875 0.65635828125 0.9184563765625 0.6522002765625 0.8687919468749999 0.6535862781249999 0.8137583890625001 0.6577442828125 0.7734899328125 0.6736832984375 0.698322146875 0.699324325 0.62449664375 0.70556133125 0.5936241609375 0.7020963265625 0.5654362421875 0.6792273046874999 0.5077181203125 0.6784801625 0.5 0.6261137515625 0.5
1 0.7763835265625 0.5 0.7644663890625 0.535906040625 0.7623873875 0.5694630875 0.7651593906249999 0.5989932890625 0.796344421875 0.69026845625 0.8171344421875 0.7882550328125 0.8199064453125 0.8124161078125001 0.8178274421874999 0.9063758390625001 0.8205994453125001 0.9117449671875001 0.8320339578125001 0.9110738250000001 0.8351524593749999 0.9036912749999999 0.821292446875 0.796308725 0.8205994453125001 0.7708053687499999 0.82545045 0.703691275 0.840696465625 0.628523490625 0.8670304921875001 0.5533557046875 0.8691094937500001 0.537248321875 0.8628724875 0.5117449671875 0.8585412328124999 0.5 0.7763835265625 0.5
1 0.871831996875 0.5 0.8704954953125 0.5453020140625 0.8365384609375 0.6526845640625 0.8268364515625001 0.71711409375 0.8240644484375 0.7842281874999999 0.83099445625 0.8687919468749999 0.8379244625 0.9050335578125001 0.8704954953125 0.9976510062500001 0.8718879140624999 1 0.9196119187499999 1 0.9120755375 0.97080536875 0.9072245328124999 0.9372483218750001 0.9051455296875 0.8607382546875 0.908610534375 0.8003355703124999 0.9169265421875 0.7520134234375 0.9321725578125001 0.6942953015625 0.953655578125 0.6312080531250001 0.9529625781250001 0.617785234375 0.9321725578125001 0.564093959375 0.9238565484375 0.5251677859375 0.9245920453124998 0.5 0.871831996875 0.5
1 0.934944559375 0.5667785234375 0.9550415796875 0.615100671875 0.9578135828125 0.6057046984375 0.9571205828124999 0.5694630875 0.953655578125 0.5278523484375001 0.949497575 0.503691275 0.9463790718750001 0.501677853125 0.9418745671875 0.510402684375 0.9321725578125001 0.5533557046875 0.934944559375 0.5667785234375