1 0.0604284703125 0.409375 0.0566346625 0.3822200171875 0.055939903125 0.354660759375 0.06271026406249999 0.312775571875 0.0717607609375 0.2744119859375 0.0745498171875 0.2484496390625 0.069700065625 0.2299234109375 0.0624546234375 0.22398823124999998 0.0541212890625 0.22457095625 0.047466248437500004 0.22963762656250003 0.040024240625 0.24074102812499998 0.036528984375000004 0.25110831562499997 0.0321312046875 0.283624984375 0.0319810984375 0.3149243640625 0.028057926562500002 0.35384967343749996 0.0245974578125 0.369736096875 0.015625 0.3936998921875 0.015625 0.409375 0.0604284703125 0.409375
1 0.132323409375 0.409375 0.13063600625 0.39581309375 0.113826046875 0.340912303125 0.11205907500000001 0.3021325390625 0.113022121875 0.24476150625 0.10714221875 0.2269333 0.0959102234375 0.2208519546875 0.08578805 0.2276790046875 0.0796875 0.2429529890625 0.0796875 0.27875974375 0.0839987453125 0.301262834375 0.08736055000000001 0.3390621078125 0.0860313625 0.3622284421875 0.0796875 0.3962493015625 0.0796875 0.409375 0.132323409375 0.409375
1 0.8499073390625 0.409375 0.8526636968750001 0.3601462453125 0.8326305765625002 0.3360149640625 0.830427153125 0.3360149640625 0.8104326078125 0.3463700828125 0.80896615 0.409375 0.8499073390625 0.409375
1 0.8112490765625001 0.409375 0.814726109375 0.25154639218749997 0.7973515921875001 0.2335051546875 0.776116071875 0.2618556703125 0.779977075 0.3597938140625 0.7664723359375001 0.409375 0.8112490765625001 0.409375
1 0.7643080359375001 0.409375 0.7876990828125 0.230927834375 0.77418556875 0.14072165 0.7568110515625001 0.169072165625 0.76067205625 0.2618556703125 0.745228040625 0.31340206249999997 0.75720921875 0.409375 0.7643080359375001 0.409375
1 0.495161009375 0.409375 0.47881877343749996 0.37010309218750004 0.47881877343749996 0.29793814375 0.46144425624999996 0.269587628125 0.43248672812500005 0.287628865625 0.44793074375 0.3597938140625 0.44624265156250004 0.409375 0.495161009375 0.409375
1 0.64870294375 0.409375 0.64870294375 0.32886597968750003 0.619745415625 0.305670103125 0.6180192234375 0.409375 0.64870294375 0.409375
1 0.64870294375 0.246391753125 0.6313284265625001 0.2128865984375 0.6255369203125 0.287628865625 0.640509075 0.319161665625 0.648463615625 0.33537830468749996 0.64870294375 0.246391753125
1 0.671592696875 0.409375 0.6649580593750001 0.3690049484375 0.648463615625 0.33537830468749996 0.6482646046875 0.409375 0.671592696875 0.409375
1 0.6368692015625 0.5685068015625 0.6330611171875 0.5499077328124999 0.6224128640625001 0.54144971875 0.6121929984375 0.5458454046875 0.6060356796875 0.5540981875 0.601255734375 0.56731609375 0.598420453125 0.5997235 0.5997518390625001 0.6318395453125 0.5954584140625 0.68091361875 0.5921875 0.6918014375 0.5921875 0.90625 0.602085725 0.90625 0.6109585453124999 0.8942506265624999 0.628851296875 0.82582036875 0.6328440375 0.7979333296875 0.6346490890625001 0.7536345671875 0.623780215625 0.6826142125000001 0.626140884375 0.6437981640625 0.6356888656249999 0.587914825 0.6368692015625 0.5685068015625
1 0.6917648359374999 0.646413078125 0.6981879078125 0.55185950625 0.6922756703124999 0.534957225 0.685145675 0.5305822265625 0.6756736734375 0.5336873875 0.6670349109375 0.5501730031250001 0.66554405625 0.5779689687499999 0.668126353125 0.6231938359375 0.6670916640625 0.6528234656249999 0.659375 0.6861607515625 0.659375 0.8506599578125 0.6626032000000001 0.853125 0.6841694593750001 0.853125 0.68888268125 0.8481194265625 0.6985417093749999 0.8098654578125 0.7031575640625001 0.7819603625 0.703567440625 0.725533446875 0.7000763 0.691437878125 0.6917648359374999 0.646413078125
1 0.751248565625 0.7073031859375 0.7497255625 0.6831199296875 0.7389963640625 0.628788425 0.7413778078125 0.5936851265625 0.739987715625 0.5861958312500001 0.7427858453125 0.577998978125 0.744603353125 0.5447202359375 0.7395548515625 0.526378075 0.7347320703125 0.5221485765625 0.7266447953125 0.5221485765625 0.7183425703124999 0.530365190625 0.7153504828124999 0.5468953796875 0.717591884375 0.585022115625 0.7171429140625 0.6267160781250001 0.7078125 0.6694496531249999 0.7078125 0.782087859375 0.7080553703125 0.7931097890625 0.713190078125 0.8077482453125 0.722457625 0.8109375 0.7307203609374999 0.8109375 0.7334594765625 0.8106646296874999 0.7385690265625 0.8039794953125 0.7505158265625 0.7387846687499999 0.751248565625 0.7073031859375