1 0.24675099843749998 0.365625 0.25438504375000004 0.3623543234375 0.261963653125 0.34236999687499997 0.2719755625 0.2953296125 0.2734375 0.2639412390625 0.2734375 0.2491422765625 0.26041596562499997 0.1740962359375 0.269566975 0.0783720046875 0.26295370625 0.060838146875 0.255335271875 0.05648964375 0.24570151875000001 0.06182699375 0.238316975 0.07764465312499999 0.23925752656250002 0.1749941625 0.22835788906249999 0.214176221875 0.22835788906249999 0.35817715781250004 0.228374890625 0.35827294374999996 0.23357891562500002 0.365625 0.24675099843749998 0.365625
1 0.31787557187500004 0.28517830625 0.3174206921875 0.327118375 0.3220785484375 0.3630244359375 0.336576209375 0.4176230828125 0.3426858453125 0.425 0.3625 0.425 0.3625 0.2378141625 0.3549206234375 0.2135001734375 0.35218128437499996 0.18301296875 0.3544458890625 0.13253451562500002 0.35222078749999997 0.09781229218750001 0.3436863625 0.08110051093750001 0.3349640046875 0.0780732359375 0.3294446625 0.0780732359375 0.3205158734375 0.08731769375000001 0.3165503 0.1051230828125 0.32905036875000004 0.2143668515625 0.31787557187500004 0.28517830625
2 0 0.6296875 0.51875 0.6296875 0.51875 0.535912165625 0.34254984374999997 0.5318359421875 0 0.540904421875 0 0.6296875
1 0.7378406796875 0.6296875 0.7315062593749999 0.6196460921875 0.7300481984375 0.53340769375 0.7231114890624999 0.52281828125 0.7098302390625 0.52250915625 0.7011419484375 0.53273489375 0.6965732453125 0.547760203125 0.6965732453125 0.5488058 0.698225978125 0.57855004375 0.7049387734375 0.6023429921875 0.7061828171875 0.62600865625 0.7052482234374999 0.6296875 0.7378406796875 0.6296875
1 0.7905391890625 0.5338828828125 0.7970067703125 0.56125055625 0.8098133546875002 0.5894603140625 0.81425710625 0.590625 0.8203125 0.590625 0.8203125 0.47388555468750004 0.8132547296875 0.45926839218750004 0.810030796875 0.3967000421875 0.8040804265624999 0.3854453828125 0.7959450421875001 0.3854453828125 0.7901336375 0.386569071875 0.7864152890625 0.395972778125 0.786613084375 0.4113189078125 0.7942179312500001 0.44417378750000003 0.7959980109375 0.47195156562499996 0.7907468421875 0.5003444984375001 0.7905391890625 0.5338828828125
1 0.891164128125 0.6296875 0.8868934312500001 0.6092013890625 0.8791859765625001 0.5911458328125 0.881998384375 0.510590278125 0.8711901703125001 0.48836805625 0.8706190078125001 0.45225694375 0.8666195203125 0.44375 0.8663497609374999 0.44375 0.8641508390624999 0.48975694374999995 0.855492446875 0.5008680562500001 0.8522947234375 0.51336805625 0.857351378125 0.5842013890625 0.8450044984374999 0.6296875 0.891164128125 0.6296875
1 1 0.6296875 1 0.467071759375 0.990625 0.4828125 0.98984375 0.5494791671875 0.978125 0.5800347218749999 0.96953125 0.6203125 0.969970703125 0.6296875 1 0.6296875
1 1 0.44493371249999997 0.990625 0.47170138906250003 0.99140625 0.4828125 0.992578125 0.4765625 1 0.47020961874999995 1 0.44493371249999997
1 0.92109375 0.45225694375 0.925 0.38836805625 0.915625 0.36753472187499997 0.915625 0.3342013890625 0.912890625 0.3279513890625 0.91171875 0.3689236109375 0.90234375 0.385590278125 0.903125 0.44947916718750003 0.89453125 0.47309027812500004 0.890625 0.5119791671875 0.89609375 0.5536458328125 0.903515625 0.5710069437499999 0.91328125 0.573090278125 0.92265625 0.555034721875 0.92890625 0.5314236109375 0.93046875 0.498090278125 0.92734375 0.47170138906250003 0.92109375 0.45225694375
1 0.94140625 0.2869791671875 0.93359375 0.30225694375 0.93359375 0.360590278125 0.925 0.385590278125 0.921875 0.4244791671875 0.9234375 0.4536458328125 0.9375 0.4661458328125 0.94765625 0.45225694375 0.95546875 0.41614583281249995 0.95546875 0.38975694375000003 0.9484375 0.36475694375 0.9515625 0.2994791671875 0.94453125 0.28420138906250003 0.944921875 0.26267361093749997 0.94140625 0.2869791671875
1 0.83515625 0.40225694375 0.834375 0.43003472187499997 0.84296875 0.47309027812500004 0.848828125 0.48072916718750003 0.8546875 0.48003472187499996 0.8625 0.46059027812500003 0.8640625 0.3967013890625 0.85703125 0.3689236109375 0.859375 0.31475694375 0.85078125 0.298090278125 0.849609375 0.27100694375 0.83984375 0.3189236109375 0.84296875 0.3661458328125 0.83515625 0.40225694375
1 0.8984375 0.33836805625 0.88984375 0.2994791671875 0.890625 0.2689236109375 0.878515625 0.266840278125 0.87734375 0.3036458328125 0.87109375 0.32864583281250004 0.8703125 0.3661458328125 0.877734375 0.39600694375 0.8890625 0.3967013890625 0.896875 0.3689236109375 0.8984375 0.33836805625
1 0.2390625 0.8567104203125 0.22919999062500002 0.78789241875 0.23692286562499998 0.70603889375 0.2337630265625 0.698318178125 0.2126692765625 0.697827215625 0.2089272421875 0.7026064984375 0.2078275375 0.7262176109375 0.20986280625 0.78327115625 0.1981838078125 0.829173384375 0.1981838078125 0.884375 0.2390625 0.884375 0.2390625 0.8567104203125
2 0 0.9774447953125 0.3343929984375 0.9413999796875 0.4421875 0.9485907375 0.4421875 0.8891168468749999 0 0.8891168468749999 0 0.9774447953125
1 0.6215561468749999 0.9235449250000001 0.6215561468749999 0.9609375 0.6609375 0.9609375 0.6609375 0.9312310171875 0.6544510421874999 0.8985341640625 0.65292501875 0.875325403125 0.654912125 0.8438560453124999 0.6592446453124999 0.8180028531250001 0.6598019546875 0.79484258125 0.65296144375 0.779389028125 0.6441935296875 0.7773310921875 0.6393335265625 0.78092569375 0.6326754937500001 0.7951381375000001 0.6320950109375 0.885963734375 0.6215561468749999 0.9235449250000001
1 0.6826039859375 0.9609375 0.6936384828125 0.9609375 0.7125 0.9601958749999999 0.7125 0.8829649734375 0.711168946875 0.8760024359375 0.710470059375 0.7997119734375 0.70767469375 0.7887831296875 0.702743253125 0.7813000796875 0.697300590625 0.779873584375 0.69100989375 0.779873584375 0.68458001875 0.7880103 0.681764890625 0.8012922328125001 0.6913179453125 0.8768080546875 0.6894521921875001 0.9049048031249999 0.683076946875 0.9361894296875001 0.6826039859375 0.9609375
1 0.7261656171875 0.8760344312499999 0.7249838921875 0.9001085046874999 0.7136753921875 0.9491016875 0.7136753921875 0.9640625 0.7449771984375 0.9640625 0.7578125 0.9632177015625001 0.7578125 0.9451850453125001 0.7468750546875 0.8973307281249999 0.746505053125 0.8714048015625 0.7509626109375 0.8214048015625 0.7505495171875 0.802886284375 0.7461951546875 0.790386284375 0.7399774750000001 0.784830728125 0.7295446484375001 0.7876085046875 0.7240247249999999 0.7964048015625 0.7224191296875 0.803812209375 0.722740646875 0.8380714687499999 0.7252693984375 0.8510344312499999 0.7261656171875 0.8760344312499999
2 1 1 1 0.962152778125 0.9861979171874999 0.962152778125 0.96328125 0.9667824078125001 0.7669270828125001 0.9640046296874999 0.74140625 0.9695601859374999 0.66953125 0.9667824078125001 0.6424479171875 0.9695601859374999 0.6216145828124999 0.96585648125 0.51875 0.96651193125 0.51875 1 0.9228804984375 1 0.92890625 0.9862268515625001 0.9341145828125 0.9825231484374999 0.9440104171874999 0.9834490734375001 0.9471354171874999 0.9797453703125001 0.9716145828125 0.984375 0.9786458328125001 0.9950231484375 0.9803255203125001 1 1 1