1 0.21651026406249999 0 0.2185796109375 0.02005689375 0.218765459375 0.0520013375 0.1966344296875 0.1412238828125 0.19392960625 0.2133005578125 0.2093713 0.31676969375 0.2172097140625 0.3234375 0.250949725 0.3234375 0.2531374609375 0.3215851609375 0.25922585468750003 0.29409848125 0.257911303125 0.202395428125 0.2625 0.1614179171875 0.2625 0.1106353859375 0.25002353906249997 0.0548457203125 0.24976496875 0.010401275 0.25066351875000004 0 0.21651026406249999 0
1 0.2769219984375 0 0.28473044999999997 0.079171703125 0.27266331875 0.1565618875 0.27153867656249997 0.2165344328125 0.27731091874999997 0.2899953515625 0.2885569 0.34638908281249997 0.29584626875 0.3546875 0.321875 0.3546875 0.321875 0.096297553125 0.3176723265625 0.07984675937499999 0.31482104375 0.03545238125 0.3171414859375 0 0.2769219984375 0
1 0.3390625 0 0.332363953125 0 0.3335863296875 0.1162891765625 0.3200873984375 0.166034203125 0.3200873984375 0.385421165625 0.3243979921875 0.3906129265625 0.32450032812499996 0.390625 0.3390625 0.390625 0.3390625 0
1 0.37105575625 0 0.3693871546875 0.00400246875 0.38619085625 0.125512659375 0.37103614375 0.1989216 0.3722893390625 0.265706940625 0.39256325937500003 0.346875 0.423093490625 0.346875 0.425 0.3392965375 0.425 0.17328456406249998 0.4121167828125 0.12385125156250001 0.41151040781250003 0 0.37105575625 0
1 0.44718746875 0 0.45250576875000004 0.1056289265625 0.4375 0.1683642796875 0.4375 0.2125 0.43846394375 0.2125 0.44959570468750004 0.188962259375 0.484190065625 0.1544036734375 0.47901370781249997 0.09016977968749999 0.4890625 0.0074151484375000005 0.4890625 0.0038068609375 0.48672995781249995 0 0.44718746875 0
1 0.49963088750000006 0 0.49963088750000006 0.011928403125 0.504754815625 0.0770743359375 0.49963088750000006 0.11552421093750001 0.49963088750000006 0.1390625 0.5352074296875 0.1390625 0.540797409375 0.1372803 0.5380881484375 0.0762984953125 0.54831378125 0 0.49963088750000006 0
1 0.591629421875 0 0.5891030234375 0.005014803125 0.5926847734375 0.11404976250000001 0.5864583609375 0.1354548859375 0.5864583609375 0.196157675 0.6059218640624999 0.2517044484375 0.60115846875 0.30711967812499996 0.5864583609375 0.34218178125 0.5864583609375 0.349022696875 0.593396490625 0.353125 0.6144805859375 0.353125 0.6154959015625 0.3528270484375 0.6289362468749999 0.309224553125 0.6359375 0.2360895421875 0.6359375 0.2171268140625 0.6195890890625 0.1328213046875 0.6339842015625 0.0000492703125 0.6339634640625 0 0.591629421875 0
1 0.6728684484375 0 0.6705683421874999 0.013286054687500002 0.6849932828125 0.12788697499999999 0.6668051890625 0.2015815828125 0.6664081859375 0.2514629109375 0.68574208125 0.3441976265625 0.6907876156249999 0.3453125 0.72216239375 0.3453125 0.7234375 0.3373594625 0.7234375 0.1741146328125 0.71091920625 0.129548384375 0.7146086593750001 0.0022452953125000003 0.7136692890624999 0 0.6728684484375 0
1 0.7570691609375 0 0.7630926125 0.0965653359375 0.7424389578125 0.1732138953125 0.7424389578125 0.3272926359375 0.7471239671875 0.352606940625 0.7610093921875001 0.35625 0.7864343015624999 0.35625 0.7885076703125 0.3559060234375 0.8039245656249999 0.317190903125 0.81875 0.21471873281249998 0.81875 0.20829950468749997 0.797145940625 0.12126480937499999 0.8063891078125 0 0.7570691609375 0
0 0.5403914796875 0.4078125 0.5646936921875 0.3946979046875 0.593656415625 0.3564548375 0.6089486109375001 0.31299266718749996 0.6109375 0.29191777343749997 0.6109375 0.25861300625 0.6026415453125 0.2204840515625 0.571221040625 0.16372137343749998 0.5497267046875 0.148148584375 0.5051366875000001 0.1475585640625 0.46649830156250005 0.17530762187499999 0.4413848609375 0.2110535578125 0.432412728125 0.251491046875 0.432412728125 0.3361537421875 0.43283645625 0.3386910109375 0.455725590625 0.380863175 0.48872285625 0.4078125 0.5403914796875 0.4078125
1 0.048537803125 0.6 0.0457661671875 0.71162524375 0.06026261875 0.7390625 0.07110608125 0.7390625 0.0812959578125 0.7327192453125 0.0850101265625 0.655135534375 0.09375 0.635871609375 0.09375 0.6142188578125001 0.090020934375 0.6 0.048537803125 0.6
1 0 0.6 0 0.6817018015625 0.0033625953124999997 0.7066956484375 0 0.7171802640625 0 0.9198638875 0.0082390234375 0.94598505625 0.04387325 0.9515625 0.0464236421875 0.9515625 0.065925471875 0.9283579984375001 0.0671875 0.923150425 0.0671875 0.7527823484375 0.0467244640625 0.6955586874999999 0.0487801296875 0.6 0 0.6
1 0.226092990625 0.6 0.22488100000000003 0.6347068765625 0.1891118921875 0.71833260625 0.1891118921875 0.8484917124999999 0.202029621875 0.8671875 0.2469743046875 0.8671875 0.26838185625 0.823146775 0.27865523125 0.7679793515625 0.278414940625 0.715104540625 0.2635913140625 0.6615504999999999 0.2723792546875 0.6 0.226092990625 0.6
1 0.681413065625 0.978125 0.6818918640625 0.9779034453125 0.68545689375 0.9641843625 0.6859375 0.96098973125 0.6859375 0.8967278140625 0.6796506171875001 0.8611640062499999 0.6809168390625 0.8103108546875 0.6774856328125 0.80228280625 0.6722665265625001 0.8001883718749999 0.6681106328124999 0.8018461562500001 0.66427171875 0.8132382937500001 0.6676660625 0.8596801390625 0.65856579375 0.9064657140625 0.6582065671875 0.934219234375 0.6652036499999999 0.97342348125 0.66871194375 0.978125 0.681413065625 0.978125
1 0.7265625 0.8896610609375 0.71982303125 0.8643834734375 0.7192756984375 0.8077684859375001 0.7149166296875 0.7982965875 0.7121525828124999 0.796875 0.7111356125 0.796875 0.7035014203125 0.799956796875 0.70104653125 0.8089366640625 0.70117258125 0.8228589296875001 0.70645719375 0.8578104796874999 0.698452240625 0.9214743484374999 0.69940100625 0.94184471875 0.703474771875 0.96201483125 0.7085470765624999 0.9811922624999999 0.7113193843750001 0.9828125 0.71338819375 0.9828125 0.7265625 0.9612887171875 0.7265625 0.8896610609375
1 0.7554583421875 0.9515625 0.7640625 0.9515625 0.7640625 0.8911344937500001 0.7595011921875 0.8665506875 0.7629390671875 0.8129197578125 0.758916159375 0.8011394890625001 0.7512006609374999 0.7979978390625 0.746416159375 0.8005572921875 0.7421380671875 0.8110235046875001 0.7430643515625001 0.874132015625 0.7342796406250001 0.9053946203125001 0.7342796406250001 0.9508108406249999 0.75162704375 0.9501165296874999 0.7554583421875 0.9515625
1 0.7992486000000001 1 0.8024151749999999 0.9911171765625 0.8078125 0.9659528625 0.8078125 0.9174807312500001 0.8003848421875001 0.8783239296875 0.8057457281249999 0.80790506875 0.801814590625 0.7973599625000001 0.793610634375 0.79477614375 0.789314590625 0.797650903125 0.7849555203125 0.8074640437499999 0.7847133921875 0.8685145421874999 0.7761573265624999 0.9004587609375001 0.7761573265624999 0.9660908046875001 0.7830746640624999 0.976306115625 0.793089346875 1 0.7992486000000001 1
1 0.8431250890624999 0.9984375 0.8490602234375 0.9767156406249999 0.8546875 0.9406175703125002 0.8546875 0.9277687265625 0.8528452281250001 0.9044934187500001 0.8465855515625 0.8742717921875001 0.8524409437500001 0.8124320890625001 0.84866895625 0.7995966250000001 0.841474340625 0.7971922421875 0.8360719046875001 0.8005012828125 0.832746328125 0.8090805140625001 0.83271715625 0.8695024968749999 0.8252890796875001 0.9008707546875 0.8252890796875001 0.99768741875 0.82542805625 0.9984375 0.8431250890624999 0.9984375
1 0.8960396359375 0.984375 0.8984375 0.9736031562499999 0.8984375 0.8990043374999999 0.8920994984374999 0.8693910234375 0.89138995625 0.8092725921875001 0.8893649765625 0.8022113281250001 0.8809238765625 0.7979736015625 0.8763172015624999 0.800450990625 0.87318773125 0.8090303406249999 0.8782614750000001 0.8583380484375001 0.8698204921875 0.9077038953125001 0.8695601343749999 0.9344889937499999 0.8792944359374999 0.9831711671875001 0.8802079546874999 0.984375 0.8960396359375 0.984375
1 0.9134684468749998 0.975 0.9167307421875 0.97078983125 0.9229200203125 0.9462600875 0.9234375 0.941481121875 0.9234375 0.8877797515625 0.9190239265625 0.8635646937499999 0.9224047656250001 0.8060661515625 0.919963559375 0.79875396875 0.9116085140625 0.79875396875 0.908327084375 0.8013007249999999 0.9061457453124999 0.81025650625 0.9068257546874999 0.8572508937500001 0.8998653843749999 0.8866683546875 0.8998653843749999 0.9682925125 0.90054718125 0.9731283359375 0.9094025484374999 0.975 0.9134684468749998 0.975