1 0.25925385156249997 0.11287604531249999 0.2543031140625 0.1153969984375 0.2549308375 0.1418496609375 0.253125 0.1493114578125 0.253125 0.2018310265625 0.2543148109375 0.20625 0.25818962968750003 0.20625 0.263160975 0.2050511625 0.2687994109375 0.17633090625 0.2627514203125 0.1410985 0.2636861953125 0.114773384375 0.26088178125 0.11287604531249999 0.25925385156249997 0.11287604531249999
1 0.238433275 0.1169155796875 0.23709133906250002 0.11490734375 0.2324038390625 0.1152077328125 0.231402025 0.11736616250000001 0.2327625125 0.13403282968750002 0.23125 0.14253589687499998 0.23125 0.1812482875 0.233617971875 0.1926164859375 0.23787052812499998 0.20141897343749998 0.2386420578125 0.2015625 0.24400137968750002 0.2015625 0.2441225890625 0.20136482187500002 0.2441225890625 0.14668945625000002 0.238785765625 0.13085453281249998 0.238433275 0.1169155796875
1 0.2890625 0.11796610468749999 0.287109375 0.11463045937500001 0.281640625 0.1136239828125 0.278125 0.11873092968750001 0.2796875 0.149177225 0.2734375 0.17461426875 0.2734375 0.1857253796875 0.27734375 0.2090633390625 0.28095424687500004 0.2140625 0.2874167609375 0.2140625 0.290625 0.20813462343750003 0.29375 0.18986054531250002 0.29375 0.17180499062500001 0.2875 0.148630921875 0.2890625 0.11796610468749999
1 0.315073346875 0.2171875 0.31882270625000003 0.2158270359375 0.320482084375 0.21026412031250002 0.320482084375 0.174114921875 0.319324728125 0.1672829171875 0.315746984375 0.1560080328125 0.3159709828125 0.13209998750000002 0.31460245468750003 0.12141523750000001 0.3107669890625 0.11889263593749999 0.30754678750000003 0.1177288921875 0.3046875 0.1209347765625 0.3046875 0.127874071875 0.3052449546875 0.1345227765625 0.30614561406249996 0.1499611546875 0.3046875 0.1612516453125 0.3046875 0.2085183265625 0.3076053078125 0.21448307187500001 0.311987071875 0.2167915953125 0.3129715734375 0.2171875 0.315073346875 0.2171875
1 0.3245715796875 0.2140617015625 0.3277312453125 0.20934389375 0.333217153125 0.1914930546875 0.3349183203125 0.17204861093749999 0.330074290625 0.14668011875 0.33399769375 0.12874739375 0.334969790625 0.1176362828125 0.33256725781249996 0.1140625 0.3269106640625 0.1140625 0.324166071875 0.1197024453125 0.324084471875 0.12543735 0.323702775 0.147741459375 0.3218972515625 0.15043735 0.321875 0.1505077171875 0.321875 0.2140625 0.32456200156250004 0.2140625 0.3245715796875 0.2140617015625
1 0.3551123 0.2078125 0.3576417609375 0.2023673671875 0.36177426874999996 0.183218921875 0.36123543593749996 0.16232638906250002 0.356009103125 0.1410786578125 0.3578301828125 0.118974834375 0.3552347796875 0.1140625 0.3491008625 0.1140625 0.3477062546875 0.1154274625 0.346876521875 0.11953492968749999 0.34832589375 0.1293755515625 0.3481804421875 0.1418755515625 0.346875 0.14744795156249998 0.346875 0.2071319296875 0.351112946875 0.2078125 0.3551123 0.2078125
1 0.38008671875 0.14985224531250002 0.37531033593749996 0.134246684375 0.3767839515625 0.1190781671875 0.3748106265625 0.1154693703125 0.3693418765625 0.1150869578125 0.368182121875 0.11708834531250001 0.3682225234375 0.12403279062499999 0.3698335046875 0.1324753828125 0.368287165625 0.1351439015625 0.365625 0.1481694203125 0.365625 0.18789290625 0.368564559375 0.2 0.37579259375 0.2 0.3772445296875 0.1982448328125 0.3788978046875 0.1936904953125 0.38106189687500003 0.1832402078125 0.3814522609375 0.180372959375 0.3814522609375 0.15814426875 0.38008671875 0.14985224531250002
1 0.3235957484375 0.15784749375 0.3245469609375 0.1521543171875 0.3265625 0.1481448046875 0.3265625 0.1338855015625 0.3255327578125 0.13102431875 0.3256539734375 0.12407987499999999 0.32518402968750004 0.11972366875 0.3261779359375 0.1164341640625 0.3238341859375 0.11647507500000001 0.3210634453125 0.1186061359375 0.3217477234375 0.12414805625 0.3215928328125 0.1302564765625 0.3202893140625 0.139866321875 0.3171875 0.151356659375 0.3171875 0.1744077421875 0.3173472234375 0.1749038671875 0.3190481734375 0.1859375 0.319627696875 0.1859375 0.3208507265625 0.17553694687500002 0.32092345624999996 0.17137027968750002 0.321686196875 0.1655757296875 0.3222273046875 0.1630433703125 0.3235957484375 0.15784749375
1 0.11105430000000001 0.114933878125 0.1074901859375 0.11311694375 0.10089805 0.115703475 0.1023581625 0.1448109390625 0.1 0.1575919828125 0.1 0.1908009296875 0.1043143671875 0.20625 0.1126185296875 0.20625 0.115402309375 0.2008673921875 0.1176794390625 0.1840973265625 0.1176794390625 0.1644957796875 0.1109195859375 0.14277085625 0.11166060625 0.12798014375 0.11105430000000001 0.114933878125
1 0.13252550624999998 0.1129486640625 0.12783800625 0.11281227187500001 0.125858475 0.114134478125 0.1256623703125 0.11622766250000001 0.12468332499999998 0.131505440625 0.1234375 0.135882215625 0.1234375 0.1984375 0.1268910546875 0.1984375 0.129964140625 0.195667115625 0.1297381890625 0.193962403125 0.13440488281250002 0.1728548640625 0.1353869875 0.1575293609375 0.134446071875 0.14635449843749998 0.1319815875 0.1275433625 0.13429721562500002 0.11543167031249998 0.13252550624999998 0.1129486640625
1 0.538960775 0.1191400953125 0.5377080828125 0.115688328125 0.53455075625 0.1143539875 0.5298955828125 0.11582469687500001 0.5280556015625 0.12071989999999999 0.53003835 0.1387481828125 0.5265625 0.152287925 0.5265625 0.1977651890625 0.52995464375 0.2078125 0.533753728125 0.2078125 0.5374978984375 0.20739590625 0.5423012453125 0.1955017109375 0.54236325625 0.1951931 0.54236325625 0.165103621875 0.53801248125 0.14555625781249998 0.538960775 0.1191400953125
1 0.5121872859375001 0.1380465703125 0.510852225 0.1172132359375 0.5063328406250001 0.1134656578125 0.50234748125 0.1180514125 0.5039297656249999 0.130601478125 0.5 0.1514000421875 0.5 0.166407709375 0.5005278953125 0.1746454046875 0.504117703125 0.1942400421875 0.5069280093749999 0.2 0.51447233125 0.2 0.515317215625 0.198777590625 0.515317215625 0.14662230781250002 0.51497605625 0.145141209375 0.5121872859375001 0.1380465703125
1 0.5723844125 0.215625 0.5723844125 0.1622533265625 0.56870564375 0.1506970578125 0.567594878125 0.12001395625 0.5653379734375 0.11670116875 0.559375 0.117187921875 0.559375 0.13800476718750002 0.5609453203125 0.14293767968749999 0.56167439375 0.15127101406250001 0.5604764296875 0.155565228125 0.559375 0.176531540625 0.559375 0.185953021875 0.5623856 0.2043676546875 0.566263975 0.215625 0.5723844125 0.215625
1 0.5890625 0.119060365625 0.5880135296875 0.1180436109375 0.5842777890625 0.1226892640625 0.5826880140624999 0.137042034375 0.582731453125 0.153158896875 0.5832153546875001 0.1623411203125 0.58125 0.17163160156249999 0.58125 0.23434783124999997 0.581330553125 0.234375 0.5877990640624999 0.234375 0.5890625 0.23302861406250003 0.5890625 0.119060365625
1 0.5846837296875 0.1498024375 0.583971609375 0.1392417125 0.58340568125 0.125352825 0.585523059375 0.1196470734375 0.5794656093749999 0.11516144843750001 0.576340609375 0.11536170781249999 0.5737477171875 0.11900915625 0.5758761453125001 0.132797915625 0.575434453125 0.1411813140625 0.571875 0.1605233484375 0.571875 0.1690790375 0.573767359375 0.191079796875 0.574547796875 0.20250352343750003 0.5751424265625 0.2046875 0.5819278703124999 0.2046875 0.5824424078125 0.1952812875 0.5828822437500001 0.17902196718750002 0.585464165625 0.16122615625 0.5846837296875 0.1498024375
1 0.5583534296875 0.139028203125 0.5578372671875 0.1358961359375 0.5568910140625001 0.11784057968749999 0.5548287078125 0.1157458828125 0.5509224578125 0.1157231578125 0.548442840625 0.12056836093750001 0.550369284375 0.1275218953125 0.5499519765625001 0.1344617953125 0.546875 0.1452335265625 0.546875 0.17819340781249998 0.5483215968749999 0.1927678578125 0.553711853125 0.2015625 0.5578606296874999 0.2015625 0.5583534296875 0.199837315625 0.5583534296875 0.1941956171875 0.5571142906250001 0.1817112875 0.5583534296875 0.168586459375 0.5583534296875 0.139028203125
1 0.644089675 0 0.6196638828125 0.1274416484375 0.6142239140625 0.166831309375 0.6125 0.18986768437499998 0.6125 0.318027353125 0.6223814796875 0.37685584375 0.6320767015625 0.409375 0.7941969734375001 0.409375 0.8011242765625 0.37477190781249997 0.8072305249999999 0.3104247625 0.807038290625 0.25390076562499997 0.8025985875 0.210925534375 0.7935414125 0.1555306296875 0.75987209375 0.031428328125 0.75379121875 0 0.644089675 0
1 0.7547754421875 0 0.7567057296875 0.0101598828125 0.7655598953125 0.0456518515625 0.788855865625 0.11875 0.790231375 0.11875 0.7947265625 0.10564935625 0.8020182296874999 0.047732065625 0.8024580984374999 0 0.7547754421875 0
1 0.90738526875 0 0.9082514156249999 0.0212567828125 0.9151575359375 0.06319640625 0.9232866 0.096884584375 0.9290383125 0.10411563593749999 0.939553240625 0.1078125 0.940690071875 0.1078125 0.9530343734375 0.1062971640625 0.9582956171875001 0.101491175 0.9700707312500001 0.0539478140625 0.9700707312500001 0 0.90738526875 0
1 0.41568982187500003 0.409375 0.4218363296875 0.5256955890625 0.3921875 0.648122353125 0.3921875 0.7416181421875001 0.3954409109375 0.7635072546874999 0.4113152203125 0.8294093765625 0.422241675 0.8375 0.43491807812500005 0.8375 0.4600437515625 0.837078840625 0.4804838453125 0.7630656703125 0.4883166 0.70648231875 0.48370302656249997 0.6396535078125 0.4592504578125 0.5435168328125 0.468784040625 0.4095447421875 0.4687440140625 0.409375 0.41568982187500003 0.409375
1 0.5432937890625 0.409375 0.53634054375 0.424793321875 0.55358489375 0.55907915 0.5359375 0.646046540625 0.5359375 0.6925046453125 0.5391877515625 0.7213580359374999 0.5551065828125 0.777832675 0.56943135625 0.815625 0.5890625 0.815625 0.5890625 0.5496910671874999 0.585979425 0.5403111859375 0.5855423671875 0.4272043359375 0.5805875046875 0.41268449843750005 0.5767767125 0.409375 0.5432937890625 0.409375
1 0.3095331234375 0.409375 0.305069353125 0.41732116250000006 0.2984472421875 0.55042453125 0.2875 0.576917278125 0.2875 0.8115253671874999 0.2990968078125 0.8125 0.307095453125 0.8125 0.31492153125 0.8070678765625001 0.3480337859375 0.7013014906249999 0.3502562578125 0.632839278125 0.33441575 0.5411886921875 0.353496515625 0.4235660796875 0.3494760171875 0.409375 0.3095331234375 0.409375
1 0.22330238750000003 0.409375 0.21484951093750002 0.42739077343750004 0.21983285624999999 0.5367204593749999 0.2 0.6075743 0.2 0.7338428 0.2095204515625 0.777849559375 0.2194345765625 0.7859873875 0.23225274687500003 0.7875 0.24331960625 0.7875 0.2519989828125 0.7829150375 0.2743868265625 0.6867392875 0.27136676249999997 0.6237245015624999 0.25099698125000003 0.546468515625 0.2597851046875 0.436335725 0.2562283234375 0.4194464 0.24631656249999997 0.409375 0.22330238750000003 0.409375
1 0.196965271875 0.6720581359375 0.196965271875 0.6135335453125 0.1783380625 0.5423361171875001 0.18522622500000002 0.43769451718749997 0.17699925156250002 0.4195986859375 0.1683778703125 0.413564334375 0.167650696875 0.413564334375 0.1544885171875 0.416180315625 0.14520475625 0.4312074078125 0.149598796875 0.5421707390625 0.1324208171875 0.596297575 0.128125 0.6256651140624999 0.128125 0.6907751109375 0.1408117390625 0.7499585578125 0.1439957765625 0.7603246796875001 0.1533868765625 0.7637477703125001 0.1560652515625 0.7640625 0.175462334375 0.7640625 0.18085467500000002 0.760135703125 0.1967289859375 0.6966963671874999 0.196965271875 0.6720581359375
1 0.3804078234375 0.7124458703125001 0.386663815625 0.6404028765625001 0.36689524218749997 0.555902946875 0.3751097421875 0.44324772812499996 0.3672906890625 0.425861875 0.3573550984375 0.42234638750000003 0.35 0.51034681875 0.35 0.549540878125 0.3519596515625 0.5524747359375001 0.3504198078125 0.569101721875 0.37018838125000003 0.65360165 0.3692544390625 0.7071071859375 0.35716139999999996 0.76875 0.359855084375 0.76875 0.36572388125 0.7661914140625 0.3804078234375 0.7124458703125001
1 0.5303457171875 0.5573148609375 0.5109375 0.6353656203125 0.5109375 0.6563658953125 0.5147637953124999 0.7078125 0.5155082703125 0.7078125 0.5186569953125 0.6469176593749999 0.5385472375 0.564050015625 0.5385472375 0.48365942500000003 0.5318220453125 0.43244459687500003 0.5228120640625 0.44883765000000003 0.5303457171875 0.5573148609375
1 1 0.5966649515625 0.99208984375 0.565343084375 0.99365234375 0.5221782687500001 0.99091796875 0.5175083640625 0.97412109375 0.5221551375 0.97490234375 0.5679338406250001 0.9640625 0.6204822 0.9640625 0.6638307250000001 0.96474609375 0.67836625625 0.97255859375 0.71809773125 0.97335505 0.71875 0.99162921875 0.71875 0.99521484375 0.7151245625 1 0.6879603578125 1 0.5966649515625