1 0.3377329890625 0.1673953734375 0.3297857015625 0.142734553125 0.3259646171875 0.051086067187499994 0.3228841609375 0.041350209375 0.313891709375 0.03088581875 0.305297959375 0.0308358203125 0.3 0.040606334375000004 0.3 0.0671763046875 0.3082709765625 0.13705627812500001 0.3019035 0.1869971890625 0.300944075 0.225863353125 0.30842861093749996 0.27310829999999997 0.320855678125 0.31344062031250003 0.3234615703125 0.315625 0.3377329890625 0.315625 0.3377329890625 0.1673953734375
1 0.05599863125 0.3570966875 0.0484841828125 0.3896419078125 0.05023615625 0.4062585125 0.06791118125 0.453918390625 0.0825874875 0.4734375 0.0948762515625 0.4734375 0.0948762515625 0.311059615625 0.0929302125 0.304543384375 0.079917165625 0.2830721328125 0.0578505296875 0.22732924375 0.04952281875 0.16512963125 0.0410077984375 0.1266412609375 0.0319552921875 0.11258360781250001 0.0155490421875 0.11363496875000001 0.0078125 0.12953048125 0.0078125 0.1490987921875 0.0084124578125 0.1593996671875 0.0228815890625 0.2058709171875 0.027111412499999998 0.21117614843750002 0.03516875625 0.25527014062500003 0.0398052125 0.307947790625 0.051013078125 0.3253525015625 0.055809157812499996 0.34037995625 0.05599863125 0.3570966875
2 1 0.2002410984375 0.5 0.32269733125 0.5 0.75 0.5117029953125 0.75 0.5117029953125 0.70956176875 1 0.5328514015625 1 0.2002410984375
1 0.224839675 1 0.2131885171875 0.9700649203125 0.2027298875 0.8578152453125 0.1918722 0.8396910562500001 0.17842916250000002 0.8377643765625 0.16875 0.8491636578125 0.16875 0.8789748875000001 0.18592566093750001 0.9732060765625 0.1833946015625 0.9970675109375 0.1837649453125 1 0.224839675 1
1 0.326171875 0.9760416671875 0.3453125 0.9836805562500001 0.358203125 0.9802083328125001 0.35859375 0.97118055625 0.3453125 0.9267361109374999 0.34453125 0.8267361109375001 0.339453125 0.812152778125 0.326171875 0.8052083328125 0.316796875 0.812152778125 0.3125 0.8267361109375001 0.31953125 0.9114583328125001 0.3171875 0.9628472218749999 0.326171875 0.9760416671875
1 0.8764826046875 1 0.8764826046875 0.9526516046874999 0.868019628125 0.9271451265625 0.8676616375 0.8785965828125001 0.8605359296875001 0.8667297078124999 0.8538914078125 0.8666910515625 0.8483699156250001 0.8759947859375 0.8547305937499999 0.9270678140624999 0.846875 0.9732272703125 0.846875 0.9756317359375 0.8503453953125 1 0.8764826046875 1
1 0.8330465609375001 1 0.8330465609375001 0.9625604734375 0.8264585546875001 0.9453096656250001 0.8258313656249999 0.8916008 0.8207918 0.8837988937500001 0.8124861515624999 0.8843311437500001 0.8083895046875 0.892718525 0.81334729375 0.934900071875 0.8078125 0.9668040187500001 0.8078125 1 0.8330465609375001 1
1 0.79736295625 1 0.79736295625 0.9789461390625 0.789057309375 0.94905821875 0.791549003125 0.9067169984374999 0.7861503328125 0.8948863640625 0.777844684375 0.8961316937499999 0.775768271875 0.9017356781249999 0.7765988375 0.9503035484375 0.7682931890625 0.9826821296875 0.7688431921875 1 0.79736295625 1
1 0.768112540625 1 0.7682931890625 0.9988714203125 0.7674626250000001 0.9739648187500001 0.761648671875 0.95528486875 0.7633098 0.9116983187500001 0.7579111296875001 0.9036036734374999 0.7491901999999999 0.9116983187500001 0.750851328125 0.95528486875 0.74254568125 0.9851727890624999 0.7439583828125 1 0.768112540625 1
1 0.972525609375 1 0.970950996875 0.97521015 0.9651370437499999 0.9565301999999999 0.9659676078124999 0.9129436484375001 0.9622300671874999 0.904849003125 0.9564161125 0.904849003125 0.95184800625 0.9129436484375001 0.9535091359375001 0.95528486875 0.9476951828125 0.9739648187500001 0.9476951828125 1 0.972525609375 1
1 0.9463636046874999 1 0.9468646171875001 0.97521015 0.939389534375 0.94905821875 0.9410506640625 0.9017356781249999 0.9323297343749999 0.8948863640625 0.9269310624999999 0.89924501875 0.9252699328125 0.9079623281250001 0.9269310624999999 0.94905821875 0.9194559796874999 0.977700809375 0.9186254156250001 0.9988714203125 0.9188590125000001 1 0.9463636046874999 1
1 0.9134000875 1 0.9136420265625 0.9988714203125 0.9136420265625 0.977700809375 0.9036752484375 0.9353595890624999 0.9053363781249999 0.889282378125 0.8982765781250001 0.8811877328125 0.8887250828125 0.8905277078125 0.8887250828125 0.9465675593749999 0.8795888703125 0.983927459375 0.8805209984375001 1 0.9134000875 1
1 0.8371510734375001 1 0.8355689375 0.9727194890625 0.8297549828124999 0.94905821875 0.8314161125 0.9129436484375001 0.827678571875 0.904849003125 0.8222799000000001 0.915434309375 0.8222799000000001 0.94283156875 0.8297549828124999 0.9677381687500001 0.8314161125 0.9913994390624999 0.8300208484375 1 0.8371510734375001 1
1 0.5581278546874999 1 0.557329734375 0.9664928390625 0.5523463453125 0.94905821875 0.554007475 0.9104529890625 0.54943936875 0.8961316937499999 0.5411337203125 0.8961316937499999 0.5373961796875 0.9017356781249999 0.539057309375 0.9453222296874999 0.5307516609375 0.9789461390625 0.5300126234375 1 0.5581278546874999 1
1 0.5300495749999999 1 0.5307516609375 0.9789461390625 0.53822674375 0.95528486875 0.5373961796875 0.9079623281250001 0.5336586375 0.904849003125 0.525768271875 0.9141889781250001 0.5282599671875 0.94905821875 0.5191237546874999 0.983927459375 0.5191237546874999 1 0.5300495749999999 1