1 0.21935953437500003 0.5375 0.23250189531249998 0.5375 0.234375 0.5322581875 0.234375 0.41534955937499995 0.230125703125 0.397909503125 0.22988357656249997 0.33664671875 0.22331179687499997 0.3244955703125 0.215760046875 0.323160109375 0.21536734218750003 0.323160109375 0.209269196875 0.33134830625 0.208094828125 0.3397726421875 0.2133263359375 0.40724389531250005 0.20541428437499998 0.45041285468750003 0.2058820171875 0.4828809328125 0.21610955625 0.5342777578125 0.21935953437500003 0.5375
1 0.2657884828125 0.5453125 0.2691406265625 0.5373723765625 0.275 0.50816894375 0.275 0.45251543906249997 0.26653645937500003 0.4112491171875 0.26861979375 0.34196253906249996 0.26263020937500003 0.330860528125 0.2558593765625 0.3284956125 0.2488281265625 0.3358331875 0.2472656265625 0.344974046875 0.24986979374999999 0.4090602703125 0.23893229374999997 0.45452777031249997 0.23789062656249998 0.4905599484375 0.24778645937500002 0.5431616609375001 0.24956830000000002 0.5453125 0.2657884828125 0.5453125
1 0.29029685 0.4995312125 0.30213598125 0.546875 0.3125 0.546875 0.3125 0.4189240625 0.30908399062499997 0.40531816249999997 0.3095543609375 0.3676102921875 0.3066997765625 0.341599334375 0.3022431765625 0.3334101 0.29488676406250003 0.33188895937499996 0.2918912578125 0.333485721875 0.288208765625 0.3437724890625 0.2898921875 0.3678465640625 0.2961279046875 0.4051812078125 0.2883601515625 0.4570236484375 0.29029685 0.4995312125
1 0.3234375 0.338043228125 0.3187711984375 0.3276253046875 0.31190336093750004 0.3243344640625 0.3051469515625 0.3316720390625 0.3088862984375 0.3495014296875 0.30887234375 0.408602825 0.323211896875 0.47710314374999996 0.3218364234375 0.5120909953125 0.3184134390625 0.5330715609375 0.31949730781249996 0.5390625 0.3234375 0.5390625 0.3234375 0.338043228125
1 0.32789799999999997 0.5484375 0.329318128125 0.516417140625 0.334598346875 0.49640196875000003 0.345360784375 0.47633823125 0.3515625 0.4695763828125 0.3515625 0.45482840468749997 0.345221725 0.41832972812499997 0.34836484218749997 0.3461864375 0.3458100890625 0.335321225 0.33969479687500004 0.330218 0.33229536249999997 0.3333691734375 0.3275045671875 0.345533709375 0.32754033125 0.41606194375000005 0.31989639531249997 0.4460417953125 0.31989639531249997 0.5394445390625 0.3216043375 0.5483114875 0.321707075 0.5484375 0.32789799999999997 0.5484375
1 0.371875 0.4640625 0.371875 0.4192080890625 0.369029640625 0.40985305624999996 0.36678144375 0.3423332140625 0.3610918265625 0.33058635625 0.3536221515625 0.327553946875 0.348018253125 0.33336330468750003 0.347912771875 0.339826596875 0.3503653125 0.3537700515625 0.3534771671875 0.4185484875 0.36500145625 0.4605243484375 0.36793384218749997 0.4640625 0.371875 0.4640625
1 0.40662639843750004 0.5125 0.4083253078125 0.5125 0.4109375 0.49770895 0.4109375 0.4467877484375 0.40464622656250004 0.4253482359375 0.40272117500000004 0.40846899375 0.407739971875 0.3494223109375 0.4043807859375 0.33567752031250003 0.3972777625 0.3304526765625 0.3919185140625 0.3337312296875 0.38754065781249997 0.3449864375 0.3882132984375 0.405426715625 0.38010676875 0.4403996140625 0.38010676875 0.46500950625000004 0.3958155015625 0.48176124062500003 0.40662639843750004 0.5125
1 0.41766977499999997 0.5280708656249999 0.41879068750000004 0.5375 0.42521146249999997 0.5375 0.427614096875 0.5315406281249999 0.4296875 0.518378528125 0.4296875 0.442228090625 0.4279519234375 0.431686309375 0.4206962265625 0.40343506875 0.4216805375 0.34061778593750003 0.41649827031250003 0.32684586718749997 0.40813261250000005 0.32441129218750003 0.40384290624999997 0.331972090625 0.40825200468749995 0.3461523421875 0.40723537031249996 0.407117771875 0.41069977343749997 0.4267807390625 0.41725685312499994 0.44481037343749996 0.4202291015625 0.49588198125 0.41766977499999997 0.5280708656249999
1 0.4643537484375 0.54375 0.467301725 0.537523728125 0.471875 0.513430009375 0.471875 0.4550458640625 0.461350003125 0.40929027968750004 0.4625192578125 0.3418343875 0.4575040046875 0.329827428125 0.45072239999999997 0.327383203125 0.4442523859375 0.3337580609375 0.442222921875 0.342835053125 0.4457411609375 0.41070104687500003 0.43508378125 0.4578922875 0.4347299390625 0.486550425 0.44493821093749997 0.5411199015625 0.446362834375 0.54375 0.4643537484375 0.54375
0 0.37829304375 0.6015625 0.39275629375 0.591483515625 0.404282271875 0.570960853125 0.409375 0.5476699453125 0.409375 0.5080612609374999 0.40585124375000003 0.4940635390625 0.393456615625 0.47191783593750003 0.37712950625 0.4630995515625 0.360349653125 0.4653923765625 0.35171449374999997 0.47255731093750003 0.337991996875 0.4957971296875 0.33387440156250003 0.5137387984374999 0.33387440156250003 0.5616044734375001 0.3377968796875 0.5773695390625 0.3472928796875 0.5938687640625 0.35778499375 0.6015625 0.37829304375 0.6015625
1 0.8024415906249999 0 0.80071759375 0.0074429265625000005 0.8031285796875001 0.05912781406249999 0.8001920531250001 0.1062316359375 0.793955465625 0.1322061265625 0.7943325906250001 0.1461542171875 0.7884597140625 0.159628709375 0.7860254796875 0.17103113125 0.7860254796875 0.211783425 0.80576156875 0.2242735421875 0.8176957937499999 0.24466517968749998 0.83420234375 0.3 0.83850850625 0.3 0.8437396359375 0.2779575671875 0.846875 0.2207129375 0.846875 0.21461374375000003 0.8441439390625 0.18333552343749998 0.832438778125 0.1281624640625 0.8416236250000001 0 0.8024415906249999 0
1 0.9550666765625 0 0.9617260968749999 0.1039188078125 0.9518270015624999 0.15623279375000002 0.9532312796875001 0.16598229375 0.97367235625 0.19302595 0.983373728125 0.23493815156250003 0.9815613265625001 0.26159469999999996 0.9817815828124999 0.27091285625 0.9848571515625 0.2945785296875 0.9794366609375 0.3169698171875 0.9801344046875 0.3171875 0.9859375 0.3171875 0.9859375 0 0.9550666765625 0
1 0.9321327078125 0 0.929857740625 0.0558317046875 0.9166144953125 0.09856741718749999 0.9166144953125 0.15625 0.92808951875 0.15625 0.9450644890625 0.1058458203125 0.9486403078125001 0 0.9321327078125 0
0 0.7417430312500001 0.4703125 0.801421778125 0.4703125 0.8236614734375 0.44242159843750006 0.8415387187500001 0.3937327265625 0.8421875 0.38718974375 0.8421875 0.2993208796875 0.826638646875 0.255358640625 0.8086120250000001 0.2284350140625 0.776217128125 0.20536183593750001 0.7559288703125 0.2053303390625 0.7373485734375 0.21374143124999997 0.7128334375 0.2397710390625 0.70048828125 0.270119640625 0.695480153125 0.296126115625 0.6944510015625001 0.3265724109375 0.6991330328125 0.37129000625 0.7334728500000001 0.4610844796875 0.7417430312500001 0.4703125
2 0 0.9125 0.30625 0.9125 0.30625 0.8756483156250001 0.297265625 0.866094065625 0 0.8357490593750001 0 0.9125
1 0.899646875 0.6796875 0.9010501921875 0.7432212625 0.8933106453124999 0.7900939234375001 0.8746236203125001 0.8710279625 0.8693522124999999 0.9372540640625001 0.871206615625 0.9770688796875 0.8741858812500001 1 0.959375 1 0.959375 0.7992744765625 0.9550741828125 0.78185441875 0.950914165625 0.7598142078125 0.9493151906249999 0.73669639375 0.9484991296875 0.70796235625 0.9497779218750001 0.6796875 0.899646875 0.6796875
1 1 0.744665740625 0.9999348953125 0.7450851937499999 0.9759765625 0.821047515625 0.9712890625 0.8595812078125 0.9723307296874999 0.91243791875 0.9817057296874999 0.9816668312499999 0.9840494796874999 0.98786295 0.9882729890625 0.9921875 1 0.9921875 1 0.744665740625
1 0.4951546875 0.6796875 0.4969147125 0.688413634375 0.512261 0.842691134375 0.51279065625 0.9141847640625 0.5050052875000001 1 0.6512590671874999 1 0.646429171875 0.9855571359375 0.6294123812500001 0.9425091453124999 0.6103571999999999 0.8798193781249999 0.6022934 0.8161065546874999 0.6017906875 0.743687 0.6041342109375 0.6796875 0.4951546875 0.6796875