1 0.43955715624999997 0.21127333906249998 0.4359369421875 0.2003156203125 0.4313779015625 0.1987494296875 0.423725321875 0.1987494296875 0.41810313125 0.20418813593750001 0.4153883359375 0.2123757875 0.4116481828125 0.2893733203125 0.4109375 0.2919143140625 0.4109375 0.46875 0.41223825 0.46875 0.41974164375 0.46586654843749997 0.4199629 0.4491270421875 0.426504321875 0.4318986515625 0.4348996609375 0.3971140890625 0.438888153125 0.358298040625 0.43803804687500003 0.33496779062500004 0.4318203578125 0.2926455609375 0.43955715624999997 0.21127333906249998
1 0.40067318125 0.2157175390625 0.3936157 0.202215859375 0.3836821375 0.20117478437499997 0.378125 0.2078694546875 0.378125 0.24728624687499998 0.382118296875 0.29694448281249997 0.378125 0.31944894687500003 0.378125 0.3260370171875 0.38672309843749997 0.3296875 0.4081495140625 0.3296875 0.4081495140625 0.3230619625 0.4013514015625 0.29624279531250003 0.40067318125 0.2157175390625
1 0.3452157125 0.3590142984375 0.35787192968750003 0.332671784375 0.35026951875 0.2962423359375 0.3538416296875 0.21951781874999998 0.35000271562499996 0.2077845765625 0.34118086875000003 0.2018682421875 0.33386226875 0.20620075937500001 0.32883624375 0.21942507187500002 0.3312033875 0.2602719234375 0.330960975 0.301938590625 0.3235023171875 0.33034518125 0.321875 0.3399304234375 0.321875 0.42308271875000003 0.32543850937499996 0.445266109375 0.33132843749999996 0.4626397953125 0.33653982031249996 0.4640625 0.348055196875 0.4640625 0.35143169687500003 0.4546605578125 0.3509808921875 0.4426023 0.3459126171875 0.4183160015625 0.3452157125 0.3590142984375
0 0.4255187703125 0.378988746875 0.42516530937499997 0.3747382921875 0.417912953125 0.3460709484375 0.40933885937500003 0.33176606406250003 0.40455435624999997 0.3290155546875 0.392151359375 0.3318660578125 0.3726541875 0.3254966890625 0.3635055265625 0.3320327140625 0.3555602 0.34319230625 0.3515625 0.3548005265625 0.3515625 0.41702162343750004 0.3599432078125 0.46124634843749995 0.3640272953125 0.4663162140625 0.37522981875 0.46875 0.40380034531250003 0.46875 0.41344179375 0.4641765015625 0.4246270328125 0.4488305453125 0.4255187703125 0.44345144843749995 0.4255187703125 0.378988746875
1 1 0 0.975980446875 0 0.9789839640625001 0.0375798859375 0.975 0.0701451578125 0.975 0.105460040625 1 0.1337402875 1 0
1 0.9189275718750001 0 0.9224592359375 0.028782290625 0.9190860328125 0.0890625 0.9625595265625 0.0890625 0.9625595265625 0.084082975 0.95579256875 0.0285883640625 0.9583659156250001 0 0.9189275718750001 0
1 0.831134259375 0 0.8356481484374999 0.08125 0.8134259265624999 0.17013888906250002 0.8171296296874999 0.25625 0.828240740625 0.30069444375 0.8430555562500001 0.30625 0.859722221875 0.2979166671875 0.8449074078125001 0.25625 0.8430555562500001 0.20069444375 0.8763888890625001 0.1201388890625 0.8634259265625 0.0645833328125 0.8689458703125 0 0.831134259375 0
1 0.7514694046875 0 0.75601851875 0.078472221875 0.7375 0.15069444375000002 0.7356481484375 0.21180555625 0.7523148140625 0.30069444375 0.7875 0.2951388890625 0.8041666671875 0.20347222187499997 0.8023148140625 0.153472221875 0.7819444437499999 0.078472221875 0.789600271875 0 0.7514694046875 0
1 0.655067790625 0 0.6578703703125 0.078472221875 0.6319444437499999 0.17013888906250002 0.64305555625 0.27569444375 0.6569444437499999 0.31319444375 0.6745370375 0.3145833328125 0.6986111109375 0.30625 0.7189814812499999 0.21458333281250003 0.7171296296875 0.153472221875 0.69305555625 0.05069444375 0.6982549859375 0 0.655067790625 0
0 1 0.13405555625 0.99398148125 0.12430555624999999 0.95694444375 0.09375 0.9125 0.09097222187500001 0.890277778125 0.10486111093749999 0.85601851875 0.159027778125 0.8430555562500001 0.20625 0.8449074078125001 0.25069444375 0.8578703703125001 0.2951388890625 0.8847222218749999 0.33541666718749996 0.9263888890625 0.36180555625 0.958796296875 0.3548611109375 0.99398148125 0.3298611109375 1 0.3201646078125 1 0.13405555625
1 0 0.609375 0 1 0.0819877375 1 0.0817785921875 0.9540948578125 0.08373498593749999 0.893727571875 0.09443753125 0.793946090625 0.0992059640625 0.77938621875 0.1080735171875 0.7176405421875 0.11738096875 0.67081894375 0.12203691406249999 0.609375 0 0.609375
1 0.7346066140625 1 0.74206835 0.954785296875 0.7445240375 0.9223778890624998 0.7429021468749999 0.9092328265624999 0.7377895921875 0.8972399171875001 0.7309978390625 0.8910266703125 0.7202590515624999 0.8910266703125 0.712479246875 0.8926775484375 0.7058231203125 0.9010550140625 0.700674178125 0.9137266140625 0.6971066625 0.9469871093750001 0.696159 1 0.7346066140625 1
1 0.9356464031249999 1 0.9342626562499999 0.9944167796875 0.9362566937499999 0.9028167796875 0.9320449312499999 0.8888854671875001 0.9236135921875 0.879995234375 0.9117476124999999 0.8826336203124999 0.9053766140625001 0.898755509375 0.9118290953125001 0.99323025625 0.9103696984375 1 0.9356464031249999 1
1 0.6414971328125001 1 0.6425606937499999 0.97739764375 0.64746366875 0.9405516078125 0.6481676546874999 0.9090913484375001 0.642293890625 0.8889398859375 0.630974178125 0.8796875 0.6286130390625 0.8796875 0.6188887109375 0.882429325 0.6101953046874999 0.8992087859375001 0.608900453125 0.942684859375 0.6118476859374999 0.9733677484375001 0.6123435828125 1 0.6414971328125001 1
1 0.57012538125 1 0.5690067796875 0.9909644875 0.5724078953125 0.9242644906249999 0.5714378734375 0.8964867125 0.5648501109375 0.879391928125 0.5568112734375 0.8729559 0.5505612734375 0.8729922609375 0.543463609375 0.8785902374999999 0.5370628734375 0.8966867000000001 0.5382592328125 0.930945959375 0.5441396046875 0.9799957921875 0.544062159375 1 0.57012538125 1