1 0.35852640625 0.625 0.3759042796875 0.625 0.383109271875 0.62391861875 0.38594422968750003 0.6188093609374999 0.3935789625 0.5882083546875 0.3984375 0.5574763500000001 0.3984375 0.47411026093749997 0.3948758125 0.45301104687500005 0.3820687578125 0.40030599218749996 0.38188021875 0.3678985859375 0.3867545640625 0.3104608765625 0.3860882859375 0.2854639078125 0.37789955000000003 0.26560346562500003 0.36674267656250004 0.2625 0.364289325 0.2625 0.355272928125 0.27082786875 0.35017233281250004 0.28937668906249997 0.34977001093750004 0.3097500890625 0.355296171875 0.3643494171875 0.354974653125 0.39861170625 0.3392112859375 0.46444638125 0.3362047984375 0.4848349328125 0.33534089843750003 0.5153965484375 0.3387352421875 0.5616746640625 0.35156922968750004 0.6190093484375 0.35811465937500003 0.6249899906249999 0.35852640625 0.625
1 0.293308084375 0.373369546875 0.28424382812500004 0.4089132578125 0.27880924687499997 0.44746838125000005 0.2783790015625 0.4618236390625 0.2783790015625 0.5202011609375 0.287988625 0.57125068125 0.2908960125 0.575 0.3162415265625 0.575 0.31767073749999997 0.5740790703124999 0.32727737343749996 0.5348650312500001 0.3315948734375 0.50920611875 0.3328125 0.480625196875 0.3328125 0.46041022187499997 0.3309518359375 0.440620846875 0.318780434375 0.38333832968750003 0.31682638750000003 0.3609826015625 0.3223794796875 0.30205710625000004 0.3225249265625 0.27705710625 0.3161195546875 0.25858434375 0.302599434375 0.25401285156250003 0.293422903125 0.26407691093749996 0.2896801046875 0.280509940625 0.2900608796875 0.3046173921875 0.2930781421875 0.3233361703125 0.293308084375 0.373369546875
1 0.2682572328125 0.41377966875 0.260149271875 0.3530639265625 0.2690103109375 0.2893235953125 0.2703125 0.26859840468749996 0.2703125 0.2604833953125 0.26571215625 0.24970646406250002 0.257235903125 0.24471605468750002 0.24718065937499997 0.25266738593750004 0.242850459375 0.264103515625 0.2380475234375 0.3549503671875 0.23144048125 0.3760345765625 0.23144048125 0.5328125 0.24631156718749997 0.5328125 0.24764515 0.5318525203125 0.25428955468750003 0.5144721515625 0.260462596875 0.45805433593749995 0.2682572328125 0.41377966875
2 0.4296875 0.6325779812500001 0 0.6325779812500001 0 0.7390625 0.1251487984375 0.7390625 0.4296875 0.712669621875 0.4296875 0.6325779812500001
1 0.7615017203125 0.2716915640625 0.765625 0.25350825625 0.765625 0.187187775 0.7588856234375 0.163076909375 0.765625 0.1082778015625 0.765625 0.0670725625 0.7557874359375 0.05686130625 0.7428999046875 0.05853378125000001 0.7325994093749999 0.0785624359375 0.732044146875 0.1536480796875 0.715374234375 0.187292521875 0.7086063703125 0.2176843625 0.7088015375 0.2512306890625 0.7189545125000001 0.29110907343750003 0.7294501765625 0.3046267453125 0.7303079546875 0.3046875 0.7403065984375 0.3046875 0.7615017203125 0.2716915640625
1 0.6074757703125 0 0.6087731484375001 0.015738696875 0.5933380703125 0.0725144453125 0.5933380703125 0.10921746875 0.607927425 0.1611061078125 0.6158700265625 0.165625 0.6291831609375 0.165625 0.6327290125 0.1626954671875 0.6458488859375 0.125183271875 0.646875 0.1134260203125 0.646875 0.07306629375 0.6452285671875 0.061221937500000004 0.6325547890625 0.022056810937499997 0.6338532953125 0 0.6074757703125 0
1 0.604902653125 0.4625 0.6100065375 0.45765370625 0.6265033921875001 0.426270753125 0.6328125 0.395043990625 0.6328125 0.3547372921875 0.6188965875 0.3121650234375 0.628732759375 0.24044173125 0.6208077359375 0.22168710468750003 0.6073100421875 0.21632884218749998 0.5968678140625 0.222314384375 0.58805815625 0.23878437031250002 0.5856317125 0.25631583125 0.58973555 0.3157850734375 0.5776606703125 0.3417056578125 0.5776606703125 0.4484713359375 0.5861105125 0.4625 0.604902653125 0.4625
1 0.495810375 0 0.495810375 0.0448115390625 0.5022733500000001 0.0546875 0.5038043015625 0.0546875 0.51387505 0.0532862421875 0.520479421875 0.044882790625 0.528778971875 0.015712567187500002 0.531060775 0 0.495810375 0
1 0.5242807546874999 0.18193390625 0.504439484375 0.143595246875 0.5034474203125 0.081294928125 0.4994791671875 0.06372304375 0.4910466265625 0.051742212499999996 0.47914186562500005 0.05014476875 0.4687251984375 0.0621255984375 0.4657490078125 0.0733077078125 0.4657490078125 0.0892821484375 0.479637896875 0.1483875796875 0.4697172625 0.20110323437500002 0.4697172625 0.226662340625 0.4746775796875 0.2522214453125 0.49451884843750005 0.2953524359375 0.511383928125 0.3017422125 0.5203125 0.29215754843749997 0.529241071875 0.2634035546875 0.5322172625 0.21228534375 0.5242807546874999 0.18193390625
1 0.4296875 0.60543230625 0.4434275796875 0.6364067484375 0.4622767859375 0.6507837453125 0.47566964218749996 0.6531799125 0.48608630937499997 0.6491863015625 0.49451884843750005 0.6356080265624999 0.50146329375 0.6020617015624999 0.5004712296875 0.5605281546875001 0.48955853125 0.5285792734375 0.4617807546875 0.4982278359375 0.4597966265625 0.4534994015625 0.45483630937499997 0.432732628125 0.44541170625 0.42075179687500003 0.43251488125000004 0.417556909375 0.4296875 0.41983326718749997 0.4296875 0.5102170734375 0.43400297656250003 0.518994609375 0.4296875 0.5363668125000001 0.4296875 0.60543230625
1 0.327584134375 0.7390625 0.3232969671875 0.814857184375 0.3232969671875 0.820069821875 0.3250511671875 0.84739156875 0.332626646875 0.8886329609375 0.33901903906249997 0.8953125 0.36098450312499997 0.8953125 0.365433759375 0.8916616046874999 0.368634175 0.8788989015625 0.3734375 0.7890571671875 0.3734375 0.7390625 0.327584134375 0.7390625
1 0.37469092656249997 0.7390625 0.37469092656249997 0.9046875 0.38277025781249996 0.9046875 0.38996154843749997 0.9006739093749999 0.39570720625 0.8879019484375 0.398403446875 0.8740767265624999 0.411499271875 0.7390625 0.37469092656249997 0.7390625
1 0.269260246875 0.7390625 0.269260246875 0.8828125 0.2847479890625 0.8828125 0.28733283906249996 0.8815661984375 0.29397311875 0.8668319359375 0.3115718609375 0.7390625 0.269260246875 0.7390625
0 0.0888020828125 0.990625 0.10755208281249999 0.9989583328125 0.1145833328125 0.9984953703125001 0.1252604171875 0.9952546296874999 0.1403645828125 0.9841435187500001 0.14765625 0.974884259375 0.1604166671875 0.9484953703125001 0.16875 0.912384259375 0.17135416718750002 0.862384259375 0.16875 0.849421296875 0.1588541671875 0.8234953703125001 0.14140625 0.7952546296875 0.1247395828125 0.7822916671875 0.1059895828125 0.7795138890625 0.0934895828125 0.7832175921875 0.08046875 0.7924768515625 0.0645833328125 0.8179398140625 0.05729166718749999 0.8364583328125 0.051041667187499994 0.8642361109374999 0.05 0.8975694437499999 0.0515625 0.9179398140625 0.0557291671875 0.93460648125 0.0625 0.955902778125 0.07161458281250001 0.97210648125 0.0888020828125 0.990625
1 0.6363440640625 1 0.6390625 0.97567740625 0.6390625 0.9508374984374999 0.6380117265624999 0.94709833125 0.626855725 0.942927734375 0.6214206421874999 0.9454932890624999 0.6167963578125 0.9541304187499999 0.6143449484375 1 0.6363440640625 1