1 0.777643315625 0.459375 0.78125 0.43240117031249997 0.78125 0.42232486874999997 0.7773774390625 0.41314836718750003 0.7711274390625 0.413366621875 0.764417759375 0.4239879015625 0.7609279 0.4476535765625 0.7647084093750001 0.458600996875 0.7646197203125 0.459375 0.777643315625 0.459375
1 0.67254774375 0.459375 0.665625 0.419097221875 0.66796875 0.3760416671875 0.662890625 0.3670138890625 0.657421875 0.3670138890625 0.653125 0.37743055625 0.6546875 0.421875 0.646875 0.45381944374999994 0.646726190625 0.459375 0.67254774375 0.459375
1 0.70234375 0.459375 0.69921875 0.4427083328125 0.7015625 0.3927083328125 0.697265625 0.38229166718749996 0.690234375 0.380902778125 0.68515625 0.39131944375 0.6875 0.431597221875 0.6822916671874999 0.459375 0.70234375 0.459375
1 0.7368923609375 0.459375 0.73984375 0.412152778125 0.733984375 0.39756944375000003 0.7234375 0.40381944374999995 0.7249255953125 0.459375 0.7368923609375 0.459375
1 0.725 0.459375 0.723828125 0.43645833281249996 0.71953125 0.44131944375 0.71640625 0.45798611093749997 0.71630859375 0.459375 0.725 0.459375
1 0.73671875 0.3982638890625 0.7375 0.37881944375 0.733984375 0.37118055625 0.726953125 0.3697916671875 0.7234375 0.3760416671875 0.721875 0.39131944375 0.72421875 0.40243055625 0.73671875 0.3982638890625
1 0.76619140625 0.459375 0.76484375 0.42743055625000004 0.7734375 0.412152778125 0.77421875 0.40381944374999995 0.7734375 0.39131944375 0.766796875 0.38229166718749996 0.7578125 0.3927083328125 0.75859375 0.444097221875 0.755037715625 0.459375 0.76619140625 0.459375
1 0.80394736875 0.459375 0.8046875 0.45659722187499996 0.80234375 0.41493055625 0.80703125 0.3982638890625 0.80625 0.37881944375 0.799609375 0.37118055625 0.794921875 0.3739583328125 0.79140625 0.384375 0.79296875 0.4302083328125 0.78515625 0.45798611093749997 0.78506944375 0.459375 0.80394736875 0.459375
1 0.81640625 0.459375 0.8203125 0.412152778125 0.815234375 0.400347221875 0.808203125 0.39895833281250004 0.803125 0.409375 0.8038461531250001 0.459375 0.81640625 0.459375
1 0.8487680281250001 0.459375 0.846875 0.44965277812500004 0.85 0.396875 0.845703125 0.387847221875 0.838671875 0.3864583328125 0.8328125 0.399652778125 0.834375 0.444097221875 0.83025 0.459375 0.8487680281250001 0.459375
1 0.8806490390625001 0.459375 0.88046875 0.45520833281249995 0.875 0.434375 0.878125 0.38576388906250003 0.869921875 0.3739583328125 0.8625 0.384375 0.86328125 0.42743055625000004 0.8554947921875 0.459375 0.8806490390625001 0.459375
1 0.5309243703125001 0.7320192515625 0.53125 0.7290494421875 0.53125 0.6947873625 0.5277471499999999 0.6564207093750001 0.53125 0.625198496875 0.53125 0.5991753953125001 0.5307237359375 0.5976880703124999 0.5256665671875 0.5960180968750001 0.5213487359375 0.5980154515625 0.5164976984375 0.609725934375 0.515843565625 0.6559131046875 0.5105482296874999 0.6749453531249999 0.5105482296874999 0.7749252546875001 0.5152376484375 0.775 0.5160122203124999 0.775 0.5197862359375 0.7730328109375 0.52456580625 0.75901660625 0.5309243703125001 0.7320192515625
1 0.5684895828125001 0.5967013890625 0.5653645828125 0.5948495375 0.55703125 0.5976273140625 0.5541666671875 0.6064236109375 0.5536458328125 0.6203125 0.5572916671874999 0.6554976859374999 0.5463541671875 0.7184606484375 0.5463541671875 0.73883101875 0.5494791671874999 0.7592013890625 0.5536458328125 0.7786458328125001 0.5578125 0.7814236109375 0.578125 0.75179398125 0.5807291671874999 0.7286458328125001 0.578125 0.699016203125 0.5703125 0.6629050921874999 0.5723958328125001 0.6064236109375 0.5684895828125001 0.5967013890625
1 0.5958333328125001 0.6073495375 0.5989583328125001 0.6703125 0.5890625 0.711053240625 0.5875 0.7443865734375 0.5888020828125 0.7476273140625 0.61015625 0.7457754624999999 0.6229166671874999 0.7499421296875 0.625 0.7462384265625 0.6239583328125 0.70179398125 0.6151041671874999 0.6619791671874999 0.6166666671875 0.6082754625 0.6122395828125 0.5967013890625 0.6044270828125 0.5939236109375 0.5997395828125001 0.5967013890625 0.5958333328125001 0.6073495375
1 0.64296875 0.5948495375 0.6390625 0.604571759375 0.6416666671875 0.6656828703125 0.6317708328125 0.7101273140625001 0.6302083328125001 0.7527199078125 0.6450520828125 0.773553240625 0.6598958328125001 0.8054976859374999 0.6651041671875 0.7888310187500001 0.6697916671874999 0.761053240625 0.6697916671874999 0.7267939812499999 0.6578125 0.67586805625 0.6598958328125001 0.6054976859375 0.65546875 0.5948495375 0.6471354171874999 0.592071759375 0.64296875 0.5948495375
1 0.7018229171875 0.5948495375 0.69453125 0.5929976859374999 0.6893229171875 0.5967013890625 0.6864583328125 0.6054976859375 0.6895833328125 0.6656828703125 0.6796875 0.7203125 0.6791666671875 0.7536458328125001 0.6893229171875 0.7957754625 0.7041666671875 0.7971643515625 0.70625 0.7953125 0.7114583328124999 0.7712384265625 0.715625 0.7304976859375 0.7114583328124999 0.699016203125 0.7036458328124999 0.6693865734375001 0.70625 0.6073495375 0.7018229171875 0.5948495375
1 0.7255208328125 0.6054976859375 0.7291666671875 0.654571759375 0.7192708328124999 0.704571759375 0.7182291671875001 0.7314236109375 0.7265625 0.779571759375 0.73046875 0.7846643515625 0.7421875 0.7842013890625 0.75 0.7527199078125 0.7520833328125 0.71475694375 0.7427083328124999 0.6647569437499999 0.74375 0.604571759375 0.7419270828125 0.5976273140625 0.73359375 0.5939236109375 0.72890625 0.5967013890625 0.7255208328125 0.6054976859375
1 0.7731770828125 0.5967013890625 0.7669270828125 0.5948495375 0.76171875 0.598553240625 0.7598958328125 0.6073495375 0.7625 0.654571759375 0.7541666671875 0.6962384265624999 0.753125 0.7267939812499999 0.7609375 0.7703125 0.7734375 0.774016203125 0.7770833328125 0.7693865734375 0.7822916671875 0.7453125 0.784375 0.71475694375 0.7833333328125 0.6999421296875 0.775 0.6619791671874999 0.7760416671875 0.604571759375 0.7731770828125 0.5967013890625
0 0.6419270828125001 0.9448495375 0.6578125 0.911053240625 0.6630208328125 0.8906828703125 0.6651041671875 0.8712384265625002 0.6645833328125 0.8314236109375 0.6541666671874999 0.792534721875 0.6450520828125 0.7744791671875 0.63359375 0.7596643515625 0.6106770828125001 0.7467013890625 0.58828125 0.748553240625 0.5674479171875 0.7661458328125 0.5494791671874999 0.7999421296875 0.5421875 0.829571759375 0.540625 0.848090278125 0.5447916671874999 0.8953125 0.5541666671875 0.9277199078125001 0.5752604171875 0.9587384265625001 0.5940104171874999 0.9689236109374999 0.603125 0.9693865734374999 0.6283854171875 0.9596643515625001 0.6419270828125001 0.9448495375