1 0.46875 0.23263473750000002 0.4648525796875 0.21915996875000002 0.4675276234375 0.162242796875 0.46405643906250005 0.154563 0.4586503765625 0.153125 0.45858032499999996 0.153125 0.45348936406250007 0.157912496875 0.451080971875 0.16899633593750002 0.4539231609375 0.217643809375 0.44434615156249996 0.25225694375 0.44375 0.2675739109375 0.44375 0.278568528125 0.446407090625 0.3008953265625 0.45254396718749995 0.320412496875 0.460729678125 0.325 0.4632892875 0.325 0.46875 0.3154543359375 0.46875 0.297918828125 0.4684356171875 0.274760978125 0.46875 0.2725148171875 0.46875 0.23263473750000002
1 0.3708146984375 0.251848959375 0.3707378609375 0.25284540624999996 0.3707378609375 0.31181350625 0.37092249375 0.3144490890625 0.373506375 0.31875 0.38444722656249997 0.31875 0.384920340625 0.31812803437500004 0.386838434375 0.302950384375 0.39412829843749997 0.2922898578125 0.3953125 0.27798790625 0.3953125 0.2598848859375 0.3942521984375 0.25335090312499997 0.3865690046875 0.2472947 0.3913858125 0.2420395328125 0.387344846875 0.21396136562499998 0.390852359375 0.16411156093749998 0.3867656078125 0.154808428125 0.3789531078125 0.1543077796875 0.374446109375 0.16306020000000002 0.3754967890625 0.2187659515625 0.3707378609375 0.23765752812500002 0.3707378609375 0.2516509796875 0.3708146984375 0.251848959375
1 0.4250555375 0.30193674062500003 0.428125 0.2752217734375 0.428125 0.263848484375 0.422200471875 0.24225542656250001 0.4207022359375 0.22861118593750002 0.418868375 0.21173168750000002 0.421393509375 0.17562057343749998 0.4160682984375 0.1680157765625 0.406161278125 0.1812624890625 0.4070567890625 0.22429531875 0.40351973750000003 0.2384746796875 0.40351973750000003 0.3212503640625 0.404825796875 0.3234375 0.41827056875 0.3234375 0.4250555375 0.30193674062500003
1 0.7730813640624999 0 0.7730813640624999 0.044424481249999995 0.776779778125 0.0515625 0.795334515625 0.0515625 0.802010596875 0.0445168640625 0.8108424015625 0 0.7730813640624999 0
1 0.069664234375 1 0.064687971875 0.9486322031250001 0.093785734375 0.8380172968749999 0.08783129687499999 0.7758349734375 0.096875 0.6756007296875 0.096875 0.6427124625 0.0860336140625 0.6152647609375 0.06289014375 0.6101849703125 0.04536404375 0.6344012640625 0.0485098875 0.7931086828125 0.0231334609375 0.8731744765624999 0.0231334609375 1 0.069664234375 1
1 0.22799759531250002 1 0.2445830515625 0.9500527609375 0.26870405 0.9153770453125001 0.3109375 0.8861580890624999 0.3109375 0.852127 0.3022175015625 0.8004639593749999 0.3107563453125 0.6468675187499999 0.2883207890625 0.6045340875 0.265064975 0.6026357328125 0.2434830296875 0.633661375 0.2535262375 0.8312053578124999 0.221372165625 0.9520154109375 0.22193051718749998 1 0.22799759531250002 1
1 0.4382791109375 0.8153135718750001 0.4399637328125 0.641748825 0.42732460625 0.6125206546874999 0.40121515468749996 0.60419721875 0.38039737812499996 0.6365045375 0.3936773140625 0.7949861234375 0.37583689374999996 0.8755860625 0.44460283437500003 0.946875 0.446875 0.946875 0.446875 0.846026275 0.4382791109375 0.8153135718750001
1 0.3421834625 0.6108832046874999 0.3189276484375 0.6070222000000001 0.3072997421875 0.6205357140625 0.3047157625 0.8444739375000001 0.31634366875 0.881153475 0.3615633078125 0.8792229734375001 0.366731265625 0.859917953125 0.3486434109375 0.7981418921875 0.3563953484375 0.6437017375 0.3421834625 0.6108832046874999
1 0.2122283890625 1 0.21169250625 0.991192084375 0.232364340625 0.8676399609375001 0.216860465625 0.8135859078125 0.22719638281250001 0.6437017375 0.2078165375 0.603161196875 0.1897286828125 0.59930019375 0.1625969 0.6398407328125 0.17034883750000002 0.8174469109375 0.1393410859375 0.9371380312500002 0.1375119375 1 0.2122283890625 1
1 0.1369827296875 1 0.1341731265625 0.9796090734374999 0.1600129203125 0.8560569499999999 0.149677003125 0.771114865625 0.15742894062499999 0.6321187265625 0.14321705468749998 0.6070222000000001 0.1225452203125 0.603161196875 0.10058139531250002 0.6359797296874999 0.10833333281249999 0.8020028953124999 0.0799095609375 0.910111003125 0.077402965625 1 0.1369827296875 1
0 0.449252059375 1 0.4364987078125 0.9564430500000001 0.39127907031250003 0.896597490625 0.3602713171875 0.881153475 0.303423771875 0.885014478125 0.2594961234375 0.9197635140625 0.22719638281250001 0.97574806875 0.2217861765625 1 0.449252059375 1
1 0.9370668796875 0.8295106359375 0.9477350812499999 0.7855575140625 0.95 0.7509849140625 0.95 0.7395785281249999 0.939747696875 0.6835954156249999 0.946159525 0.5976890218750001 0.94294699375 0.5870881109375 0.9330332171875 0.578222509375 0.921159525 0.596378828125 0.921320996875 0.6715016578124999 0.9111733734375 0.7235848921875 0.9111733734375 0.8099933500000001 0.9143702156250001 0.8297121624999999 0.9211591609374998 0.8359375 0.9308001156250001 0.8359375 0.9370668796875 0.8295106359375
1 0.7682437562500001 1 0.760396534375 0.972592140625 0.74763795625 0.94934955 0.7440766046875 0.911594459375 0.7428483546875 0.8060389046875001 0.7352083046875 0.7866830625000001 0.72377513125 0.7767305765625 0.72610823125 0.7089301125 0.7251492078125 0.6935885625 0.7215770203125 0.6884404734375 0.7125790515625 0.753615534375 0.7121210265625 0.781329540625 0.69750353125 0.7995623000000001 0.69455630625 0.8145849859375 0.6957739078125 0.8521487593749999 0.7106444671875 0.9227411140624999 0.711878228125 0.9616937765625 0.7035521390625 1 0.7682437562500001 1
1 0.867845034375 0.7437856390625 0.8748313171875001 0.746875 0.8856918374999999 0.746875 0.887376284375 0.7450372609375 0.8926779937500001 0.718948759375 0.8953125 0.690399228125 0.8953125 0.6504149703125 0.8880065937499999 0.6171092859375 0.891869703125 0.5519817015624999 0.883631546875 0.5361532140625 0.8822118124999999 0.5131113828125 0.8786476984375 0.514969425 0.8773815468749999 0.53575269375 0.8722226046875001 0.53889949375 0.8704607359375001 0.5137493015625 0.8722522890625001 0.62166354375 0.862273775 0.6563501015625001 0.862273775 0.7061822390625 0.867845034375 0.7437856390625