1 0.324510078125 0 0.32421875 0.0123263890625 0.30859375 0.03038194375 0.303125 0.053993056250000004 0.303125 0.0873263890625 0.30859375 0.14149305625 0.30859375 0.20538194375000002 0.28046875 0.31788194375 0.2765625 0.35121527812500003 0.2765625 0.39288194375 0.2773132328125 0.4 0.3658935546875 0.4 0.36796875 0.326215278125 0.3640625 0.29288194375 0.34453125 0.20815972187499998 0.3453125 0.1526041671875 0.353125 0.0817708328125 0.353125 0.053993056250000004 0.3484375 0.0317708328125 0.342578125 0.021354167187500002 0.33046875 0.0123263890625 0.33046875 0 0.324510078125 0
1 0.4342517671875 0.4 0.43984375 0.31649305625 0.43359375 0.2692708328125 0.41796875 0.20399305625 0.4171875 0.1734375 0.42421875 0.0901041671875 0.42421875 0.056770832812500005 0.416015625 0.03524305625 0.400390625 0.022743056249999997 0.388671875 0.0338541671875 0.38046875 0.055381943749999996 0.38515625 0.18038194375 0.38359375 0.20815972187499998 0.3640625 0.2845486109375 0.36796875 0.30538194375 0.36953125 0.345659721875 0.3681827328125 0.4 0.4342517671875 0.4
1 0.5308178703124999 0.4 0.53125 0.3692708328125 0.5265625 0.31649305625 0.503125 0.21788194375 0.5046875 0.151215278125 0.5125 0.0817708328125 0.51171875 0.0442708328125 0.501171875 0.0171875 0.483984375 0.007465278125 0.469921875 0.0185763890625 0.46015625 0.0470486109375 0.459375 0.08315972187500001 0.46640625 0.14288194375000002 0.4671875 0.21510416718749997 0.44140625 0.3151041671875 0.4375193046875 0.4 0.5308178703124999 0.4
1 0.5892526171875 0.4 0.5921875 0.38038194375 0.5890625 0.3109375 0.56875 0.2109375 0.56953125 0.15538194375 0.5765625 0.10260416718750001 0.57734375 0.058159721875 0.569140625 0.0338541671875 0.554296875 0.019965278125 0.538671875 0.032465278125000004 0.5296875 0.055381943749999996 0.52890625 0.095659721875 0.53515625 0.1498263890625 0.53515625 0.2026041671875 0.51875 0.2692708328125 0.53203125 0.3595486109375 0.5312727859375 0.4 0.5892526171875 0.4
1 0.7226189109375001 0.4 0.72109375 0.3692708328125 0.6953125 0.23038194375 0.69765625 0.1442708328125 0.7046875 0.08038194374999999 0.70390625 0.04288194375 0.695703125 0.0171875 0.677734375 0.0005208328124999999 0.656640625 0.0171875 0.64765625 0.045659721874999996 0.64765625 0.0970486109375 0.65078125 0.1317708328125 0.6546875 0.14288194375000002 0.6546875 0.22760416718749998 0.625 0.345659721875 0.61953125 0.388715278125 0.6193196609375 0.4 0.7226189109375001 0.4
1 0.6189586296874999 0.4 0.61953125 0.3776041671875 0.63671875 0.28871527812500003 0.61953125 0.2026041671875 0.6265625 0.06788194374999999 0.62109375 0.0484375 0.608203125 0.0338541671875 0.593359375 0.0421875 0.5828125 0.0692708328125 0.58828125 0.15677083281249998 0.58828125 0.20677083281250003 0.578125 0.24982638906250001 0.58359375 0.29149305625 0.58984375 0.3109375 0.59296875 0.38038194375 0.5905164921875 0.4 0.6189586296874999 0.4
1 0.7643798828125 0.4 0.76484375 0.36371527812500004 0.7609375 0.3248263890625 0.74296875 0.2526041671875 0.73828125 0.220659721875 0.74453125 0.051215278125 0.736328125 0.0296875 0.718359375 0.019965278125 0.708203125 0.028298610937500003 0.70390625 0.0401041671875 0.70546875 0.0845486109375 0.70078125 0.13038194375 0.703125 0.20677083281250003 0.69921875 0.2442708328125 0.7203125 0.35538194375 0.7234375 0.388715278125 0.723310546875 0.4 0.7643798828125 0.4
1 0.8299602640625 0.4 0.8328125 0.37899305625 0.83359375 0.32760416718749996 0.8296875 0.2942708328125 0.81171875 0.20815972187499998 0.81875 0.0748263890625 0.812109375 0.0546875 0.796484375 0.0435763890625 0.786328125 0.051909721875 0.7828125 0.0609375 0.77890625 0.2220486109375 0.79921875 0.313715278125 0.80234375 0.35121527812500003 0.80106740625 0.4 0.8299602640625 0.4
1 0.8008334843749999 0.4 0.8015625 0.34427083281250004 0.7984375 0.313715278125 0.78046875 0.2401041671875 0.77734375 0.21510416718749997 0.7828125 0.058159721875 0.774609375 0.0407986109375 0.761328125 0.0296875 0.7453125 0.0498263890625 0.7421875 0.24149305625 0.75859375 0.3109375 0.765625 0.36232638906250003 0.7651643171875 0.4 0.8008334843749999 0.4
2 0.259375 0.6974991875000001 0 0.696547134375 0 0.8892361109374999 0.259375 0.8892361109374999 0.259375 0.6974991875000001
1 0.7835042734375001 1 0.778472221875 0.97819444375 0.7384722218750001 0.8981944437500001 0.7188905250000001 0.8555040437500001 0.722444546875 0.80569544375 0.7366608984374999 0.734540275 0.7473230937500001 0.6669428843749999 0.7242216890625001 0.6046821109375 0.6886809421875 0.5815566624999999 0.651363053125 0.57622010625 0.626484640625 0.5940088984375 0.6095833328125 0.6404166671875 0.63625 0.8581944437499999 0.58468434375 1 0.7835042734375001 1
1 0.5862400796875 1 0.6273611109375 0.8848611109375 0.6095833328125 0.6804166671875 0.6229166671874999 0.6004166671875 0.58069444375 0.5626388890625 0.5451388890625 0.5626388890625 0.512754221875 0.5833355515624999 0.5029166671875 0.60930555625 0.5038690406249999 0.6562696359375 0.5251388890625 0.831527778125 0.47180555625 0.9737500000000001 0.47055555625 1 0.5862400796875 1
1 1 1 1 0.9590409796875001 0.9962500000000001 0.9248611109375 0.9854461203125 0.8679562140625 0.9518055562499999 0.8048611109374999 0.9481283640625 0.7452135906249999 0.9695833328125001 0.5915277781249999 0.9451388890625001 0.5581944437499999 0.9214728046874999 0.5513157375000001 0.89625 0.54930555625 0.87171570625 0.565546759375 0.8629166671874999 0.5826388890625 0.868161684375 0.7790122578125 0.8415061250000001 0.8555040437500001 0.900148275 0.9604580796875 0.9037257703125 1 1 1
1 0.40666372968750003 1 0.399023809375 0.951563684375 0.40435497812500004 0.9088704218749999 0.44069444375 0.8048611109374999 0.42291666718750004 0.5959722218750001 0.4451388890625 0.5559722218750001 0.40736111093750005 0.535972221875 0.37625000000000003 0.5404166671875 0.35625 0.5648611109375 0.374027778125 0.7648611109375001 0.3295833328125 0.8848611109375 0.336561446875 1 0.40666372968750003 1
1 0.47002253593750004 1 0.46832829374999996 0.9764678796874999 0.52069444375 0.8404166671875 0.498472221875 0.6448611109375 0.52069444375 0.56930555625 0.4873611109375 0.54930555625 0.45180555624999996 0.5581944437499999 0.42736111093750007 0.5915277781249999 0.4451388890625 0.8004166671874999 0.418571190625 0.876850609375 0.39180555625 0.9693055562499999 0.3959534546875 1 0.47002253593750004 1
1 0.90246286875 1 0.8841550484375 0.9319959015624999 0.8450601468750001 0.8679562140625 0.8237357515625 0.7950221953125001 0.830843928125 0.5833355515624999 0.7988572046875 0.563767871875 0.7579852890625001 0.57622010625 0.7429166671874999 0.6048611109375 0.75625 0.8004166671874999 0.733106875 0.8697351328125 0.7429166671874999 0.9026388890625 0.77878655 1 0.90246286875 1
1 0.6473611109374999 0.5448611109375 0.6029166671875 0.535972221875 0.574027778125 0.5559722218750001 0.6273611109375 0.5959722218750001 0.6584722218750001 0.5648611109375 0.6473611109374999 0.5448611109375
1 0.7229166671875 0.55375 0.678472221875 0.54930555625 0.6540277781249999 0.57375 0.7429166671874999 0.6048611109375 0.7473611109375 0.57819444375 0.7229166671875 0.55375
1 0.8628305203124998 0.8199264625 0.84683715625 0.74699244375 0.8584722218749998 0.6804166671875 0.8574994890625 0.64915409375 0.8673611109374999 0.56930555625 0.8295833328125 0.535972221875 0.794027778125 0.5404166671875 0.774027778125 0.5648611109375 0.84069444375 0.6004166671875 0.8273611109375001 0.6404166671875 0.830843928125 0.7274248 0.84683715625 0.8323786312500001 0.8628305203124998 0.8199264625