1 0.10628095312500001 0 0.1064220203125 0.010141140625 0.11537965937500001 0.10367029218749998 0.106961146875 0.162622921875 0.1106182171875 0.1677504296875 0.1430024515625 0.171875 0.158421453125 0.171875 0.162267715625 0.1713588640625 0.162267715625 0.16076935 0.1575941609375 0.1345856484375 0.155802596875 0.099804228125 0.161618346875 0 0.10628095312500001 0
1 0.17851272499999998 0.3296875 0.179083953125 0.29696180625 0.175196475 0.2510466515625 0.17183843125 0.24195750781249997 0.1626590765625 0.2390625 0.08087558125 0.2390625 0.075 0.2613373671875 0.075 0.3296875 0.17851272499999998 0.3296875
1 0.0109375 0.072373171875 0.0109375 0.1138537515625 0.019633778125 0.1671875 0.0308040515625 0.1671875 0.034793293749999996 0.167040909375 0.034793293749999996 0.0789280734375 0.0323359984375 0.0697802484375 0.0242828390625 0.060450051562499996 0.013539581249999998 0.0627821609375 0.0109375 0.072373171875
1 0.0240820171875 0.3296875 0.028613475 0.3176207578125 0.037370070312499996 0.277597690625 0.040091046875 0.24426435781250003 0.03677021875 0.2225000609375 0.005293471875 0.22382234687499997 0.003125 0.22597571093750002 0.003125 0.3296875 0.0240820171875 0.3296875
1 0.359375 0 0.33125 0 0.33125 0.042004321875 0.33897468750000004 0.0818148625 0.343388471875 0.1260679890625 0.3390741390625 0.18497527656249999 0.3406919921875 0.1859375 0.359375 0.1859375 0.359375 0
1 0.359375 0.3296875 0.359375 0.24638614374999998 0.30402841875000003 0.24638614374999998 0.30203496875 0.2511622828125 0.3015625 0.2552043796875 0.3015625 0.3296875 0.359375 0.3296875
0 0.9733821062499999 0.2533945625 0.980976034375 0.23186545625 0.980976034375 0.1270214703125 0.9621938171875 0.0933945625 0.9268403765625 0.0631474453125 0.8751921546875 0.041753625 0.8129830515624998 0.041753625 0.7798629234375001 0.052726790625 0.7364595062499999 0.0974919375 0.7265625 0.13455473906249998 0.7265625 0.146090390625 0.7302742484375 0.1991708671875 0.760359559375 0.2491463390625 0.7817580953125 0.2699612765625 0.8437782031250001 0.3012949796875 0.8634482203125 0.303125 0.8918719359375 0.303125 0.95095776875 0.281287415625 0.9733821062499999 0.2533945625
0 0.12154864843749999 0.879808096875 0.1154499234375 0.879808096875 0.107862584375 0.8802147015624999 0.0920113140625 0.892904928125 0.078725628125 0.9227747859375001 0.0765625 0.9488501718750001 0.0765625 0.9662217265624999 0.078791459375 0.9734375 0.0863839046875 0.9734375 0.1547323609375 0.9708749953125 0.1574720828125 0.94823071875 0.15678598125 0.927842165625 0.1503707140625 0.9073536125 0.135890609375 0.8862611796875001 0.12154864843749999 0.879808096875
1 0.78720045625 1 0.787395465625 0.9995614625 0.787395465625 0.865279965625 0.7615769453125 0.795891571875 0.774440559375 0.6283498015625 0.7496620578125001 0.5940444921875001 0.6954924703125 0.5940444921875001 0.668161853125 0.6336004187500001 0.6849868328125 0.75461075625 0.6453125 0.9058686093749999 0.6453125 0.9092988140625 0.65416065 1 0.78720045625 1
1 0.9078283109375 1 0.9273974484374999 0.9579620156249999 0.933548609375 0.8602618156249999 0.9089765515625 0.7397963484375001 0.9380481374999998 0.6024840375 0.926967484375 0.584658859375 0.8887009593750002 0.56875 0.883590159375 0.56875 0.8563301734375 0.5721599546875 0.83130389375 0.6050666093749999 0.837865440625 0.7385550984375 0.7921875 0.836679428125 0.7921875 1 0.9078283109375 1
1 0.639524846875 1 0.64096999375 0.993066475 0.64096999375 0.9544770359375001 0.630429653125 0.8958210671875001 0.59874966875 0.8483812000000001 0.5932798828125 0.8177294437499999 0.6008151875 0.6437297515625 0.571590146875 0.6161863828125 0.53159014375 0.6180494140625 0.4986446765625 0.6529352734375 0.519740953125 0.7642176093749999 0.51404664375 0.8300920406250001 0.478125 0.9737856578125001 0.478125 0.9910321765625 0.4807367906250001 1 0.639524846875 1
1 0.359375 1 0.4470911703125 1 0.44226381562499995 0.9404216125 0.42147562812499995 0.8894177109375001 0.3906853140625 0.8236284453125 0.3895011984375 0.6522580515625 0.3771544640625 0.626448903125 0.359375 0.626448903125 0.359375 1
1 0.659375 0.5878389593750001 0.66439368125 0.646875 0.6695499437500001 0.646875 0.6926006046875 0.6059699875 0.7568510671875 0.5944200140625 0.7310487625000001 0.5496056359375 0.6777154281250001 0.553646996875 0.659375 0.573968471875 0.659375 0.5878389593750001
1 0.5852505125 0.56875 0.56954366875 0.56875 0.516051640625 0.5701853124999999 0.5140625 0.5846510765625 0.5140625 0.6201838984375 0.57583185625 0.6121586984375 0.5993791390625001 0.6375 0.6002298328125001 0.6375 0.6048112453125001 0.5986232515625 0.5852505125 0.56875
1 0.515625 0.5467499296874999 0.515625 0.568519453125 0.5657117296875 0.562851615625 0.58942080625 0.58125 0.5945236828125 0.58125 0.60413665625 0.55372035625 0.5865612328124999 0.52499598125 0.5464163984375 0.52499598125 0.5322270515625 0.525432675 0.515625 0.5467499296874999
1 0.359375 0.6202639140625 0.371627865625 0.6210608171875001 0.39196401875 0.6502988078125 0.40736598281249997 0.8283093203125 0.42137162031250003 0.8863198328124999 0.44687864062500005 0.9078125 0.44833278125 0.9078125 0.45 0.8523355531250001 0.45 0.7994608140625 0.4105692484375 0.72172023125 0.4279333 0.6864749890625 0.41790666249999997 0.5885420546875 0.359375 0.5767066859375 0.359375 0.6202639140625
1 0.469700984375 0.5294171328124999 0.45305278125 0.5105929765624999 0.4057055421875 0.5105929765624999 0.390625 0.52393986875 0.390625 0.5308903640625 0.4395304359375 0.5477345421875001 0.44406100625 0.5814561656249999 0.43110762031250005 0.921875 0.4329044015625 0.921875 0.45523520937499995 0.8943792953124999 0.49073107499999996 0.7581546734375 0.46201103125 0.6494171328125 0.469700984375 0.5294171328124999