1 0 0.5083949265625 0.0038424656250000003 0.533418565625 0.013630829687500002 0.5749882656249999 0.015178531249999998 0.5765625 0.03945063125 0.5765625 0.0427651640625 0.5737229546875 0.0453125 0.5584863515625 0.0453125 0.4288044875 0.0449810453125 0.426818140625 0.0384564375 0.405970534375 0.03268834375 0.37468524375 0.034950790625 0.30518625625 0.029499340625 0.281765228125 0.0200512921875 0.27575906093749997 0.0134303703125 0.2780894046875 0.010124875 0.2819906703125 0.006241178125 0.29008336875 0.00927406875 0.3354360078125 0.013498367187499999 0.3682206765625 0.01229444375 0.3856173 0.0093122328125 0.409150721875 0.0018806625000000001 0.44013962187500005 0 0.47198587031250006 0 0.5083949265625
1 0.0986483953125 0.4917129421875 0.10110408281250001 0.459305534375 0.099322940625 0.427727071875 0.093730115625 0.40258391875 0.09169384375 0.370040846875 0.095476384375 0.3365212390625 0.1015625 0.2946202015625 0.1015625 0.2844825234375 0.0957281796875 0.272468215625 0.089131425 0.2703125 0.0888115796875 0.2703125 0.081564075 0.27213854375 0.0763111796875 0.28326065312500004 0.0722366796875 0.296310815625 0.0725848765625 0.3399141921875 0.068976896875 0.3806428109375 0.063406978125 0.39906435 0.0598607734375 0.41024663749999996 0.0598607734375 0.5703125 0.0751322234375 0.5703125 0.0799444015625 0.566409878125 0.09414984062500001 0.5166523296875 0.0986483953125 0.4917129421875
1 0.2260161359375 0.529685646875 0.232064121875 0.5465160046875 0.23527432187500003 0.5484375 0.2453125 0.5484375 0.2453125 0.3768774953125 0.2399315921875 0.35659371875 0.237220234375 0.2724799625 0.23050437031249998 0.2570112140625 0.21829845625000002 0.2538151140625 0.21109474218750002 0.26418135 0.20999398125000002 0.276145634375 0.2197620125 0.3512729484375 0.2197867484375 0.37066283125 0.2106371203125 0.43035694218750004 0.21314784062499997 0.47383908437500005 0.2260161359375 0.529685646875
1 0.150206103125 0.3422567484375 0.1512380921875 0.3718712234375 0.1402327125 0.42979538125000005 0.139666628125 0.46860849687500006 0.1434968859375 0.5020024484375 0.155492275 0.5522752328125 0.15884235156249998 0.5578125 0.1796875 0.5578125 0.1796875 0.3971019390625 0.17192585 0.3696996359375 0.17047007812499998 0.3419218578125 0.1726957140625 0.3050060578125 0.171482571875 0.281857909375 0.16891398124999998 0.27253803125 0.162414878125 0.2626415296875 0.15242199375 0.2605017390625 0.1462755203125 0.2672567484375 0.1432605203125 0.27918770312499996 0.14481334375 0.3088173328125 0.150206103125 0.3422567484375
1 0.5203125 0.21618623750000002 0.49021041875 0.1430727671875 0.4844511484374999 0.049768525 0.46982812812499997 0.0249285203125 0.447328128125 0.025190331249999996 0.436601940625 0.0403212375 0.4575940171875 0.14011760625 0.4495173140625 0.266929721875 0.48504378125000003 0.35321821875000003 0.49829163125000003 0.35625 0.51430935625 0.35625 0.5203125 0.343267115625 0.5203125 0.21618623750000002
1 0.6148014374999999 0 0.6167183234375 0.1068773421875 0.607536409375 0.14248042968750002 0.607536409375 0.253125 0.609016734375 0.253125 0.63116145625 0.1806761828125 0.630507096875 0.057110096875 0.6515625 0.034990968750000004 0.6515625 0.0064041921875 0.6480356765625 0 0.6148014374999999 0
1 0.7581424375 0 0.7699227515625 0.07026265468750001 0.75895309375 0.149651540625 0.7824392390625 0.22359598749999998 0.794291715625 0.2296875 0.7984375 0.2296875 0.7984375 0.0738257359375 0.79742275 0.0712229765625 0.7935129703125 0 0.7581424375 0
1 0.70625 0.22198172968750002 0.6878716421875 0.1751262046875 0.6817574000000001 0.058459539062499996 0.6670465906249999 0.039726121875 0.647046590625 0.0391441828125 0.6369320937499999 0.060483507812500004 0.65339571875 0.1841078109375 0.63811241875 0.27352586875 0.668527890625 0.377586628125 0.6895022749999999 0.3890625 0.6973003828125 0.3890625 0.70625 0.38153619375000003 0.70625 0.22198172968750002
1 0.8129843171874999 0 0.79435888125 0.0231979109375 0.8043415750000001 0.1296026734375 0.7881605078125 0.18688045 0.7894018546875 0.24021378593749998 0.8109873125 0.309375 0.8365583687499999 0.309375 0.8515625 0.2225965 0.8515625 0.1655097578125 0.8340312390625 0.11522171562500001 0.836781296875 0.0183804453125 0.8176720343749999 0 0.8129843171874999 0
1 0.9159476812499999 0 0.9164674078124999 0.06876632031249999 0.9017770890625 0.1320919984375 0.9017770890625 0.2454883078125 0.9115585187499999 0.2484375 0.9309637578124998 0.2484375 0.95625 0.16385116093750002 0.95625 0.1593198640625 0.9412927140625001 0.0739940421875 0.951902396875 0 0.9159476812499999 0
1 1 0.01327594375 0.9865625 0.040574346875 0.9915625 0.1307198328125 0.9690625 0.196731815625 0.9665625 0.2599924046875 0.9840625 0.3271682703125 1 0.331173671875 1 0.01327594375
1 0.83625 0.28375 0.8412499999999999 0.3604166671875 0.8612500000000001 0.41041666718750003 0.88125 0.35041666718750003 0.92125 0.29041666718750003 0.89875 0.20375000000000001 0.9087500000000001 0.08375 0.8925000000000001 0.03875 0.89 0.04875 0.875 0.03875 0.85625 0.0770833328125 0.8612500000000001 0.2004166671875 0.83625 0.28375
1 0.8673599140625001 0 0.86875 0.05375 0.90625 0.0704166671875 0.89625 0.0404166671875 0.8973726859374999 0 0.8673599140625001 0
1 0 1 0.009839945312499999 1 0.0140625 0.9667680515624999 0.0140625 0.9371106499999999 0.01375883125 0.926177878125 0.0047075625 0.86660343125 0.0049989828125 0.8489865953125 0.0140625 0.7910450359375 0.0140625 0.7581765953125 0.0108588578125 0.7475552765625 0 0.7420739171874999 0 1
1 0.334375 1 0.334375 0.908790928125 0.321375296875 0.865490903125 0.3189004859375 0.81826868125 0.320605290625 0.7813377265625 0.3184960578125 0.760937046875 0.312226634375 0.74550014375 0.3046438125 0.7397324234375 0.29839381249999997 0.7395505671875 0.2913933 0.74489395625 0.2858776625 0.7636860046875 0.29607119375 0.8490378906249999 0.2946801703125 0.872110265625 0.283687740625 0.940204453125 0.2839692171875 0.9753441734375 0.28787313124999997 1 0.334375 1
1 0.2453125 1 0.2453125 0.9202236921875 0.24309524843750002 0.909209234375 0.23524325156249998 0.8853897921874999 0.230365396875 0.8549797390625 0.23300192968750003 0.7890934953125 0.2318776640625 0.76318575625 0.22390533437500001 0.7453939265625 0.22051820156250002 0.7437264359375 0.2125679875 0.7437264359375 0.2067824875 0.748771903125 0.20303787031249998 0.7558527578125 0.20073542031249997 0.768906659375 0.2018596859375 0.7948143984375 0.206108953125 0.8206130078125 0.2077504453125 0.86874296875 0.200756890625 0.9042009734375 0.217093078125 0.9342108906250001 0.22325326875 0.95252934375 0.2269386 0.9764942890625001 0.22748569999999999 1 0.2453125 1
1 0.22736834374999998 0.7390625 0.22498938906250002 0.7434025625 0.22498938906250002 0.7457075359374999 0.22947204999999998 0.7595091218750001 0.2303551921875 0.7725904859375 0.22498938906250002 0.8182445078124999 0.22498938906250002 0.8850212671875 0.23004126875000003 0.9082887328125 0.234858125 0.956063484375 0.23172725 1 0.25103084999999997 1 0.253125 0.97881695 0.253125 0.9118179812499999 0.2433565296875 0.8637471578125 0.242910121875 0.8423324609374999 0.25102031875 0.757423540625 0.2485261546875 0.7451497046875 0.24458712187499998 0.7390625 0.22736834374999998 0.7390625
1 0.13125 0.909400828125 0.13125 0.9171875 0.1333348953125 0.9171875 0.15182291718750002 0.9002772171875 0.1703125 0.89225990625 0.1703125 0.8895497796875 0.1661458328125 0.869675453125 0.16458333281249998 0.8501855453125 0.16875 0.765121596875 0.1627604171875 0.7468917625 0.1544270828125 0.7401678046875 0.1424479171875 0.7472266546874999 0.1369791671875 0.763271234375 0.1369791671875 0.7873453078125 0.140625 0.8133773171875 0.1421875 0.8504598171875 0.14114583281249998 0.8680221015624999 0.13125 0.909400828125
1 0.0569526375 1 0.05607149375 0.9698911890625 0.0606007109375 0.9531942203125 0.05925721874999999 0.9457928734374998 0.06289568437500001 0.9328056703125001 0.075 0.903943103125 0.075 0.7543816859375 0.067672965625 0.74375 0.0664578984375 0.74375 0.0551084140625 0.7480849625 0.0487374125 0.7643295734375 0.048412590625 0.7819282249999999 0.054171223437500006 0.8337588671875 0.053959587499999996 0.8541352984374999 0.0502153 0.877310715625 0.0369975625 0.9236948859374999 0.042273093750000004 0.976454484375 0.041340884375 1 0.0569526375 1
0 0.2208544484375 1 0.221875 0.9865740734375 0.2182291671875 0.9541666671875 0.21197916718749998 0.933796296875 0.2013020828125 0.9129629625 0.1955729171875 0.9046296296874999 0.18515625 0.897222221875 0.1690104171875 0.89351851875 0.15390625 0.8981481484374999 0.1296875 0.9236111109374999 0.11822916718750001 0.9513888890625001 0.11510416718750001 0.9726851859375 0.1145833328125 0.9986111109374999 0.11475911406249999 1 0.2208544484375 1
1 0.574566515625 0.7390625 0.5652067671875 0.8625820000000001 0.5666775625 0.8913705625 0.5547613 1 0.7504649671875 1 0.752040378125 0.965251853125 0.76436743125 0.8301151578124999 0.7700992140625 0.7820155 0.7776669109375 0.7390625 0.574566515625 0.7390625