1 0.1461497203125 0.172746009375 0.1434334546875 0.207038646875 0.131326225 0.2467497078125 0.131326225 0.4328125 0.14539495156249999 0.4328125 0.146083628125 0.4327890734375 0.155808046875 0.43078271875 0.1589989796875 0.42550655624999995 0.16876956875 0.394450353125 0.1789093640625 0.34953863749999997 0.1828125 0.296372403125 0.1828125 0.29216732031250003 0.1795159625 0.259131659375 0.170398115625 0.20715491875 0.1724748765625 0.1747475125 0.18136204375 0.117006340625 0.1824432828125 0.09203971718750001 0.1756460921875 0.0726496453125 0.173108621875 0.07208010312499999 0.16037099531250001 0.07208010312499999 0.1526634921875 0.0791941171875 0.1462684390625 0.0980463984375 0.1444422140625 0.118450146875 0.1461497203125 0.172746009375
1 0.0866934265625 0.21786747812499999 0.0823902453125 0.2567563671875 0.082336325 0.32157118125 0.0951523828125 0.379904515625 0.0989316890625 0.384375 0.1199593984375 0.384375 0.12486143281249999 0.380830440625 0.1296875 0.358086340625 0.1296875 0.22797240468750002 0.12042189218749999 0.1900897 0.1178213328125 0.167867478125 0.1216503890625 0.10860821875 0.121068509375 0.08360821874999999 0.1141378453125 0.0655526640625 0.10050997343750001 0.061848959375 0.09164322968750001 0.07249710781249999 0.088385315625 0.089163775 0.0894664796875 0.1132378484375 0.0930225046875 0.1317563671875 0.0947070984375 0.1817563671875 0.0866934265625 0.21786747812499999
1 0.0425781265625 0.3380433671875 0.0468977859375 0.3421875 0.0673755375 0.3421875 0.0691406265625 0.340822803125 0.0743489609375 0.323412090625 0.0759114609375 0.266985171875 0.078125 0.243451378125 0.078125 0.21359023906250002 0.06705729218749999 0.16204634843750002 0.0707031265625 0.098284775 0.0701822921875 0.0704888078125 0.0641927109375 0.058705574999999996 0.05533854218749999 0.053766749999999995 0.0459635421875 0.0617727015625 0.0425781265625 0.0732285546875 0.0451822921875 0.164060234375 0.0326822921875 0.218253353125 0.0300781265625 0.254273525 0.032161460937500004 0.28304998124999997 0.0425781265625 0.3380433671875
2 0 0.5296875 0.559375 0.5296875 0.559375 0.4421875 0 0.4421875 0 0.5296875
1 0.559375 0.5296875 0.5851360984375 0.5296875 0.5798666578125 0.41293750156250003 0.6078125 0.2956885609375 0.6078125 0.272574971875 0.58729479375 0.180613290625 0.5954323078125 0.05362916250000001 0.5751551562499999 0.0126134328125 0.559375 0.0126134328125 0.559375 0.5296875
1 0.721523978125 0.5296875 0.7178610140625 0.48130580468749995 0.7234375 0.43416640468749995 0.7234375 0.3173815109375 0.6931000921875 0.2220465453125 0.689528759375 0.0686073921875 0.6681290375 0.0342158578125 0.6380433375 0.028924853125 0.61449924375 0.0633163875 0.635022240625 0.30141162499999996 0.618142896875 0.3807767046875 0.6203595875 0.4760148 0.6368060484375 0.5296875 0.721523978125 0.5296875
1 0.8376750312500001 0.5296875 0.8484375 0.46620602499999997 0.8484375 0.448775946875 0.805406571875 0.310496390625 0.805406571875 0.098856178125 0.7810620015625 0.058323509375000006 0.747354134375 0.0571464046875 0.7230095671875001 0.10126981875 0.7379908390625001 0.334597209375 0.71551893125 0.434341571875 0.7129206109374999 0.5296875 0.8376750312500001 0.5296875
1 0.9767115671875001 0.5296875 0.9430113890625 0.346706240625 0.96071335 0.1242224984375 0.9486054296875001 0.09013607031250001 0.910831175 0.082758834375 0.897919315625 0.082758834375 0.8790861078125 0.099685284375 0.8621034515625 0.1688170453125 0.8760575156249999 0.33240234375 0.83393983125 0.49938727812500006 0.83393983125 0.5296875 0.9767115671875001 0.5296875
1 0.8313553375 0.20661375624999997 0.8351006546875 0.0584656078125 0.8182467234375 0.01878306875 0.7845388578125 0.0134920640625 0.767684925 0.0478835984375 0.801392790625 0.07962962968750001 0.8088834265625 0.1113756609375 0.8051381093749999 0.296560846875 0.8575725656250001 0.45 0.8650632015624999 0.328306878125 0.8313553375 0.20661375624999997
1 1 0.2244745734375 0.969932115625 0.328306878125 0.9849133890624999 0.4447089953125 1 0.39497905625 1 0.2244745734375
1 0.8968984078125001 0.034656084375 0.8762991578125 0.090211640625 0.9549508421875 0.0955026453125 0.9306062734375 0.0293650796875 0.8968984078125001 0.034656084375
1 0.1269844484375 0.9015625 0.1340770359375 0.9015625 0.147295278125 0.900257584375 0.1484375 0.8964566640625 0.1484375 0.8877453359375 0.1471879890625 0.8859375 0.1456598890625 0.8859375 0.12743769062500002 0.8883898578125 0.1228293015625 0.8935263250000001 0.1269844484375 0.9015625
1 0.1578125 0.7875 0.1578125 0.7489185484374999 0.149200771875 0.716341146875 0.1473527390625 0.6705078125 0.15012755312499998 0.621896703125 0.14392874687499999 0.6073133671875001 0.13364319062500002 0.6017578125 0.1267089203125 0.6059244796875001 0.12122130312499999 0.621896703125 0.127325771875 0.716341146875 0.1167384578125 0.76495225625 0.11502506718750001 0.7875 0.1578125 0.7875
2 0 0.8996727937500001 0.123828125 0.896631725 0.418359375 0.9027503171875001 0.437109375 0.9075717484375 0.4376868515625 0.909375 0.5111995968749999 0.909375 0.5125 0.8400655578125 0.508203125 0.8100543968749999 0.497265625 0.8055057828125 0.172265625 0.7983232 0.126953125 0.802296409375 0 0.8009548125 0 0.8996727937500001
1 0.60659559375 0.5296875 0.61630248125 0.6035156265625 0.6160334765625001 0.630182290625 0.609816015625 0.668848959375 0.589373975 0.74618229375 0.5858668828125 0.8248489593749999 0.592322175 0.872848959375 0.618671053125 0.972848959375 0.6422975046875 0.9765625 0.66661599375 0.9765625 0.6699052218749999 0.976182290625 0.67548641875 0.9675156265624999 0.6859375 0.9143111203125001 0.6859375 0.7247777296875 0.6657727359375001 0.6648489578125 0.6588001703125 0.632848959375 0.657807090625 0.5901822921875001 0.663126684375 0.5296875 0.60659559375 0.5296875
1 0.73418275625 0.5296875 0.7353661609375 0.5487942734375 0.7389248796875 0.556918546875 0.739814559375 0.6396162828125 0.7113448078125 0.738622096875 0.70867576875 0.8105288921875001 0.7166828859375001 0.8641418390625001 0.732697121875 0.9300344015625001 0.73829450625 0.9375 0.7844861375 0.9375 0.785188225 0.937200765625 0.7994231 0.884364525 0.8092095765625 0.834039609375 0.809375 0.8283433500000001 0.809375 0.7599272218750001 0.8047611781249999 0.7232176015625 0.780739825 0.641045425 0.778960465625 0.610316621875 0.786061259375 0.5296875 0.73418275625 0.5296875