1 0.4491821296875 0.1176833359375 0.44057915156250005 0.122506925 0.435531884375 0.133258115625 0.433678396875 0.2008022171875 0.428125 0.22036292343750002 0.428125 0.3375 0.441306934375 0.3375 0.44534523437500007 0.330909240625 0.45353667968750006 0.2974304359375 0.45775871874999996 0.269592046875 0.4573471859375 0.24093683124999998 0.4503450640625 0.200414296875 0.45699390781250004 0.130909240625 0.4537078421875 0.1203520109375 0.4491821296875 0.1176833359375
1 0.424158428125 0.2476722625 0.41347241874999996 0.2022262703125 0.415694115625 0.136272953125 0.412762196875 0.12493271406249999 0.40648526250000006 0.1208132671875 0.3981788640625 0.12612314062500002 0.393819115625 0.13805859375 0.39675188281249996 0.19432750000000001 0.3958017921875 0.21015327031250003 0.3861429828125 0.251701803125 0.3859375 0.2537815796875 0.3859375 0.2819475375 0.3880286953125 0.30712981093749997 0.39392485625 0.335365846875 0.3955116171875 0.3390625 0.4153004828125 0.3390625 0.420406553125 0.31930868125 0.424455359375 0.28971263281250004 0.424455359375 0.2560344203125 0.424158428125 0.2476722625
1 0.3577446796875 0.1263342953125 0.352068721875 0.1391513703125 0.350558709375 0.165077296875 0.3523354828125 0.188025184375 0.350323090625 0.20475860468749998 0.346875 0.21895846562500001 0.346875 0.3453125 0.3592234109375 0.3453125 0.3615045671875 0.3424125640625 0.3724804265625 0.2965081671875 0.37438639687499997 0.254874878125 0.365786303125 0.2065350890625 0.3726324078125 0.142445940625 0.371196225 0.1314683359375 0.3667067046875 0.1239150421875 0.3577446796875 0.1263342953125
1 0.15338780937500002 0.11462936718750001 0.1514140609375 0.11462936718750001 0.14473031249999999 0.1157072109375 0.14008735625 0.1252019203125 0.13610702187499998 0.1984410734375 0.134375 0.2032128609375 0.134375 0.334375 0.1385980046875 0.334375 0.1423599453125 0.3299370171875 0.1531192703125 0.29150315312499997 0.1579686359375 0.2620251984375 0.15840038125 0.242520084375 0.15232301718750002 0.19845553437500002 0.16004904375 0.13101461875 0.15904784375 0.12351620468749999 0.15338780937500002 0.11462936718750001
1 0.21266618906249998 0.12264098906250001 0.20665637499999998 0.11923753906250001 0.2001661890625 0.12329608593750001 0.1974473171875 0.1322698046875 0.204131678125 0.199780509375 0.19777366406250002 0.24008664687499998 0.196875 0.2540464546875 0.196875 0.272499671875 0.20011056562500001 0.29852916406249996 0.20829541875 0.33063631718750003 0.21193444375 0.3390625 0.226227090625 0.3390625 0.226227090625 0.22285446874999998 0.22003732812500001 0.20266534218749999 0.21804046718749998 0.13490897500000001 0.21266618906249998 0.12264098906250001
1 0.3557568859375 0.20738854375 0.35337555 0.1371000609375 0.3573913796875 0.12391873281250002 0.3518310515625 0.11633496562500001 0.343540815625 0.1204754015625 0.339216084375 0.1295037109375 0.3415974171875 0.1997921953125 0.3390625 0.21209192968749999 0.3390625 0.23887193906249998 0.3444241671875 0.26357189999999997 0.339991571875 0.3305115234375 0.3419200875 0.3359375 0.3528087484375 0.3359375 0.353554784375 0.3316536875 0.3468630453125 0.2940182734375 0.34595434375 0.2607122359375 0.3557568859375 0.20738854375
1 0.3425241859375 0.346875 0.3425241859375 0.23044381406249997 0.33449355468749997 0.2002851234375 0.334580071875 0.138940375 0.3320113765625 0.1307405484375 0.3255633953125 0.123254009375 0.31884649375 0.1246138265625 0.3140625 0.1326320125 0.3140625 0.15990816562500001 0.318779153125 0.2087272 0.3140625 0.2357432078125 0.3140625 0.2591402421875 0.3217637078125 0.2689457625 0.33166098593750004 0.29526359062499996 0.334787428125 0.3220153125 0.332266 0.346875 0.3425241859375 0.346875
1 0.29743060625 0.1227584359375 0.2930493140625 0.1309125078125 0.2921261578125 0.1513496328125 0.29452731718749997 0.20584575312500003 0.2859375 0.2411425578125 0.2859375 0.24473264062500003 0.28721494999999997 0.24753341875 0.2896613828125 0.2484375 0.30443138593749997 0.2484375 0.312255840625 0.2122243671875 0.312255840625 0.20818137499999997 0.3117939265625 0.1287850265625 0.3047061140625 0.1195133890625 0.29743060625 0.1227584359375
1 0.26102048437500003 0.27635757656250004 0.2666705296875 0.26266636718749997 0.2800621203125 0.24996101875 0.2800621203125 0.22108307031250002 0.27653995781249996 0.20888446093750002 0.274595059375 0.1866834609375 0.27451591406250003 0.1365561234375 0.27050746875 0.1269718453125 0.26500245625 0.1225544421875 0.25742729999999997 0.12657647968750002 0.2546875 0.1377459546875 0.2546875 0.14346667500000002 0.26039412500000003 0.20954235 0.2555681890625 0.23201924218749997 0.2546875 0.241192825 0.2546875 0.28960990781249996 0.25759586875 0.321875 0.257727121875 0.321875 0.256656046875 0.2978873140625 0.26102048437500003 0.27635757656250004
1 0.25672739375 0.3328125 0.25672739375 0.27852196875 0.25462233125 0.2563858578125 0.25672739375 0.2417530421875 0.25672739375 0.1617007734375 0.25433099375 0.14383312343750002 0.256238428125 0.1223244796875 0.2502028078125 0.11569855625 0.24306230625 0.117975096875 0.240625 0.12499846562500001 0.240625 0.14640078750000002 0.24575304999999997 0.1861974984375 0.245920703125 0.20107298281250002 0.240625 0.2351791265625 0.240625 0.27040313125000004 0.24448188437499999 0.2988412359375 0.25382252968749996 0.3299283609375 0.25599332812500003 0.3328125 0.25672739375 0.3328125
0 0.3201177859375 0.29525973125 0.3122693171875 0.267142396875 0.3013380734375 0.25140833906250004 0.2844415921875 0.2435950015625 0.28246953124999996 0.2435950015625 0.26753239375 0.247251109375 0.256368625 0.2597684046875 0.2490868640625 0.273833753125 0.2453125 0.2915450421875 0.2453125 0.33463912812499996 0.2507734390625 0.35636849531250003 0.2596536703125 0.37016581249999997 0.2730203515625 0.3796875 0.291572228125 0.3796875 0.30501465625 0.3692343765625 0.3155022265625 0.35066673125 0.321227746875 0.32124932500000003 0.3201177859375 0.29525973125
1 1 0 0.9431632484374999 0 0.9390625 0.014675118749999999 0.9390625 0.3296875 0.99722521875 0.3296875 1 0.3209085203125 1 0
1 0.7977089171875 0 0.79375 0.012344471875 0.79375 0.320976140625 0.8043587562500001 0.321875 0.8326854671874999 0.321875 0.840953859375 0.311170678125 0.8785750171875 0.1828865875 0.88433246875 0.10690619531250001 0.86814999375 0 0.7977089171875 0
1 0.8873038734375 0 0.9089013296875 0.0841039953125 0.9142453328125001 0.15977025625000002 0.908080128125 0.2239145890625 0.8884966249999999 0.3109375 0.9018539984375 0.3109375 0.9052684546875 0.3025553828125 0.9260863921875 0.197913884375 0.9260863921875 0.13772763593749998 0.9254123125 0.1124686546875 0.8973336640625 0 0.8873038734375 0
1 0.6610820515625 1 0.6614725375 0.99229065625 0.6647870109375 0.9755694390624999 0.67281666875 0.9448684125 0.6974697359375 0.8832663374999999 0.7074663625000001 0.8455844984375 0.7056356593750001 0.8234350125000001 0.6938370984375 0.8049850453125 0.6782929921874999 0.80395983125 0.663690840625 0.8202502718750001 0.65442225625 0.845432109375 0.6394932859375 0.9276129421875 0.6260480859374999 0.9709230718749999 0.6078784828125 1 0.6610820515625 1
1 0.592133678125 1 0.59180128125 0.9906390671875 0.5724371765625 0.886614059375 0.577453428125 0.8083898734374999 0.576510571875 0.7806758671875 0.5666358625 0.7627230265625 0.5448093453125 0.7728420015624999 0.5367314640624999 0.7950393953124999 0.5427981578125001 0.8973707624999999 0.5391262375 0.9379674031249999 0.52611971875 0.9862737671874999 0.525 0.996865990625 0.525 1 0.592133678125 1
1 0.612468975 0.7068768203125 0.596843975 0.7078781140625 0.590377896875 0.7186702671875 0.582856959375 0.807709353125 0.575 0.8236142000000001 0.575 0.9515625 0.577632825 0.9515625 0.5875102828125 0.9416305359375 0.6019517296875 0.90749616875 0.6080144203125 0.8835846671875001 0.610413540625 0.8557568265625001 0.605432315625 0.8076463625000001 0.6208998546875 0.729167678125 0.6200653968750001 0.7167678078125 0.612468975 0.7068768203125
1 0.257957978125 1 0.25691199375 0.9855712125 0.2376396953125 0.918882853125 0.23674096718749998 0.8686098375 0.2411166609375 0.8005087796874999 0.23433432656250003 0.781281003125 0.22783594687500003 0.77769290625 0.21785455625 0.77769290625 0.2107915828125 0.7813048125 0.2078125 0.7880909109375 0.2078125 0.8721462437499999 0.2090207890625 0.8823405265625001 0.208988475 0.924189203125 0.2078125 0.930003725 0.2078125 1 0.257957978125 1
1 0.17792308125 1 0.17792308125 0.9378598609375001 0.1601868578125 0.8978686859374999 0.1486423625 0.78692135 0.138237196875 0.7686422 0.127870459375 0.7663966906249999 0.11891643437499999 0.77244356875 0.115625 0.787863559375 0.115625 0.79628844375 0.11683775468749999 0.8122930343749999 0.133563659375 0.8881087140625 0.1352475578125 0.9103309375 0.12997706250000002 0.9649889265624999 0.131898546875 1 0.17792308125 1
2 0.75 0.9198662656250001 0.8704166671875001 0.9175000000000001 0.8887499999999999 0.9349999999999999 0.91375 0.9349999999999999 0.92875 0.9275 0.9295833328124999 0.91875 0.9087500000000001 0.8800000000000001 0.8995833328125 0.87625 0.90625 0.8712500000000001 0.89375 0.85 0.75 0.8469086015624999 0.75 0.9198662656250001