1 0.3454736703125 0.29995766874999996 0.34026860000000003 0.28326099375 0.33720406718749996 0.21381655 0.332428615625 0.2031684015625 0.32751436875 0.2003906234375 0.319558946875 0.205020253125 0.31875 0.207441296875 0.31875 0.24011398125 0.3236019328125 0.28326099375 0.31875 0.316599778125 0.31875 0.3443923515625 0.3258171921875 0.386964696875 0.3351578375 0.41844617968750003 0.3392951515625 0.421875 0.3454736703125 0.421875 0.3454736703125 0.29995766874999996
1 0.29270012031250003 0.284815153125 0.2945393234375 0.21902895625 0.2915400640625 0.20750488281249999 0.28523619375 0.20298435 0.27695673125 0.2077594359375 0.2726643234375 0.219410784375 0.2759257125 0.27584681093749996 0.27506720625000003 0.2916057328125 0.2671875 0.32582288125000003 0.2671875 0.3805086203125 0.26785438125 0.3880474890625 0.27391754687500003 0.41665118906250004 0.27613115 0.421875 0.295284334375 0.421875 0.300318434375 0.4022986515625 0.3032076359375 0.3804540609375 0.3032076359375 0.32904446875 0.29270012031250003 0.284815153125
1 0.2358894265625 0.206568696875 0.23006742500000002 0.21889591249999998 0.228254509375 0.2448218359375 0.22976083281249998 0.2680791109375 0.22755371875 0.2847094046875 0.225 0.2945646234375 0.225 0.428125 0.23379823281249998 0.428125 0.23711249375 0.42427124374999997 0.24861843437500003 0.37919188125000003 0.25101121718749997 0.3375070265625 0.2429844765625 0.2880328171875 0.2505770234375 0.22425305624999997 0.2492706546875 0.21306919375 0.24487308749999998 0.2050260390625 0.2358894265625 0.206568696875
1 0.0397422171875 0.21497861562499998 0.0379210453125 0.207707909375 0.031103453125000003 0.1994812 0.022834787500000002 0.202062125 0.019268045312500003 0.2121261015625 0.0233849375 0.2851375484375 0.0171875 0.3109157828125 0.0171875 0.379143371875 0.0213383625 0.4060547234375 0.026801328125000003 0.41875 0.041147653125 0.41875 0.04408986875 0.414280525 0.0469727046875 0.3966058515625 0.0469727046875 0.3120920640625 0.0394984359375 0.28279904375 0.0397422171875 0.21497861562499998
1 0.09243043437500001 0.3627284515625 0.0936339671875 0.33310488125000004 0.08634491562499999 0.285020365625 0.0945917765625 0.21740959218749997 0.0911118859375 0.2049353484375 0.0861050296875 0.2015625 0.085102875 0.2015625 0.0786118859375 0.20500807187499998 0.0745599265625 0.21382406406249999 0.071000565625 0.281407565625 0.0671875 0.2936755328125 0.0671875 0.4234375 0.0725526359375 0.4234375 0.0777338578125 0.419270534375 0.09243043437500001 0.3627284515625
1 0.2225776375 0.4203125 0.22759062187499998 0.4203125 0.2287109375 0.41440272812499995 0.2224609375 0.3760757453125 0.22194010468749997 0.34271207812500004 0.23235677031250002 0.290541 0.23079427031250002 0.22007962499999997 0.2349609375 0.20735934375 0.2294921875 0.19917045312499998 0.2211588546875 0.2023887953125 0.2171875 0.210048284375 0.2171875 0.2314785015625 0.2182942703125 0.2813886203125 0.2171875 0.2863524484375 0.2171875 0.32950791874999996 0.22037760468749998 0.34539885 0.2171875 0.3860463796875 0.2171875 0.4178596546875 0.21751302031250003 0.41884311875 0.2225776375 0.4203125
1 0.2207363359375 0.4296875 0.2207363359375 0.318448521875 0.21181038124999998 0.28286179843750003 0.21260991406250002 0.22177189843749998 0.2101384515625 0.21342644531250002 0.2037823 0.205521228125 0.197054590625 0.2064077609375 0.1914747046875 0.21516921249999998 0.1913818015625 0.235533521875 0.19600954843750001 0.29017527187500003 0.190625 0.3186425796875 0.190625 0.3399393171875 0.1982918890625 0.3503574265625 0.20787586406249997 0.37725776093749996 0.210689009375 0.404118703125 0.207767896875 0.4296875 0.2207363359375 0.4296875
1 0.1712084578125 0.2127229203125 0.169929759375 0.23308117031250003 0.17137741875 0.2877350421875 0.1640625 0.315282046875 0.1640625 0.32917225 0.1721795109375 0.3328125 0.1787055640625 0.3328125 0.1802352609375 0.33228857500000003 0.1889995609375 0.2953485046875 0.18996923125 0.2120151703125 0.183051109375 0.20221113281249997 0.17572712031249998 0.2049040640625 0.1712084578125 0.2127229203125
1 0.153575453125 0.2915006296875 0.151890003125 0.26931178437500003 0.1523946140625 0.21911152500000003 0.14849967656250002 0.20960625 0.143048715625 0.20531038281249997 0.13543031875 0.20951473593749997 0.132179165625 0.2222650609375 0.1374296203125 0.29253530156249996 0.1323442375 0.31515804062499997 0.13125 0.325365246875 0.13125 0.3786724578125 0.133169521875 0.403125 0.1333907640625 0.403125 0.1326645640625 0.3810990421875 0.1372776375 0.3594356046875 0.1430844328125 0.345592471875 0.1581164875 0.331112675 0.1581164875 0.3078113046875 0.153575453125 0.2915006296875
1 0.13397581875 0.25317100625 0.1309230421875 0.22550906249999997 0.13332850937500001 0.20419155312499998 0.1274552921875 0.197278925 0.1202714828125 0.1991731984375 0.115530775 0.211705015625 0.12137068437500001 0.2672454203125 0.12119188125 0.2820662953125 0.11449487656249999 0.31915484375 0.1140625 0.32591139375 0.1140625 0.3487937359375 0.11747943125 0.37934306093750003 0.1260838515625 0.41078514843749997 0.1283902296875 0.4140625 0.13397581875 0.4140625 0.13397581875 0.4127147578125 0.12859429218750001 0.33759761093749996 0.13397581875 0.30574044843750003 0.13397581875 0.25317100625
0 0.191726015625 0.4296875 0.1973147234375 0.404061825 0.1968086234375 0.37807223125 0.18960714843749998 0.34995489687500003 0.179031753125 0.3342208390625 0.16230110312499998 0.3264075015625 0.1603271734375 0.3264075015625 0.14529077343750002 0.330063609375 0.1338250734375 0.3425809046875 0.1262090296875 0.356646253125 0.1234375 0.368361121875 0.1234375 0.42806001718750003 0.1238090203125 0.4296875 0.191726015625 0.4296875
0 0.7103877515625 0 0.7046875 0.009482390625 0.7046875 0.0750278328125 0.704985209375 0.0765874015625 0.7121350921875 0.09058975625 0.7273013328125 0.103125 0.7509014781250001 0.103125 0.75361148125 0.1001957984375 0.7658587625 0.06881390468750001 0.7658587625 0.023997040625 0.7630559140625 0.011602190625 0.756452025 0 0.7103877515625 0
1 0.4948127453125 0.875 0.510724340625 0.875 0.510724340625 0.7178809906250001 0.507531071875 0.7089395859375001 0.5018111968750001 0.685450409375 0.4985821515625 0.6680748578125 0.49898122031250003 0.6352543703125 0.49672629375 0.589884875 0.491905040625 0.5818406359375 0.48814951874999996 0.5779794015624999 0.48126608125 0.5757270140624999 0.47253057500000006 0.5818406359375 0.4703125 0.6010157984375 0.4703125 0.6086507296875 0.4801713296875 0.6747600015625 0.478055875 0.706099675 0.4739689171875 0.7270147046875 0.47181051093750004 0.770130371875 0.47385124375 0.795130371875 0.4801424703125 0.82753778125 0.493296603125 0.8738340765625001 0.4948127453125 0.875
1 0.3890625 0.7829476390625001 0.389160825 0.79139768125 0.39205589375 0.8163522249999999 0.4030543625 0.8661704015625 0.407856725 0.8703125 0.42691961406249995 0.8703125 0.4311901359375 0.8666054031249999 0.44002643125 0.820145465625 0.442068028125 0.792500815625 0.442068028125 0.745714953125 0.43028168750000007 0.698994628125 0.42589953906250005 0.6805488390625 0.42490464218749996 0.6398171890625 0.4280440921875 0.5962350328125 0.42481122187500003 0.5831669421875001 0.4202782640625 0.572019209375 0.413770946875 0.5703125 0.41232278125 0.5703125 0.40611415937500006 0.5722664453124999 0.3982380765625 0.5865680453125 0.4022644921875 0.63629273125 0.40389524843749997 0.6698195578125 0.3997783953125 0.702336471875 0.3925840765625 0.7274360625 0.3890625 0.7566756625 0.3890625 0.7829476390625001
1 0.29042452343749997 0.5626452921875 0.28376745312499996 0.5527163921875 0.2779307984375 0.5527163921875 0.270922790625 0.5540746875 0.26438571718750004 0.5691614921875 0.2626604 0.6535662546875 0.25625 0.6785133812499999 0.25625 0.846875 0.26949277031249996 0.846875 0.272760009375 0.8451254515625 0.27861295625000004 0.8286224765625001 0.2908311125 0.7733579265625 0.29283255625 0.72980303125 0.2829786140625 0.6691267734374999 0.282775803125 0.649627765625 0.29166614687500003 0.5747550796875001 0.29042452343749997 0.5626452921875
1 0.3604291703125 0.6725525625 0.358873646875 0.6429685 0.3613554578125 0.6093161984375 0.3603207671875 0.57968656875 0.3562545890625 0.5679685 0.34950166875 0.56159364375 0.3396705015625 0.56431126875 0.334020428125 0.5745575125 0.3322604359375 0.5839990390625001 0.3330687859375 0.6071471875000001 0.3385288125 0.6438196890625 0.339498834375 0.67159746875 0.328874209375 0.726394778125 0.328125 0.7349878593750001 0.328125 0.781968971875 0.3292805984375 0.79787334375 0.3392306328125 0.8434405671875 0.3444105609375 0.8578125 0.36934799687500003 0.8578125 0.37194264375 0.8526524500000001 0.3739788140625 0.8390885265625 0.3739788140625 0.7206114140625 0.3604291703125 0.6725525625
1 0.561722678125 0.6059266546875 0.56288574375 0.5837074624999999 0.55949074375 0.5737413953124999 0.5543582703125 0.568520684375 0.54687669375 0.5678867171875 0.5393765984375001 0.5750440296875 0.5352431484375 0.585569215625 0.53318346875 0.6026878984375 0.5337866234375 0.6310781578125 0.5332137609375 0.6594489515624999 0.5325396171875 0.6683455374999999 0.528125 0.6919597140625 0.528125 0.865625 0.53934694375 0.865625 0.5433293406249999 0.8624020734375 0.554749821875 0.8216128515625 0.561272315625 0.7836286796875 0.5629265203125 0.7549280046875 0.56176606875 0.7290202609375 0.555447246875 0.693767196875 0.5529252875 0.6670620062499999 0.561722678125 0.6059266546875
1 0.6390625 0.7156632953125 0.6271484375 0.6653046296875 0.6297526046875 0.570085934375 0.6232421875 0.557206746875 0.6193517 0.554905225 0.611590675 0.554905225 0.6070963546875 0.5599700640625 0.6021484375 0.5749596578125 0.6068359375 0.6604178578125 0.5953125 0.71383003125 0.5953125 0.802118328125 0.5979817703125 0.8182354937499999 0.6014494671875 0.828125 0.6025783437500001 0.828125 0.6133463546875 0.8223711234375 0.6367838546875 0.8228102734375 0.6390625 0.8133486921875 0.6390625 0.7156632953125
0 0.6390625 1 0.6390625 0.8271782953125 0.6376559687500001 0.8260578203125 0.6269248234375 0.8234375 0.62455371875 0.8234375 0.6084677578125001 0.8275702859375 0.58735429375 0.85140194375 0.5758924125 0.8739568281250001 0.5703125 0.8954275796874999 0.5703125 0.9487710234375001 0.5778322609375001 0.9758450437499999 0.5926521203124999 1 0.6390625 1
1 0.808832334375 0.4296875 0.8001107562499999 0.4985217515625 0.8061463218749999 0.5524433203125 0.8216791562499999 0.5953125 0.8419064796875 0.5953125 0.8419064796875 0.453465775 0.8339245046875 0.43234527968750003 0.8338087999999999 0.4296875 0.808832334375 0.4296875
1 0.718446084375 0.4296875 0.7196590703125001 0.4524274765625 0.7078125 0.5067062874999999 0.7078125 0.5325815281249999 0.7146631875 0.584894503125 0.72063005 0.5953125 0.744495190625 0.5953125 0.7551191578124999 0.54466730625 0.7551191578124999 0.5070776484375 0.7544576296875001 0.4934951953125 0.73909579375 0.4373793375 0.7396464765624999 0.4296875 0.718446084375 0.4296875
1 0.648559503125 0.4296875 0.6483307390624999 0.448860328125 0.6421875 0.46851578437499997 0.6421875 0.5936067625 0.6462893171874999 0.59375 0.6579415984375 0.59375 0.67518324375 0.5333348625000001 0.6652762609375 0.4641938703125 0.6693390984375001 0.4296875 0.648559503125 0.4296875
1 0.7007028125 0.4296875 0.7003842203125 0.46465008281250003 0.69375 0.486242690625 0.69375 0.59375 0.69867646875 0.59375 0.69503575 0.5136791953125 0.7145704625 0.44986815 0.7141774765625 0.4296875 0.7007028125 0.4296875
1 0.7698512609375 0.4296875 0.7717039437500001 0.4673122078125 0.7609375 0.5050405890625 0.7609375 0.5547716171875 0.771668178125 0.5921875 0.790011515625 0.5921875 0.7929457734375001 0.5861964625 0.786409825 0.4877765703125 0.7909867390625 0.4296875 0.7698512609375 0.4296875
1 0.8425404750000001 0.4296875 0.8514385953125 0.59375 0.8759752546874999 0.59375 0.878125 0.5800142671875 0.878125 0.4882268234375 0.865946375 0.449287271875 0.8659668296875 0.4296875 0.8425404750000001 0.4296875
1 0.8730307937500001 0.4296875 0.8744322765625 0.5370681078125 0.871875 0.5568214703125001 0.871875 0.585249121875 0.874189753125 0.590625 0.89353844375 0.590625 0.9037870031249999 0.5423123046875 0.8916847796875 0.45882686406250006 0.8937913546875 0.4296875 0.8730307937500001 0.4296875
1 0.9136689640625001 0.4296875 0.91778004375 0.4815886359375 0.90625 0.48625233125000006 0.90625 0.499572653125 0.9138131046875 0.5310270859375 0.9107697515625001 0.5875 0.9235740625 0.5875 0.9236528937500001 0.5623662781250001 0.9280589890625001 0.568231953125 0.9299319421875 0.557045475 0.929418140625 0.5472415546875 0.9209913046875 0.5428631453125 0.9238739265625 0.5353007812499999 0.9191004171875001 0.538065896875 0.9210659515625 0.49736294374999995 0.9291612390624999 0.5423395937500001 0.9375883125 0.5417995624999999 0.9375883125 0.5066815015625 0.9346337140625 0.49034545156250003 0.9328518265625 0.4296875 0.9136689640625001 0.4296875