1 0 0 0 0.56875 0.0743644765625 0.56875 0.06905344687500001 0.5020927796875 0.054766764062499994 0.3867353234375 0.052224604687499995 0.351216371875 0.0533687453125 0.3084902734375 0.05771881875 0.2510828671875 0.075092340625 0.1461280875 0.077647884375 0.1193096140625 0.083598309375 0.102943334375 0.096702690625 0.040514396875000004 0.1 0.0231274359375 0.1 0.00304818125 0.04980941875 0 0 0
1 0.824043990625 0.56875 0.8233225093750001 0.5489626234375 0.8110369203125 0.472811134375 0.8051633515625 0.45708277343750003 0.8028519109375001 0.415065653125 0.811660071875 0.3402659109375 0.8348180765625 0.2314949203125 0.840625 0.1649927140625 0.840625 0.162528721875 0.8367163859375001 0.13392224531250002 0.8264487734374999 0.10884068437500001 0.8148959671875 0.0955396484375 0.7981294421875 0.08888266875 0.7806262109375 0.091947909375 0.7666082546874999 0.10081903125 0.752867603125 0.12157080468749999 0.743731478125 0.148898 0.7364251187499999 0.23495904531249998 0.7430153171875 0.334471321875 0.73967590625 0.40962151718750006 0.73444603125 0.43719903593750004 0.72349375625 0.464450375 0.72349375625 0.56875 0.824043990625 0.56875
1 0.586854225 0 0.5805143890625001 0.0088481640625 0.5787130125 0.03680788125 0.58446910625 0.0713845515625 0.6021705921875 0.129099303125 0.6153950640625 0.189810153125 0.6174999390625 0.21758793125000003 0.6129377609375 0.312578184375 0.6172972953125 0.35976401875 0.6315580515624999 0.4134576515625 0.65044560625 0.45578545937500003 0.6709179328125 0.49316119062499997 0.673073203125 0.49375 0.68125 0.49375 0.68125 0.2430097734375 0.65669606875 0.1864927359375 0.646596596875 0.1256363375 0.64158944375 0.0492110625 0.63296338125 0.00779910625 0.62865511875 0 0.586854225 0
1 0.514954259375 0 0.5149602109375 0.00010217968749999999 0.5352564890625 0.101674240625 0.5367166 0.1309092578125 0.5309460921875 0.18446077031250002 0.5327941265625 0.230362453125 0.5423900046875 0.274169865625 0.5532251171875 0.3042250890625 0.5683732671875 0.3353506828125 0.5693030859375 0.3359375 0.5921875 0.3359375 0.5921875 0.176426803125 0.5898038640625 0.1674331859375 0.5683922562499999 0.11843385312500002 0.5631875281250001 0.09580152812500001 0.5558598421875001 0 0.514954259375 0
1 0.484687240625 0 0.49384765625 0.0504631859375 0.48916015625 0.10190661875 0.48916015625 0.1449621734375 0.50634765625 0.20865106875 0.51845703125 0.23420460781250002 0.520051234375 0.234375 0.5243235281249999 0.234375 0.52509765625 0.18482178124999998 0.5296875 0.142949796875 0.5296875 0.0864176796875 0.52587890625 0.0695349125 0.51728515625 0.0515793546875 0.51337890625 0.029402585937499996 0.5116958578124999 0 0.484687240625 0
1 0.6313083015625001 0 0.63515625 0.030555556249999997 0.6375 0.15555555625 0.64609375 0.20138888906250002 0.651171875 0.209027778125 0.66328125 0.20833333281250002 0.670703125 0.20208333281250002 0.67578125 0.1861111109375 0.68125 0.13888888906250002 0.68125 0.1 0.6734375 0.0625 0.6578125 0.013888889062500001 0.6572699656250001 0 0.6313083015625001 0
1 0.7076349437499999 0 0.709375 0.009722221875000001 0.71328125 0.0666666671875 0.70078125 0.1263888890625 0.69765625 0.19583333281249998 0.70546875 0.2416666671875 0.721875 0.29444444375 0.727734375 0.303472221875 0.74375 0.30416666718749996 0.75390625 0.2888888890625 0.74609375 0.22777777812500002 0.7453125 0.177777778125 0.74765625 0.14444444375 0.75546875 0.10694444375 0.74453125 0.06805555625000001 0.7421875 0.0333333328125 0.7430803578125 0 0.7076349437499999 0
1 0.8528571421875 0 0.85234375 0.03194444375 0.85859375 0.1361111109375 0.8484375 0.1888888890625 0.84375 0.2541666671875 0.8296875 0.365277778125 0.83046875 0.3875 0.84375 0.44444444375 0.856640625 0.4576388890625 0.8671875 0.4583333328125 0.88125 0.447222221875 0.90390625 0.38055555625 0.91171875 0.3458333328125 0.915625 0.30694444375 0.9125 0.24722222187499998 0.8984375 0.184722221875 0.8953125 0.14305555625 0.9078125 0.03194444375 0.9078125 0 0.8528571421875 0
1 0.90908203125 0 0.9046875 0.0625 0.8984375 0.1 0.896875 0.1625 0.91171875 0.252777778125 0.91640625 0.259722221875 0.93203125 0.2125 0.9390625 0.1611111109375 0.9390625 0.13888888906250002 0.92578125 0.0513888890625 0.9286401093750001 0 0.90908203125 0
1 0.927694515625 0 0.92578125 0.0166666671875 0.92578125 0.052777778124999994 0.93671875 0.1291666671875 0.93984375 0.13333333281249998 0.95078125 0.07638888906249999 0.94921875 0.040277778125000004 0.9416666671874999 0 0.927694515625 0
1 0.78046875 0 0.7671875 0.052777778124999994 0.7671875 0.0916666671875 0.77109375 0.09305555625 0.791015625 0.0826388890625 0.816015625 0.0895833328125 0.8203125 0.0861111109375 0.81875 0.05694444375 0.8045966578125 0 0.78046875 0
1 0.5366586906249999 1 0.540884621875 0.9854599953125 0.544717940625 0.9452322843750001 0.5350634421875 0.8343585703125 0.546875 0.737052925 0.546875 0.7035404203125 0.5444685609375 0.694700140625 0.526455265625 0.6837763640625 0.519889534375 0.6875425109375 0.5109416265625 0.7072057843749999 0.5083227671875 0.7935672203124999 0.5033924671875 0.8379115359375 0.49361645468750004 0.8647998593749999 0.49361645468750004 1 0.5366586906249999 1
1 0.678125 0.944901575 0.678125 0.7680390203125 0.67653736875 0.7621517078125 0.6744285718749999 0.661896996875 0.6672536499999999 0.644808790625 0.654332675 0.6398354312500001 0.6445305828125 0.6605019359375 0.6535653874999999 0.7590402734375 0.6429313859375 0.8152871875000001 0.645007871875 0.8737296828125001 0.6600053328125 0.9371455375 0.6676303375 0.9453125 0.6736815734375 0.9453125 0.678125 0.944901575