1 0.39140625 0.3298611109375 0.39375 0.3729166671875 0.3859375 0.403472221875 0.38515625 0.4201388890625 0.38828125 0.44375 0.398046875 0.459722221875 0.40625 0.459027778125 0.4109375 0.43958333281249995 0.41171875 0.4048611109375 0.403125 0.37013888906250003 0.403125 0.33125 0.396484375 0.31944444375000003 0.39140625 0.3298611109375
1 0.433203503125 0.3140766140625 0.43038374218750003 0.31449418125 0.42734375 0.321527778125 0.4296875 0.36319444375 0.421875 0.396527778125 0.42109375 0.415972221875 0.4277989671875 0.45354494062499995 0.43984375 0.45347222187499997 0.446875 0.428472221875 0.446597334375 0.4042716984375 0.440625 0.365972221875 0.4411927984375 0.3207577390625 0.437668109375 0.31699960781250003 0.433203503125 0.3140766140625
1 0.4765625 0.3145833328125 0.472265625 0.30555555624999997 0.466015625 0.30555555624999997 0.4625 0.31319444375 0.4625 0.3326388890625 0.46484375 0.35625 0.4578125 0.3826388890625 0.45625 0.403472221875 0.45703125 0.4173611109375 0.4625 0.44375 0.471875 0.4451388890625 0.47578125 0.44097222187499996 0.47890625 0.4298611109375 0.48203125 0.41180555625000004 0.48203125 0.3923611109375 0.4734375 0.35625 0.4765625 0.3145833328125
1 0.498046875 0.30416666718749996 0.4953125 0.30763888906250003 0.49453125 0.31597222187499996 0.4984375 0.3423611109375 0.49140625 0.37152777812500004 0.48984375 0.3826388890625 0.48984375 0.403472221875 0.49609375 0.43402777812500004 0.500390625 0.4375 0.50625 0.43680555625000006 0.5109375 0.428472221875 0.51484375 0.39097222187499997 0.51171875 0.365972221875 0.50625 0.3479166671875 0.50859375 0.30763888906250003 0.498046875 0.30416666718749996
1 0.378125 0.321527778125 0.373046875 0.3125 0.369140625 0.3111111109375 0.36328125 0.3201388890625 0.365625 0.36319444375 0.3578125 0.39791666718749996 0.35703125 0.41319444375 0.359375 0.43125 0.36328125 0.44097222187499996 0.36484375 0.45208333281249996 0.37265625 0.45347222187499997 0.37734375 0.45208333281249996 0.38203125 0.43263888906250003 0.38359375 0.42430555625000005 0.38359375 0.40069444374999996 0.375 0.36319444375 0.378125 0.321527778125
1 0.3484375 0.31319444375 0.345703125 0.30694444375 0.337109375 0.30694444375 0.334375 0.31319444375 0.33671875 0.35625 0.32890625 0.3854166671875 0.328125 0.40625 0.33046875 0.4270833328125 0.334375 0.43958333281249995 0.339453125 0.4458333328125 0.34609375 0.4451388890625 0.35 0.43680555625000006 0.3546875 0.41319444375 0.3546875 0.3951388890625 0.353125 0.3826388890625 0.34609375 0.35625 0.3484375 0.31319444375
1 0.308984375 0.30694444375 0.30703125 0.3145833328125 0.309375 0.34930555625 0.30234375 0.3770833328125 0.3015625 0.4048611109375 0.3078125 0.43263888906250003 0.311328125 0.4375 0.31796875 0.43680555625000006 0.321875 0.4298611109375 0.32578125 0.41041666718750003 0.3265625 0.3826388890625 0.31875 0.3479166671875 0.3203125 0.30763888906250003 0.308984375 0.30694444375
1 0.4125 0.3145833328125 0.408203125 0.30555555624999997 0.401953125 0.30555555624999997 0.3984375 0.31180555625 0.3984375 0.3201388890625 0.4015625 0.32569444375 0.403125 0.334027778125 0.40390625 0.3729166671875 0.41171875 0.409027778125 0.4109375 0.43680555625000006 0.4125 0.43958333281249995 0.41484375 0.428472221875 0.41640625 0.4270833328125 0.41875 0.39791666718749996 0.4171875 0.384027778125 0.409375 0.35208333281250004 0.4125 0.3145833328125
1 0.3828125 0.3145833328125 0.38203125 0.30763888906250003 0.379296875 0.30555555624999997 0.369140625 0.30694444375 0.36953125 0.31180555625 0.373046875 0.3138888890625 0.3765625 0.321527778125 0.375 0.3604166671875 0.38515625 0.41319444375 0.38515625 0.40625 0.3890625 0.39097222187499997 0.3890625 0.384027778125 0.38125 0.35069444375000003 0.38125 0.32569444375 0.3828125 0.3145833328125
1 0.683203125 0.30694444375 0.676953125 0.30555555624999997 0.67109375 0.31736111093749997 0.67265625 0.35902777812500003 0.665625 0.39097222187499997 0.665625 0.415972221875 0.6703125 0.44375 0.68359375 0.4479166671875 0.68671875 0.4451388890625 0.68984375 0.42569444375 0.690625 0.384027778125 0.68359375 0.3576388890625 0.6859375 0.31319444375 0.683203125 0.30694444375
1 0.63359375 0.30625 0.63671875 0.34930555625 0.6296875 0.3729166671875 0.628125 0.396527778125 0.6328125 0.43541666718750005 0.6453125 0.43819444374999994 0.65078125 0.41875 0.653125 0.384027778125 0.6453125 0.35069444375000003 0.64765625 0.30625 0.640234375 0.3013888890625 0.63359375 0.30625
1 0.12421875 0.31319444375 0.12734375 0.3423611109375 0.1203125 0.3770833328125 0.1203125 0.403472221875 0.12578125 0.43263888906250003 0.13828125 0.43541666718750005 0.1453125 0.3923611109375 0.1453125 0.3770833328125 0.1375 0.34375 0.1390625 0.30625 0.126171875 0.30416666718749996 0.12421875 0.31319444375
1 0.091796875 0.302777778125 0.08671875 0.31180555625 0.08984375 0.35625 0.08203125 0.38819444375 0.08203125 0.4145833328125 0.08828125 0.43958333281249995 0.0984375 0.44375 0.103125 0.43819444374999994 0.10703125 0.42152777812500003 0.10859375 0.384027778125 0.1 0.35208333281250004 0.10234375 0.30763888906250003 0.091796875 0.302777778125
1 0.055078125 0.3083333328125 0.04765625 0.321527778125 0.0515625 0.35625 0.0453125 0.3854166671875 0.04453125 0.4270833328125 0.049609375 0.45 0.0609375 0.45069444374999995 0.0671875 0.4451388890625 0.07109375 0.43125 0.071875 0.40069444374999996 0.0625 0.3576388890625 0.065625 0.3145833328125 0.055078125 0.3083333328125
1 0.066015625 0.3013888890625 0.06015625 0.30763888906250003 0.06484375 0.3201388890625 0.0625 0.36180555625 0.06953125 0.3895833328125 0.071875 0.42569444375 0.075 0.4270833328125 0.08125 0.38819444375 0.0796875 0.36319444375 0.07421875 0.3423611109375 0.0765625 0.30763888906250003 0.074609375 0.302777778125 0.066015625 0.3013888890625
0 0.2626306484375 0.5487730734375 0.250390625 0.5486111109375 0.244921875 0.5513888890625 0.23406033593750003 0.561382809375 0.22734375 0.5798611109375 0.2265625 0.609027778125 0.232939934375 0.6290771984375 0.242578125 0.64305555625 0.25703125 0.6465277781250001 0.266015625 0.64305555625 0.27734375 0.621527778125 0.28125 0.60625 0.28046875 0.5826388890625 0.271484375 0.55694444375 0.2626306484375 0.5487730734375