1 0.26307782031250004 0.4296875 0.27757669687500003 0.37991754375000003 0.2803526 0.3592026078125 0.27197600781250003 0.327877459375 0.27224745625 0.28953501406250004 0.269310846875 0.29280003906249996 0.26432529531250004 0.324507684375 0.25419565 0.33001769062499997 0.24686742968750003 0.34132005 0.2403172140625 0.41336467343749994 0.23076990312499998 0.4296875 0.26307782031250004 0.4296875
1 0.1322785796875 0.4296875 0.12294857343750001 0.3907379515625 0.130518775 0.3188981421875 0.116600246875 0.2875 0.1159651171875 0.2875 0.1139778765625 0.2954740515625 0.10177417656250001 0.3113212640625 0.10018467499999999 0.3390444125 0.1027573109375 0.38515089687500004 0.0999286109375 0.401653671875 0.090625 0.419238259375 0.090625 0.4296875 0.1322785796875 0.4296875
1 0.081896340625 0.2600861421875 0.0822897359375 0.193373975 0.073599021875 0.1772078375 0.0698369484375 0.1350514875 0.0689034421875 0.1760919640625 0.0596496453125 0.19747132812499998 0.063154421875 0.262567096875 0.057009465625 0.2809866734375 0.05625 0.2916166703125 0.05625 0.332350425 0.0629791953125 0.366779265625 0.07026785625000001 0.378125 0.08130712343749999 0.378125 0.08644093750000001 0.369580853125 0.0932782578125 0.335837996875 0.093889821875 0.306625828125 0.089830046875 0.28046445000000003 0.081896340625 0.2600861421875
1 0.036175078124999996 0.0711697375 0.0337322015625 0.0982621640625 0.0296875 0.10603556875 0.0296875 0.271875 0.0354280390625 0.271875 0.04318844375 0.26164190781249996 0.0472767921875 0.2282722078125 0.047458890625 0.194993425 0.040970015625 0.1674156671875 0.0450745203125 0.113249 0.0393061953125 0.09674598906250001 0.0403140875 0.0731530625 0.036175078124999996 0.0711697375
1 0.14312121875 0.11848985468749999 0.1382882671875 0.105908034375 0.13602 0.0787906078125 0.1320382671875 0.1057989390625 0.12515246875 0.1181762078125 0.1281588265625 0.17516156249999998 0.1234375 0.1915748171875 0.1234375 0.26495630625 0.12391832656249999 0.28062166093749996 0.129267925 0.2859375 0.136188878125 0.2859375 0.14270065 0.2837267203125 0.14890456406250002 0.254764240625 0.14890456406250002 0.21095884374999999 0.14309954375 0.18375399375 0.14312121875 0.11848985468749999
1 0.1910996625 0.192780746875 0.17927566875 0.19444239218749998 0.174399953125 0.2021812921875 0.1680407875 0.2758105875 0.1625 0.28802994375 0.1625 0.403125 0.1641112796875 0.403125 0.171955346875 0.3991125734375 0.1882886640625 0.35852567031250004 0.1924215578125 0.3348600078125 0.19150667500000002 0.305766078125 0.18569380625 0.2795590265625 0.197776753125 0.21272870625 0.195704190625 0.1989125515625 0.1910996625 0.192780746875
1 0.1073047390625 0.07677658281250001 0.104462821875 0.07319736875 0.103844071875 0.07319736875 0.0931775515625 0.07448652812499999 0.0953819484375 0.1050921484375 0.090625 0.134489971875 0.090625 0.15793088125000002 0.0952923234375 0.18678626874999998 0.10243085625 0.2 0.111083525 0.2 0.11377858125 0.19904886875 0.1161516515625 0.18660245 0.1161516515625 0.12947425625 0.10781726093749999 0.10450429531250001 0.1073047390625 0.07677658281250001
1 0.7537899625 0.098335775 0.751060528125 0.10454561250000001 0.7486475140625 0.166455103125 0.7453125 0.1776865609375 0.7453125 0.2828125 0.7542624015625 0.2828125 0.7573170078125 0.28180379843750003 0.7693753203125 0.2310810390625 0.7695928999999999 0.2034308078125 0.7623803796875 0.1542811125 0.768709525 0.1040260203125 0.7672722921874999 0.0981563046875 0.76183980625 0.09399434375 0.7537899625 0.098335775
1 0.7933693203125 0.0942648703125 0.7933101734375001 0.0942684484375 0.78883766875 0.103694671875 0.7876852609375 0.15940809375 0.7859375 0.16553888125 0.7859375 0.2703125 0.788816946875 0.2703125 0.79595889375 0.2688464859375 0.8064139171875 0.2240681109375 0.8065232171875 0.1952460078125 0.8002391890624999 0.1594293609375 0.8056121921875 0.10310574531250001 0.804139815625 0.09694909375 0.8006648015625 0.0942648703125 0.7933693203125 0.0942648703125
1 0.7329230171875001 0.2160226078125 0.7247334515625 0.174626303125 0.724095909375 0.1606645734375 0.7277688015624999 0.106180625 0.7264757187499999 0.0968121046875 0.723211540625 0.0924087078125 0.721947746875 0.0921875 0.71318869375 0.0921875 0.709375 0.0964102453125 0.709375 0.1917885015625 0.7175090796875 0.1987080875 0.7251913421875 0.21269852656250002 0.7300751 0.2375 0.7306857125 0.2375 0.7323572406250001 0.235467053125 0.7329230171875001 0.2160226078125
1 0.6801269296875 0.195852903125 0.677071959375 0.1837431296875 0.6777705578125 0.15319969687499999 0.6837798453125 0.10518489687499999 0.6817396046875001 0.0977289984375 0.6757958109375 0.0897192203125 0.667446315625 0.09230303749999999 0.6634888906249999 0.101008415625 0.6609961531249999 0.1713302953125 0.6498377921875 0.209038684375 0.6484375 0.220089928125 0.6484375 0.2773748484375 0.650389253125 0.2933221890625 0.6532134359375 0.30033330625 0.655923740625 0.3015625 0.6672771328125 0.3015625 0.669665471875 0.292844796875 0.66464029375 0.2612420890625 0.6658597281249999 0.2307107796875 0.6801269296875 0.195852903125
1 0.6437013874999999 0.20566061093750002 0.634626359375 0.16821334375000002 0.6374012109375 0.1078461484375 0.6352586234375 0.097782303125 0.6292394124999999 0.0930385640625 0.620927625 0.0972276296875 0.6186242765625 0.10430858437499999 0.620563859375 0.169032390625 0.6124460015625 0.20655479062499998 0.6109375 0.223043496875 0.6109375 0.23586630937500003 0.612226834375 0.2584369765625 0.61919159375 0.29137595625 0.6200735953125001 0.29375 0.6357152968750001 0.29375 0.637436921875 0.29309200468749996 0.64457236875 0.26581546093749997 0.6465371906249999 0.24532375156250003 0.6437013874999999 0.20566061093750002
1 0.5812222 0.1014519703125 0.5795146453125 0.120006909375 0.5803848781250001 0.154973571875 0.575 0.175459234375 0.575 0.2796875 0.5869449265625 0.2796875 0.5988974859375 0.23018651562499998 0.599115065625 0.20251799843749999 0.591843209375 0.1541723265625 0.59811301875 0.1048797328125 0.596273625 0.097173253125 0.592284965625 0.0946868375 0.585454796875 0.0960862265625 0.5812222 0.1014519703125
1 0.559375 0.26875 0.5678042796875 0.26875 0.568359440625 0.267703596875 0.5716183453125 0.24500578593750003 0.5716183453125 0.18945399375 0.5637546203125 0.1594308828125 0.5646310890625 0.1075184109375 0.5628530765625 0.09830461562500001 0.559375 0.095800265625 0.559375 0.26875
0 0.7283375078125001 0.21487770624999997 0.718507759375 0.1970827875 0.7072302171875 0.1881023453125 0.692646884375 0.18844177499999998 0.6810779218749999 0.1970296828125 0.6701444984375 0.2143835796875 0.6671875 0.2229891078125 0.6671875 0.2967229125 0.6751222671875 0.30993203125 0.679222409375 0.3125 0.702308325 0.3125 0.712452246875 0.304441703125 0.7244273328124999 0.28706356093749996 0.7309390578125 0.2628803859375 0.7326229578125 0.24065816406249999 0.7283375078125001 0.21487770624999997
1 0.25367427187499997 0.4296875 0.24375 0.45610607343750004 0.24375 0.53125 0.258199525 0.53125 0.2771973640625 0.489944225 0.27783353437499997 0.4296875 0.25367427187499997 0.4296875
1 0.0760406890625 0.4296875 0.07329735 0.43115815937499996 0.0716595796875 0.49520491250000004 0.0625 0.516885234375 0.0625 0.61875 0.08758084375 0.61875 0.1004628734375 0.5755085390625 0.1025661046875 0.5393974265625 0.092331125 0.49956134375000005 0.1023022296875 0.436146053125 0.09887457499999999 0.4296875 0.0760406890625 0.4296875
1 0 0.726107321875 0.00115199375 0.728125 0.014346651562500002 0.728125 0.0300425765625 0.724426165625 0.0397499359375 0.6777866671874999 0.03679564375 0.6358286375000001 0.021260529687499998 0.5957743046874999 0.027286171874999997 0.5321767765625001 0.016905999999999997 0.5170227781250001 0.0025641859375 0.5170227781250001 0 0.5208410921875 0 0.726107321875
1 0.12574030625 0.4296875 0.1203125 0.44295255000000006 0.1203125 0.5359375 0.133801565625 0.5359375 0.1379969109375 0.535091978125 0.153345040625 0.489773446875 0.149321528125 0.4296875 0.12574030625 0.4296875
1 0.0069314234375000006 0.4296875 0 0.47560431875 0 0.5045981703125 0.0048237125 0.5189925828125 0.021490378125 0.51850763125 0.028740415624999998 0.5296875 0.0332503578125 0.5296875 0.0422335671875 0.51275534375 0.0422335671875 0.4653895796875 0.0305903328125 0.4296875 0.0069314234375000006 0.4296875
1 0.2221513859375 0.4296875 0.2135953640625 0.4892162578125 0.1953125 0.5314160671875 0.1953125 0.61875 0.20596070156250001 0.61875 0.21662343125 0.6139253171875 0.23499553906249998 0.5635858828125 0.23213487656249998 0.4915576234375 0.24926560000000003 0.43015557031249996 0.248944409375 0.4296875 0.2221513859375 0.4296875
1 0.12424210937499999 0.727286340625 0.13391535937500001 0.663579275 0.11384895312500001 0.6396227 0.094299703125 0.6601105671875 0.0971587734375 0.7268135984375 0.0787966421875 0.7598196500000001 0.0734375 0.7901931453125 0.0734375 0.7960190140625001 0.0818819703125 0.8459671265625002 0.0978353203125 0.8671875 0.117073275 0.8671875 0.12781226875 0.8551004828125001 0.1404094328125 0.8129410406249999 0.1404094328125 0.786079621875 0.1393102765625 0.7692075609375 0.12424210937499999 0.727286340625
1 0.1633312390625 0.5260451921875 0.15640669375 0.5899825703125 0.1390625 0.6287947515625 0.1390625 0.7220174859374999 0.143253496875 0.728125 0.15425031875 0.728125 0.16713663125 0.7228310046875001 0.1863506921875 0.6613804609375 0.18224864375 0.5782895781249999 0.1964540859375 0.528047128125 0.184280584375 0.5103067593749999 0.1633312390625 0.5260451921875
1 0.66831483125 0.583054984375 0.6628482453125 0.5421852109375 0.6576498609375 0.5236560578125 0.640867909375 0.495181534375 0.6271580203125 0.492465075 0.60238088125 0.492465075 0.5710285296875 0.51623253125 0.5640625 0.5357348843749999 0.5640625 0.651977546875 0.5695760328125 0.6683417453125 0.5931433562499999 0.6828125 0.601814278125 0.6828125 0.6158847796875 0.6816159421875 0.633881215625 0.6690294437500001 0.6524981953125 0.639052234375 0.664757678125 0.60371071875 0.66831483125 0.583054984375