1 0.672331559375 0.052578501562500005 0.669344528125 0.2024875734375 0.6546875 0.25800275 0.6546875 0.4921875 0.6936362578124999 0.4921875 0.7100632953125 0.4288105015625 0.7173540671875 0.36478521875 0.718847584375 0.289830684375 0.702609771875 0.1904217171875 0.7159683734375 0.0540832859375 0.6977387609375001 0.02270714375 0.681774203125 0.0314951171875 0.672331559375 0.052578501562500005
1 0.734763503125 0.07701192968750001 0.7354739140625 0.190928090625 0.725 0.240874578125 0.725 0.4890625 0.7350428234375 0.4890625 0.7581011875 0.4827856546875 0.7808282765625 0.36900585 0.7800313296875 0.302321003125 0.7643853984375 0.21332302812499998 0.7753885031250001 0.0772482796875 0.761466271875 0.05077303125 0.7457442703125 0.05345990625 0.734763503125 0.07701192968750001
1 0.5875 0.41302083281249996 0.603125 0.4796875 0.63515625 0.4782986109375 0.6515625 0.4046875 0.6515625 0.2907986109375 0.634375 0.21024305625 0.640625 0.08524305625 0.62578125 0.061631943749999994 0.61015625 0.0671875 0.603125 0.082465278125 0.60625 0.2157986109375 0.5890625 0.2907986109375 0.5875 0.41302083281249996
1 0.53359375 0.48663194374999996 0.546875 0.48802083281249997 0.5703125 0.482465278125 0.590625 0.36024305624999997 0.5875 0.2935763890625 0.5671875 0.2046875 0.575 0.0713541671875 0.56640625 0.044965278125 0.55390625 0.03663194375 0.54140625 0.044965278125 0.5328125 0.06857638906249999 0.5359375 0.207465278125 0.5125 0.3185763890625 0.5125 0.37413194375000003 0.5234375 0.46302083281249995 0.53359375 0.48663194374999996
1 0.7828125 0.46579861093749997 0.79375 0.482465278125 0.8234375 0.47690972187499997 0.8390625 0.3796875 0.8375 0.31024305625 0.81875 0.2046875 0.825 0.0935763890625 0.80859375 0.069965278125 0.79296875 0.0782986109375 0.7875 0.0935763890625 0.7921875 0.2130208328125 0.7828125 0.2713541671875 0.7921875 0.326909721875 0.7921875 0.3796875 0.7828125 0.46579861093749997
1 0.8328125 0.46302083281249995 0.8421875 0.47690972187499997 0.86875 0.47413194374999995 0.8875 0.3546875 0.8671875 0.21857638906250001 0.8734375 0.1130208328125 0.86015625 0.089409721875 0.84453125 0.094965278125 0.8375 0.11579861093749999 0.8421875 0.2157986109375 0.8328125 0.282465278125 0.840625 0.3657986109375 0.8328125 0.46302083281249995
1 0.6640625 0.107465278125 0.6703125 0.22135416718749998 0.678125 0.18802083281249998 0.67109375 0.089409721875 0.6640625 0.107465278125
1 0.471875 0.4046875 0.4859375 0.4713541671875 0.51640625 0.47274305625 0.5203125 0.46302083281249995 0.5109375 0.3296875 0.521875 0.2657986109375 0.515625 0.18802083281249998 0.521875 0.09913194374999999 0.51015625 0.07552083281250001 0.49765625 0.07552083281250001 0.4859375 0.09635416718749999 0.4890625 0.22135416718749998 0.471875 0.29635416718749996 0.471875 0.4046875
1 0.409375 0.46302083281249995 0.425 0.4796875 0.4515625 0.4713541671875 0.4703125 0.357465278125 0.4671875 0.2935763890625 0.4484375 0.2130208328125 0.4546875 0.08524305625 0.44140625 0.053298610937500004 0.42734375 0.053298610937500004 0.415625 0.07413194375 0.41875 0.2130208328125 0.39375 0.33524305625 0.3984375 0.407465278125 0.409375 0.46302083281249995
1 0.13594830468750002 0.509375 0.1352300734375 0.5167918 0.128125 0.5455418578125 0.128125 0.5859375 0.16201854375 0.5859375 0.16160069375 0.559029003125 0.153255415625 0.5148800734375001 0.153708559375 0.509375 0.13594830468750002 0.509375
2 0 0.6685958953125001 0.01640625 0.6689236109375 0.283984375 0.6682291671875 0.319921875 0.65850694375 0.358203125 0.65850694375 0.369921875 0.666840278125 0.37265625 0.65225694375 0.37265625 0.6036458328125 0.369921875 0.5932291671875001 0.365234375 0.5918402781250001 0.080078125 0.5890625 0.051171875 0.5946180562500001 0 0.592434721875 0 0.6685958953125001
1 0.8412682593749998 0.8109375 0.8429039203125 0.8092962218749999 0.8388578078125001 0.793691875 0.843204853125 0.7380757 0.8403287734374999 0.7256742046875 0.83259173125 0.7240496734375 0.828125 0.733508371875 0.828125 0.8109375 0.8412682593749998 0.8109375
1 0.8098623281249999 0.7816437546875 0.8122943593749999 0.7418350015625 0.8111522015624999 0.7297888734375 0.808009290625 0.72282473125 0.8007822906250001 0.72093045625 0.795624203125 0.7269201921875 0.79375 0.7347374640625001 0.79375 0.7474141140625 0.7966833125 0.801015475 0.79375 0.8043374421875 0.79375 0.8134668640625 0.7939420109374999 0.8140625 0.8132372921875 0.8140625 0.8147184765625 0.806677084375 0.8113313140624999 0.7992484671875 0.8098623281249999 0.7816437546875
1 0.7427083328125 0.8073495375 0.7442708328125001 0.8129050921874998 0.76171875 0.8133680562500001 0.7640625 0.8082754624999999 0.759375 0.7823495375 0.7630208328125001 0.7379050921875 0.7609375 0.7286458328125001 0.7565104171874999 0.723553240625 0.74921875 0.7254050921874999 0.7453125 0.7369791671874999 0.746875 0.7777199078125 0.7427083328125 0.8073495375
1 0.7026041671875 0.81475694375 0.7135416671874999 0.817534721875 0.7265625 0.81475694375 0.7208333328125001 0.7897569437499999 0.7229166671874999 0.7351273140625001 0.7190104171874999 0.7244791671874999 0.7111979171874999 0.7226273140625 0.70625 0.729571759375 0.7046875 0.7379050921875 0.7072916671874999 0.7879050921874999 0.7026041671875 0.81475694375
1 0.6635416671875 0.81475694375 0.6734375 0.8156828703125001 0.6854166671874999 0.81475694375 0.6807291671875 0.798090278125 0.6822916671874999 0.7379050921875 0.6807291671875 0.7304976859375 0.67578125 0.723553240625 0.6684895828125 0.7272569437499999 0.6651041671875 0.741608796875 0.6671875 0.7888310187500001 0.6635416671875 0.81475694375
1 0.5838541671874999 0.81475694375 0.5859375 0.817534721875 0.60234375 0.8179976859375 0.60625 0.81475694375 0.6005208328125 0.7897569437499999 0.6026041671875 0.7379050921875 0.59921875 0.7272569437499999 0.59453125 0.7244791671874999 0.5893229171875 0.7263310187500001 0.5854166671875 0.73883101875 0.5875 0.7869791671874999 0.5838541671874999 0.81475694375
2 1 0.8370596796875001 0.9971354171875 0.8133680562500001 0.97734375 0.81429398125 0.97421875 0.811516203125 0.9533854171874999 0.81429398125 0.8794270828125 0.811516203125 0.84453125 0.8161458328125001 0.8247395828125 0.8133680562500001 0.8096354171875 0.8179976859375 0.76953125 0.8133680562500001 0.7575520828125001 0.8189236109374999 0.7424479171874999 0.8189236109374999 0.73828125 0.81429398125 0.73515625 0.8179976859375 0.73046875 0.8152199078125001 0.7169270828125001 0.8198495375 0.65703125 0.8179976859375 0.48359375 0.8226273140625 0.46640625 0.8281828703125 0.43151041718750005 0.8281828703125 0.42864583281249996 0.8351273140625001 0.42864583281249996 0.848090278125 0.43515625 0.8476273140625 0.4369791671875 0.8517939812499999 0.42864583281249996 0.854571759375 0.428125 0.898090278125 0.43645833281249996 0.90086805625 0.44296875 0.8994791671875 0.44453125 0.8902199078125002 0.45494791718750005 0.8967013890625001 0.48359375 0.8994791671875 0.49036458281249995 0.8967013890625001 0.53515625 0.898553240625 0.57421875 0.8957754625 0.6091145828125001 0.8994791671875 0.6221354171875 0.8957754625 0.65703125 0.9004050921874999 0.68203125 0.8976273140625001 0.7080729171875 0.8994791671875 0.7111979171874999 0.8967013890625001 0.73828125 0.8994791671875 0.7596354171874999 0.8948495375000001 0.7690104171875 0.8976273140625001 0.8143229171874999 0.8967013890625001 0.86328125 0.8911458328125 0.9466145828125001 0.8902199078125002 0.9565104171875 0.8874421296874999 0.98203125 0.8874421296874999 0.9950520828125 0.8911458328125 1 0.8856074234375001 1 0.8370596796875001