1 0.5196587781249999 0.0578443828125 0.522143425 0.035430984375 0.5238636359375001 0.011014343749999999 0.51779524375 0.005546415625 0.5111363640625 0.0028176234375 0.5072353375 0.012083671875 0.5020454546875 0.016478825 0.50288715625 0.070918890625 0.5020454546875 0.0929815578125 0.4947727265625 0.11483948125000001 0.4948119015625 0.1885893328125 0.49978129843749997 0.2119366453125 0.5275000000000001 0.21320013593749998 0.5311363640625 0.1694842890625 0.5320822140625 0.1502997546875 0.5320822140625 0.1306879890625 0.5238636359375001 0.0984460375 0.5196587781249999 0.0578443828125
1 0.4875 0.1749487703125 0.4911363640625 0.1694842890625 0.4911363640625 0.13123292343749998 0.4875 0.1257684421875 0.4875 0.109375 0.48022727343750005 0.08751707656249999 0.476797909375 0.06811721875 0.48022727343750005 0.011014343749999999 0.4747727265625 0.0028176234375 0.4638636359375 0.0028176234375 0.458409090625 0.011014343749999999 0.460026290625 0.06811721875 0.458409090625 0.10391051874999999 0.45113636406249996 0.1257684421875 0.45113636406249996 0.1913422125 0.44749999999999995 0.19680669374999998 0.44749999999999995 0.20773565624999998 0.456590909375 0.2213968578125 0.48386363593750004 0.21866461718750002 0.4875 0.20773565624999998 0.4875 0.1749487703125
1 0.414920721875 0 0.4128171921875 0.0102158796875 0.41343840312499996 0.0830594859375 0.4066054765625 0.10453900468749999 0.418409090625 0.1257684421875 0.4220454546875 0.1366974046875 0.4220454546875 0.15309084687500002 0.42568181875000005 0.158555328125 0.42568181875000005 0.1858777328125 0.4220454546875 0.1913422125 0.418409090625 0.2241290984375 0.4329545453125 0.2241290984375 0.4402272734375 0.21320013593749998 0.4402272734375 0.1858777328125 0.4438636359375 0.18041325156250002 0.4438636359375 0.1257684421875 0.4402272734375 0.1203039625 0.4402272734375 0.10391051874999999 0.4329545453125 0.0820525953125 0.4329545453125 0.0000853828125 0.4328598484375 0 0.414920721875 0
1 0.36875 0 0.36875 0.0820525953125 0.378409090625 0.0820525953125 0.378409090625 0 0.36875 0
0 0.36875 0.25861225 0.38568181875 0.256915984375 0.4020454546875 0.24325478125000002 0.41477272656249997 0.2241290984375 0.4220454546875 0.202271175 0.4220454546875 0.1421618859375 0.41477272656249997 0.1203039625 0.4020454546875 0.10117827812499999 0.3875 0.0902493171875 0.376590909375 0.0902493171875 0.3729545453125 0.0847848359375 0.36931818125000004 0.0902493171875 0.36875 0.0902493171875 0.36875 0.25861225
1 0.14151475625 1 0.1427083328125 0.99710648125 0.1359375 0.93506944375 0.1125 0.844328703125 0.1041666671875 0.8008101859375 0.10260416718750001 0.749884259375 0.1052083328125 0.6739583328125001 0.10364583281249999 0.6582175921875 0.1010416671875 0.64710648125 0.09244791718749999 0.6309027781250001 0.08151041718749999 0.6234953703125 0.07109375 0.625347221875 0.06119791718749999 0.6355324078125 0.054166667187499996 0.6554398140625001 0.05208333281250001 0.6739583328125001 0.0536458328125 0.7035879625 0.0614583328125 0.7526620375 0.0645833328125 0.786921296875 0.06510416718749999 0.8295138890625001 0.051041667187499994 0.8989583328125 0.05 0.9165509265625001 0.054166667187499996 0.94710648125 0.0571419265625 1 0.14151475625 1
1 0.1550130203125 1 0.1591145828125 0.99756944375 0.1604166671875 0.9924768515625001 0.1604166671875 0.956365740625 0.1583333328125 0.9332175921874999 0.1369791671875 0.8508101859374999 0.1369791671875 0.74710648125 0.13046875 0.728125 0.12421875 0.7234953703125 0.1158854171875 0.724421296875 0.10729166718750001 0.7359953703125 0.1041666671875 0.7508101859374999 0.1046875 0.7785879625 0.109375 0.8165509265625 0.11875 0.8665509265625001 0.1307291671875 0.9082175921874999 0.1328125 0.9267361109374999 0.1359375 0.9332175921874999 0.1421875 0.999884259375 0.142234003125 1 0.1550130203125 1
1 0.014583332812499999 0.7943287031249999 0.0302083328125 0.84710648125 0.034375 0.8526620375 0.0369791671875 0.8276620375 0.0364583328125 0.7952546296875 0.02890625 0.780902778125 0.0190104171875 0.780902778125 0.0140625 0.787847221875 0.014583332812499999 0.7943287031249999
1 0.1375 0.7767361109375 0.1359375 0.7915509265624999 0.1364583328125 0.8489583328125001 0.1588541671875 0.93506944375 0.1609375 0.9767361109374999 0.1598958328125 0.99710648125 0.1666666671875 0.9989583328125 0.17135416718750002 0.9924768515625001 0.1734375 0.97210648125 0.171875 0.9322916671874999 0.1552083328125 0.869328703125 0.153125 0.787847221875 0.1481770828125 0.7753472218749999 0.13984375 0.7725694437499999 0.1375 0.7767361109375
1 0.6751482171875001 0.7734375 0.6974612515625 0.7734375 0.7 0.7603621671875 0.7 0.6665301375 0.693080925 0.6350155375 0.693418615625 0.5601734031250001 0.687680475 0.5481849328124999 0.678761653125 0.5447362250000001 0.6731186906250001 0.5480057984375 0.668461715625 0.5601308671874999 0.672703771875 0.6306985703125 0.6642554703125001 0.6698029906249999 0.6633359015625 0.719645125 0.6647223859375 0.734538871875 0.673396934375 0.7721679046875 0.6751482171875001 0.7734375
1 0.6334002515625 0.7670194671875 0.63783625 0.771875 0.6533521671875 0.771875 0.65625 0.768405190625 0.65625 0.6475364031249999 0.651808715625 0.63063408125 0.652859203125 0.5594287125 0.6486161828125001 0.5477409812499999 0.63702314375 0.542777946875 0.6324164671875 0.54541933125 0.6282183890624999 0.5531608890624999 0.6273922578125 0.5605379859374999 0.63253788125 0.630073359375 0.6247074984375001 0.6650009140625001 0.6241598421875001 0.717718071875 0.627518378125 0.7437197718749999 0.6334002515625 0.7670194671875
1 0.5950520828125001 0.6760995375000001 0.6044270828125 0.6899884265624999 0.6166666671875 0.7219328703125 0.6192708328125001 0.6571180562500001 0.6119791671874999 0.622858796875 0.6140625 0.5534143515625 0.61015625 0.542766203125 0.5986979171875 0.5390625 0.5934895828125001 0.541840278125 0.5895833328125001 0.5506365734375 0.5916666671874999 0.6247106484375 0.5833333328125001 0.6654513890625 0.5950520828125001 0.6760995375000001
0 0.5627604171875 0.67054398125 0.5502604171875001 0.68258101875 0.5390625 0.70804398125 0.5354166671875 0.730266203125 0.5375 0.7635995375 0.5416666671875 0.7774884265625 0.5565104171875 0.8020254625 0.56640625 0.80850694375 0.5838541671874999 0.8089699078125001 0.5981770828125 0.7964699078125 0.6119791671874999 0.77008101875 0.6166666671875 0.7339699078125 0.6072916671874999 0.6978587968750001 0.5940104171874999 0.6760995375000001 0.5846354171874999 0.6686921296875 0.5627604171875 0.67054398125