1 0.15487869062499998 0.409375 0.14914800625 0.381426571875 0.1509212515625 0.3379080546875 0.15581949374999998 0.2945350859375 0.1500825140625 0.2752503765625 0.1424586578125 0.2702568734375 0.13401213750000002 0.27264651875 0.12724911875 0.2913490328125 0.125566065625 0.30704125625 0.1291143421875 0.3480245796875 0.1279447546875 0.3767282828125 0.1252577640625 0.391446065625 0.1189359515625 0.409375 0.15487869062499998 0.409375
1 0.1171875 0.409375 0.1171875 0.38923715468750003 0.11355364999999999 0.37482422656250003 0.1120304625 0.3461538984375 0.11399143593750001 0.31262030625000004 0.1130537484375 0.2857684546875 0.10708382187500001 0.27176705624999997 0.09982313125 0.2684956375 0.09707317343750001 0.2684956375 0.09044948750000001 0.2737610296875 0.086035084375 0.2893558859375 0.0926879828125 0.3752333609375 0.0866025328125 0.409375 0.1171875 0.409375
1 0.2408529375 0.409375 0.23373736093750003 0.374046875 0.23371220468749998 0.35279004375 0.2393227984375 0.2904372734375 0.2360433359375 0.2749727984375 0.2298796265625 0.26930211718749997 0.22459441406249997 0.26930211718749997 0.218171565625 0.272167721875 0.211869490625 0.2860475125 0.21087453125 0.30645734999999996 0.21387383125 0.3339588609375 0.21340331093749998 0.3765119890625 0.20513509531250002 0.409375 0.2408529375 0.409375
1 0.3257487640625 0.409375 0.3150390625 0.3669180203125 0.3186848953125 0.28513893281249997 0.3160807296875 0.27331447343750004 0.3116536453125 0.26580548125000003 0.3046733203125 0.26460249999999996 0.3001482921875 0.26460249999999996 0.2936848953125 0.27236485 0.29055989531250004 0.28558290468749997 0.2952473953125 0.3685336 0.285986584375 0.409375 0.3257487640625 0.409375
1 0.4078125 0.409375 0.4078125 0.3931196671875 0.39868917812500004 0.364359125 0.39792621562499997 0.303369353125 0.395547653125 0.274604978125 0.38958295781249996 0.2636383125 0.381120246875 0.2603751734375 0.373457025 0.2687012765625 0.37093578437499997 0.2814822265625 0.3789837625 0.3650582421875 0.3713296625 0.409375 0.4078125 0.409375
1 0.2711528921875 0.409375 0.27087529843749997 0.4050081875 0.264216565625 0.37054284531250004 0.27147532343749997 0.2816903234375 0.2695831890625 0.2705186 0.2631156328125 0.2615586484375 0.25686563281249997 0.261413178125 0.2508397828125 0.265909459375 0.24479415312500002 0.2829239265625 0.243739246875 0.3645023859375 0.242315675 0.369401040625 0.242315675 0.409375 0.2711528921875 0.409375
1 0.1983018796875 0.409375 0.1892664765625 0.36842091250000003 0.190714009375 0.32856358281250003 0.194550196875 0.2977529359375 0.1938964515625 0.2811713 0.18874019375 0.268191784375 0.1824593015625 0.266056396875 0.1789520578125 0.266056396875 0.1725512578125 0.271361609375 0.1673124 0.284265503125 0.1683900390625 0.371973375 0.162535090625 0.3942186515625 0.162535090625 0.409375 0.1983018796875 0.409375
1 0.07776567031250001 0.409375 0.0708224265625 0.3744731453125 0.072920225 0.2875725859375 0.0684150328125 0.2739146453125 0.06422143125 0.26906664999999996 0.056924379687500005 0.2677585859375 0.04993353125 0.2743345359375 0.045853053125 0.2889309859375 0.04997831875 0.3715294640625 0.041838914062499996 0.40442606562499994 0.041588590625 0.409375 0.07776567031250001 0.409375
1 0.1367481484375 0.2741913109375 0.1453125 0.27344306875 0.1453125 0.2699683640625 0.1446225390625 0.2663252484375 0.14012928125 0.26324708281250003 0.13003920625 0.26539070625 0.12304604374999999 0.279358728125 0.120214315625 0.364744171875 0.1174649375 0.3736111125 0.1174649375 0.3984375 0.11805436875 0.3984375 0.1251017703125 0.3771483515625 0.1260529765625 0.311173975 0.129363646875 0.28627410468750003 0.1367481484375 0.2741913109375
1 0.03125 0.409375 0.03125 0.37596689375 0.028078814062500002 0.360235825 0.0279022515625 0.28060619375 0.0219646578125 0.2671802671875 0.017147821875 0.2634765671875 0.0078698234375 0.2662543421875 0.002413753125 0.28153211875 0.0080249859375 0.36764322968749996 0.00042798749999999996 0.409375 0.03125 0.409375
1 0.1017090375 0.803125 0.1268141078125 0.803125 0.13481637500000002 0.794613253125 0.153295765625 0.7509020890625 0.1578125 0.7050258312500001 0.1578125 0.68633104375 0.1517597265625 0.6519973015625 0.133966521875 0.596907178125 0.1383878234375 0.5157210171875001 0.13294663281250002 0.49899538125 0.1188174453125 0.49058567656249996 0.10627996718749999 0.49775336249999996 0.10076767499999999 0.5100930171875 0.10158667187499999 0.5992748750000001 0.0833186515625 0.6556623687500001 0.0833186515625 0.7643062625000001 0.094816375 0.792750225 0.1017090375 0.803125
1 0.4890625 0.409375 0.45793177656250006 0.409375 0.457370053125 0.47503167812499997 0.43361715624999997 0.5424796015625 0.433287378125 0.5461804109375 0.433287378125 0.608149228125 0.4418992109375 0.639358665625 0.47601251875 0.646875 0.4779495140625 0.646875 0.4890625 0.6239336015625 0.4890625 0.48704054062499996 0.4852378703125 0.46905832968750005 0.4890625 0.42317809375 0.4890625 0.409375
1 0.238631540625 0.409375 0.245511665625 0.47387542656250004 0.23172783125000002 0.5348002562499999 0.2308268859375 0.5868304828124999 0.2390250578125 0.6201007828125 0.26022622812499996 0.6589508937499999 0.26647155 0.6609375 0.2819687859375 0.6609375 0.28926527343749997 0.651961778125 0.29375 0.6389271140625 0.29375 0.5298584906249999 0.27458073125000004 0.4794264859375 0.27040664375 0.409375 0.238631540625 0.409375
1 0.3493579890625 0.760480634375 0.3647984984375 0.7279089609375 0.331963196875 0.7106791828125 0.32875604062499997 0.6999503671875 0.33320938906249997 0.6651858453124999 0.3445706296875 0.65285899375 0.36222445468750003 0.6552070125 0.36654940156250004 0.6398107093750001 0.3702501359375 0.6515195703125001 0.371875 0.6441857437499999 0.371875 0.63753186875 0.3580479484375 0.5727821625 0.36560008437499997 0.489661734375 0.3581963875 0.47496100781250006 0.341653671875 0.47263884999999994 0.3297966265625 0.4927026453125 0.3255778234375 0.5759006531249999 0.30656008749999997 0.6228373828125 0.30656008749999997 0.752789703125 0.3126890953125 0.768344203125 0.3173732796875 0.7734375 0.3371176921875 0.7734375 0.3493579890625 0.760480634375
1 0.0208669515625 0.409375 0.0220206140625 0.47781149375 0.0052518453125000005 0.5330838390625 0.0052518453125000005 0.6059406578125 0.00820111875 0.6189052453125 0.031759553125 0.6073293828125 0.043846715625 0.6121343984375001 0.049665196875 0.6242080859375 0.050186299999999996 0.6453125 0.051099568750000005 0.6453125 0.07251769531249999 0.5953147984375 0.0734375 0.5753911406250001 0.0734375 0.5423635109375 0.05215567343750001 0.46955990625000005 0.053556492187500006 0.409375 0.0208669515625 0.409375
0 0.4890625 0.8134137499999999 0.47114597031249994 0.8000531828125 0.4489350015625 0.8008227984375 0.43454682031249997 0.8097369796875 0.41418819687499997 0.8425088390625 0.40550186093749996 0.8768592359374999 0.40688304531249997 0.9233391328125 0.4137185078125 0.9527020546875 0.4333486265625 0.9856359874999999 0.4481057625 0.9984375 0.481876471875 0.9984375 0.4890625 0.9934311453125 0.4890625 0.8134137499999999
2 0.4890625 0.9079909359375 0.63160589375 0.8930754671875001 0.6979798171875 0.8894323921874999 0.7025056796875 0.8960216390625 0.72421905 0.9013084953125 0.770377453125 0.8950379406250001 0.7765625 0.8869541625 0.7765625 0.8326583656250002 0.4890625 0.8326583656250002 0.4890625 0.9079909359375