2 0.4390625 0.011522321875 0.36057869375 0.0096897671875 0.33609293125 0.013574623437499999 0.3106676984375 0.007719076562500001 0 0.0011146687500000001 0 0.09583915 0.14776218125 0.09755851875 0.40930292343749997 0.1033816703125 0.41779777500000004 0.1111251015625 0.42220887500000004 0.1390625 0.4390625 0.1390625 0.4390625 0.011522321875
1 0.45672503124999997 0 0.455214559375 0.0483539078125 0.451044459375 0.0802801703125 0.44222344375 0.108462171875 0.44222344375 0.3234375 0.45324374062499995 0.3234375 0.4649234984375 0.3126064234375 0.479715715625 0.26551146875 0.4893793046875 0.214186215625 0.492440403125 0.176686215625 0.49168388749999997 0.1572144984375 0.48302623593750005 0.1195781390625 0.4817275890625 0.0875882421875 0.4860481671875 0.025079151562500002 0.49195327187500004 0 0.45672503124999997 0
1 0.5955469703125 0 0.594980196875 0.0070897500000000006 0.5807261703125001 0.0443255890625 0.5807261703125001 0.1921875 0.5952893359375 0.1921875 0.6084492453125 0.1629180265625 0.6216514203125 0.10330489062499999 0.6228282578125001 0.0727402453125 0.61701341875 0.0170756015625 0.619373525 0 0.5955469703125 0
1 0.3296875 0.4773772 0.32294548125 0.4759438796875 0.3143331796875 0.49044085312499996 0.3134900890625 0.5390883265624999 0.30930195 0.5533683453125 0.30930195 0.653125 0.3190045921875 0.653125 0.32721452812499996 0.629611553125 0.3296875 0.611687521875 0.3296875 0.585773775 0.325876715625 0.540622665625 0.3296875 0.5101269796875 0.3296875 0.4773772
1 0.2890625 0.6088042125 0.2890625 0.6007568421875 0.287499578125 0.5738642015625001 0.282584640625 0.55295814375 0.285007534375 0.5029490531249999 0.28277257499999997 0.4890238015625 0.27782795625 0.486881378125 0.2696495484375 0.4986005734375 0.26921438750000004 0.5541924921875 0.264189459375 0.5702731453125 0.264189459375 0.6625 0.278242521875 0.6625 0.2850371109375 0.648891475 0.2890625 0.6088042125
1 0.22734375 0.6010416671875001 0.2359375 0.65243055625 0.25078125 0.6552083328125 0.259375 0.62881944375 0.2609375 0.594097221875 0.25 0.5454861109375 0.2515625 0.487152778125 0.247265625 0.4767361109375 0.240234375 0.4767361109375 0.234375 0.48854166718750003 0.23828125 0.5399305562500001 0.22890625 0.5802083328125 0.22734375 0.6010416671875001
1 0.2015625 0.6413194437499999 0.205078125 0.64618055625 0.21640625 0.6454861109375 0.225 0.6107638890625 0.2265625 0.5857638890625 0.21484375 0.5329861109375 0.2171875 0.4760416671875 0.206640625 0.46840277812500003 0.2 0.48020833281249997 0.20390625 0.531597221875 0.19375 0.574652778125 0.19375 0.60381944375 0.2015625 0.6413194437499999
1 0.1609375 0.559375 0.16015625 0.58993055625 0.1671875 0.6302083328125 0.169921875 0.63506944375 0.18125 0.6357638890625 0.18828125 0.6135416671875 0.1921875 0.581597221875 0.18125 0.5177083328125 0.18515625 0.474652778125 0.183203125 0.4670138890625 0.169140625 0.4670138890625 0.1671875 0.481597221875 0.1703125 0.5232638890625 0.1609375 0.559375
1 0.3640625 0.5329861109375 0.3546875 0.574652778125 0.3546875 0.6024305562500001 0.36171875 0.6413194437499999 0.375 0.6454861109375 0.37890625 0.6427083328125001 0.38515625 0.612152778125 0.38671875 0.581597221875 0.37578125 0.5302083328125 0.378125 0.4732638890625 0.373828125 0.4670138890625 0.366796875 0.4670138890625 0.36171875 0.4760416671875 0.3640625 0.5329861109375
1 0.3984375 0.5954861109375 0.40625 0.631597221875 0.41953125 0.6329861109375 0.4234375 0.62743055625 0.428125 0.596875 0.42890625 0.5635416671875 0.41875 0.5204861109375 0.42109375 0.46909722187499997 0.405859375 0.465625 0.40390625 0.481597221875 0.4078125 0.5204861109375 0.39765625 0.56493055625 0.3984375 0.5954861109375
1 0.3421875 0.62881944375 0.35078125 0.5927083328125 0.35078125 0.5704861109375 0.340625 0.524652778125 0.34296875 0.46909722187499997 0.329296875 0.4670138890625 0.32734375 0.4704861109375 0.3328125 0.47743055625 0.334375 0.49131944375 0.33125 0.5371527781250001 0.33984375 0.5802083328125 0.3421875 0.62881944375
1 0.28671875 0.509375 0.2859375 0.546875 0.29609375 0.594097221875 0.29453125 0.6427083328125001 0.29921875 0.644097221875 0.30703125 0.587152778125 0.303125 0.5579861109375 0.296875 0.5385416671875001 0.2984375 0.47881944374999996 0.294921875 0.46979166718750004 0.287890625 0.4670138890625 0.2828125 0.4732638890625 0.28125 0.4857638890625 0.28671875 0.509375
1 0.25234375 0.4954861109375 0.25 0.5427083328125 0.2640625 0.60381944375 0.26953125 0.5677083328125 0.26171875 0.524652778125 0.2640625 0.4704861109375 0.250390625 0.4670138890625 0.246875 0.474652778125 0.25234375 0.4954861109375
1 0 0.634597221875 0.003125 0.634375 0.0078125 0.6260416671875 0.01015625 0.587152778125 0.0087045953125 0.5472248625 0.0046875 0.524652778125 0.00546875 0.4857638890625 0.001953125 0.4670138890625 0 0.4666982328125 0 0.634597221875
0 0 0.8909722234374999 0.00234375 0.90243055625 0.015234375 0.928125 0.028515625 0.9392361109374999 0.03984375 0.93993055625 0.050390625 0.93368055625 0.06328125 0.9135416671875 0.07109375 0.8732638890625001 0.06796875 0.8482638890625 0.054296875 0.825347221875 0.031640625 0.8170138890625 0.020703125 0.82256944375 0.0046875 0.8454861109374999 0 0.881200396875 0 0.8909722234374999
1 0.591971440625 1 0.6162296203125 0.9662959859375 0.604383065625 0.8910869 0.6044201703125001 0.8618929609375 0.607027771875 0.8299485171875001 0.6203125 0.7556548968750001 0.6203125 0.7053687734375 0.61745818125 0.7021707390625 0.5894589234375001 0.6907232734375001 0.5743513203124999 0.7225222671875 0.571302590625 0.7502909546875 0.5719086265625 0.8003454968749999 0.56694490625 0.8419939843750001 0.5563990624999999 0.8849677234375001 0.5558368296875 0.8903174578125 0.5558368296875 1 0.591971440625 1
1 0.78851455625 1 0.7933900875 0.9571498578125001 0.7930242125 0.9140579375 0.7823636515625 0.8486074390624999 0.7863490484375 0.798616528125 0.796940459375 0.7431427890625001 0.8 0.706500840625 0.8 0.7020126953125001 0.7926980140625 0.68124178125 0.78055403125 0.675540775 0.76752000625 0.6837286578125 0.7595888234375 0.7037902765625 0.7536749828125 0.8204751234375 0.74885890625 0.84682765 0.7345047828125 0.8897188296875 0.7345047828125 1 0.78851455625 1
1 0.757421875 0.6326388890625 0.746484375 0.6354166671875 0.73828125 0.652777778125 0.73828125 0.7736111109375 0.7234375 0.827777778125 0.71796875 0.86944444375 0.72109375 0.9305555562500001 0.72890625 0.9680555562500001 0.734375 0.977777778125 0.74296875 0.9055555562500001 0.76171875 0.8333333328125001 0.7609375 0.7083333328125001 0.77109375 0.675 0.77109375 0.6541666671874999 0.765234375 0.63819444375 0.757421875 0.6326388890625
1 0.74609375 0.6111111109375 0.736328125 0.6006944437499999 0.724609375 0.60625 0.71953125 0.622222221875 0.721875 0.709722221875 0.71953125 0.727777778125 0.709375 0.7597222218749999 0.703125 0.8041666671875 0.70546875 0.85555555625 0.7125 0.8916666671875 0.71640625 0.89444444375 0.7203125 0.840277778125 0.7375 0.7708333328125001 0.73984375 0.7208333328125001 0.7375 0.6541666671874999 0.7484375 0.63055555625 0.74609375 0.6111111109375
1 0.89140625 0.80694444375 0.88203125 0.7541666671874999 0.8828125 0.7138888890625 0.88984375 0.6458333328125001 0.883984375 0.628472221875 0.876171875 0.6243055562500001 0.864453125 0.628472221875 0.8578125 0.647222221875 0.85859375 0.7375 0.8390625 0.8111111109374999 0.8359375 0.8486111109374999 0.83828125 0.89305555625 0.8453125 0.9333333328125001 0.854296875 0.94375 0.86875 0.9444444437499999 0.87265625 0.9375 0.8765625 0.875 0.89140625 0.8222222218749999 0.89140625 0.80694444375
1 0.9279592796875 1 0.93515625 0.9736111109374999 0.940625 0.934722221875 0.9375 0.8638888890625 0.92734375 0.809722221875 0.928125 0.772222221875 0.93828125 0.6888888890625 0.93515625 0.6736111109375 0.922265625 0.6604166671874999 0.909765625 0.6631944437499999 0.9015625 0.6805555562500001 0.9 0.79444444375 0.87890625 0.8680555562500001 0.8734375 0.9166666671874999 0.87421875 0.9583333328125001 0.8810546875 1 0.9279592796875 1
1 0.595703125 0.6479166671875 0.612890625 0.6465277781250001 0.62421875 0.6569444437499999 0.62734375 0.6333333328124999 0.622265625 0.6173611109375 0.604296875 0.61180555625 0.596875 0.6180555562500001 0.59375 0.6319444437499999 0.595703125 0.6479166671875