1 0.2205568546875 0.4921875 0.2284275796875 0.48720253593749996 0.23837480156250002 0.44091417499999996 0.242718909375 0.3811009484375 0.23644895937500002 0.3149803140625 0.219699315625 0.25639565625 0.218514971875 0.21491100156249998 0.22227189531249997 0.150976609375 0.1885139296875 0.14809486249999998 0.1859375 0.153841909375 0.1859375 0.1788883359375 0.19247995625 0.2385893078125 0.1902755578125 0.2691903640625 0.1859375 0.289006190625 0.1859375 0.463532359375 0.1871457203125 0.4702152328125 0.193141953125 0.4920279328125 0.193285665625 0.4921875 0.2205568546875 0.4921875
0 0 0.4706063359375 0.018636098437500002 0.471875 0.019222937500000002 0.471875 0.035058810937500004 0.46214688437499996 0.050032228125 0.400317665625 0.050032228125 0.34055536875 0.036195984375000004 0.291440884375 0.0247304890625 0.27917374375000004 0.010998653125 0.271875 0 0.271875 0 0.4706063359375
1 0.63215616875 0.1279598703125 0.6283743078125 0.10878844218749999 0.618377284375 0.097597171875 0.6065291578125 0.1010574890625 0.6015625 0.1085874640625 0.6015625 0.225 0.6229834875 0.225 0.63215616875 0.1279598703125
1 0.5720873859375 0.4200038078125 0.5686637625 0.391302209375 0.5705388359375 0.3511199328125 0.5673978640625 0.2489570140625 0.5435939828125 0.2500694265625 0.545328740625 0.3320457046875 0.5296820671875 0.396654978125 0.5265625 0.41987992343749997 0.5265625 0.4743474046875 0.5285504078125001 0.5007261453125 0.5333170796875 0.5171875 0.545709846875 0.5171875 0.55401375625 0.5080107328125 0.5665622390625 0.5126867374999999 0.568426478125 0.50512743125 0.5720873859375 0.44291477031250004 0.5720873859375 0.4200038078125
2 1 0.19145932968749999 0.9979733171875 0.1915734046875 0.985825296875 0.189282653125 0.9683831296874998 0.189282653125 0.9082265343749999 0.1962458875 0.735602609375 0.191988459375 0.7231672515625001 0.1970346796875 0.7181780156249999 0.2044666515625 0.71749373125 0.2127681515625 0.7241747578125001 0.21651095781250002 0.725020653125 0.2220983484375 0.6368363703125001 0.226834496875 0.6063353 0.22281521406250002 0.603125 0.23068905625 0.603125 0.286054025 0.60529528125 0.30120785156249996 0.6092661765624999 0.30692257343749996 0.6070517140625 0.31793818281249997 0.6095085921875001 0.32775590625 0.6500149078125 0.3359375 0.754211684375 0.3359375 0.8192661375 0.33560875625 0.8332639937499999 0.33062620468750004 0.8762650640625 0.3351548234375 1 0.33193575625 1 0.19145932968749999
1 0.05 0.6796875 0.05 0.6952849703124999 0.05899030625 0.7009773375 0.066209434375 0.7109375 0.068407503125 0.7109375 0.07106235 0.6843453296875001 0.070309571875 0.6796875 0.05 0.6796875
0 0.0740867046875 0.7154222859375 0.06413522499999999 0.6990521453125 0.053835439062500004 0.692143953125 0.0507340984375 0.692143953125 0.035977903125 0.6951283609375001 0.024884115625 0.7148056640625 0.021875 0.7281862546875 0.021875 0.75137236875 0.027938957812499998 0.776012275 0.0439407828125 0.7890625 0.0546257921875 0.7890625 0.0666835578125 0.783838034375 0.07548207968750001 0.7682318968749999 0.078125 0.7478597875 0.078125 0.744526246875 0.0740867046875 0.7154222859375
1 0.2832297578125 0.6796875 0.28515625 0.7173611109375 0.28984375 0.7284722218749999 0.303125 0.72430555625 0.31015625 0.6868055562500001 0.3099655875 0.6796875 0.2832297578125 0.6796875
1 0.327485509375 0.6796875 0.3296875 0.7201388890625 0.33671875 0.7395833328125 0.34921875 0.73680555625 0.35703125 0.6881944437499999 0.35586729375 0.6796875 0.327485509375 0.6796875
1 0.4 0.6796875 0.3779296875 0.6796875 0.37734375 0.684027778125 0.37734375 0.7395833328125 0.380859375 0.7513888890625 0.384375 0.7520833328125 0.39765625 0.7479166671875 0.4 0.734027778125 0.4 0.6796875
1 0.35928918125 0.6796875 0.3625 0.7173611109375 0.36484375 0.7256944437499999 0.36796875 0.7284722218749999 0.375390625 0.7291666671875 0.37734375 0.7256944437499999 0.37734375 0.6798611109375 0.3773681640625 0.6796875 0.35928918125 0.6796875
1 0.5871341 1 0.58489463125 0.9932284031249999 0.5811448593749999 0.8722995703125 0.577858246875 0.858283346875 0.57039329375 0.8486423249999999 0.564343928125 0.8486423249999999 0.553176146875 0.8510305921875 0.546875 0.8684207640625001 0.546875 0.879927625 0.5583967765625 0.9977016203125 0.5580477234375 1 0.5871341 1
1 0.4665482953125 1 0.45859375 0.977777778125 0.45546875 0.9472222218749999 0.4546875 0.8708333328125001 0.446484375 0.8520833328125 0.435546875 0.84930555625 0.425 0.8611111109374999 0.421875 0.8736111109374999 0.43359375 0.9763888890625001 0.4309849328125 1 0.4665482953125 1
1 0.618877840625 1 0.60078125 0.93194444375 0.6 0.8291666671875 0.591015625 0.8131944437499999 0.581640625 0.8131944437499999 0.57265625 0.8236111109375 0.5703125 0.8388888890625001 0.58203125 0.875 0.58359375 0.9875 0.5870497875 1 0.618877840625 1