1 0.3434651609375 0 0.35021579062499997 0.0992119671875 0.349466853125 0.141083353125 0.3335300421875 0.21024438281250002 0.3320889421875 0.2326303796875 0.34154472187499996 0.3367151609375 0.3497052640625 0.38230283125 0.3536722140625 0.39325016874999996 0.3611569484375 0.4015625 0.38125 0.4015625 0.38125 0.105256334375 0.381210759375 0.10455961093749999 0.38125 0.10392413281249999 0.38125 0 0.3434651609375 0
1 0.48391722968749995 0 0.48381847968749997 0.00021701250000000002 0.481754709375 0.10577256875 0.47752783125000003 0.1321614578125 0.459650584375 0.18216145781249998 0.452783565625 0.2363281234375 0.4527296109375 0.277994790625 0.461633053125 0.340494790625 0.4746235421875 0.35625 0.48963755156250005 0.35625 0.49506648750000004 0.353689234375 0.5051891078125 0.3293836796875 0.5171875 0.26525215156250004 0.5171875 0.186500059375 0.5089475328125 0.1418836796875 0.5084626703125 0.1141059015625 0.5171875 0.045638967187500004 0.5171875 0 0.48391722968749995 0
1 0.43709866249999996 0 0.43331515937500004 0.06808969687500001 0.41312129999999997 0.12423830312499999 0.409375 0.14964605312499998 0.409375 0.1871140359375 0.41179608281249996 0.23812719218749998 0.4197648703125 0.2586003328125 0.426235859375 0.2609375 0.4393419625 0.2609375 0.440459915625 0.2601383640625 0.4507237796875 0.18413147968750002 0.4636924546875 0.14436303749999999 0.462533984375 0.1095771484375 0.4574207796875 0.0787987578125 0.4652250828125 0 0.43709866249999996 0
1 0.311016284375 0 0.302292428125 0.076214028125 0.300057728125 0.08220245468750001 0.300057728125 0.1286162328125 0.30962203125 0.13125 0.32022779687499997 0.13125 0.326705509375 0.0936695203125 0.3341171125 0.0061513359375 0.3362990125 0 0.311016284375 0
1 0.30560177187500004 0 0.3061262859375 0.0120560234375 0.2880557171875 0.09797174374999999 0.2894722078125 0.125 0.3044493203125 0.125 0.309532834375 0.12161435625000001 0.3203392734375 0.0753208484375 0.31897200937500003 0 0.30560177187500004 0
0 0.2258875953125 0.4171875 0.24419185156249998 0.4171875 0.2561046046875 0.41641154062499997 0.26888208593749996 0.41102517499999996 0.2768427625 0.4002742578125 0.2930857109375 0.36447963125 0.29375 0.35590850937499996 0.29375 0.231672896875 0.29311441875 0.225835475 0.2862178828125 0.19831236562500001 0.27363976874999996 0.1786668953125 0.2494733875 0.15671303125 0.219529390625 0.15671303125 0.19069796249999998 0.176485690625 0.163394590625 0.229730946875 0.16003248750000001 0.2868663921875 0.1747780078125 0.3582486671875 0.1844984109375 0.39416497968750003 0.2006223953125 0.4012946890625 0.2258875953125 0.4171875
1 0.7234375 0.2691809015625 0.71624334375 0.2529573703125 0.71356855 0.2147060046875 0.7210386171875001 0.16527176562499998 0.718745934375 0.1324848796875 0.696815553125 0.103125 0.6962222640625 0.103125 0.6755903546875001 0.11433252499999999 0.6682189578125 0.1391342828125 0.68198761875 0.23186118281249998 0.6578641859375 0.3035765328125 0.6569026203125 0.34191253593750004 0.663213778125 0.380079265625 0.6859809625000001 0.44522985000000004 0.69537958125 0.4578125 0.7013976625 0.4578125 0.7158360984375001 0.45548171249999997 0.7234375 0.4375638515625 0.7234375 0.2691809015625
1 0.930628096875 0.4159822703125 0.9458094015625 0.36193014218749997 0.9462544968749999 0.323678775 0.9358540859375001 0.27951841875 0.93642635 0.23033809062500002 0.9546875 0.172919446875 0.9546875 0.136891996875 0.9359752453125001 0.112777665625 0.9250661546875 0.1123331546875 0.9085435562499999 0.12532758906250002 0.9009529031250001 0.152353653125 0.8961084249999999 0.2560306203125 0.866572421875 0.2930966234375 0.85625 0.3274679375 0.85625 0.40029616093750003 0.8647920421874999 0.4461020875 0.8768905796875 0.4609375 0.906324709375 0.4609375 0.930628096875 0.4159822703125
1 0.7601014671874999 0 0.7573929796875 0.0738722 0.752514396875 0.0903502796875 0.7324300734375 0.1226251953125 0.7324300734375 0.2890625 0.7374330125 0.2890625 0.7521532000000001 0.2867330421875 0.773233534375 0.2480584890625 0.791919725 0.1930751328125 0.7956463874999999 0.1438948046875 0.7839994453125 0.10598198750000001 0.7917765484375 0.051252540624999995 0.8059982265624999 0.007282782812499999 0.80625 0.003960159374999999 0.80625 0 0.7601014671874999 0
1 0.5615861546875001 0 0.56686926875 0.1010741578125 0.559723728125 0.10683498124999999 0.5498321359375 0.1509953390625 0.5508496328125 0.1947111859375 0.570939259375 0.275937546875 0.5747000796874999 0.28125 0.591546040625 0.28125 0.5965209921875 0.2803648328125 0.6073028953125 0.27445584218749997 0.6140625 0.2475422875 0.6140625 0.1244879640625 0.6031057171875001 0.09412797187500001 0.6024697812500001 0.0668055671875 0.59870623125 0.06148925937500001 0.6049614609375 0.017477071875 0.604554678125 0 0.5615861546875001 0
1 0.6447594703125 0 0.6433238640625 0.003235996875 0.6360511359375 0.036022882812500004 0.6396875 0.10159665312499999 0.6469602265625001 0.11252561406249999 0.6542329546875 0.13984801875 0.6596875 0.148044740625 0.6651420453125001 0.1453125 0.668778409375 0.1234545765625 0.67786931875 0.109793375 0.69786931875 0.10159665312499999 0.70150568125 0.04695184375 0.7051420453125 0.0414873640625 0.70150568125 0.008700478125 0.6976458328125 0 0.6447594703125 0
1 0.2323859875 0.51875 0.2389141515625 0.5705373421875 0.22515513125000003 0.6392255265625 0.2256325546875 0.6896903546875001 0.23523057500000003 0.7280256890625 0.254682028125 0.763902709375 0.2639511109375 0.775 0.2847612921875 0.775 0.290625 0.7672018484375001 0.290625 0.6085672515625 0.2708432390625 0.564980175 0.267974484375 0.51875 0.2323859875 0.51875
1 0.34532405625 0.51875 0.34532405625 0.61967711875 0.35023714687499996 0.6307154828125 0.3651502890625 0.634375 0.3688632046875 0.634375 0.38034114375 0.6213260953125 0.3963126953125 0.586199509375 0.4046875 0.5340396390625 0.4046875 0.5334755078125 0.40368523593749994 0.51875 0.34532405625 0.51875
1 0.45958655625 0.51875 0.46167520937499995 0.550538059375 0.44289953125 0.6147481515625 0.44260726874999995 0.672542140625 0.4507944734375 0.7020218609375 0.47120586875 0.742955690625 0.47507900000000003 0.746875 0.498164765625 0.746875 0.5046875 0.739300515625 0.5046875 0.6973660484375 0.48372035625 0.6860163609375001 0.4792739375 0.675106125 0.47967151562500004 0.640445271875 0.4895681734375 0.628610853125 0.5046875 0.631297771875 0.5046875 0.5827383687500001 0.49369469375 0.548922784375 0.49291812031250004 0.51875 0.45958655625 0.51875
1 0.1352545890625 0.51875 0.1351852265625 0.559579078125 0.14430640625 0.59308865 0.167414640625 0.5824667109374999 0.179771921875 0.587771403125 0.1861756625 0.600094925 0.187616865625 0.6203125 0.1889762625 0.6203125 0.203125 0.5840190546875 0.203125 0.51875 0.1352545890625 0.51875
1 0.83125 1 0.83125 0.889220034375 0.8216408828125001 0.86270236875 0.815763390625 0.805839809375 0.8123632796875 0.7195649234375 0.7991933906249999 0.6958530515625 0.7890636484375 0.6955671140625 0.781771334375 0.6955671140625 0.7731348375 0.709071159375 0.7710622734375 0.723123821875 0.7740090984375 0.7620127109375 0.7857763140625 0.8241442203125 0.7888283828125 0.8644219968750001 0.7774292859375 0.9417116468749999 0.7807313828125 1 0.83125 1
1 0.9375 1 0.9375 0.883163878125 0.9288918390625 0.84036458125 0.929139740625 0.8098090250000001 0.9375 0.7291884078124999 0.9375 0.7146451234375 0.9342315390625 0.6986979140624999 0.921159090625 0.6882812453125 0.9133708328125 0.689670134375 0.9016372265625 0.7111979140625 0.9020141781250001 0.822309025 0.8792742609375 0.9070312484375 0.8757989187499999 0.976475690625 0.8789472796875 1 0.9375 1
1 0.8609048874999999 0.9765625 0.8650713109374999 0.9725471750000001 0.8696724906250001 0.9129841234375 0.885146528125 0.8594222921875 0.8853889453124999 0.8385889593750001 0.8781420859375 0.7896595125 0.8875 0.6848219921875 0.8875 0.6773878234375 0.8823552093749999 0.662687596875 0.8746073546875 0.65681370625 0.8644026218749999 0.6605665359375 0.85677873125 0.6776252296875 0.8549308437500001 0.7692600640625 0.8515634249999999 0.7899660625 0.8353727843750001 0.83794050625 0.834375 0.8459414859375001 0.834375 0.9385615062500001 0.840087471875 0.9701396140625 0.8562274437500002 0.9765625 0.8609048874999999 0.9765625
1 0.6041290703125 0.99375 0.604692965625 0.99375 0.612967109375 0.9640927874999999 0.6191603328124999 0.9029453078125 0.6177799312500001 0.8697028937500001 0.6086031859375 0.8158453531250001 0.621875 0.703370353125 0.621875 0.678796934375 0.618745009375 0.6665670734375 0.609220221875 0.658470128125 0.597501471875 0.6587428859375 0.594797446875 0.6532600640624999 0.5823926515625 0.69860806875 0.582404884375 0.7499060375 0.5772640984375 0.7971646265625 0.5698237578125 0.8235812421875 0.5698237578125 0.910201490625 0.5773553796875001 0.914316625 0.58838196875 0.933470128125 0.6041290703125 0.99375
1 0.76875 1 0.76875 0.6802915781250001 0.76672205 0.6722863984374999 0.7539939718750001 0.6596340734374999 0.7447645484375001 0.6617562875 0.738034165625 0.6744317437499999 0.7444395609375001 0.796653965625 0.7339242765625 0.8485030281249999 0.7352150468750001 0.8582798796875 0.7553480296874999 0.8859798968749999 0.7645629375 0.9281382375 0.762437878125 0.9546712625 0.7625491906249999 0.9639761968750001 0.765349096875 0.98769656875 0.7621915781249999 1 0.76875 1
1 0.7484375 0.6455394562500001 0.74314773125 0.6321829078125 0.737743265625 0.6296875 0.737413515625 0.6296875 0.72674148125 0.6328514125 0.7204726140625001 0.64909421875 0.7227354859374999 0.746316440625 0.7077839406249999 0.80948494375 0.707158915625 0.8498263890625001 0.723379371875 0.8515625 0.72604625 0.8515625 0.7410544234375 0.7942272140625001 0.7376547062500001 0.6817590484375 0.7396428625 0.6663857703125 0.7484375 0.649702165625 0.7484375 0.6455394562500001
0 0.5296875 1 0.626194853125 1 0.625 0.98194444375 0.61015625 0.9388888890625001 0.592578125 0.9131944437499999 0.560546875 0.8923611109374999 0.540234375 0.89375 0.5296875 0.89921875 0.5296875 1