1 0.4483595875 0.1505002046875 0.44609375 0.140972221875 0.4470918078125 0.10898245312499999 0.4447373640625 0.1022237484375 0.4398473625 0.10061453281249999 0.4364062578125 0.10415480625 0.435681815625 0.11123535312499999 0.43671875 0.140972221875 0.4345951515625 0.14728177343749999 0.43133514999999994 0.159511803125 0.42970515000000004 0.1688452546875 0.42890625 0.1826388890625 0.4298862546875 0.188477671875 0.43125 0.20069444375 0.4324218125 0.2045698265625 0.4336895921875 0.213903278125 0.435681815625 0.22259302343749998 0.44745402968750003 0.2232367078125 0.44908402968749994 0.21486879375 0.4501706921875 0.20746641718749997 0.4516195890625 0.19491453281249999 0.45180069375 0.18010975625 0.450351809375 0.1643394546875 0.4483595875 0.1505002046875
1 0.47265625 0.146527778125 0.47262846875 0.1344080484375 0.4728095859375 0.1218561765625 0.47262846875 0.1144537890625 0.47027402656249995 0.10608586874999999 0.46574624687500005 0.1025455953125 0.46171875 0.10486111093749999 0.4604940234375 0.11413194687499999 0.46158069843750005 0.12990225 0.46328125 0.146527778125 0.4590451375 0.166914190625 0.4561473578125 0.1823626625 0.4561473578125 0.20360429062500002 0.459375 0.22152777812500002 0.462890625 0.22638888906250001 0.47109375 0.22569444375 0.47578125 0.2201388890625 0.47860513437499996 0.19845480625 0.47860513437499996 0.18525924062500002 0.477518459375 0.1759258 0.474801796875 0.16273023281250001 0.47265625 0.146527778125
1 0.5046875 0.13819444375 0.5046875 0.12291666718750001 0.5057717984375001 0.11381009375 0.5045040171874999 0.101258221875 0.4985273515625 0.09771794843750001 0.493094025 0.09997084843750001 0.49296875 0.1076388890625 0.4953125 0.12430555624999999 0.4953125 0.13819444375 0.49164514062500003 0.15500600312499999 0.4875 0.17430555625 0.48828125 0.1923611109375 0.4921875 0.21319444375000002 0.496484375 0.2208333328125 0.50234375 0.22152777812500002 0.50546875 0.2173611109375 0.509375 0.20486111093749998 0.51171875 0.18680555625 0.51171875 0.17013888906250002 0.508126228125 0.15339678125 0.5046875 0.13819444375
1 0.4203125 0.115972221875 0.4201062609375 0.10898245312499999 0.4199251453125 0.09964900625 0.4163029234375 0.0983616328125 0.41304293281250004 0.09868347499999999 0.40869626875 0.10029269062499999 0.40851515312500003 0.10898245312499999 0.41014515312500005 0.115097471875 0.4109375 0.1298611109375 0.4046875 0.1548611109375 0.40390625 0.178472221875 0.40546875 0.1923611109375 0.409375 0.2076388890625 0.412109375 0.2125 0.42109375 0.21180555625 0.42421875 0.20347222187499997 0.4265625 0.18819444375 0.42734375 0.16458333281249998 0.425 0.14930555625 0.41875 0.12569444375 0.4203125 0.115972221875
1 0.3953125 0.09930555625000001 0.394140625 0.097222221875 0.387890625 0.097222221875 0.3859375 0.1020833328125 0.38671875 0.1201388890625 0.3796875 0.15069444375000002 0.3796875 0.1770833328125 0.384375 0.20069444375 0.388671875 0.20555555625 0.39375 0.20486111093749998 0.396875 0.20069444375 0.40234375 0.17569444375 0.40234375 0.1520833328125 0.3984375 0.13263888906250001 0.39375 0.11875 0.3953125 0.09930555625000001
1 0.533203125 0.09444444375 0.527734375 0.09444444375 0.52421875 0.0979166671875 0.5265625 0.1270833328125 0.51953125 0.15625 0.51875 0.171527778125 0.52109375 0.19375 0.52421875 0.20625 0.529296875 0.2125 0.534375 0.21180555625 0.53984375 0.1979166671875 0.54296875 0.16875 0.540625 0.14930555625 0.534375 0.1270833328125 0.53671875 0.0979166671875 0.533203125 0.09444444375
1 0.562890625 0.09444444375 0.558203125 0.09444444375 0.55625 0.0979166671875 0.5578125 0.1145833328125 0.55078125 0.14791666718750002 0.55 0.16180555624999998 0.5515625 0.178472221875 0.55546875 0.1979166671875 0.557421875 0.20138888906250002 0.565625 0.20069444375 0.571875 0.17569444375 0.5734375 0.1604166671875 0.571875 0.146527778125 0.565625 0.11875 0.56640625 0.0979166671875 0.562890625 0.09444444375
1 0.4515625 0.1201388890625 0.4515625 0.10625 0.45355051875 0.10027648125 0.450993315625 0.09888795156249999 0.4492885125 0.09901418125 0.4459499390625 0.09813057187499999 0.44523960625000003 0.10128631875 0.44765625 0.1145833328125 0.44701543906249996 0.12882163124999998 0.4466602703125 0.1374052609375 0.446875 0.14236111093749998 0.44843610937499995 0.14687249687499998 0.45070918281249994 0.1621463125 0.45234375 0.17569444375 0.45255904375 0.18404995156249998 0.45546875 0.18125 0.4572442609375 0.174516840625 0.459375 0.16180555624999998 0.45873596250000004 0.1530577640625 0.45703125 0.14375 0.45433188593749996 0.133239675 0.4515625 0.1201388890625
1 0.47956988593750005 0.100768453125 0.4783980109375 0.09868511875 0.46902301093750004 0.09868511875 0.46706988593750004 0.100768453125 0.47172829531250005 0.1075611125 0.473139534375 0.11362170625000001 0.47488238593750004 0.120212896875 0.47313954062499997 0.1328484140625 0.473492353125 0.145387565625 0.47537399999999996 0.161061503125 0.47800738593750003 0.17021289687500002 0.4799605015625 0.18300503125 0.47843167500000006 0.20620245937499998 0.48269488593750004 0.20076845312499997 0.48581988593750003 0.182712896875 0.4850386359375 0.1591017859375 0.47878863593750004 0.12993511875 0.4772261359375 0.12715734218750002 0.47956988593750005 0.100768453125
1 0.6865228640625001 0.0928664453125 0.68984375 0.115972221875 0.6828125 0.1451388890625 0.6828125 0.16875 0.68671875 0.1923611109375 0.696875 0.1979166671875 0.70390625 0.178472221875 0.70625 0.146527778125 0.69921875 0.11736111093749999 0.69996889375 0.09352108125 0.691796875 0.090277778125 0.6865228640625001 0.0928664453125
1 0.115625 0.11041666718750001 0.11953125 0.14791666718750002 0.1140625 0.1673611109375 0.11328125 0.20347222187499997 0.11858126718749999 0.22484661718750001 0.132607965625 0.22484661718750001 0.13828125 0.20486111093749998 0.1375 0.1826388890625 0.12890625 0.140972221875 0.13046875 0.10625 0.121484375 0.0986111109375 0.115625 0.11041666718750001
1 0.153515625 0.097222221875 0.15078125 0.1020833328125 0.153125 0.140972221875 0.146875 0.17986111093749999 0.14921875 0.2104166671875 0.152734375 0.2208333328125 0.15859375 0.22152777812500002 0.165625 0.21597222187499998 0.16953125 0.19097222187500001 0.16328125 0.140972221875 0.165625 0.11319444375000001 0.163671875 0.097222221875 0.153515625 0.097222221875
1 0.1859375 0.1145833328125 0.18828125 0.13125 0.18203125 0.15625 0.18125 0.18125 0.1859375 0.209027778125 0.196875 0.21319444375000002 0.2046875 0.18680555625 0.20546875 0.165972221875 0.19765625 0.12847222187500001 0.1984375 0.09930555625000001 0.187890625 0.097222221875 0.1859375 0.1145833328125
1 0.22109375 0.1076388890625 0.2234375 0.11875 0.21484375 0.16319444375 0.2203125 0.19930555625 0.2296875 0.20347222187499997 0.234375 0.19513888906250001 0.23828125 0.1576388890625 0.22890625 0.11875 0.23125 0.09930555625000001 0.223046875 0.097222221875 0.22109375 0.1076388890625
1 0.09140625 0.10625 0.0953125 0.140972221875 0.08984375 0.16319444375 0.0890625 0.19097222187500001 0.09375 0.21597222187499998 0.103125 0.22152777812500002 0.11171875 0.20069444375 0.11328125 0.1854166671875 0.1046875 0.13680555625 0.10625 0.0979166671875 0.097265625 0.0958333328125 0.09140625 0.10625
1 0.073828125 0.0958333328125 0.06953125 0.103472221875 0.07265625 0.1270833328125 0.0671875 0.1576388890625 0.0671875 0.19097222187500001 0.072265625 0.21111111093749999 0.08203125 0.21180555625 0.0859375 0.2076388890625 0.0890625 0.18819444375 0.08984375 0.153472221875 0.08359375 0.1270833328125 0.084375 0.09930555625000001 0.073828125 0.0958333328125
1 0.04921875 0.09930555625000001 0.05234375 0.11875 0.04453125 0.14375 0.04375 0.16875 0.05 0.1979166671875 0.06015625 0.20069444375 0.06484375 0.19097222187500001 0.0671875 0.1520833328125 0.06015625 0.1201388890625 0.06171875 0.0979166671875 0.055078125 0.09444444375 0.04921875 0.09930555625000001
1 0.1328125 0.1270833328125 0.12890625 0.14791666718750002 0.1359375 0.1770833328125 0.13671875 0.2104166671875 0.1390625 0.2104166671875 0.14453125 0.20347222187499997 0.14765625 0.1576388890625 0.13984375 0.1270833328125 0.14296875 0.09930555625000001 0.131640625 0.097222221875 0.1328125 0.1270833328125
1 0.16328125 0.14375 0.1671875 0.16180555624999998 0.16796875 0.19930555625 0.1734375 0.20347222187499997 0.1796875 0.18680555625 0.18125 0.14791666718750002 0.17421875 0.1201388890625 0.175 0.09930555625000001 0.166796875 0.097222221875 0.16328125 0.14375
0 0.365234375 0.659722221875 0.341796875 0.6777777781250001 0.33515625 0.7090277781250001 0.33515625 0.7256944437499999 0.340625 0.7493055562500001 0.345703125 0.7541666671875 0.3828125 0.753472221875 0.39140625 0.7493055562500001 0.39609375 0.7256944437499999 0.3953125 0.6979166671875 0.38671875 0.67430555625 0.376171875 0.6625 0.365234375 0.659722221875