1 0.3015625 0 0.3015625 0.2078125 0.317865603125 0.2078125 0.3220002125 0.203754315625 0.3382889859375 0.1538270390625 0.34942474218749997 0.099701278125 0.3515457703125 0.051081075 0.3443742953125 0 0.3015625 0
1 0.0088677203125 0 0.0048549828125 0.055469687499999996 0.0072482046875 0.0944086421875 0.019482290625000002 0.1480746609375 0.028554275 0.172624078125 0.0418726265625 0.2010898375 0.0499874078125 0.2078125 0.0572543890625 0.2078125 0.0572543890625 0.023159674999999998 0.046723875 0 0.0088677203125 0
1 0.622632275 0 0.6586616968750001 0.0964772734375 0.68149905 0.20032370781250003 0.7034129218749999 0.3808183546875 0.7032732015625001 0.3890625 0.8605702109375001 0.3890625 0.8605702109375001 0.00387444375 0.8589706843750001 0 0.622632275 0
1 1 0.3890625 1 0 0.9138192968750001 0 0.9330357140625001 0.0613095234375 0.9491071421874999 0.15178571406250002 0.9508928578125001 0.26845238125000004 0.9455357140625 0.3422619046875 0.9365356 0.3890625 1 0.3890625
1 0.8208083125 0 0.8419642859375 0.07083333281250001 0.8580357140625001 0.158928571875 0.8633928578125 0.2803571421875 0.8526653546875 0.3890625 0.93343728125 0.3890625 0.94375 0.335119046875 0.947321428125 0.1636904765625 0.9294642859375 0.058928571875 0.9099489796875 0 0.8208083125 0
1 0.3702092546875 1 0.3783861796875 0.9440502687500001 0.39169974375 0.9024426906249999 0.38881754218750003 0.8579618859375 0.3786490578125 0.80649118125 0.3821382578125 0.7398154234375001 0.39172766875 0.66483815 0.38526106250000003 0.641873759375 0.3763070359375 0.6362636609375001 0.3643778015625 0.6389732625000001 0.352094403125 0.6618285671875 0.349042334375 0.7021063468750001 0.3504672796875 0.7451891734375 0.34568676875 0.79796240625 0.340625 0.8145162703125 0.340625 1 0.3702092546875 1
1 0.42271010000000003 0.6901975265625 0.4197129046875 0.6149972671875 0.41344435312499994 0.60073935625 0.401045359375 0.59315699375 0.3890625 0.606543903125 0.3890625 0.63088409375 0.40102474531250004 0.66506025625 0.4030263109375 0.7473050906250001 0.40743552968749996 0.7916994703125 0.43394183281250004 0.878125 0.4346957953125 0.878125 0.4346957953125 0.754365725 0.4277871953125 0.7331529531250001 0.42271010000000003 0.6901975265625
1 0.4255612078125 0.795204578125 0.4301093296875 0.7521444781250001 0.420993803125 0.6689065937500001 0.43201708281249995 0.578610634375 0.425332859375 0.5612972484375 0.417641871875 0.5599538125000001 0.4070864171875 0.569038403125 0.40625 0.5722516453125 0.40625 0.595838371875 0.41281605624999995 0.6106505296875 0.4080770875 0.66481719375 0.40625 0.6734219687499999 0.40625 0.7679473531250001 0.40939797968749997 0.7925222515625 0.4106726171875 0.8375 0.41147236875 0.8375 0.4255612078125 0.795204578125
1 0.27890625 0.88524305625 0.2828125 0.8907986109374999 0.295703125 0.8914930562500001 0.30546875 0.8810763890625001 0.315625 0.8157986109375 0.31328125 0.7560763890625 0.29921875 0.7046875 0.29609375 0.6810763890625 0.29921875 0.59913194375 0.29609375 0.5866319437499999 0.288671875 0.5762152781250001 0.275390625 0.5776041671875001 0.26875 0.594965278125 0.27421875 0.7046875 0.2640625 0.7519097218749999 0.2640625 0.7755208328125001 0.275 0.8255208328125001 0.27890625 0.88524305625
1 0.233984375 0.9748263890625001 0.24140625 0.9782986109374999 0.258203125 0.976215278125 0.26640625 0.9630208328125001 0.275 0.9171875 0.278125 0.864409721875 0.26796875 0.7963541671875001 0.25546875 0.74774305625 0.25625 0.632465278125 0.247265625 0.6123263890625 0.233203125 0.6109375 0.2234375 0.62274305625 0.2203125 0.6421875 0.2265625 0.69774305625 0.22734375 0.7630208328125001 0.2171875 0.8255208328125001 0.21484375 0.882465278125 0.2171875 0.9130208328125 0.22890625 0.964409721875 0.233984375 0.9748263890625001
1 0.12890625 0.9199652781250001 0.1359375 0.9255208328125001 0.151953125 0.9234375 0.16171875 0.9060763890625001 0.16875 0.86163194375 0.1703125 0.8032986109374999 0.165625 0.7755208328125001 0.146875 0.7102430562500001 0.14609375 0.6060763890625 0.137890625 0.5928819437499999 0.123046875 0.5928819437499999 0.1140625 0.614409721875 0.12265625 0.6880208328125 0.12265625 0.719965278125 0.11171875 0.782465278125 0.11015625 0.82413194375 0.1125 0.8546875 0.1203125 0.8907986109374999 0.12890625 0.9199652781250001
0 0.4796875 1 0.4796875 0.84677579375 0.462109375 0.8456597218749999 0.433984375 0.8664930562500001 0.4109375 0.9227430562500001 0.40390625 0.964409721875 0.4047766640625 1 0.4796875 1
1 0.4796875 0.9384836359375001 0.500586609375 0.8591890828125 0.5054723640625001 0.8050269625 0.50170366875 0.7619304984374999 0.49111421093749996 0.716015353125 0.48842634062499996 0.6895991921875 0.487827190625 0.6562476796875 0.49568815624999996 0.593765859375 0.49707248125000003 0.5548678812500001 0.4905006328125 0.533292378125 0.4796875 0.5290624875 0.4796875 0.9384836359375001
1 0.5500571171875 0.7890625 0.550294903125 0.7890625 0.550294903125 0.6664002171875 0.537441896875 0.6269110046874999 0.5307157265625 0.5156497 0.51974730625 0.4919198890625 0.511216671875 0.4890625 0.50829675625 0.4890625 0.5025598062500001 0.4930213140625 0.4984375 0.506008515625 0.4984375 0.5250605296875 0.5086881875 0.5729074578125 0.5133736250000001 0.6591687640625 0.519875109375 0.6810905968750001 0.5239318374999999 0.711546021875 0.5500571171875 0.7890625
1 0.5341594437499999 0.7041349921875 0.53973184375 0.65829256875 0.5391585937500001 0.6291440843749999 0.528706434375 0.5611839765625 0.537385965625 0.470901653125 0.5343649687500001 0.45634331718750004 0.5231322656249999 0.450855940625 0.5140625 0.4611306671875 0.5140625 0.4889433296875 0.5164834171875 0.49115189687500005 0.52148363125 0.5098632640625 0.5140625 0.5886593734375001 0.5140625 0.6506712734375 0.5242290625 0.7194627671875 0.5249553062500001 0.7203125 0.5288516046875 0.7203125 0.5341594437499999 0.7041349921875
0 0.6640368015625 1 0.6703125 0.9807291671874999 0.68828125 0.9460069437499999 0.6984375 0.9126736109374999 0.70390625 0.8529513890625001 0.70078125 0.8182291671874999 0.684765625 0.7911458328125 0.657421875 0.76336805625 0.628515625 0.7536458328125001 0.604296875 0.7564236109375 0.583203125 0.77725694375 0.56796875 0.80711805625 0.5546875 0.86961805625 0.55625 0.90850694375 0.56875 0.9598958328125 0.5885235828125 1 0.6640368015625 1