1 0.3845390671875 0.459375 0.3845390671875 0.4201642296875 0.3755032484375 0.3802462140625 0.3780177375 0.31568634218749997 0.37634210156250003 0.30909560156250004 0.370215140625 0.3008063984375 0.36191413125 0.3020755234375 0.357152078125 0.3123776828125 0.3598944109375 0.3800795328125 0.353125 0.41646416718749996 0.353125 0.459375 0.3845390671875 0.459375
1 0.2643944171875 0.459375 0.2643944171875 0.4026200953125 0.25643644375 0.3730517703125 0.2569959 0.3100524453125 0.2520217515625 0.2966780328125 0.246662503125 0.293034934375 0.24056341718750002 0.2968113625 0.23794407031249998 0.3028632140625 0.24133227656249998 0.3732275234375 0.234375 0.40414835312499997 0.234375 0.458374275 0.234386640625 0.4585339171875 0.23454933437499997 0.459375 0.2643944171875 0.459375
1 0.3139179078125 0.3065235234375 0.3085703734375 0.29938810625 0.3001885546875 0.30187487812499997 0.29497396249999996 0.3169798703125 0.29735550625 0.359681590625 0.29647910781250003 0.380033771875 0.2875 0.412614271875 0.2875 0.453125 0.2880399703125 0.453125 0.2919219375 0.44704518125000003 0.3008245921875 0.444576596875 0.31950994375 0.448935065625 0.3213732640625 0.4466839078125 0.320767975 0.4216475328125 0.311631759375 0.37778344375 0.3158396203125 0.31585553437499997 0.3139179078125 0.3065235234375
1 0.352584496875 0.459375 0.352584496875 0.37692935781250003 0.350453 0.367547471875 0.3498991640625 0.31026739999999997 0.34525121406250003 0.2985341578125 0.3382430375 0.29455456406249997 0.3327512140625 0.298024821875 0.33125 0.303233378125 0.33125 0.32073266562499997 0.33622568125 0.372508803125 0.332382078125 0.39359287656249997 0.33279085625 0.43239687499999996 0.33542140625 0.449127209375 0.33928617656250004 0.459375 0.352584496875 0.459375
1 0.41433474062500003 0.459375 0.41433474062500003 0.3590965140625 0.4121745703125 0.314111834375 0.40673488906250005 0.3022022953125 0.402325196875 0.299108784375 0.3947557203125 0.30129456875 0.39375 0.3042617265625 0.39375 0.3325484703125 0.39909513125 0.37750585625 0.393759096875 0.4111336546875 0.3978328453125 0.439955759375 0.399037628125 0.459375 0.41433474062500003 0.459375
1 0.4774474578125 0.459375 0.47815820468750003 0.452398528125 0.47815820468750003 0.390177759375 0.47544310625 0.3795616296875 0.4741653078125 0.31670779531250004 0.46834330468749996 0.304035009375 0.4650888109375 0.30207403125 0.4573410578125 0.3027271359375 0.4546875 0.3080084515625 0.4546875 0.34006166250000003 0.45936201875 0.37992373125 0.4546875 0.412062659375 0.4546875 0.4294516625 0.4572594109375 0.459375 0.4774474578125 0.459375
1 0.4424410015625 0.459375 0.4427062515625 0.4243860953125 0.43456321718749996 0.3829744265625 0.43878723906249995 0.3202482625 0.43560384843750005 0.3084176578125 0.429819853125 0.3031582015625 0.426881628125 0.3031582015625 0.421052840625 0.3054607484375 0.4169768875 0.3148869703125 0.4183688984375 0.3845287484375 0.4140625 0.3986383828125 0.4140625 0.459375 0.4424410015625 0.459375
1 0.44676596249999995 0.374104059375 0.44481444375 0.3110197578125 0.4396456609375 0.29970353125 0.430092653125 0.297471784375 0.428125 0.3022508140625 0.428125 0.30499385625 0.4343911828125 0.30744462499999997 0.43892046249999994 0.316939334375 0.440931315625 0.3809495625 0.44658138281250004 0.4038550296875 0.44784573281249995 0.40625 0.44802061093749995 0.40625 0.44802061093749995 0.37868943125 0.44676596249999995 0.374104059375
1 0.5078498125 0.39012849374999997 0.5050463671875 0.3801721671875 0.5038461734374999 0.36720920156250003 0.5043022578125 0.3162832765625 0.5011643078125 0.30609809062500004 0.4942899484375 0.299153646875 0.48510905312499997 0.30285734999999997 0.484375 0.3052899296875 0.484375 0.3481692625 0.4873380328125 0.3801721671875 0.484375 0.39312009375 0.484375 0.4097358671875 0.48517439375000004 0.4140625 0.4883341 0.4140625 0.49532848593749995 0.40841290781249995 0.5078498125 0.405991365625 0.5078498125 0.39012849374999997
1 0.5471092671875 0.459375 0.5471092671875 0.3905898734375 0.542073678125 0.37419515468750003 0.538046625 0.31017871874999997 0.533289790625 0.3007753625 0.5252342671875 0.29863531249999997 0.51875 0.3044956515625 0.51875 0.33273312499999996 0.52327745625 0.36920170625000004 0.520070975 0.41049514531250003 0.5335892953125 0.4271098875 0.543508003125 0.45054623125 0.5449367406250001 0.459375 0.5471092671875 0.459375
0 0.5274795515624999 0.459375 0.5275980203125 0.457934875 0.5238730859375 0.4346655015625 0.516779215625 0.419199825 0.50707458125 0.4078462625 0.49191107812499996 0.408420634375 0.4820613890625 0.4156098359375 0.4713282578125 0.4325152 0.4703125 0.4359185484375 0.4703125 0.459375 0.5274795515624999 0.459375
1 1 0.19323676875 0.9977990968749999 0.185996371875 0.9937258203124999 0.1157838671875 0.9882051296875 0.102948403125 0.981114853125 0.0989858171875 0.9801764500000001 0.0989858171875 0.975 0.10266650937499999 0.975 0.1347774265625 0.9801717703125 0.1855804421875 0.975 0.22871173281249998 0.975 0.23357124375 0.98341185625 0.24331267968749998 0.9953907875000001 0.26491560625 1 0.27968119375 1 0.19323676875
1 0.973967728125 0.225388746875 0.973967728125 0.1260085140625 0.9737377796875 0.123333121875 0.973967728125 0.1179530515625 0.973967728125 0.1070876421875 0.9733550093750001 0.102999128125 0.9669445718749999 0.09677144843749999 0.9598471453125 0.0992945953125 0.95625 0.10920429843749999 0.95625 0.11607577499999999 0.9625184359375 0.17836122968749998 0.95625 0.21434612031250003 0.95625 0.2296504359375 0.9565412265625 0.2303395671875 0.9598609421875001 0.23125 0.972110759375 0.23125 0.9733711890624999 0.22954178593750002 0.973967728125 0.225388746875
1 0.9161201312499999 0.1015187890625 0.9119795312499999 0.11464871875 0.913549325 0.17410531093749998 0.9106542390625 0.19057464375 0.90625 0.20249631875000002 0.90625 0.2708281859375 0.9161706875 0.24801241875 0.9376119234375 0.2297034 0.9281649812499999 0.1733585171875 0.9323405171875001 0.1134101296875 0.92863629375 0.1015400578125 0.9244487421875001 0.0982035140625 0.9221150281250001 0.0982035140625 0.9161201312499999 0.1015187890625
1 0.917177678125 0.199958603125 0.917177678125 0.1495132234375 0.9139142421875001 0.1163378171875 0.917177678125 0.102263140625 0.917177678125 0.10218588125000001 0.9122594296875001 0.09459372656250001 0.9040447687500001 0.09693093750000001 0.899957221875 0.1106450453125 0.9060754062499999 0.1734866703125 0.9010846546875 0.201658803125 0.8984375 0.233140715625 0.8984375 0.233599496875 0.9038668765625 0.27770606875000003 0.9095762796875 0.3015374625 0.9126179343749999 0.3078125 0.917177678125 0.3078125 0.917177678125 0.2850718578125 0.9140923421875 0.2659579234375 0.9129121921875001 0.21491065781250002 0.917177678125 0.199958603125
1 0.8789713156250001 0.11186342187500001 0.8764027249999999 0.1026041625 0.869528365625 0.0956597171875 0.8628545843750001 0.09751157031249999 0.8585132390625001 0.10908564531250001 0.863618115625 0.1766782375 0.8546875 0.2273036578125 0.8546875 0.2419897828125 0.8564915203125001 0.2692708296875 0.8651063328124999 0.304456015625 0.8700309546874999 0.3140625 0.8857269734375001 0.3140625 0.887197271875 0.3111800828125 0.887197271875 0.20738656249999998 0.87938869375 0.179456015625 0.8789713156250001 0.11186342187500001
1 0.8297508921875 0.1836868421875 0.827461890625 0.176559009375 0.8243602375 0.1590939578125 0.8234696203125 0.1069445 0.8191526140625 0.096572703125 0.8141410812500001 0.0932516375 0.8079720921875 0.0946877484375 0.80625 0.0980748921875 0.80625 0.138929709375 0.8110730343749999 0.175099203125 0.80625 0.2041245390625 0.80625 0.2458806921875 0.80718323125 0.256547578125 0.8118936078125 0.28040907812500004 0.8181492046875001 0.3046875 0.8297508921875 0.3046875 0.8297508921875 0.1836868421875
0 0.9445388390625 0.371823909375 0.9586738671875 0.3628798359375 0.9698684984374999 0.3469125203125 0.9787622359375 0.3220822359375 0.9816433203124999 0.29340277812500004 0.97821506875 0.265503775 0.9669677203125 0.24159566250000003 0.959109075 0.23399429375 0.9448153171874999 0.23125 0.941708134375 0.23125 0.925419725 0.23877400781250002 0.910744078125 0.2602241421875 0.9078125 0.26834029843749996 0.9078125 0.3450639140625 0.9135987109375 0.358121471875 0.9305950968750001 0.371875 0.9395522843749999 0.371875 0.9445388390625 0.371823909375
1 0.35122521406249996 0.459375 0.35447740625 0.5390354875 0.340625 0.6032865421875 0.340625 0.65 0.3925211015625 0.65 0.3925211015625 0.6008185296875 0.37691546875 0.52811976875 0.3765033328125 0.50450865625 0.381293275 0.4660021796875 0.381177596875 0.459375 0.35122521406249996 0.459375
2 0.709375 0.6548323328125 0.2793178125 0.6656936375 0.27220719843749996 0.6734188890625 0.2671875 0.69538355625 0.2671875 0.71421066875 0.274470915625 0.7289744453125 0.2693079 0.7269502015625 0.2676660375 0.7346118171875 0.2690242671875 0.7679451484375 0.2798596296875 0.7844936359375 0.2766813734375 0.790625 0.29684816718749996 0.790625 0.2969111734375 0.7905481875 0.2979667390625 0.790625 0.3139551875 0.790625 0.3184466171875 0.7819603171875 0.327096959375 0.7832492078125 0.3438317171875 0.7719381046875 0.3616306875 0.7675623500000001 0.709375 0.76093809375 0.709375 0.6548323328125
1 0.709375 1 0.7441582078125 1 0.7532150796875 0.9538806609375001 0.7532150796875 0.8277620359375 0.732827165625 0.7387642265625 0.7317568203125 0.7072463250000001 0.737658546875 0.6281265781250001 0.7371090359375 0.596645096875 0.7331884468750001 0.5806494125 0.728623984375 0.5724694703125 0.7191082109375 0.5642307578125 0.709375 0.5642307578125 0.709375 1
1 0.9240038187499999 0.6532412734374999 0.925328928125 0.5766440890625 0.9187624609375 0.5592916265625 0.9109203562499999 0.5542541 0.90731725 0.5542541 0.8989114578124999 0.55755925 0.8941382640625001 0.576296675 0.9030781953125 0.6671647484375001 0.8921875 0.7224689984375 0.8921875 0.7785073765625 0.893320890625 0.790517265625 0.9050363765625 0.8436345984375 0.9095722500000001 0.8576720437500001 0.91547269375 0.8625 0.9332501953125 0.8625 0.9332501953125 0.6973413453124999 0.9255926999999999 0.6699291609375 0.9240038187499999 0.6532412734374999