1 0.09527593749999999 0.56875 0.10447497343750001 0.534380175 0.110192503125 0.49581014999999995 0.1108056734375 0.4571275359375 0.10469016406250001 0.42526184999999994 0.1021352453125 0.39063726875000004 0.10527103593750001 0.3657506625 0.1099490375 0.32287873437500003 0.1140625 0.2996972671875 0.1140625 0.2879843765625 0.113028146875 0.2778229359375 0.10807973125 0.268270440625 0.10077159843750001 0.2620104890625 0.0914102703125 0.262988909375 0.08459556406249999 0.272452478125 0.082257728125 0.280538915625 0.0810415921875 0.296122884375 0.0781213515625 0.359351946875 0.0710599703125 0.39463531406249996 0.061749018749999995 0.42611303906250003 0.0581372078125 0.4403091703125 0.0581372078125 0.56875 0.09527593749999999 0.56875
1 0.359375 0.56875 0.359375 0.34571739687499997 0.354279184375 0.398017953125 0.3457727390625 0.4410371484375 0.3392849484375 0.460449775 0.3238177984375 0.47832940468749996 0.3238177984375 0.56875 0.359375 0.56875
1 0.169789096875 0.53125 0.1800074859375 0.5166799328125 0.182809271875 0.46106982968750004 0.19126565625 0.43730871406249994 0.20519079062499998 0.413452140625 0.20728405 0.370355675 0.221875 0.32467241874999997 0.221875 0.2846653 0.21535180625 0.276947625 0.20688581562500002 0.276947625 0.19976798125 0.287145071875 0.19366342812499998 0.3122541671875 0.1884613296875 0.35818295624999996 0.1830814609375 0.3735561921875 0.1614003890625 0.40727135625 0.1506891375 0.4463511578125 0.1494660109375 0.504711765625 0.1518986453125 0.519948634375 0.159914403125 0.53125 0.169789096875 0.53125
0 0.2746242484375 0.56875 0.2765625 0.5646210828125 0.2765625 0.4593137734375 0.2728097765625 0.44839989375 0.2549974203125 0.42149185781250004 0.2302930671875 0.4127122265625 0.21085893906250003 0.4126211265625 0.198743134375 0.4282813984375 0.187159353125 0.45710651875 0.185486875 0.4887549640625 0.1883076578125 0.5179808312499999 0.1962087078125 0.5420655390625 0.2123947671875 0.56875 0.2746242484375 0.56875
1 0.4465513609375 0.56875 0.45562400781249995 0.5417101640624999 0.4645959140625 0.5006174531250001 0.465292525 0.43514835625000003 0.4590275609375 0.3844468546875 0.461878846875 0.340066184375 0.471875 0.28052871874999996 0.471875 0.2705364265625 0.469014534375 0.25421016406249997 0.4566090734375 0.24274124531250002 0.44619406875 0.24746775312499997 0.4386801484375 0.265675684375 0.43499789062499994 0.3615727890625 0.4159921609375 0.4203743109375 0.4159921609375 0.56875 0.4465513609375 0.56875
1 0.1640625 0.9045391281249999 0.1640625 0.9020103265625 0.16321228125 0.8787225796874999 0.1577352203125 0.850392103125 0.1619715125 0.7931122421875 0.1589957890625 0.784039596875 0.1528751671875 0.7807516328125 0.14909995625 0.7832318046875001 0.1452617203125 0.7926776796875 0.144886890625 0.84562551875 0.13752945156250002 0.8708807546875 0.13752945156250002 0.9203125 0.162385790625 0.9203125 0.1640625 0.9045391281249999
2 0.359375 1 0.359375 0.9292146750000001 0 0.92067181875 0 0.9991168828125 0.0418513296875 1 0.359375 1
1 0.4859375 0.7811869234375 0.4859375 0.768763028125 0.47761734687499996 0.72340155 0.476091321875 0.7000408281249999 0.4833597125 0.62256065625 0.47951482656250005 0.6096992765625 0.47096253906249996 0.6024950359375 0.46293441093750004 0.6064869359375 0.456147003125 0.623127640625 0.456259853125 0.7105047984375 0.445677865625 0.7476679015625 0.445677865625 0.7859375 0.4854166703125 0.7859375 0.4859375 0.7811869234375
1 0.53125 0.7562282859375 0.5265826859375 0.7325729843750001 0.524392625 0.7047739953125001 0.53125 0.6349566624999999 0.53125 0.6220116515624999 0.52754359375 0.609855984375 0.5173695546875 0.6051657515625 0.509217375 0.61160178125 0.5040866687500001 0.6250019499999999 0.504080125 0.7046558218750001 0.4996449296875 0.729637640625 0.49572464375 0.7421403843750001 0.49572464375 0.7859375 0.5271136656250001 0.7859375 0.5280319125 0.784449078125 0.53125 0.7597045812500001 0.53125 0.7562282859375
1 0.5741311546875 0.6195802203125 0.5657169703125 0.609375 0.564580275 0.609375 0.5535178375 0.6129948765625001 0.548127196875 0.6265162609375 0.5513023734375 0.724618953125 0.5421374609375 0.76089370625 0.538637071875 0.78595734375 0.5399116859374999 0.7890625 0.5623084703125001 0.7890625 0.584375 0.7863680765625001 0.584375 0.7656736234375 0.573128890625 0.7159037890625 0.5762629703125001 0.6278771890625 0.5741311546875 0.6195802203125
0 0.359375 0.91048904375 0.398055309375 0.9157686359374999 0.4242293265625 0.9122258656250001 0.7226668265624999 0.9348401078125 0.7247839640625 0.9317769671875 0.7272700625 0.9006506812499999 0.7312762890625001 0.8949676265625 0.7410426296875 0.8938656375 0.7521915124999999 0.8532645640625001 0.7589004546875 0.845483759375 0.76781936875 0.8470806156249999 0.7739427328125 0.83833441875 0.781560990625 0.8361486375 0.7884584609374999 0.8458814921875 0.8018677796875 0.8524237093749999 0.807622175 0.8717406531249999 0.818323059375 0.8951165 0.83687881875 0.8937595109375 0.8465775546875001 0.8990995359374999 0.849570203125 0.904852425 0.8519829874999999 0.8949040390625 0.8578125 0.9261325546875 0.8578125 0.8386035875000001 0.855457434375 0.833458996875 0.7890497546875 0.8321110015625 0.7855981640625 0.8346125171875001 0.6800013484375 0.82108475 0.5920452609375 0.8153408562500001 0.5309754109375 0.8162393765625 0.493216421875 0.8096940921875 0.4715356625 0.8108142828125 0.4520705890625 0.8065762484375 0.359375 0.8005711140624999 0.359375 0.91048904375