1 0.3170619875 0.22292261249999998 0.3170619875 0.16608415468749999 0.310751365625 0.1476261609375 0.31263895937499997 0.124270140625 0.30999854843749997 0.1109375 0.3099014375 0.1109375 0.2988481890625 0.11346377968750002 0.303720115625 0.1470522046875 0.2984375 0.1728270953125 0.2984375 0.192030540625 0.301599640625 0.2104946828125 0.3077217875 0.2234375 0.307788215625 0.2234375 0.3170619875 0.22292261249999998
1 0.2943163703125 0.173277184375 0.28909886875 0.155447315625 0.2881617953125 0.1180701453125 0.28409936406249997 0.11163590000000001 0.2765625 0.1151454328125 0.2765625 0.12822944687499999 0.28050511875 0.1549969359375 0.2765625 0.18150853281249998 0.2765625 0.1942994203125 0.2793586234375 0.2130027203125 0.286696640625 0.23125 0.29024497656250003 0.23125 0.2943163703125 0.2291350703125 0.2943163703125 0.173277184375
1 0.26008727187499997 0.16263215625 0.2610194515625 0.12655741250000002 0.2592387625 0.11402104531249999 0.25566253125 0.1104669953125 0.24598175625000002 0.115100809375 0.248150334375 0.1498593984375 0.2421875 0.1833465390625 0.2421875 0.196265578125 0.24308825 0.217769484375 0.24811515312500002 0.23732303125 0.248585196875 0.2375 0.25470995625000004 0.2375 0.2628861734375 0.23350185625000003 0.26543724687500003 0.2203815546875 0.26543724687500003 0.183786403125 0.26008727187499997 0.16263215625
1 0.23319900468750002 0.2421875 0.2354700078125 0.2421875 0.2393341859375 0.2302833921875 0.2393341859375 0.1780491609375 0.233476078125 0.158810609375 0.23395074375 0.12982154375 0.22684817031249999 0.109375 0.2202332703125 0.109375 0.21875 0.11222411562500001 0.21875 0.13200504062500001 0.22149031562500002 0.15375595 0.21875 0.1745442515625 0.21875 0.21207584218750003 0.2192454984375 0.2157823546875 0.2286600703125 0.24137435 0.23319900468750002 0.2421875
1 0.4546875 0.16047782500000002 0.4546875 0.221875 0.46276105 0.221875 0.4690782203125 0.19269966249999998 0.4693485875 0.17469873593750002 0.4646355640625 0.148746890625 0.4690548609375 0.126306146875 0.467951121875 0.11185939062500001 0.457983259375 0.116014490625 0.45752342187500006 0.1506274515625 0.4546875 0.16047782500000002
1 0.48594022187499997 0.1204540140625 0.48603130781250004 0.1566014921875 0.48125 0.174159234375 0.48125 0.22341138124999999 0.48285215312499996 0.2296875 0.4941481234375 0.2296875 0.49967555625 0.20557628125 0.49991297812499996 0.180558096875 0.49462505781250005 0.1568015140625 0.49821385156250003 0.1263005109375 0.49445460781249995 0.1130060546875 0.48594022187499997 0.1204540140625
1 0.53003470625 0.19353849218750002 0.524426603125 0.1633924578125 0.527800384375 0.124412565625 0.516176175 0.1147011875 0.5140625 0.12450389531249999 0.5140625 0.1423367828125 0.5166141046875 0.1638474859375 0.5140625 0.1709109171875 0.5140625 0.23948326875 0.5157533734374999 0.240625 0.520885953125 0.240625 0.522008265625 0.2404075390625 0.5261384312499999 0.22700833125000003 0.53003470625 0.19353849218750002
1 0.560148896875 0.17177176562500002 0.5594463765625 0.1328283140625 0.5514986937499999 0.1240597140625 0.5484375 0.14037434375 0.5484375 0.14352793125000002 0.551393359375 0.1692940890625 0.5484375 0.1945966 0.5484375 0.2243115984375 0.55237365625 0.2421875 0.563954934375 0.2421875 0.564429765625 0.239901040625 0.564429765625 0.1909839515625 0.560148896875 0.17177176562500002
1 0.5483355000000001 0.11478398593750001 0.5403871375 0.11897548124999999 0.543206465625 0.15792814375 0.5390625 0.18219460781250002 0.5390625 0.195974884375 0.545188453125 0.2296875 0.548476925 0.2296875 0.5460985859374999 0.19826969375 0.5516740609374999 0.171065871875 0.5482190578125 0.134827215625 0.552605078125 0.12924414374999998 0.552605078125 0.1263774171875 0.5483355000000001 0.11478398593750001
1 0.56875 0.1503144484375 0.5635189171875 0.1692868515625 0.5625 0.183128159375 0.5625 0.1851210484375 0.56432716875 0.1970646296875 0.5679329796875 0.2078125 0.5686655875 0.2078125 0.56875 0.20537145156249997 0.56875 0.1503144484375
0 0.5295406375 0.2811905765625 0.508908509375 0.283314603125 0.5015625 0.299888684375 0.5015625 0.344097803125 0.50626454375 0.3555731921875 0.507742796875 0.35625 0.5276369062499999 0.35625 0.533662584375 0.34856164375 0.5411259875 0.32787378125 0.5416390343749999 0.3056333765625 0.5310081906249999 0.2811905765625 0.5295406375 0.2811905765625
1 0.610430375 0.2030707546875 0.608777290625 0.217097353125 0.6052458265625 0.231601559375 0.6015625 0.2535387078125 0.6015625 0.282880284375 0.6022672250000001 0.2919307390625 0.6037319531249999 0.30208838125000004 0.607540353125 0.31928145625000004 0.616396584375 0.3502762578125 0.620663190625 0.361732840625 0.624883471875 0.36497827968749996 0.6351509078124999 0.365625 0.6402610953125001 0.365625 0.6402610953125001 0.231792546875 0.6377919624999999 0.2261066015625 0.6367829046875 0.22115729218750002 0.634398221875 0.21584786406249998 0.6308779062500001 0.20414236406250003 0.6283874171875 0.173481178125 0.6291256187500001 0.14241315000000002 0.6278092375 0.127366853125 0.6254149359375 0.11975271875 0.621713109375 0.1136542 0.6181806359375 0.11058881875 0.6108735671875001 0.109375 0.6104184171875 0.109375 0.6064642921875001 0.11055084062500001 0.603597859375 0.11400093281250001 0.6015625 0.1189929828125 0.6015625 0.1333439296875 0.6033912734375 0.15114535 0.6063328859375 0.1628205203125 0.6082026546875 0.1776077921875 0.610430375 0.2030707546875
1 0.8186040609375 0.3664726359375 0.8194407171875 0.36875 0.8452391921875 0.36875 0.8471382921874999 0.366269075 0.850423640625 0.3556438734375 0.856654965625 0.3259977765625 0.8574478078125001 0.319635828125 0.8574478078125001 0.26476818125 0.8555953046875 0.25424300624999996 0.8511342984375 0.2417021015625 0.8484144562499999 0.2294909546875 0.8456380781250001 0.22508781875 0.844339253125 0.2169590296875 0.840045896875 0.20297585312500002 0.839433790625 0.1789551609375 0.84301598125 0.14114884375 0.8426472828125 0.12002615937500001 0.8408152093750001 0.1144880640625 0.8367420437499999 0.10759625625 0.8337980187499999 0.1046353890625 0.8293109812499999 0.1030973203125 0.8262596312499999 0.1030973203125 0.8218280406249999 0.10377831562499999 0.8153653609375 0.109123346875 0.810955925 0.11610695625 0.810046975 0.11926737812499999 0.809254190625 0.1290828921875 0.80964406875 0.14037210312499998 0.8145343796875 0.1775079171875 0.8147707828125 0.20209833437500002 0.8015627578125001 0.2518284484375 0.8 0.2695822671875 0.8 0.29574014375 0.8003146062500001 0.3018369296875 0.8017861296875001 0.30881280312500003 0.8027597625 0.32040483750000004 0.805185690625 0.3268244546875 0.806895571875 0.336408984375 0.8110212812500001 0.3518344296875 0.8140713703125 0.360871684375 0.8186040609375 0.3664726359375
1 0.7375 0.2477281203125 0.7375 0.3001805515625 0.737892165625 0.3042163875 0.7443464359374999 0.3300447796875 0.754239434375 0.3616047328125 0.7566154109375 0.3642323203125 0.7600189953125 0.36492215 0.7701936140625 0.365625 0.7815493171875 0.365625 0.7815493171875 0.23865700625000003 0.7691998640625 0.202639953125 0.7677795640625 0.177480959375 0.7683361343749999 0.1711883046875 0.7667226421875 0.160987903125 0.7681545984375 0.1593687296875 0.76910085625 0.144179253125 0.7688451484375 0.131202271875 0.76719456875 0.12042316718749999 0.7648576203124999 0.1139112546875 0.7624074765625 0.11012625937500001 0.7566910171875 0.104797996875 0.7564031140624999 0.1046875 0.747537784375 0.1046875 0.7416297703125 0.109415659375 0.7390124453125 0.1179997078125 0.738956521875 0.1321048625 0.7440455328125 0.1635887375 0.74707185 0.201827034375 0.745361459375 0.214079140625 0.7386353437500001 0.24092440937499998 0.7375 0.2477281203125
1 0.6921787125 0.168858165625 0.694058978125 0.1629632171875 0.6967556984375001 0.1463487625 0.6977912421875 0.131867678125 0.6973997328125 0.1220971625 0.6930284671875 0.1130371953125 0.685514653125 0.11010453125 0.6816229218750001 0.110953015625 0.6752646999999999 0.11456753281250001 0.6715603015625 0.12044595 0.6699740515625 0.12459129843750001 0.6684010328125 0.14170352343749998 0.668530415625 0.15927305625 0.669828353125 0.1666748015625 0.6684840234375 0.2062485609375 0.661994875 0.2286035046875 0.659375 0.2355987203125 0.659375 0.3640625 0.6849610796875 0.3640625 0.6953134140625 0.329439715625 0.6995289734375 0.3098373203125 0.701411053125 0.2973142546875 0.7024071828125 0.2736143828125 0.6998973828125 0.2507360140625 0.6891413078124999 0.20451588906249998 0.6897404875 0.190929840625 0.6921787125 0.168858165625
1 0.9737243375 0.3147369328125 0.9705285328125001 0.326826853125 0.9676906921875 0.3348703375 0.9628530968749999 0.3446050328125 0.9542678468750001 0.3562798875 0.953125 0.3602480078125 0.953125 0.3609375 0.9700730265625002 0.3609375 0.97218408125 0.35727614375 0.9743682203125001 0.3463211828125 0.9837155734374999 0.311204340625 0.9853799593750001 0.29878915 0.9863467531250001 0.275062296875 0.9859128046875 0.2620190140625 0.9846761421875 0.254459946875 0.9816358984375 0.23903899218750002 0.9746819500000001 0.215417409375 0.9715431296875 0.19767715 0.9726867765625 0.1696100203125 0.977392709375 0.134674775 0.9774153046875 0.11990435937499999 0.9763008 0.11408589531249999 0.9718635796874999 0.1068867734375 0.96850925625 0.10391243750000001 0.9621553078125 0.103474921875 0.9568408625 0.10595786250000001 0.953125 0.11037939062499999 0.953125 0.22917502031249998 0.955786640625 0.2313415 0.9669839203125001 0.2479660046875 0.9703307062500001 0.2558638109375 0.97382749375 0.2695576359375 0.975186321875 0.278857303125 0.9758249593749999 0.2916157234375 0.9754240953124999 0.3014536859375 0.9737243375 0.3147369328125
1 0.9038925156250001 0.184447871875 0.9059840453125 0.1684548734375 0.9104897546874999 0.14193285625000002 0.9114061765624999 0.12225692968749999 0.90962118125 0.115146721875 0.9043281609375 0.10694228125000001 0.896719925 0.10507687343750001 0.8906321734375 0.10773998124999999 0.8867918515625 0.11171502343749999 0.8823319953125001 0.122796040625 0.8812496281250001 0.1419044984375 0.883203996875 0.16603029062500002 0.88285200625 0.1983702859375 0.8806349578124999 0.2129277609375 0.8756364296875001 0.22937863906249997 0.8750215234375001 0.23432009062499998 0.8751108359374999 0.24066336093750001 0.8773085859374999 0.24717239531250002 0.8739661078125 0.2528498453125 0.8734375 0.25602254062499996 0.8734375 0.2812194125 0.875144646875 0.2729808875 0.8830728953125 0.2514537328125 0.89415455 0.23450427031249998 0.9059400265625 0.2251608375 0.908120471875 0.22171532031250002 0.9043129249999999 0.20433450312499998 0.9034747359375 0.1934177796875 0.9038925156250001 0.184447871875
1 0.8765625 0.335835259375 0.8765625 0.3625 0.8928519578125 0.3625 0.8829636624999999 0.3504250921875 0.8789177625000001 0.3422923 0.8765625 0.335835259375
0 0.9511325750000001 0.3734375 0.9661770765625001 0.3639125578125 0.9717862546875 0.35733799374999997 0.9754327109375 0.3502520859375 0.9777007281250001 0.3477083921875 0.981279775 0.33946507812500004 0.9821169781249999 0.333926978125 0.9838327781250001 0.328895096875 0.9838327781250001 0.2765355421875 0.9824434296875001 0.26983875468749996 0.9776341265624999 0.256959384375 0.9734634171875001 0.24840681718750002 0.9706991500000001 0.24574891562499998 0.96687301875 0.23979377968749999 0.9566212546875 0.2297139234375 0.9483921015625001 0.22449242656249999 0.936196284375 0.220859146875 0.9278846796875 0.2208594546875 0.9173518546875 0.22586631562499998 0.9129488312499999 0.22659995312499998 0.9083116828125 0.22995122812500002 0.9008409046875 0.237750565625 0.8921433625 0.252696278125 0.8901318984375 0.2579854453125 0.8859375 0.27536834374999997 0.8859375 0.31546591875 0.885945609375 0.3155398265625 0.8895806531249999 0.3281702640625 0.8919553578125001 0.33243644375 0.8961354 0.34446796874999996 0.906166128125 0.35904961874999997 0.91498331875 0.367729865625 0.928223059375 0.3734375 0.9511325750000001 0.3734375
0 0.35933891875 1 0.365598475 0.995517640625 0.36510154687499996 0.9780718359374999 0.368342103125 0.971507890625 0.368342103125 0.81900690625 0.3366063890625 0.7700298734375 0.32850604375 0.7480380296875 0.32700184375 0.7073130890625 0.3328957640625 0.65702171875 0.3298202359375 0.6336341875 0.3205265265625 0.6215339515625 0.3024791953125 0.6093897140625 0.2967002640625 0.6079480484374999 0.2656582109375 0.6079480484374999 0.25320567656250004 0.610954959375 0.24325869218750001 0.620802565625 0.23814754218749998 0.6329773875 0.2414417921875 0.6588649171875 0.2566812625 0.70362774375 0.26460894218750003 0.7471778609374999 0.2622222109375 0.7669610765625 0.2316416515625 0.829230875 0.228125 0.8538540671874999 0.228125 0.8713967968749999 0.2289230171875 0.8805181671875 0.2441624859375 0.9252809921875 0.28618948125 0.9938445281250001 0.29492948281250003 1 0.35933891875 1
0 0.110961053125 0.5890625 0.12068759375 0.6163927046875 0.12641096875 0.648179715625 0.1206280421875 0.672201965625 0.1006582703125 0.7125539078124999 0.096875 0.73347909375 0.096875 0.76045115 0.1029578859375 0.7850779765625 0.12851875625 0.8281556453124999 0.126668690625 0.8406075093750001 0.13349960624999999 0.8470139578125 0.13924125781250002 0.8484375 0.1731479578125 0.8484375 0.188701715625 0.8412183499999999 0.21566309218750002 0.786868225 0.217320103125 0.77784083125 0.217320103125 0.7310461187499999 0.21234389375 0.715153421875 0.1793986859375 0.6635739328125 0.1739662265625 0.64845358125 0.17651086093749999 0.5890625 0.110961053125 0.5890625
0 0.43795230781249994 0.5890625 0.44368181250000005 0.6308284484375 0.44305542343750004 0.653171725 0.411473096875 0.7063407703125 0.409375 0.7165264046875001 0.409375 0.75736231875 0.41009403750000006 0.7651156296874999 0.43652958125 0.8243395812500001 0.4352089640625 0.8358495234374999 0.443472234375 0.8443539 0.4660530625 0.8514553390625 0.47151342031250004 0.8515625 0.4888711875 0.8515625 0.4976837515625 0.8472178734375 0.49688271562499997 0.8347178734374999 0.5158451187499999 0.8001245515625 0.5158451187499999 0.7066664984375001 0.49187296406250003 0.6601880437500001 0.49991963281249996 0.5890625 0.43795230781249994 0.5890625
0 0.56875 0.5890625 0.5406479484375 0.5890625 0.5384227265625 0.6087615046875 0.50625 0.654008765625 0.50625 0.7506484625 0.50643521875 0.751258040625 0.50625 0.7517716 0.50625 0.759375 0.55232545 0.759375 0.565428946875 0.7463028578124999 0.56875 0.7407326875 0.56875 0.5890625
0 0.3707275046875 0.5890625 0.3668947 0.59461490625 0.365625 0.5976623625 0.365625 0.673079371875 0.3685339328125 0.6814019203124999 0.3728649234375 0.6894269 0.3883365765625 0.69375 0.40111137656249995 0.69375 0.41410339687500003 0.6807943140624999 0.42515772968750004 0.663535009375 0.4300412578125 0.6452979546875 0.42728153750000003 0.5890625 0.3707275046875 0.5890625
0 0.2921875 0.5890625 0.2921875 0.612402321875 0.31315287187499996 0.6237787421875 0.32359674374999997 0.6431162 0.30691778593749997 0.7355056359375001 0.3084140921875 0.75 0.32495165 0.75 0.33595094531249997 0.732152503125 0.352097675 0.695475934375 0.3554079484375 0.6686888078125 0.3484933984375 0.6400039890625 0.3303587140625 0.6086483765625 0.331270940625 0.5890625 0.2921875 0.5890625
0 0.192857859375 0.5890625 0.1875 0.6037726703125 0.1875 0.6336669015624999 0.1930248015625 0.6578120578125 0.2067933265625 0.6807120421875 0.20619602656249997 0.6882481546875 0.21154583749999997 0.6921875 0.2389265828125 0.6921875 0.24967786250000001 0.6875647640625 0.2438089234375 0.6401731015625 0.24928563750000002 0.6274564265625 0.2579451234375 0.61878421875 0.2579451234375 0.6021539203125 0.25049706875 0.5890625 0.192857859375 0.5890625
0 0.03652531875 0.5890625 0.0385588015625 0.5985845578125 0.0381071125 0.6085905765625 0.025231034375 0.6361748046875 0.01875 0.6609574640625 0.01875 0.6825304171875001 0.026108620312500004 0.7045261859374999 0.0523688671875 0.746887809375 0.060537371875 0.753926021875 0.0646760421875 0.7546875 0.0862880046875 0.7546875 0.0977659109375 0.75370943125 0.10323519218749999 0.7499263421875 0.108532628125 0.71655089375 0.112376846875 0.7073516718749999 0.112376846875 0.6497676828125 0.109383546875 0.6423541453125 0.080215065625 0.6033439031250001 0.077254 0.5890625 0.03652531875 0.5890625
1 0.906697428125 0.5890625 0.885625240625 0.6547950203124999 0.884375 0.665889228125 0.884375 0.694518334375 0.8873311796875001 0.6984375 0.891204146875 0.6984375 0.8953490328125 0.69736524375 0.912735946875 0.6644501390625 0.9280942718749999 0.6495360375 0.9563863125000001 0.6373733109375 0.9563863125000001 0.6192173671875001 0.9492996609375 0.5890625 0.906697428125 0.5890625
1 0.6790068703125 0.5890625 0.6653576234375 0.6569500734375 0.6625 0.683115321875 0.6625 0.7546092390625 0.6634589640625 0.7729063453125 0.6750986375 0.8332205640625 0.689418290625 0.8868271359375001 0.6993833125 0.8953125 0.7194043625 0.8953125 0.723793290625 0.8894319171875 0.72114295625 0.8602060515625001 0.7252541515625 0.7831384359375 0.7252541515625 0.6215868609374999 0.7159418453125 0.5890625 0.6790068703125 0.5890625
0 1 0.66572453125 0.99540029375 0.6597280421875 0.9642099937499999 0.6435380937499999 0.9359556171874999 0.647953965625 0.9092040390625 0.6702888875 0.8849007249999999 0.7153357125 0.8796875 0.736648409375 0.8796875 0.8748658984375 0.9116226031250001 0.9194698390625 0.9165214531250001 0.9234375 0.9622751640625001 0.9234375 0.9895485484375002 0.9024650796875001 1 0.876922975 1 0.66572453125