1 0.77378750625 0 0.768164403125 0.0436303203125 0.7683457875 0.0796595859375 0.7752584921875 0.13393538124999999 0.7864702109375 0.182819309375 0.7936407125 0.2017739234375 0.8008683109374999 0.2078125 0.8191184843749999 0.2078125 0.8191184843749999 0.0038232500000000003 0.8176273171874999 0 0.77378750625 0
1 0.8111640859375001 0 0.8226366640624999 0.041050978125 0.826677740625 0.09949347343750001 0.8291150999999999 0.1046875 0.8478681343750001 0.1046875 0.8494949312500001 0.1017175515625 0.8494949312500001 0 0.8111640859375001 0
1 0.69572088125 0 0.69609375 0.021875 0.70546875 0.062152778124999995 0.72109375 0.1052083328125 0.73125 0.11493055625 0.740234375 0.115625 0.74765625 0.10798611093749999 0.74765625 0.062152778124999995 0.7546875 0.0260416671875 0.7546875 0 0.69572088125 0
1 0.6338390265625 0 0.634375 0.0204861109375 0.6453125 0.069097221875 0.65234375 0.081597221875 0.666796875 0.0822916671875 0.675 0.071875 0.68359375 0.0260416671875 0.6854248046875 0 0.6338390265625 0
1 0.1715526640625 0.6828125 0.173855259375 0.6811740328125 0.173855259375 0.6255825703125 0.17220491875 0.6190335734375 0.1680780046875 0.6091775140625 0.1686175734375 0.5927717609375 0.1682851015625 0.578703803125 0.16491944375 0.5695805375 0.1578125 0.5721484 0.1578125 0.58081165 0.15966697968750002 0.5899700109375 0.16104675468750002 0.6089319765625 0.15903765 0.6260413421875001 0.1578125 0.632335196875 0.1578125 0.6557250484375 0.161996534375 0.6782400109375 0.165812178125 0.6828125 0.1715526640625 0.6828125
1 0.1925740703125 0.5829805546875 0.1933157203125 0.5741270578125001 0.18965864999999998 0.5691022 0.1863454078125 0.568576365625 0.1841477671875 0.568576365625 0.1807753078125 0.5721559703125 0.182835603125 0.5856418484375 0.184748971875 0.6014681859375 0.1805656234375 0.6160619796875 0.1796875 0.622129890625 0.1796875 0.648251240625 0.1829441734375 0.6735084734375001 0.18550907656249999 0.6765625 0.1926886921875 0.6765625 0.1947033359375 0.6754431703125 0.197450946875 0.658248953125 0.197450946875 0.6264340374999999 0.1918596515625 0.6066203703124999 0.1925740703125 0.5829805546875
1 0.215625 0.8576388890625001 0.212890625 0.847222221875 0.204296875 0.8375 0.19369800312500002 0.83757339375 0.181913971875 0.8433902765625 0.174385303125 0.86607611875 0.1750399921875 0.886435196875 0.1770039671875 0.9021407859374999 0.1838779921875 0.9126111390624999 0.196484375 0.9208333328125 0.209375 0.9173611109375 0.2159567328125 0.9050491968750001 0.21923006093750003 0.88876194375 0.21923006093750003 0.8707296093749999 0.215625 0.8576388890625001
1 0.34765625 0.653472221875 0.34765625 0.628472221875 0.34260784843750003 0.6003604578124999 0.34390013750000004 0.588112778125 0.34375 0.571527778125 0.3395925421875 0.5674448265625001 0.332421875 0.56805555625 0.3294696921875 0.573568665625 0.330761965625 0.60189141875 0.32796203125 0.6187319703125 0.325 0.63680555625 0.3260236140625 0.6547095328125 0.331640625 0.6777777781250001 0.341015625 0.6805555562500001 0.34296875 0.67569444375 0.34765625 0.653472221875
1 0.372832678125 0.6099289546875 0.37578125 0.5770833328125 0.373046875 0.56805555625 0.369921875 0.5666666671875 0.364453125 0.5666666671875 0.3609375 0.571527778125 0.36081014375 0.6076325203125 0.35546875 0.6354166671875 0.35703125 0.66875 0.361328125 0.68194444375 0.366796875 0.684722221875 0.372265625 0.684722221875 0.3765625 0.67569444375 0.37890625 0.6645833328124999 0.3796875 0.640972221875 0.372832678125 0.6099289546875
1 0.4066395171875 0.6126081375 0.40859375 0.58125 0.405859375 0.5736111109375 0.400390625 0.5708333328124999 0.394921875 0.5722222218749999 0.3921875 0.5798611109375 0.39329375 0.6118426593749999 0.38897839375 0.63212788125 0.38671875 0.65069444375 0.38671875 0.671527778125 0.393359375 0.690277778125 0.405078125 0.690277778125 0.409375 0.671527778125 0.4109471125 0.65011665625 0.4098702109375 0.635189790625 0.4066395171875 0.6126081375
1 0.504712403125 0.5865818234375 0.50546875 0.5673611109375 0.501953125 0.5638888890625 0.493359375 0.5638888890625 0.48984375 0.5673611109375 0.4890625 0.57430555625 0.4894204421875 0.59997771875 0.486405121875 0.6217938937499999 0.483389815625 0.63978266875 0.4846820890625 0.6554750109375 0.48828125 0.6645833328124999 0.490625 0.67430555625 0.493359375 0.6763888890625 0.501953125 0.6763888890625 0.50390625 0.6729166671875 0.50859375 0.6493055562500001 0.5068661921875 0.6221766328125 0.5032047421875 0.6011259421874999 0.504712403125 0.5865818234375
1 0.4605595671875 0.6076325203125 0.46328125 0.58125 0.459765625 0.5722222218749999 0.451171875 0.5708333328124999 0.446875 0.58125 0.4476367828125 0.6110771828125 0.44419071875 0.638634453125 0.4422523 0.66121610625 0.44296875 0.67430555625 0.44453125 0.6854166671875 0.447265625 0.690277778125 0.458203125 0.690277778125 0.4640625 0.6659722218749999 0.465082534375 0.6478202093750001 0.4640056453125 0.629831434375 0.4605595671875 0.6076325203125
1 0.4845101203125 0.6664970328125 0.4837288703125 0.5748303671875 0.4802132453125 0.567191478125 0.4724007453125 0.567191478125 0.4692757453125 0.5685803671875 0.4665413703125 0.57621925625 0.4649788703125 0.67760814375 0.4692757453125 0.6852470328125 0.4786507453125 0.6852470328125 0.4821663703125 0.6789970328124999 0.4845101203125 0.6664970328125
1 0.755320753125 0.4890625 0.753125 0.48978448593749996 0.753125 0.5166256046875 0.754729984375 0.5310289499999999 0.753125 0.5412974796875 0.753125 0.57957076875 0.7580824609375 0.596875 0.7658060265625 0.596875 0.7658060265625 0.54224050625 0.7626396046874999 0.53269065625 0.76304094375 0.504994725 0.7616769703124999 0.49663410937499997 0.7585055515625 0.4902886234375 0.75647064375 0.4890625 0.755320753125 0.4890625
1 0.7736966750000001 0.4890625 0.7724757890625 0.49227708437500006 0.775668203125 0.5215529125 0.7703125 0.5479104453125 0.7703125 0.5631550187500001 0.7708730546875 0.571261815625 0.7761263296875001 0.5909245828125 0.7775112890625 0.5921875 0.7850487375 0.5921875 0.7869830046875 0.5886562265624999 0.7871629406249999 0.587618646875 0.7871629406249999 0.5391816265625 0.782659040625 0.5204915109375 0.7845582515625 0.5053228937500001 0.7841945390625 0.49282289375 0.7826040140625 0.4890625 0.7736966750000001 0.4890625
1 0.56875 0.4890625 0.56875 0.5764732703125001 0.5714839125 0.575572475 0.5761415671875 0.5496573375 0.5761415671875 0.53160178125 0.5737978171875 0.5191017812500001 0.5698915671875 0.50660178125 0.5706504781249999 0.4890625 0.56875 0.4890625
1 0.987109375 0.5852430562500001 0.9921875 0.5859375 0.994921875 0.5852430562500001 0.996875 0.5817708328125 1 0.5651041671875 0.99921875 0.5359375 0.99453125 0.520659721875 0.996875 0.50538194375 0.996875 0.49149305625000006 0.994921875 0.489409721875 0.986328125 0.489409721875 0.98515625 0.49149305625000006 0.98515625 0.4984375 0.9875 0.5095486109375 0.9875 0.5164930562500001 0.98125 0.538715278125 0.98046875 0.5484375 0.98125 0.5651041671875 0.98515625 0.5817708328125 0.987109375 0.5852430562500001
1 0.95625 0.5762152781250001 0.9578125 0.5789930562500001 0.966015625 0.5796875 0.96796875 0.5762152781250001 0.971875 0.5498263890625 0.971875 0.5359375 0.965625 0.5067708328125 0.9671875 0.4998263890625 0.9671875 0.49149305625000006 0.966015625 0.489409721875 0.958984375 0.489409721875 0.9578125 0.49149305625000006 0.9578125 0.49704861093749997 0.96015625 0.50538194375 0.9546875 0.5220486109375 0.953125 0.5303819437499999 0.95234375 0.545659721875 0.953125 0.5470486109375 0.953125 0.558159721875 0.95625 0.5762152781250001
0 0.808984375 0.8435763890625001 0.815625 0.8456597218749999 0.829296875 0.8435763890625001 0.8421875 0.8123263890625001 0.83984375 0.7831597218749999 0.826171875 0.764409721875 0.809765625 0.7671875 0.79765625 0.7901041671875 0.79921875 0.8220486109374999 0.808984375 0.8435763890625001