1 0.0095682890625 0.144235896875 0.0038099453125 0.14787861093750002 0.005978632812500001 0.16866647968749998 0.003125 0.18087150624999998 0.003125 0.2187544 0.005079296875 0.225 0.014990035937499998 0.225 0.017365634375 0.20992099375 0.017365634375 0.1937404140625 0.015714578125 0.18369643125 0.0114877953125 0.16989624375 0.0123632828125 0.14623966875 0.0095682890625 0.144235896875
1 0.022889321875 0.1464499828125 0.024257859375 0.154901715625 0.0193634671875 0.170506071875 0.01875 0.1738727390625 0.01875 0.20585932968749998 0.020685125 0.2171875 0.02918126875 0.2171875 0.0326307328125 0.1986676640625 0.031976534375 0.17541986874999999 0.029724557812500003 0.16280971093750002 0.029761631249999997 0.1475458546875 0.026453435937500002 0.144633046875 0.022889321875 0.1464499828125
1 0.205214303125 0.234375 0.205214303125 0.1848129421875 0.2047314328125 0.1828073921875 0.2018208125 0.175767446875 0.20136731718749998 0.1702118921875 0.20303082187500002 0.161974059375 0.20189708281250002 0.1480851703125 0.20055514687499998 0.1459540875 0.19375 0.145676796875 0.19375 0.16665591875000002 0.1955708125 0.1755127796875 0.19375 0.190962575 0.19375 0.2089978453125 0.19460896875 0.218201728125 0.1984298984375 0.22961577812499998 0.20189502187500002 0.23390978125 0.20454524218749998 0.234375 0.205214303125 0.234375
1 0.1748417109375 0.1454116375 0.16781046093750002 0.14528890781249998 0.16599881875 0.1487270375 0.1684102125 0.16958764531249998 0.16690430625 0.1709492609375 0.165625 0.177308553125 0.165625 0.2174163015625 0.167526696875 0.225 0.1772074859375 0.225 0.1783431890625 0.22051185625 0.1783431890625 0.1805065828125 0.1763358984375 0.1725017921875 0.1746602125 0.169696740625 0.17621166093750001 0.15029320468750001 0.1748417109375 0.1454116375
1 0.14833984375 0.1635406484375 0.14912109375 0.14964721406249998 0.14638671875 0.1461909015625 0.14404296875 0.1462045359375 0.14130859375 0.14969266718750002 0.14208984375 0.15802145625 0.14130859375 0.16358155624999998 0.1375 0.17601690781249998 0.1375 0.2153398265625 0.13896484375 0.22053963593749998 0.140021284375 0.221875 0.14833870625 0.221875 0.14833984375 0.22187398281249998 0.15302734375 0.20656893437499999 0.15380859375 0.189897721875 0.15224609375 0.1787957015625 0.14833984375 0.1635406484375
1 0.190139675 0.221875 0.193360496875 0.221875 0.19386219531249999 0.22005088437500003 0.19386219531249999 0.21848734374999998 0.1932899 0.21756501718750001 0.192132846875 0.1995094609375 0.19386219531249999 0.18554310000000002 0.19386219531249999 0.17021740624999998 0.1911142296875 0.1592589578125 0.18996707031249999 0.147446584375 0.1852795703125 0.1473647625 0.184375 0.1491618296875 0.184375 0.1496432734375 0.18511145625 0.1508301671875 0.1856454796875 0.1591635015625 0.184375 0.1655372390625 0.184375 0.212403540625 0.1844291375 0.21324834531249998 0.1854774 0.21742865 0.1888694125 0.22164986406249998 0.190139675 0.221875
1 0.2192909265625 0.18492697656249998 0.2192909265625 0.1804973765625 0.2157422625 0.16518545 0.2155968046875 0.156852115625 0.2177708515625 0.14722539375000002 0.2150001125 0.1450306421875 0.2095313625 0.1448078078125 0.2076388421875 0.1482004453125 0.2093225609375 0.155208559375 0.209540746875 0.167708559375 0.2080267359375 0.1704226703125 0.20625 0.1778031359375 0.20625 0.21755433906250002 0.207385475 0.22313678124999997 0.2087730078125 0.225 0.215874603125 0.225 0.21600346875 0.2248758359375 0.2150040265625 0.21234400468749998 0.2170811015625 0.1971617265625 0.21695988906250002 0.1902172828125 0.2192909265625 0.18492697656249998
0 0.64453125 0.51805555625 0.653125 0.522222221875 0.690234375 0.5229166671875001 0.6953125 0.51805555625 0.70078125 0.49444444374999996 0.70078125 0.477777778125 0.694140625 0.446527778125 0.670703125 0.428472221875 0.659765625 0.43125 0.64921875 0.44305555625000004 0.640625 0.46666666718750005 0.63984375 0.49444444374999996 0.64453125 0.51805555625
1 0.376251325 0.603491140625 0.372488746875 0.6210295828125 0.372820634375 0.646084146875 0.38146285 0.7084477375 0.371875 0.779214925 0.371875 0.78267490625 0.37277229375 0.7828125 0.41074068593749996 0.7828125 0.41074068593749996 0.736320509375 0.40266184374999997 0.70910001875 0.400718990625 0.621436325 0.396541553125 0.6076565640625 0.3868730953125 0.598942528125 0.376251325 0.603491140625
1 0.3511841046875 0.5890625 0.3510183140625 0.67467951875 0.340625 0.71641210625 0.340625 0.778125 0.349739728125 0.778125 0.364443903125 0.7212650703125 0.36853424375 0.6836695703125 0.3665039609375 0.6435509609375 0.371052109375 0.6128680703125 0.3787949328125 0.597303790625 0.3780710828125 0.5890625 0.3511841046875 0.5890625
2 0.45 0.7853600640625 0.30864193125 0.777700953125 0.0085997671875 0.777700953125 0.0078125 0.7785162453125001 0.0078125 0.8008343984374999 0.0101242890625 0.8722862640625 0.0187518625 0.88279838125 0.064958796875 0.8861125093750001 0.086550834375 0.879422603125 0.0909553671875 0.8725327015625 0.15730502500000001 0.8719165171875 0.45 0.8837769218750001 0.45 0.7853600640625