1 0.7326115718749999 0.2890625 0.732120815625 0.28667549062500003 0.729835 0.19225831875 0.7217284828125 0.1657467 0.716602103125 0.1609375 0.7162668390625 0.1609375 0.6967623046875 0.175720171875 0.6953125 0.180406825 0.6953125 0.212810625 0.7034864781250001 0.2736845671875 0.704411046875 0.2890625 0.7326115718749999 0.2890625
1 0.41735155781250005 0.45506250625 0.4125 0.4659892671875 0.4125 0.7640625 0.41382249687500006 0.7640625 0.42229740781249997 0.7572285328125 0.437221440625 0.7024221921875 0.44458164375000003 0.65267193125 0.4380771078125 0.596367159375 0.4321971734375 0.5792010140625 0.44376712500000004 0.47389519843750005 0.4367711515625 0.45506250625 0.41735155781250005 0.45506250625
1 0.5362856578125 0.651623065625 0.5195244796875 0.6010255828125001 0.5183421046875 0.48442125625 0.508621234375 0.4648209625 0.49433551875 0.46457160468750003 0.48262782031249996 0.4837978609375 0.48443879218749997 0.5282423046875 0.49293987968749997 0.5617003171875 0.4940717375 0.5894780953125001 0.478125 0.6570782968750001 0.478125 0.723637890625 0.47852882656249995 0.7335485015625001 0.4915068265625 0.7892910765625001 0.5029002265625 0.8061447625 0.503566459375 0.80625 0.5252886203125 0.80625 0.534590340625 0.79559470625 0.5362856578125 0.7848375828124999 0.5362856578125 0.651623065625
1 0.3693552 0.5062360703125 0.36697464062499996 0.622403259375 0.359375 0.644092409375 0.359375 0.853125 0.3743933453125 0.853125 0.3845490859375 0.8421280953124999 0.40025182812500004 0.78026776875 0.40750776406250006 0.6913788796875 0.39509257343750004 0.6259609078125 0.41175884687500003 0.5087947625 0.40175307499999996 0.47911329218750004 0.38389593125 0.480361984375 0.3693552 0.5062360703125
1 0.30669642812500003 0.7854166671875 0.3209821421875 0.8020833328125001 0.340625 0.79930555625 0.34955357187499997 0.7854166671875 0.353125 0.696527778125 0.356696428125 0.690972221875 0.356696428125 0.6576388890625 0.3388392859375 0.590972221875 0.3424107140625 0.5854166671875 0.3459821421875 0.48541666718750004 0.3299107140625 0.4604166671875 0.315625 0.465972221875 0.30669642812500003 0.490972221875 0.3102678578125 0.5076388890625 0.3102678578125 0.6076388890625 0.2959821421875 0.6576388890625 0.299553571875 0.7520833328125 0.30669642812500003 0.7854166671875
1 0.249553571875 0.740972221875 0.2602678578125 0.7576388890625 0.2799107140625 0.7604166671875 0.29241071406249997 0.740972221875 0.2959821421875 0.61319444375 0.281696428125 0.56875 0.28526785781249997 0.46319444374999996 0.2799107140625 0.4548611109375 0.262053571875 0.4548611109375 0.253125 0.46875 0.25669642812500004 0.57430555625 0.2459821421875 0.61875 0.24241071406249998 0.6854166671874999 0.2459821421875 0.690972221875 0.249553571875 0.740972221875
1 0.21205357187499999 0.721527778125 0.21741071406249998 0.72430555625 0.2299107140625 0.7270833328124999 0.24241071406249998 0.71319444375 0.24241071406249998 0.6243055562500001 0.2459821421875 0.61875 0.2459821421875 0.5854166671875 0.23526785781249998 0.5520833328125001 0.2388392859375 0.4576388890625 0.2227678578125 0.43819444374999994 0.21205357187499999 0.44375 0.20669642812500003 0.4576388890625 0.2102678578125 0.5576388890625 0.1959821421875 0.6076388890625 0.1959821421875 0.6520833328125001 0.199553571875 0.6576388890625 0.203125 0.7020833328125 0.21205357187499999 0.721527778125
1 0.531696428125 0.67430555625 0.5352678578125001 0.6798611109375 0.537053571875 0.6826388890625 0.5424107140625 0.67430555625 0.5424107140625 0.6076388890625 0.5352678578125001 0.5854166671875 0.5352678578125001 0.57430555625 0.528125 0.5576388890625 0.531696428125 0.45208333281249996 0.5263392859375 0.44375 0.5084821421875 0.44375 0.503125 0.45208333281249996 0.503125 0.46319444374999996 0.5174107140624999 0.4798611109375 0.5138392859375001 0.596527778125 0.5245535718750001 0.6298611109375 0.531696428125 0.67430555625
1 0.353125 0.6298611109375 0.356696428125 0.6631944437499999 0.36383928593750003 0.6631944437499999 0.374553571875 0.6298611109375 0.374553571875 0.546527778125 0.37098214218750003 0.5409722218749999 0.37098214218750003 0.5020833328125001 0.374553571875 0.49652777812500004 0.374553571875 0.48541666718750004 0.3852678578125 0.46875 0.38169642812500004 0.45208333281249996 0.3763392859375 0.44375 0.362053571875 0.44375 0.353125 0.4576388890625 0.356696428125 0.5576388890625 0.3459821421875 0.590972221875 0.3459821421875 0.6076388890625 0.353125 0.6298611109375
1 0.685320390625 1 0.686191496875 0.9859491125 0.6859849328125 0.9161222562500001 0.6678864734375 0.8129305671874999 0.6748164015625 0.7422064921875 0.68432895625 0.6995879796875 0.6882675171875 0.65797594375 0.6841223921874999 0.629761121875 0.6682902359375 0.6110359171875 0.6644308999999999 0.6110359171875 0.6492596015625 0.6182476671874999 0.6366604734375 0.644593490625 0.63324813125 0.6792610828125 0.6355879578125 0.75202960625 0.6327302234375 0.8104722031249999 0.6234375 0.8414974390625 0.6234375 1 0.685320390625 1
1 0.8735155406249999 1 0.8735155406249999 0.8761760765624999 0.8538301624999999 0.8129694140625 0.850445640625 0.7490668875 0.8539336375 0.700551234375 0.8521226671875001 0.6561067875 0.8465862718749999 0.6351916359375 0.8294443156250001 0.6168497078125 0.8263883 0.5418497078125 0.8211576421875 0.518858040625 0.8239755656250001 0.61675425 0.8107281359374999 0.6269322734375 0.803125 0.6544475875 0.803125 0.6575648046875 0.8178926624999999 0.812342121875 0.803125 0.8900133390625001 0.803125 1 0.8735155406249999 1
1 0.7857614984375 1 0.7857614984375 0.8685222828124999 0.7737462875000001 0.8220163718750001 0.7691854734375 0.7841975078125001 0.7726420421875 0.669366140625 0.7643204359375 0.6395617453125 0.7523834984375 0.6261051515625 0.7487009046875001 0.593905615625 0.7509234390625 0.5871524906250001 0.7475951109375 0.5706646296875 0.7470744109374999 0.5706646296875 0.746938990625 0.6270476296874999 0.7357926890625001 0.6365395890625 0.7279653328125 0.6573977546875 0.7374208984375 0.796860596875 0.7171875 0.9080325453124999 0.7171875 0.9159918843749999 0.72323696875 1 0.7857614984375 1
1 1 1 1 0.8747815859374999 0.984375 0.8039930562500001 0.98828125 0.651215278125 0.980859375 0.6310763890625 0.968359375 0.619965278125 0.951171875 0.6310763890625 0.9421875 0.65399305625 0.94140625 0.6817708328125001 0.94765625 0.7359375 0.94921875 0.8053819437499999 0.93203125 0.8734375 0.92421875 0.9303819437499999 0.92421875 0.976215278125 0.9266078406249999 1 1 1
1 0.619329084375 1 0.61875 0.9706597218749999 0.621875 0.933159721875 0.63203125 0.8748263890625001 0.615625 0.8095486109374999 0.615625 0.7498263890625 0.621875 0.6998263890625 0.62109375 0.6609375 0.609765625 0.63524305625 0.594921875 0.6269097218749999 0.57890625 0.645659721875 0.5734375 0.6651041671875 0.5828125 0.8109375 0.5671875 0.8984375 0.5625 0.9095486109375 0.559375 0.9914930562500001 0.56100895625 1 0.619329084375 1
1 0.55 1 0.5592382812500001 1 0.5578125 0.9873263890625001 0.56171875 0.9109375 0.5671875 0.8984375 0.57265625 0.8623263890625001 0.56328125 0.813715278125 0.5625 0.7901041671875 0.56796875 0.6776041671874999 0.565625 0.663715278125 0.558203125 0.6491319437499999 0.55 0.6432986109375 0.55 1