1 0.42158996562500006 0.389946715625 0.41947909687499996 0.3496689359375 0.4232348609375 0.28712803125 0.4211967796875 0.2482391421875 0.41734389375000003 0.23436843437500002 0.40688677812499996 0.2212308046875 0.3897720671875 0.2227196875 0.3797177421875 0.24709114843750002 0.387355634375 0.3331840765625 0.388777465625 0.3901376125 0.372249971875 0.4624780109375 0.3703125 0.4902254859375 0.3703125 0.497008396875 0.382944984375 0.6069042734375001 0.3932856609375 0.6401876109375 0.3981854078125 0.64375 0.42833795781250006 0.64375 0.43149412187499997 0.6385760078125 0.432686225 0.6322896250000001 0.432686225 0.42989416875 0.42158996562500006 0.389946715625
1 0.28635364375 0.5890625 0.29630970625 0.580244759375 0.30580860468750004 0.5420573734375 0.31143357968749996 0.5021622296875 0.3083624171875 0.43233515 0.28611559999999997 0.34563596875 0.2871392390625 0.2343973109375 0.27601308750000003 0.21281628281249998 0.263596928125 0.21281628281249998 0.25461767968750004 0.2192188484375 0.2515625 0.233491959375 0.2515625 0.2535175796875 0.259062790625 0.330903915625 0.2591328515625 0.361523246875 0.2515625 0.3975555921875 0.2515625 0.5361339218750001 0.2642138015625 0.5804078484375 0.27108341875 0.58792625 0.2798357546875 0.5890625 0.28635364375 0.5890625
1 0.2056449390625 0.546875 0.2104906390625 0.5460711984375 0.2104906390625 0.38743496875 0.19201515 0.3414239296875 0.179851309375 0.2246754421875 0.1699323921875 0.20993528437500003 0.1581246375 0.20834184375000003 0.1497187875 0.21721280156249997 0.1484375 0.2240744484375 0.1484375 0.2353702171875 0.1654328609375 0.32847391406250004 0.1667679234375 0.3493072484375 0.160171834375 0.404685525 0.161170665625 0.432449665625 0.1667877796875 0.47139310312499993 0.1817996796875 0.5229865421875 0.196622240625 0.546875 0.2056449390625 0.546875
1 0.3362498046875 0.4950117203125 0.3452342671875 0.4542789171875 0.3492349328125 0.397197965625 0.346338996875 0.36270325625 0.33212843593749997 0.315002196875 0.3296096234375 0.294350875 0.3314956015625 0.2027297125 0.32457888281249997 0.185800875 0.3145438703125 0.1822257421875 0.3065697203125 0.1882363265625 0.303125 0.1971222140625 0.303125 0.263961675 0.3056063484375 0.3151603984375 0.303125 0.32835547656249997 0.303125 0.41459524999999997 0.30904088125 0.4383619859375 0.3112093921875 0.49785669375 0.313381371875 0.5 0.32407025156249997 0.5 0.3362498046875 0.4950117203125
1 0.5796875 0.18292546406250002 0.5791570703125 0.18290385 0.5690493046875 0.190823346875 0.56252584375 0.2106916515625 0.5687460640625 0.340081153125 0.555779946875 0.39370665 0.5546875 0.40346899843750006 0.5546875 0.49141974218750006 0.5603892625 0.51875 0.5604520749999999 0.51875 0.5796875 0.46110866875 0.5796875 0.18292546406250002
1 0.4468054140625 0.5104499859375 0.447955778125 0.486838875 0.447415175 0.477507528125 0.443419209375 0.45072776406250004 0.44972316250000005 0.40906109687500003 0.4656843125 0.3860315015625 0.4656843125 0.3620255015625 0.4544216 0.320172209375 0.452288203125 0.1979499859375 0.44463601875 0.1847555421875 0.4352125359375 0.1819777640625 0.4234375 0.1936560984375 0.4234375 0.24458756875 0.42932463125 0.3146166546875 0.4234375 0.3753389265625 0.4234375 0.40726817656250003 0.43751755625 0.48053881093750006 0.44155485 0.5229499859375 0.441604546875 0.5328125 0.4539849359375 0.5328125 0.4468054140625 0.5104499859375
1 0.46632701406250004 0.2724754453125 0.46858988593750006 0.1752532234375 0.46232101875 0.159474221875 0.45144817187499997 0.15701469375 0.44591476874999997 0.159951596875 0.440625 0.173655559375 0.440625 0.1778115109375 0.44941963749999997 0.1938543484375 0.45140779374999995 0.2090639296875 0.44800807656249997 0.3215866609375 0.46227336093750004 0.375 0.48037720312500004 0.375 0.481903584375 0.3747303859375 0.481278559375 0.334498071875 0.46632701406250004 0.2724754453125
1 0.613187121875 0.2188161375 0.6163509703125001 0.24936260312499997 0.6125 0.269273615625 0.6125 0.2769160140625 0.61406549375 0.2952232078125 0.6172285046875 0.3046875 0.6263682875 0.3046875 0.6263682875 0.2672918015625 0.6225281828125 0.24793735312499998 0.6226349109375 0.220150484375 0.6189373140625001 0.21669871562499998 0.613187121875 0.2188161375
1 0.6054785640625 0.22446370624999998 0.6028896593749999 0.21799050000000003 0.6005782359375 0.21641029218750002 0.598202159375 0.21760786250000003 0.5953223140625 0.2236346578125 0.595128353125 0.231967990625 0.59705185625 0.250214865625 0.5921875 0.26582171250000003 0.5921875 0.305262725 0.59331805625 0.30974576875 0.595204153125 0.3125 0.6020567015625 0.3125 0.6069549000000001 0.2955521296875 0.6074398015625 0.274718796875 0.6039537984375001 0.25634437656250003 0.602455953125 0.25343905312500004 0.6054785640625 0.22446370624999998
1 0.5796875 0.3069766609375 0.5821227875 0.3134787390625 0.583051778125 0.31875 0.5910922703125 0.31875 0.5910922703125 0.26948647812500004 0.5882046375 0.262253490625 0.5869783671875 0.255295409375 0.587828834375 0.24421157187500003 0.586849790625 0.22893379375 0.582933646875 0.222622428125 0.5796875 0.2225657671875 0.5796875 0.2535805703125 0.5799471171875 0.255172678125 0.5796875 0.2585561765625 0.5796875 0.3069766609375
1 0.761328125 0.32118055624999997 0.7640625 0.321875 0.769921875 0.32118055624999997 0.77265625 0.31493055625 0.7734375 0.3079861109375 0.7734375 0.27881944375 0.76953125 0.259375 0.77109375 0.2329861109375 0.76953125 0.2260416671875 0.767578125 0.22395833281250002 0.762890625 0.22395833281250002 0.7609375 0.22743055625 0.76171875 0.2552083328125 0.7578125 0.28159722187499997 0.7578125 0.3107638890625 0.761328125 0.32118055624999997
1 0.73359375 0.3135416671875 0.73515625 0.31493055625 0.741796875 0.315625 0.744921875 0.31284722187499997 0.74765625 0.296875 0.74765625 0.28159722187499997 0.74609375 0.26631944375 0.74375 0.256597221875 0.7453125 0.2260416671875 0.741796875 0.21979166718749998 0.737109375 0.21979166718749998 0.7359375 0.221875 0.73515625 0.22881944375000002 0.7359375 0.23020833281250003 0.7359375 0.2510416671875 0.73125 0.2732638890625 0.73125 0.2954861109375 0.73359375 0.3135416671875
1 0.70859375 0.30520833281250004 0.71171875 0.309375 0.716015625 0.31006944375 0.71953125 0.30520833281250004 0.721875 0.287152778125 0.721875 0.271875 0.7171875 0.24826388906250002 0.71875 0.2357638890625 0.71875 0.22048611093749998 0.717578125 0.21840277812500003 0.711328125 0.21840277812500003 0.71015625 0.22048611093749998 0.7109375 0.244097221875 0.70703125 0.2677083328125 0.70703125 0.28993055624999997 0.70859375 0.30520833281250004
1 0.803125 0.319097221875 0.80546875 0.321875 0.813671875 0.32256944375 0.815625 0.319097221875 0.81640625 0.31215277812500003 0.8171875 0.287152778125 0.81484375 0.2635416671875 0.815625 0.2329861109375 0.8140625 0.2260416671875 0.812109375 0.22395833281250002 0.805859375 0.22395833281250002 0.80390625 0.22743055625 0.803125 0.234375 0.80390625 0.26215277812500004 0.80078125 0.27743055625 0.80078125 0.30520833281250004 0.803125 0.319097221875
1 0.820703125 0.315625 0.8234375 0.31631944375 0.828515625 0.3170138890625 0.83203125 0.31215277812500003 0.83359375 0.2982638890625 0.83359375 0.2760416671875 0.83046875 0.2552083328125 0.8301564953125 0.23125883281249998 0.8292398421874999 0.2235213640625 0.827734375 0.21979166718749998 0.822265625 0.22118055625 0.8203125 0.22743055625 0.82109375 0.2552083328125 0.8171875 0.27743055625 0.81796875 0.306597221875 0.820703125 0.315625
0 0.630078125 0.605902778125 0.63828125 0.6135416671875 0.654296875 0.6114583328125 0.66640625 0.581597221875 0.66484375 0.5552083328124999 0.650390625 0.5322916671875 0.634765625 0.53368055625 0.62109375 0.559375 0.6203125 0.5829861109375 0.630078125 0.605902778125