1 0.039889065625 0 0.0375 0.0121389640625 0.0375 0.16726126562500002 0.047809690625 0.2012691453125 0.0555532609375 0.2015625 0.06660811250000001 0.2015625 0.0772981375 0.19095952968750002 0.0867228640625 0.1401034390625 0.0898975890625 0.08877375 0.0872851109375 0.0606999734375 0.0709118640625 0 0.039889065625 0
1 0.7518294875 0.2558212171875 0.747303053125 0.24499113281249998 0.743448809375 0.24260981093749998 0.74128498125 0.24260981093749998 0.7343900781249999 0.246236528125 0.7305831796875 0.2566784828125 0.7366033328125 0.3243681078125 0.7296875 0.364876384375 0.7296875 0.3805761390625 0.7363933859375 0.4277807125 0.74499780625 0.4595775515625 0.7482836046875001 0.4625 0.760019734375 0.4625 0.7604157765625 0.461735178125 0.7604157765625 0.3501909703125 0.75327 0.3251443703125 0.7518294875 0.2558212171875
1 0.7066654109374999 0.2483523015625 0.7008382624999999 0.24342432343749998 0.7002563234375 0.24342432343749998 0.6920820781250001 0.24724724375 0.687115921875 0.25848585625 0.687089421875 0.315164665625 0.68531461875 0.330826475 0.6796875 0.34990783593749997 0.6796875 0.46358959375 0.6798537812500001 0.4640625 0.697534096875 0.4640625 0.70409786875 0.443753040625 0.7109881046875 0.408036590625 0.7115852140625 0.3727724765625 0.7033248328124999 0.32568684999999997 0.708990921875 0.26014344375 0.7066654109374999 0.2483523015625
1 0.6514946796875 0.24904064531249998 0.645818721875 0.2614830703125 0.644308709375 0.287408996875 0.6460854828125 0.31059350625 0.644073090625 0.32724805468749996 0.640625 0.3412487078125 0.640625 0.46875 0.653265346875 0.46875 0.6552545671875001 0.4663611796875 0.6662304265625 0.42108777656249996 0.668136396875 0.379415046875 0.659536303125 0.3302076453125 0.6663824078125 0.2663551171875 0.664946225 0.2552197640625 0.6604567046875001 0.2472918203125 0.6514946796875 0.24904064531249998
1 0.43515625 0.4589699078125 0.4421875 0.46035879687500003 0.44765625 0.46082175937500003 0.45208333281249996 0.454803240625 0.45989583281249996 0.4159143515625 0.4625 0.38628472187499996 0.4614583328125 0.36684027812500003 0.45208333281249996 0.323321759375 0.4546875 0.2557291671875 0.453125 0.248321759375 0.4466145828125 0.2395254625 0.43828125 0.24137731406250001 0.434375 0.25109953749999997 0.4359375 0.3242476859375 0.42760416718750005 0.3538773140625 0.425 0.3770254625 0.425 0.404803240625 0.4296875 0.44461805625000006 0.43515625 0.4589699078125
1 0.48932291718750004 0.46359953750000005 0.49375 0.4659143515625 0.5028645828125 0.46637731406249994 0.5088541671875 0.46128472187499997 0.5192708328125 0.404803240625 0.5182291671875 0.3751736109375 0.5072916671875001 0.32702546250000003 0.5104166671875 0.2594328703125 0.5059895828125 0.2469328703125 0.5002604171875 0.24322916718749998 0.4934895828125 0.2469328703125 0.49010416718750005 0.2557291671875 0.4916666671875 0.323321759375 0.48229166718750005 0.3631365734375 0.47864583281249995 0.3890625 0.48020833281249997 0.42146990781250004 0.4859375 0.4538773140625 0.48932291718750004 0.46359953750000005
1 0.6325520828125001 0.46174768593750004 0.6385416671874999 0.4631365734375 0.6424479171874999 0.46359953750000005 0.64375 0.4566550921875 0.6375 0.4186921296875 0.6369791671874999 0.38535879687499996 0.6473958328125 0.33258101875 0.6458333328125001 0.2622106484375 0.65 0.2492476859375 0.64453125 0.24137731406250001 0.6361979171875 0.24508101875000002 0.6317708328125 0.2538773140625 0.6333333328125 0.3242476859375 0.6286458328125001 0.34554398124999997 0.6286458328125001 0.354803240625 0.6354166671874999 0.3881365734375 0.6302083328125001 0.454803240625 0.6325520828125001 0.46174768593750004
1 0.6119791671874999 0.47239583281249997 0.6145833328125001 0.4760995375 0.6247395828125001 0.4756365734375 0.6270833328125001 0.47054398124999997 0.6333333328125 0.4251736109375 0.6348958328125001 0.392766203125 0.6333333328125 0.37609953749999997 0.6229166671874999 0.32517361093749997 0.6265625 0.2640625 0.6244791671875 0.2557291671875 0.6184895828125001 0.24785879687499998 0.61171875 0.24878472187499998 0.6057291671874999 0.25758101875 0.6046875 0.2779513890625 0.6067708328125001 0.33258101875 0.5973958328125 0.3723958328125 0.5979166671875 0.3807291671875 0.60625 0.392766203125 0.6145833328125001 0.41961805625000004 0.6161458328125 0.4464699078125 0.6119791671874999 0.47239583281249997
1 0.58046875 0.37100694375 0.5921875 0.37609953749999997 0.5973958328125 0.3742476859375 0.6057291671874999 0.33721064843750004 0.6057291671874999 0.2538773140625 0.5986979171875 0.24415509218749998 0.59140625 0.2469328703125 0.5869791671875 0.254803240625 0.5859375 0.2751736109375 0.5880208328125 0.329803240625 0.5786458328124999 0.36684027812500003 0.58046875 0.37100694375
1 0.5364583328125 0.3872106484375 0.5380208328125 0.44739583281249995 0.5385416671875001 0.42054398125 0.5442708328125 0.3992476859375 0.55078125 0.385821759375 0.571875 0.367766203125 0.5640625 0.33258101875 0.5635416671875 0.310358796875 0.5666666671875 0.26035879687499996 0.56328125 0.2506365734375 0.5580729171875001 0.24600694375 0.5502604171875001 0.24971064843750002 0.5463541671875001 0.2622106484375 0.5479166671875 0.33258101875 0.5416666671875 0.354803240625 0.5364583328125 0.3872106484375
1 0.5302083328125 0.4538773140625 0.534375 0.46035879687500003 0.5380208328125 0.45850694374999995 0.5369791671875 0.3807291671875 0.546875 0.33721064843750004 0.5484375 0.3186921296875 0.5458333328125 0.2686921296875 0.5494791671875 0.24739583281250002 0.5440104171875 0.24045138906250002 0.53671875 0.242303240625 0.53125 0.254803240625 0.5338541671875 0.310358796875 0.5328125 0.32517361093749997 0.5239583328124999 0.3622106484375 0.5213541671875 0.38350694375 0.5234375 0.4223958328125 0.5302083328125 0.4538773140625
0 0.55546875 0.497858796875 0.5729166671875 0.5094328703125 0.58515625 0.5080439812499999 0.60078125 0.49508101875 0.6109375 0.4760995375 0.6161458328125 0.4464699078125 0.6145833328125001 0.42054398125 0.60625 0.392766203125 0.5950520828125 0.3774884265625 0.57734375 0.37008101875 0.5611979171875 0.3747106484375 0.5502604171875001 0.38767361093749997 0.5432291671875 0.4020254625 0.5380208328125 0.42887731406249996 0.5390625 0.45758101875 0.5463541671875001 0.4844328703125 0.55546875 0.497858796875
1 0.1360892078125 0.75292371875 0.1300009953125 0.7554103984375 0.12712790624999998 0.7640490171875 0.13203400625 0.821529196875 0.1268810453125 0.8489916187500001 0.1265625 0.8616383843750001 0.1265625 0.8765301624999999 0.1283201140625 0.8915356953125 0.129581275 0.8921875 0.1514301984375 0.8921875 0.1514301984375 0.8408481359375 0.1448391234375 0.8184319484374999 0.1438485015625 0.7657512046875 0.1398968296875 0.755871303125 0.1360892078125 0.75292371875
2 0.4 0.8923953171875001 0 0.8923953171875001 0 0.9437086593749999 0.4 0.9678950140625 0.4 0.8923953171875001
0 0.8068129593750001 1 0.81171875 0.97881944375 0.81171875 0.962152778125 0.805078125 0.930902778125 0.781640625 0.912847221875 0.770703125 0.915625 0.76015625 0.92743055625 0.7515625 0.9510416671874999 0.75078125 0.97881944375 0.7549862125000001 1 0.8068129593750001 1