1 0.4773977078125 0.302567696875 0.4796875 0.2854166671875 0.470703125 0.28194444375 0.46796875 0.290972221875 0.46862159999999997 0.305062978125 0.4703125 0.321527778125 0.46686637500000006 0.331263496875 0.4640625 0.346527778125 0.46328125 0.36875 0.46796875 0.3923611109375 0.47578125 0.39791666718749996 0.48125 0.39097222187499997 0.484067534375 0.3668213359375 0.48515625 0.35625 0.48055710625000003 0.33874935625 0.47734375 0.321527778125 0.4773977078125 0.302567696875
1 0.45625 0.2854166671875 0.45247358281250005 0.2813577578125 0.447265625 0.28194444375 0.44375 0.28680555625 0.44475061718750003 0.2957056578125 0.4461547875 0.3194108765625 0.440625 0.340972221875 0.43984375 0.35902777812500003 0.4453125 0.38819444375 0.45234375 0.3923611109375 0.45703125 0.38680555625 0.4609375 0.3479166671875 0.45773923749999995 0.3293920375 0.453125 0.3145833328125 0.454579840625 0.29882475625 0.45625 0.2854166671875
1 0.751953125 0.28194444375 0.7484375 0.28958333281250004 0.75 0.3229166671875 0.74375 0.35208333281250004 0.74375 0.3729166671875 0.748828125 0.4 0.76015625 0.39930555624999997 0.7640625 0.3770833328125 0.7640625 0.34930555625 0.759375 0.3298611109375 0.7609375 0.290972221875 0.758984375 0.2833333328125 0.751953125 0.28194444375
1 0.7224263515625 0.2807339390625 0.7182138359375 0.2807339390625 0.7150544140624999 0.28634831875 0.7168096171875 0.299448578125 0.716915609375 0.322151596875 0.7132992125000001 0.33874935625 0.710665609375 0.3610404859375 0.714571859375 0.38881826406250003 0.718868734375 0.3950682640625 0.7255093593749999 0.39437381875 0.731759359375 0.362429375 0.730978109375 0.3415960421875 0.7255093593749999 0.3165960421875 0.726638865625 0.296953296875 0.725936803125 0.2844768578125 0.7224263515625 0.2807339390625
1 0.439453125 0.6333333328124999 0.4520595078125 0.6251111390624999 0.45893353281250004 0.6146407859374999 0.4608975078125 0.5989351968750001 0.46155219687500004 0.57857611875 0.454023528125 0.5558902765625 0.44223949687499997 0.55007339375 0.431640625 0.55 0.423046875 0.559722221875 0.4203125 0.5701388890625 0.4167074390625 0.583229609375 0.4167074390625 0.60126194375 0.4199807671875 0.617549196875 0.4265625 0.6298611109375 0.439453125 0.6333333328124999
1 0.3109375 0.34930555625 0.30797546875 0.3312319703125 0.305175534375 0.31439141875 0.3064678078125 0.286068665625 0.303515625 0.28055555625 0.29634495781250003 0.2799448265625 0.2921875 0.284027778125 0.2920373625 0.300612778125 0.2933296515625 0.3128604578125 0.28828125 0.340972221875 0.28828125 0.365972221875 0.29296875 0.38819444375 0.294921875 0.39305555625 0.304296875 0.39027777812500003 0.3099138859375 0.3672095328125 0.3109375 0.34930555625
1 0.269140625 0.397222221875 0.274609375 0.39444444375 0.27890625 0.38125 0.28046875 0.3479166671875 0.27512735625 0.3201325203125 0.275 0.284027778125 0.271484375 0.2791666671875 0.266015625 0.2791666671875 0.262890625 0.28055555625 0.26015625 0.28958333281250004 0.263104821875 0.3224289546875 0.25625 0.353472221875 0.25703125 0.3770833328125 0.259375 0.38819444375 0.263671875 0.397222221875 0.269140625 0.397222221875
1 0.242578125 0.40277777812500004 0.24921875 0.384027778125 0.24921875 0.36319444375 0.24695910625 0.34462788125 0.24264375 0.324342659375 0.24375 0.2923611109375 0.241015625 0.28472222187499996 0.235546875 0.2833333328125 0.230078125 0.28611111093749997 0.22734375 0.29375 0.2292979828125 0.3251081375 0.2260672890625 0.347689790625 0.22499038750000003 0.36261665625 0.2265625 0.384027778125 0.230859375 0.40277777812500004 0.242578125 0.40277777812500004
1 0.133984375 0.3888888890625 0.142578125 0.3888888890625 0.1453125 0.38680555625 0.14765625 0.3770833328125 0.1512554109375 0.3679750109375 0.152547684375 0.35228266874999997 0.149532378125 0.33429389375 0.1465170578125 0.31247771874999997 0.146875 0.28680555625 0.14609375 0.2798611109375 0.142578125 0.27638888906250003 0.133984375 0.27638888906250003 0.13046875 0.2798611109375 0.131225096875 0.2990818234375 0.1327327578125 0.3136259421875 0.1290713078125 0.33467663281250004 0.12734375 0.36180555625 0.13203125 0.3854166671875 0.133984375 0.3888888890625
1 0.188671875 0.40277777812500004 0.19140625 0.39791666718749996 0.19296875 0.38680555625 0.1936852 0.37371610624999996 0.19174678125 0.35113445312499997 0.18830071718750002 0.3235771828125 0.1890625 0.29375 0.184765625 0.2833333328125 0.176171875 0.28472222187499996 0.17265625 0.29375 0.1753779328125 0.3201325203125 0.1719318546875 0.342331434375 0.170854965625 0.360320209375 0.171875 0.37847222187499996 0.177734375 0.40277777812500004 0.188671875 0.40277777812500004
1 0.1693961296875 0.28871925625 0.1666617546875 0.2810803671875 0.1635367546875 0.279691478125 0.1557242546875 0.279691478125 0.15220862968749999 0.2873303671875 0.1514273796875 0.37899703281249997 0.1537711296875 0.3914970328125 0.1572867546875 0.3977470328125 0.1666617546875 0.3977470328125 0.1709586296875 0.39010814374999997 0.1693961296875 0.28871925625