1 0.0546875 0 0.0546875 0.14859078750000002 0.060231084375 0.16170288125 0.06445064687499999 0.1640625 0.0955709546875 0.1640625 0.0967751296875 0.1635836921875 0.103092134375 0.144578165625 0.11266457968750002 0.10227155156250001 0.11627614374999999 0.08075968125 0.1143395953125 0.051574832812500006 0.1169991765625 0 0.0546875 0
1 0.1340515203125 0 0.13539160625 0.0767735859375 0.1369465671875 0.1134788421875 0.146541825 0.1330671875 0.147982275 0.134375 0.179455084375 0.134375 0.1840903109375 0.13344185625 0.1940001921875 0.0979929140625 0.196375596875 0.0756879734375 0.196375596875 0 0.1340515203125 0
0 0.3927477234375 0.2744573328125 0.3911288390625 0.26646671718750004 0.3762629875 0.22804162031250003 0.3650652953125 0.2124377015625 0.3231952515625 0.1833008046875 0.288321965625 0.19147293125 0.26807710937499996 0.21304287500000002 0.2477073453125 0.2603481859375 0.24375 0.2806958296875 0.24375 0.3322247640625 0.2464830625 0.36470582500000004 0.2717425859375 0.4278035390625 0.29259824375 0.4500245203125 0.31320965 0.459375 0.347992640625 0.459375 0.3702704984375 0.43618522187500003 0.3927477234375 0.38294425468750004 0.3927477234375 0.2744573328125
1 0.88203125 0.11736111093749999 0.887704534375 0.13734661718750002 0.9017312328125 0.13734661718750002 0.90703125 0.115972221875 0.90625 0.07986111093750001 0.90078125 0.060416667187499995 0.9046875 0.0229166671875 0.898828125 0.0111111109375 0.88984375 0.01875 0.89140625 0.053472221875 0.8828125 0.0951388890625 0.88203125 0.11736111093749999
1 0.8546875 0.12847222187500001 0.86171875 0.134027778125 0.867578125 0.13333333281249998 0.87109375 0.12291666718750001 0.8734375 0.0923611109375 0.8671875 0.053472221875 0.86953125 0.014583332812499999 0.866796875 0.009722221875000001 0.856640625 0.009722221875000001 0.8546875 0.02569444375 0.85703125 0.053472221875 0.85078125 0.103472221875 0.8546875 0.12847222187500001
1 0.815625 0.09930555625000001 0.8234375 0.12569444375 0.834375 0.121527778125 0.8390625 0.09375 0.83828125 0.06875 0.83203125 0.04375 0.834375 0.0270833328125 0.832421875 0.009722221875000001 0.821875 0.01180555625 0.82265625 0.040972221875 0.81484375 0.078472221875 0.815625 0.09930555625000001
1 0.7859375 0.1076388890625 0.790625 0.115972221875 0.8 0.11180555625 0.80546875 0.07569444374999999 0.796875 0.03125 0.79921875 0.020138889062500002 0.797265625 0.009722221875000001 0.7890625 0.01180555625 0.79140625 0.03125 0.78203125 0.0701388890625 0.7859375 0.1076388890625
1 0.90859375 0.11319444375000001 0.9171875 0.134027778125 0.9265625 0.12847222187500001 0.93125 0.103472221875 0.93046875 0.07569444374999999 0.925 0.053472221875 0.92890625 0.01875 0.923046875 0.0083333328125 0.9140625 0.010416667187500001 0.915625 0.04930555625 0.90703125 0.0979166671875 0.90859375 0.11319444375000001
1 0.934375 0.1201388890625 0.93828125 0.12430555624999999 0.948046875 0.12361111093749999 0.953125 0.103472221875 0.953125 0.0701388890625 0.94765625 0.0395833328125 0.95078125 0.015972221875 0.946484375 0.0083333328125 0.9359375 0.01180555625 0.93671875 0.0395833328125 0.93046875 0.065972221875 0.93125 0.10069444375 0.934375 0.1201388890625
1 0.95546875 0.103472221875 0.96015625 0.11319444375000001 0.9703125 0.11041666718750001 0.9765625 0.08125 0.97578125 0.05625 0.96796875 0.03125 0.97109375 0.01180555625 0.965234375 0.006944443749999999 0.95859375 0.010416667187500001 0.96015625 0.032638889062499996 0.953125 0.0645833328125 0.95546875 0.103472221875
1 0.87578125 0.115972221875 0.88125 0.12291666718750001 0.88359375 0.12291666718750001 0.884375 0.0895833328125 0.89140625 0.060416667187499995 0.8875 0.0395833328125 0.888671875 0.009722221875000001 0.87734375 0.01180555625 0.88046875 0.0395833328125 0.87265625 0.0701388890625 0.87578125 0.115972221875
1 0.840625 0.09930555625000001 0.846875 0.115972221875 0.85234375 0.11180555625 0.853125 0.07430555625 0.85703125 0.05625 0.853515625 0.009722221875000001 0.8453125 0.01180555625 0.84609375 0.032638889062499996 0.8390625 0.060416667187499995 0.840625 0.09930555625000001
1 0.43235140312500003 1 0.43235140312500003 0.795653309375 0.42868375312499996 0.784237196875 0.42171640468750005 0.7470103484375 0.41913560156249996 0.648016825 0.4145367390625 0.630179790625 0.4069324328125 0.6188385937499999 0.386733309375 0.6216478703125 0.380716240625 0.6297511171875 0.3796875 0.635967903125 0.3796875 0.6613201015625 0.38043795937499997 0.6744687125000001 0.393049271875 0.7615863 0.39318738125 0.78252889375 0.3816562125 0.8433983546875 0.3819324328125 0.8852835406249999 0.3883576484375 0.9351196500000001 0.40002486406250004 0.98179556875 0.40756377656250004 1 0.43235140312500003 1
1 0.12387058437500001 1 0.12387058437500001 0.8281095453124999 0.10874862968750001 0.7869172859375 0.1034671890625 0.763237990625 0.0995289265625 0.66882081875 0.0909606984375 0.6423092 0.0857516796875 0.6375 0.0854165203125 0.6375 0.066176775 0.652282671875 0.0640625 0.6595296890625 0.0640625 0.68071170625 0.074614146875 0.7502470671875 0.077741309375 0.7905384812499999 0.069015621875 0.8417228187500001 0.0680470625 0.8652930187500001 0.0703120828125 0.9041819078125 0.077021921875 0.93898595 0.093377128125 0.991995553125 0.09903148125 1 0.12387058437500001 1
1 0 0.95625 0.0176049265625 0.95625 0.0176049265625 0.804820734375 0 0.7627748703125 0 0.95625
1 0.8713322437500001 0.643764490625 0.8648431265625 0.6316469031249999 0.8578125 0.632984734375 0.8578125 0.6740192 0.860989784375 0.7031540109375 0.8578125 0.7228054375 0.8578125 0.7653259078125 0.8595606203124999 0.7703125 0.878147996875 0.7703125 0.878147996875 0.710275865625 0.8750522843749999 0.7021706640625001 0.8713322437500001 0.643764490625
1 0.7625522578125 0.6971979109374999 0.7496903265625 0.6460992546875 0.7460083015625 0.64094756875 0.7407460359375 0.63993073125 0.7375 0.6433350250000001 0.7375 0.665314215625 0.7517410734375 0.7081090171875 0.755263475 0.7507197921875 0.759359196875 0.7674410046875 0.762691440625 0.7703125 0.7829571328125 0.7703125 0.7829571328125 0.7332306281250001 0.7797411999999999 0.7243224968749999 0.7625522578125 0.6971979109374999
2 1 0.7833506578125 0.9579067609375 0.7863088125 0.8691950734375 0.7976871937500001 0.7 0.8118385671875 0.7 0.853125 1 0.853125 1 0.7833506578125