1 0.3048086234375 0.5890625 0.30279510468750004 0.5580566515625 0.2826425625 0.467472325 0.2806744390625 0.4287744375 0.2887525875 0.35781376875 0.3081481484375 0.258693321875 0.3114459625 0.2003918234375 0.30797461249999997 0.18876135 0.2926366890625 0.174152078125 0.251416109375 0.15090292031250002 0.2341907625 0.1799958953125 0.225905515625 0.2204965078125 0.22338466562499998 0.2676868953125 0.22694528749999998 0.383876059375 0.22383314375 0.41724122656249996 0.2149651734375 0.466075171875 0.1953125 0.51811890625 0.1953125 0.5890625 0.3048086234375 0.5890625
1 0 0 0 0.1046506953125 0.006298321875 0.1361828015625 0.012270709375 0.209903015625 0.011290043750000001 0.24319998125 0 0.300098271875 0 0.525807384375 0.0137894546875 0.565349465625 0.025194418750000003 0.5890625 0.09657793906249999 0.5890625 0.1057844125 0.535951940625 0.1057844125 0.36582288281249997 0.10204956406250001 0.342495153125 0.0846008609375 0.28239107343750003 0.07237300468749999 0.2529516515625 0.0654684375 0.21530618124999998 0.0625725671875 0.1388809234375 0.0655575734375 0.08619406562500001 0.0644908765625 0.0250829546875 0.0607934296875 0.014584459375 0.045707246875 0.000350078125 0.0451714046875 0 0 0
0 0.78015721875 0.278195403125 0.77689415625 0.258016034375 0.7712578234375 0.2457813125 0.7544559484375 0.233539909375 0.7417617046875 0.2368270234375 0.7261424234375 0.2522360640625 0.7203125 0.263738684375 0.7203125 0.328868128125 0.727609709375 0.34265846875 0.7358886671875 0.3484375 0.7508073421875 0.3484375 0.7548253953125 0.3470892421875 0.7642622828125 0.338395128125 0.773468275 0.321862478125 0.7791241250000001 0.30039640312500004 0.78015721875 0.278195403125
1 0.6695391359375 0.19329524375 0.6706365796875 0.1368622515625 0.6684077890625 0.128480428125 0.662833984375 0.12233462343749998 0.6529704765625001 0.123956146875 0.6497709234375 0.1345254984375 0.6526946859375 0.1827221375 0.6484375 0.208571503125 0.6484375 0.23016148749999998 0.6523891828125 0.284525496875 0.6546987859375 0.29753695156250004 0.6563779546875 0.3 0.6725836796875 0.3 0.6779320906249999 0.26964458750000003 0.6779320906249999 0.23145157031250002 0.6773803140625001 0.224946440625 0.6695391359375 0.19329524375
1 0.6470712437499999 0.20273170000000001 0.6443002421875 0.1940401625 0.6432849109375001 0.137588984375 0.6410169734375 0.130623328125 0.6338307890625 0.1240630609375 0.626136959375 0.12582400625 0.625 0.128714396875 0.625 0.16207770625 0.6280950734375 0.19292636406250002 0.625 0.21002646406249997 0.625 0.22240213281250001 0.631319028125 0.291964075 0.6360263125 0.304509528125 0.6416434046875 0.3068879765625 0.6470712437499999 0.3072610390625 0.6470712437499999 0.20273170000000001
1 0.5958333328125 0.3078703703125 0.6 0.3115740734375 0.6111979171874999 0.3120370375 0.6151041671874999 0.3078703703125 0.6197916671874999 0.271759259375 0.6182291671875 0.2236111109375 0.6125 0.1949074078125 0.6151041671874999 0.140277778125 0.6111979171874999 0.1296296296875 0.6059895828124999 0.12592592656249998 0.59765625 0.12870370312499999 0.5942708328124999 0.1375 0.596875 0.19398148125 0.5927083328125 0.21342592656249998 0.5921875 0.2884259265625 0.5958333328125 0.3078703703125
1 0.5127604171875 0.309259259375 0.5177083328125 0.3115740734375 0.5252604171875 0.3120370375 0.53125 0.3078703703125 0.5385416671875001 0.266203703125 0.5380208328125 0.23472222187499997 0.5291666671875 0.1949074078125 0.5322916671875 0.140277778125 0.53125 0.133796296875 0.52421875 0.125 0.51796875 0.12592592656249998 0.5125 0.1384259265625 0.515625 0.1893518515625 0.50625 0.2513888890625 0.5104166671875 0.30046296250000004 0.5127604171875 0.309259259375
1 0.5674479171875 0.3120370375 0.5723958328125 0.3143518515625 0.5856770828125 0.3120370375 0.5916666671875 0.28194444375 0.5916666671875 0.22638888906250001 0.5854166671875001 0.18842592656249998 0.590625 0.1375 0.5890625 0.1291666671875 0.5825520828124999 0.12129629687500001 0.5731770828125 0.125 0.5666666671875 0.1375 0.5692708328125 0.190277778125 0.5598958328125 0.2384259265625 0.5598958328125 0.2615740734375 0.5635416671875 0.2986111109375 0.5674479171875 0.3120370375
1 0.5421875 0.3023148140625 0.5463541671875001 0.30694444375 0.55859375 0.30740740781250003 0.5619791671875001 0.2995370375 0.559375 0.2393518515625 0.5635416671875 0.21342592656249998 0.5588541671875 0.1949074078125 0.5588541671875 0.171759259375 0.5619791671875001 0.14305555625 0.5583333328125 0.128240740625 0.5528645828125 0.1231481484375 0.54609375 0.125 0.5421875 0.13287037031249999 0.5442708328125 0.1921296296875 0.5369791671875 0.2208333328125 0.5390625 0.2486111109375 0.5385416671875001 0.28472222187499996 0.5421875 0.3023148140625
1 0.5018229171875 0.284259259375 0.5067708328125 0.29675925937500003 0.5088541671875 0.29305555625 0.5088541671875 0.2856481484375 0.50625 0.24953703749999998 0.5114583328125 0.2208333328125 0.5109375 0.20694444375 0.50625 0.18657407343750002 0.509375 0.13194444375 0.50703125 0.12407407343750002 0.4986979171875 0.11944444375 0.4916666671875 0.1300925921875 0.49322916718750004 0.18657407343750002 0.4859375 0.216203703125 0.48541666718750004 0.228240740625 0.48802083281249997 0.2578703703125 0.4953125 0.278240740625 0.5018229171875 0.284259259375
1 0.453125 0.253240740625 0.4557291671875 0.25694444375000003 0.46015625 0.2518518515625 0.48411458281249997 0.252777778125 0.4859375 0.24953703749999998 0.484375 0.2226851859375 0.4770833328125 0.19120370312499999 0.48020833281249997 0.1375 0.47760416718750004 0.1273148140625 0.4721354171875 0.12222222187500001 0.46588541718750004 0.125 0.4625 0.1356481484375 0.4640625 0.1921296296875 0.4536458328125 0.23379629687499998 0.453125 0.253240740625
1 0.409375 0.298117284375 0.41614583281249995 0.30694444375 0.42161458281249997 0.30740740781250003 0.4244791671875 0.303240740625 0.43333333281249997 0.2513888890625 0.4322916671875 0.2226851859375 0.42395833281249995 0.1875 0.4265625 0.1300925921875 0.42005208281249995 0.11851851875 0.41328125 0.12129629687500001 0.41041666718750003 0.1300925921875 0.41197916718750005 0.18657407343750002 0.409375 0.20209695156250002 0.409375 0.298117284375
1 0.8892961249999999 0.5890625 0.8881891375000001 0.6533121890625 0.8795239796875001 0.7215269125 0.8703125 0.745829590625 0.8703125 1 0.8916906499999999 1 0.8978912265625001 0.9936100171875001 0.9207160062499999 0.923433403125 0.9298753375000001 0.870432790625 0.9327803843750001 0.80660756875 0.9242623265625 0.7501724609375 0.92561344375 0.7085694609375001 0.9216943375 0.6754907953125 0.9329815453125001 0.5890625 0.8892961249999999 0.5890625
1 0.7224589078125 0.5890625 0.7260329046875 0.6172292625 0.7252704265625 0.663026228125 0.7122018953125 0.719643365625 0.7109375 0.7303662703125 0.7109375 0.8084401218749999 0.71689723125 0.8544201390625 0.73100275 0.9019514843750001 0.74052320625 0.910503025 0.7588704609375 0.9102358984375 0.7654019906249999 0.9041404609375 0.7766944890625 0.8390806109375 0.7766944890625 0.7471409812500001 0.7757255765625001 0.7350051421874999 0.758034440625 0.661012171875 0.7580174765625 0.5890625 0.7224589078125 0.5890625
1 0.598166603125 0.5890625 0.6003063656250001 0.6224529921874999 0.5949859765625 0.661250975 0.5941652234375 0.745900471875 0.6013448375 0.7848439046875 0.6149524578125 0.8266378375000001 0.62156836875 0.8385115765625001 0.6228694625 0.8390625 0.641899178125 0.8390625 0.641899178125 0.6598602375 0.626582065625 0.6061044984375 0.6257356203125 0.5890625 0.598166603125 0.5890625
1 0.63419921875 0.5890625 0.62734375 0.63125 0.640625 0.70069444375 0.64296875 0.7506944437499999 0.646875 0.753472221875 0.661328125 0.7541666671875 0.6671875 0.746527778125 0.678125 0.6951388890625 0.6796875 0.6451388890625 0.6765625 0.6173611109375 0.6688075921875 0.5890625 0.63419921875 0.5890625
1 0.7552315843749999 0.5890625 0.75390625 0.61875 0.75625 0.6645833328124999 0.7703125 0.7284722218749999 0.778125 0.7951388890625 0.7828125 0.7881944437499999 0.79140625 0.7506944437499999 0.7953125 0.7229166671875 0.7953125 0.690972221875 0.79140625 0.653472221875 0.778125 0.5923611109375 0.7782155109375 0.5890625 0.7552315843749999 0.5890625
1 0.77903033125 0.5890625 0.77890625 0.59375 0.7921875 0.65625 0.79765625 0.71319444375 0.809375 0.6576388890625 0.809375 0.60625 0.8057495124999999 0.5890625 0.77903033125 0.5890625
1 0.48671875 0.5890625 0.48671875 0.5895833328125 0.475 0.6479166671875001 0.47421875 0.7145833328125 0.49296875 0.784027778125 0.497265625 0.790277778125 0.5078125 0.7909722218749999 0.519140625 0.784722221875 0.52734375 0.76319444375 0.5328125 0.72430555625 0.534375 0.6701388890625 0.53125 0.6451388890625 0.513726128125 0.5890625 0.48671875 0.5890625