1 0.497265625 0.15277777812499999 0.49921875 0.22152777812500002 0.4875 0.27291666718749996 0.4859375 0.3145833328125 0.49609375 0.3729166671875 0.501171875 0.3791666671875 0.51328125 0.37986111093749997 0.51953125 0.37430555625 0.5265625 0.3451388890625 0.53046875 0.28680555625 0.51640625 0.22430555624999998 0.51953125 0.1548611109375 0.497265625 0.15277777812499999
1 0.559375 0.1548611109375 0.5609375 0.209027778125 0.54765625 0.278472221875 0.55 0.3145833328125 0.55703125 0.34930555625 0.561328125 0.35972222187499997 0.56953125 0.3604166671875 0.5828125 0.353472221875 0.59140625 0.3020833328125 0.590625 0.259027778125 0.578125 0.20486111093749998 0.579296875 0.15277777812499999 0.559375 0.1548611109375
1 0.4328125 0.16875 0.43671875 0.20625 0.43515625 0.24097222187499998 0.4234375 0.2923611109375 0.42265625 0.30763888906250003 0.446484375 0.31805555625 0.4640625 0.35069444375000003 0.46328125 0.29375 0.453125 0.23819444375 0.45546875 0.159027778125 0.452734375 0.15277777812499999 0.435546875 0.15277777812499999 0.4328125 0.16875
1 0.39453125 0.18819444375 0.39140625 0.16875 0.386328125 0.1611111109375 0.376953125 0.1625 0.3703125 0.1770833328125 0.37265625 0.25347222187499996 0.35859375 0.31875 0.35859375 0.34930555625 0.36484375 0.40069444374999996 0.369921875 0.4125 0.38125 0.41319444375 0.3859375 0.41041666718750003 0.384375 0.3826388890625 0.38828125 0.35208333281250004 0.40390625 0.3145833328125 0.390625 0.259027778125 0.39453125 0.18819444375
1 0.337890625 0.1513888890625 0.324609375 0.1513888890625 0.31953125 0.1673611109375 0.32265625 0.24097222187499998 0.31328125 0.2770833328125 0.30859375 0.3270833328125 0.3203125 0.3923611109375 0.33515625 0.396527778125 0.34453125 0.3895833328125 0.35546875 0.32847222187499997 0.34921875 0.26875 0.340625 0.23819444375 0.34296875 0.1604166671875 0.337890625 0.1513888890625
1 0.292578125 0.1513888890625 0.273046875 0.1513888890625 0.275 0.2201388890625 0.26171875 0.2798611109375 0.26171875 0.31875 0.27265625 0.37013888906250003 0.278515625 0.3763888890625 0.29140625 0.37569444375 0.296875 0.36875 0.30625 0.3020833328125 0.303125 0.2645833328125 0.2921875 0.22291666718749997 0.2953125 0.1576388890625 0.292578125 0.1513888890625
1 0.243359375 0.15 0.227734375 0.15 0.225 0.153472221875 0.22734375 0.20347222187499997 0.215625 0.25625 0.21484375 0.2951388890625 0.225 0.35069444375000003 0.231640625 0.35694444375 0.24375 0.35625 0.24921875 0.35069444375000003 0.25625 0.31736111093749997 0.25859375 0.26319444375 0.24453125 0.20208333281250002 0.24609375 0.1548611109375 0.243359375 0.15
1 0.344921875 0.1513888890625 0.3421875 0.1548611109375 0.34453125 0.18125 0.34140625 0.23263888906250002 0.35234375 0.2854166671875 0.35546875 0.32430555625 0.353125 0.35069444375000003 0.35703125 0.35069444375000003 0.359375 0.30763888906250003 0.36953125 0.26597222187499997 0.365625 0.23819444375 0.35625 0.20486111093749998 0.3578125 0.1548611109375 0.344921875 0.1513888890625
1 0.38359375 0.1604166671875 0.390625 0.16458333281249998 0.39453125 0.18819444375 0.39140625 0.25486111093749997 0.4046875 0.31736111093749997 0.41875 0.3048611109375 0.41640625 0.2701388890625 0.4046875 0.22291666718749997 0.4078125 0.1548611109375 0.386328125 0.1513888890625 0.38359375 0.1604166671875
1 0.4546875 0.153472221875 0.45390625 0.24097222187499998 0.4640625 0.29652777812500003 0.46484375 0.35208333281250004 0.4671875 0.35625 0.478125 0.31597222187499996 0.48046875 0.271527778125 0.46796875 0.2076388890625 0.46953125 0.153472221875 0.458984375 0.1513888890625 0.4546875 0.153472221875
0 0.452734375 0.3263888890625 0.438671875 0.3125 0.418359375 0.309722221875 0.405078125 0.31944444375000003 0.39453125 0.33541666718749996 0.3875 0.35625 0.384375 0.3854166671875 0.38671875 0.409027778125 0.399609375 0.440277778125 0.419921875 0.459722221875 0.428125 0.459027778125 0.447265625 0.4458333328125 0.4578125 0.4298611109375 0.46640625 0.3951388890625 0.46640625 0.36875 0.46171875 0.3451388890625 0.452734375 0.3263888890625