1 0.6796875 0 0.6796875 0.0746317609375 0.6870835062499999 0.078125 0.6955377484375 0.078125 0.6979882515625 0.0779513890625 0.7042479640625 0.0703125 0.7177330640624999 0.0217013890625 0.7205541140625 0 0.6796875 0
1 0.600921365625 0 0.5984375 0.0203125 0.6015625 0.07864583281250001 0.6140625 0.1342013890625 0.6234375 0.1439236109375 0.640234375 0.141840278125 0.64765625 0.1314236109375 0.65859375 0.07586805625000001 0.6609375 0.03975694375 0.6579557296875 0 0.600921365625 0
2 0.45 0.3390625 1 0.3390625 1 0.2542122515625 0.987109375 0.25434027812500004 0.619921875 0.24461805625 0.45 0.24854850781249999 0.45 0.3390625
1 0 1 0.055245153125 1 0.0596226375 0.93828125 0.078932559375 0.86796875 0.086567996875 0.81171875 0.07266262343749999 0.77890625 0.049221804687499995 0.7640625 0.02553864375 0.76875 0.009835075 0.78515625 0.00260243125 0.80390625 0 0.863142353125 0 1
1 0.2614860375 1 0.2609375 0.99140625 0.2421875 0.91796875 0.259375 0.74296875 0.25 0.72265625 0.23359375 0.7109375 0.21171875 0.715625 0.196875 0.74296875 0.19375 0.90703125 0.1609375 0.97109375 0.1537109375 1 0.2614860375 1
1 0.10579044062500001 1 0.1203125 0.93828125 0.1171875 0.88046875 0.0984375 0.80859375 0.1125 0.67734375 0.1046875 0.65546875 0.08515625 0.64375 0.07265625 0.646875 0.0625 0.65859375 0.05625 0.69453125 0.0609375 0.76484375 0.0890625 0.80390625 0.0875 0.85703125 0.06875 0.95703125 0.06875 1 0.10579044062500001 1
1 0.3584635421875 1 0.3609375 0.98515625 0.3609375 0.92578125 0.3453125 0.83046875 0.3625 0.70390625 0.3578125 0.69140625 0.34140625 0.678125 0.32421875 0.68125 0.3109375 0.69921875 0.30625 0.82578125 0.2765625 0.89765625 0.265625 0.94609375 0.265625 0.99296875 0.26665396406249997 1 0.3584635421875 1
1 0.14375 0.90703125 0.1578125 0.96796875 0.171875 0.95390625 0.1921875 0.90234375 0.19375 0.75546875 0.1984375 0.73203125 0.215625 0.70078125 0.221875 0.65859375 0.2140625 0.63515625 0.20078125 0.628125 0.18828125 0.63125 0.178125 0.64609375 0.175 0.75859375 0.14375 0.84921875 0.14375 0.90703125
1 0.39515625 1 0.403125 0.99296875 0.4296875 0.90234375 0.4296875 0.86328125 0.4140625 0.78203125 0.4296875 0.67578125 0.41796875 0.6578125 0.40703125 0.65625 0.39765625 0.659375 0.3875 0.67421875 0.3828125 0.78359375 0.3515625 0.86015625 0.3625 0.92578125 0.3625 0.99296875 0.3725446421875 1 0.39515625 1
1 0.9236913937499999 0.542032496875 0.9151907515625 0.53829694375 0.9136547703125 0.5439002875 0.9089488828124999 0.562578134375 0.908594875 0.6167438953125 0.9015625 0.6332304859375 0.9015625 0.75 0.92156301875 0.75 0.9326998328125 0.71386873125 0.93567026875 0.6690419015625 0.9271170421875 0.6307522828125001 0.9338446984375001 0.561644259375 0.93433413125 0.552305334375 0.931228271875 0.552305334375 0.9290328609374999 0.5438343046874999 0.9236913937499999 0.542032496875
1 0.8579528562500001 0.723592953125 0.8616798781250001 0.75627919375 0.8855965906249998 0.7573343578125 0.8946875000000001 0.7491376359374999 0.8946875000000001 0.6562414625 0.8910511359375001 0.6507769812499999 0.8910511359375001 0.6343835375 0.8874147734375001 0.6289190578125 0.8874147734375001 0.5469518437499999 0.8819602265625001 0.5387551234375 0.8710511359375002 0.5387551234375 0.8655965906249999 0.552416325 0.8655965906249999 0.5688097671875 0.8692329546875002 0.5742742484375001 0.8692329546875002 0.6179900953125 0.8619602265624999 0.6343835375 0.8583238640624999 0.6617059421875 0.8585740203124999 0.68343558125 0.8579528562500001 0.723592953125
1 0.6110511359374999 0.7054217890625 0.6146874999999999 0.7491376359374999 0.6424062015625001 0.7478741453125 0.6473755984375 0.7245268328125001 0.6474147734375 0.6507769812499999 0.6401420453125001 0.6289190578125 0.63930034375 0.6068563906250001 0.6401420453125001 0.552416325 0.6349521625 0.5480211718750001 0.6310511359375 0.5387551234375 0.6243922562499999 0.541483915625 0.6183238640625 0.5469518437499999 0.620044075 0.571368484375 0.622528721875 0.5937818828125 0.6183238640625 0.6343835375 0.6101052859375 0.6666254890625 0.6101052859375 0.6862372546875 0.6110511359374999 0.7054217890625
1 0.6546875 0.7436731562500001 0.6583238640625 0.7546021171875 0.685596590625 0.7573343578125 0.6946875 0.7436731562500001 0.6946875 0.73274419375 0.6910511359375 0.7272797125 0.6910511359375 0.6617059421875 0.683778409375 0.6398480187500001 0.682161209375 0.6040547187499999 0.683778409375 0.5469518437499999 0.6783238640625 0.5387551234375 0.6674147734375 0.5387551234375 0.6619602265625 0.5469518437499999 0.665389590625 0.6040547187499999 0.6619602265625 0.6234545765625 0.6546875 0.6453125 0.6546875 0.6617059421875 0.6510511359375 0.6671704234375 0.6510511359375 0.7054217890625 0.6546875 0.7108862703125001 0.6546875 0.7436731562500001
1 0.7019602265625 0.7491376359374999 0.7092329546875 0.7600665984375 0.723778409375 0.7600665984375 0.7201420453124999 0.7272797125 0.7165056812499999 0.7218152328125 0.7165056812499999 0.694492828125 0.7201420453124999 0.689028346875 0.7201420453124999 0.6726349046875 0.723778409375 0.6617059421875 0.7355820234375 0.6404765046875001 0.7287490968749999 0.6189969859375 0.7293703078125 0.5461533796875 0.725596590625 0.5278261609375 0.7183238640624999 0.5278261609375 0.7092329546875 0.5360228828125 0.7092329546875 0.6179900953125 0.7019602265625 0.6398480187500001 0.7019602265625 0.6562414625 0.6983238640625 0.6617059421875 0.6983238640625 0.7163507515624999 0.7019602265625 0.7218152328125 0.7019602265625 0.7491376359374999
1 0.763778409375 0.5305584015625 0.763778409375 0.6179900953125 0.7892329546875001 0.6179900953125 0.785596590625 0.55788080625 0.7892329546875001 0.5469518437499999 0.785596590625 0.5414873640625 0.785596590625 0.5305584015625 0.7801420453125 0.5223616796874999 0.77286931875 0.5223616796874999 0.763778409375 0.5305584015625
1 0.8255965906250001 0.7491376359374999 0.8255965906250001 0.7600665984375 0.8419602265625 0.7627988390625 0.8474147734375 0.7546021171875 0.8474147734375 0.7436731562500001 0.8510511359375 0.738208675 0.8510511359375 0.694492828125 0.8546875 0.689028346875 0.8510511359375 0.6835638656249999 0.8546875 0.6780993859375 0.8510511359375 0.6726349046875 0.8510511359375 0.6507769812499999 0.8401420453125 0.6179900953125 0.8401420453125 0.5360228828125 0.8274147734374999 0.5278261609375 0.820061384375 0.5312110796875 0.8146875 0.5469518437499999 0.8181978484375 0.605922478125 0.8146875 0.6453125 0.8219602265624999 0.6562414625 0.83286931875 0.694492828125 0.83286931875 0.7272797125 0.8255965906250001 0.7491376359374999
0 0.7401420453125 0.7791922812500001 0.75650568125 0.7928534843749999 0.783778409375 0.7955857234375 0.7874147734375001 0.79012124375 0.7983238640625 0.79012124375 0.8219602265624999 0.7600665984375 0.8292329546874999 0.7436731562500001 0.83286931875 0.694492828125 0.8292329546874999 0.689028346875 0.8292329546874999 0.6780993859375 0.8219602265624999 0.6562414625 0.81286931875 0.642580259375 0.8019602265625 0.637115778125 0.7946875 0.6261868171875 0.77286931875 0.6261868171875 0.7692329546875 0.6207223359375 0.765596590625 0.6261868171875 0.7546875 0.6261868171875 0.7401420453125 0.637115778125 0.7274147734375 0.6562414625 0.7201420453124999 0.6780993859375 0.7201420453124999 0.738208675 0.7274147734375 0.7600665984375 0.7401420453125 0.7791922812500001