1 0.515625 0.3270833328125 0.5140625 0.30902777812500004 0.5109375 0.30625 0.5109375 0.26319444375 0.5171875 0.20347222187499997 0.5171875 0.17569444375 0.508203125 0.15277777812499999 0.494140625 0.14861111093749999 0.483984375 0.15277777812499999 0.47734375 0.171527778125 0.4765625 0.19930555625 0.48203125 0.2520833328125 0.48046875 0.3048611109375 0.4765625 0.33125 0.4625 0.37986111093749997 0.46015625 0.42152777812500003 0.46171875 0.4576388890625 0.47109375 0.52569444375 0.483984375 0.5486111109375 0.5046875 0.54930555625 0.511328125 0.547222221875 0.5171875 0.534027778125 0.53046875 0.45625 0.53203125 0.4076388890625 0.52734375 0.36875 0.515625 0.3270833328125
1 0.43046875 0.13263888906250001 0.420703125 0.1166666671875 0.410546875 0.11388888906250001 0.40078125 0.12430555624999999 0.396875 0.1395833328125 0.40234375 0.2520833328125 0.38671875 0.3201388890625 0.38515625 0.37152777812500004 0.40078125 0.4548611109375 0.407421875 0.46388888906250003 0.42421875 0.46458333281249997 0.43671875 0.45069444374999995 0.44609375 0.39375 0.4484375 0.3479166671875 0.4453125 0.31875 0.42734375 0.246527778125 0.43046875 0.13263888906250001
1 0.36640625 0.11180555625 0.358203125 0.09305555625 0.346484375 0.0888888890625 0.341015625 0.09305555625 0.33515625 0.109027778125 0.34140625 0.209027778125 0.33125 0.259027778125 0.32890625 0.3229166671875 0.3421875 0.3923611109375 0.348828125 0.3986111109375 0.36171875 0.39930555624999997 0.369921875 0.3958333328125 0.37578125 0.37430555625 0.3828125 0.32569444375 0.3828125 0.28680555625 0.3640625 0.209027778125 0.36640625 0.11180555625
1 0.298828125 0.06944444375 0.291796875 0.0736111109375 0.2875 0.084027778125 0.29375 0.178472221875 0.284375 0.228472221875 0.2828125 0.27291666718749996 0.29765625 0.3395833328125 0.303515625 0.34722222187499996 0.3171875 0.346527778125 0.3234375 0.33819444375 0.33125 0.24375 0.3140625 0.17430555625 0.315625 0.09097222187500001 0.307421875 0.072222221875 0.298828125 0.06944444375
1 0.5890625 0.25486111093749997 0.59375 0.13680555625 0.588671875 0.12361111093749999 0.574609375 0.1166666671875 0.566015625 0.125 0.56015625 0.14236111093749998 0.5640625 0.24236111093749999 0.54453125 0.3270833328125 0.54296875 0.37152777812500004 0.55625 0.45625 0.566796875 0.46666666718750005 0.58046875 0.465972221875 0.58828125 0.45625 0.596875 0.42291666718750004 0.6046875 0.3770833328125 0.60546875 0.35208333281250004 0.60234375 0.31319444375 0.5890625 0.25486111093749997
1 0.643359375 0.09444444375 0.630859375 0.0958333328125 0.62265625 0.11180555625 0.62421875 0.209027778125 0.60859375 0.26597222187499997 0.60546875 0.28958333281250004 0.60625 0.3395833328125 0.6140625 0.38819444375 0.620703125 0.4 0.63359375 0.40208333281249997 0.64453125 0.39375 0.65859375 0.33125 0.6578125 0.278472221875 0.6453125 0.2104166671875 0.653125 0.1145833328125 0.643359375 0.09444444375
1 0.690625 0.153472221875 0.696875 0.09652777812499999 0.6953125 0.08541666718749999 0.686328125 0.075 0.676171875 0.0791666671875 0.66953125 0.0951388890625 0.6703125 0.1826388890625 0.6546875 0.2451388890625 0.66015625 0.33819444375 0.666796875 0.35 0.68203125 0.35069444375000003 0.690625 0.33680555624999997 0.69921875 0.3020833328125 0.7015625 0.278472221875 0.70078125 0.23125 0.690625 0.1826388890625 0.690625 0.153472221875
1 0.57109375 0.09652777812499999 0.56875 0.08541666718749999 0.560546875 0.075 0.548828125 0.0791666671875 0.54375 0.0923611109375 0.5453125 0.1826388890625 0.53046875 0.24930555625 0.53046875 0.28958333281250004 0.5421875 0.33680555624999997 0.56328125 0.23680555625 0.56171875 0.196527778125 0.55859375 0.1895833328125 0.559375 0.146527778125 0.5703125 0.1145833328125 0.57109375 0.09652777812499999
1 0.437109375 0.07638888906249999 0.425390625 0.0736111109375 0.41953125 0.07986111093750001 0.415625 0.0979166671875 0.41796875 0.1145833328125 0.423828125 0.11944444375 0.43203125 0.13819444375 0.43203125 0.18125 0.428125 0.19930555625 0.42734375 0.23819444375 0.43125 0.2645833328125 0.44765625 0.32569444375 0.45546875 0.28819444375000003 0.45625 0.259027778125 0.45390625 0.23541666718749998 0.43984375 0.1770833328125 0.44375 0.0923611109375 0.437109375 0.07638888906249999
1 0.51875 0.334027778125 0.521875 0.3270833328125 0.521875 0.2826388890625 0.5140625 0.246527778125 0.509765625 0.24444444375000002 0.5109375 0.2951388890625 0.51875 0.334027778125
1 0.4671875 0.3270833328125 0.471875 0.3423611109375 0.48203125 0.30069444375 0.48359375 0.24930555625 0.479296875 0.23194444375 0.47109375 0.2604166671875 0.46640625 0.2923611109375 0.4671875 0.3270833328125
1 0.490234375 0.09305555625 0.48046875 0.1076388890625 0.4796875 0.14236111093749998 0.48359375 0.1548611109375 0.493359375 0.147222221875 0.505078125 0.1513888890625 0.509375 0.14791666718750002 0.51015625 0.11041666718750001 0.503515625 0.0958333328125 0.490234375 0.09305555625