1 0.015073159375 0.15774653593750002 0.016547109375 0.13386202187500001 0.0136713390625 0.12083845468750001 0.0046875 0.124455634375 0.0046875 0.13803568125000001 0.008041909375 0.1583616890625 0.0046875 0.1770774625 0.0046875 0.21050410468749997 0.007040706250000001 0.222729034375 0.010712148437500001 0.2296875 0.02075115 0.2296875 0.02075115 0.17278527187499998 0.015073159375 0.15774653593750002
1 0.170446428125 0.12123439062500001 0.1607414109375 0.125389490625 0.162909990625 0.16000245156249998 0.15625 0.1912081625 0.15625 0.2015943125 0.1577266890625 0.22155060624999998 0.1612527546875 0.23125 0.17359084062500002 0.23125 0.17631792500000001 0.212000059375 0.17631792500000001 0.1828760703125 0.169916996875 0.15812189062499998 0.17265410625 0.135681146875 0.170446428125 0.12123439062500001
1 0.18733022500000002 0.166601396875 0.184375 0.1763848703125 0.184375 0.240625 0.1927273578125 0.240625 0.193120334375 0.24053075625 0.1995560046875 0.21566714999999997 0.20052292500000002 0.1906444171875 0.195923975 0.16685144999999998 0.20040437656250001 0.1363640890625 0.1970301484375 0.12304461874999999 0.188292859375 0.1304448203125 0.18733022500000002 0.166601396875
1 0.2338375296875 0.17137968750000002 0.23245320625 0.1325635734375 0.2203125 0.1222281859375 0.2203125 0.147015521875 0.2260250296875 0.1710158140625 0.2212484421875 0.190169159375 0.221114809375 0.219226665625 0.23170819062499998 0.2460158140625 0.23290325156249997 0.246875 0.23629875625 0.246875 0.23629875625 0.1795120640625 0.2338375296875 0.17137968750000002
1 0.266499728125 0.25 0.2671657265625 0.2469232453125 0.2671657265625 0.203070453125 0.2626092890625 0.1818876765625 0.2621337078125 0.1430260609375 0.2542387078125 0.13386873593749998 0.2508516890625 0.15115484375 0.2538699609375 0.1789598953125 0.2484375 0.22285744218749998 0.2484375 0.22350702500000003 0.25406794375 0.25 0.266499728125 0.25
1 0.2803088796875 0.25 0.2880347890625 0.22074163125 0.2834055625 0.175235784375 0.2862248921875 0.1363105078125 0.2784221046875 0.1290536859375 0.2732881609375 0.14522603750000002 0.2741761390625 0.1728946546875 0.271875 0.18754181406249998 0.271875 0.25 0.2803088796875 0.25
1 0.3049658875 0.12409876718749999 0.29737425625 0.1287007 0.297627228125 0.1662552640625 0.2921875 0.18661495156250002 0.2921875 0.23319614687499998 0.29508822343749996 0.2421875 0.3016059296875 0.2421875 0.3036019203125 0.24155536406250003 0.310724940625 0.21677361875 0.310768209375 0.19313522656249998 0.305391228125 0.16791697187500002 0.3088505015625 0.1360543734375 0.3049658875 0.12409876718749999
1 0.3216281 0.1581832984375 0.3171875 0.171140790625 0.3171875 0.234375 0.32235694531250003 0.234375 0.3241960890625 0.233501634375 0.3305346390625 0.21008152500000002 0.331991446875 0.189248190625 0.32709685 0.158406134375 0.33177577812500003 0.1363112453125 0.3307452984375 0.12303721875 0.320736871875 0.12611152187500002 0.3216281 0.1581832984375
1 0.251797109375 0.12434575 0.24387711250000002 0.1295411125 0.2469233828125 0.16839816875 0.2421875 0.19791874375000001 0.2421875 0.202911465625 0.2487770390625 0.2375 0.252409771875 0.2375 0.25005054531250004 0.20864411249999998 0.25546392500000004 0.1805798328125 0.2517981921875 0.14453238906250002 0.25606365000000003 0.1384956546875 0.25606365000000003 0.1353119171875 0.251797109375 0.12434575
1 0.274145625 0.20093301874999997 0.27649213125 0.193512546875 0.2765928953125 0.181990246875 0.2778697265625 0.1721070765625 0.2745749796875 0.144693596875 0.2752664875 0.135362475 0.2788762375 0.1282294171875 0.275427665625 0.12269204062500001 0.269958915625 0.12272385781249999 0.26875 0.1259195625 0.26875 0.141427703125 0.2724123265625 0.1581382515625 0.26875 0.1733135046875 0.26875 0.2054573015625 0.26899360156249996 0.20678572343749999 0.2722766734375 0.215625 0.273647190625 0.215625 0.27368290625 0.20889118281250002 0.274145625 0.20093301874999997
1 0.5213227578125 0.25 0.5213227578125 0.1947924140625 0.5175151703124999 0.180012053125 0.5167928859375001 0.1369018671875 0.511545009375 0.13239585468749998 0.506906009375 0.13411252499999998 0.505219640625 0.141887990625 0.5065291703125 0.179387990625 0.5046875 0.1926231171875 0.5046875 0.22639778124999999 0.505732221875 0.2462731765625 0.5083770734375 0.25 0.5213227578125 0.25
1 0.55781224375 0.25 0.55781224375 0.1920135546875 0.55567746875 0.1814854953125 0.5555306328125 0.17182644062500002 0.55478969375 0.15289653125 0.55113391875 0.1400554921875 0.5476519984375 0.1372949421875 0.54676345625 0.13721092968749998 0.5429626546875 0.13721092968749998 0.5397632171875 0.14681162187500002 0.542293215625 0.16418856875 0.5430590046875 0.17903244062499998 0.5398188890625 0.1992546671875 0.5390625 0.2205800875 0.5390625 0.220601596875 0.5415064328125 0.23976114062499998 0.5448287859375001 0.25 0.55781224375 0.25
1 0.575036259375 0.25 0.5761422406250001 0.24842302031250002 0.5776158578125 0.233208909375 0.5769895203125001 0.2093801328125 0.5742731546875001 0.190732171875 0.5733621531249999 0.1733275203125 0.5733705203125 0.157833859375 0.57303286875 0.1405467265625 0.56991086875 0.13367869375000002 0.5649285749999999 0.1330543796875 0.5614009531249999 0.1379662609375 0.5598268046875 0.152647675 0.5609025546875 0.179762628125 0.5578125 0.19859750468749998 0.5578125 0.22406585156249997 0.5597279125 0.246365628125 0.563282221875 0.25 0.575036259375 0.25
1 0.484785434375 0.1696338671875 0.485756134375 0.1502466125 0.48638566875 0.137607578125 0.4818463421875 0.1273409625 0.4737563609375 0.1324885328125 0.4743147671875 0.1481156953125 0.47531345468749997 0.16579458593750002 0.4726888265625 0.18022501562499998 0.4703125 0.19752534375 0.4703125 0.20718227812499998 0.472242290625 0.23540271875 0.4762962796875 0.2421875 0.484482875 0.2421875 0.488777846875 0.2403853578125 0.49043605156250003 0.2240133046875 0.49043605156250003 0.20583550156250002 0.48908869062500004 0.1914611484375 0.484785434375 0.1696338671875
1 0.5894250375000001 0.1809425328125 0.588856765625 0.168763309375 0.59110466875 0.15692265625 0.59299336875 0.1366815703125 0.5912113546875 0.1283225484375 0.583577215625 0.1270158015625 0.580839109375 0.1345119640625 0.5787371546875 0.140881284375 0.578125 0.1462950984375 0.578125 0.14644752968750002 0.5793671421875 0.15894635625 0.578125 0.167819971875 0.578125 0.246875 0.585424115625 0.246875 0.5884385203125 0.23227764374999998 0.589528809375 0.21668578749999998 0.588838484375 0.1960991984375 0.5894250375000001 0.1809425328125
1 0.5368713859375001 0.166484053125 0.5369155171875 0.15889881875 0.537917990625 0.1496721609375 0.5372556265624999 0.1412109921875 0.53587693125 0.133559503125 0.5326746390625 0.12641053124999999 0.5321414421874999 0.12641053124999999 0.5285576062499999 0.127738896875 0.5262079953125001 0.13234874531250002 0.5272297265625 0.15212496250000002 0.526762996875 0.17127402187500002 0.525 0.18438575937499999 0.525 0.2375041328125 0.5268203984375 0.2421875 0.5305475625 0.2421875 0.5333644890625 0.2392429390625 0.531066684375 0.2264904546875 0.5314092328125 0.20838121250000002 0.5345778046875 0.19377574375 0.53796390625 0.1825525453125 0.5368713859375001 0.166484053125
1 0.970327784375 0.25 0.9822136374999999 0.10227400625000001 0.9703409796875 0.0752342796875 0.9478473796875001 0.060226201562500005 0.9226557281249999 0.06627235625 0.9081228296875 0.07485759374999999 0.8888803078125 0.10880050781249999 0.8948259796875 0.25 0.970327784375 0.25
1 0.7315930421875001 0.25 0.7255529562499999 0.101765646875 0.6729675562499999 0.062778253125 0.6728252984374999 0.062778253125 0.64375 0.1033506515625 0.64375 0.1214882984375 0.66460984375 0.25 0.7315930421875001 0.25
1 0.609375 0.25 0.6385673546875 0.25 0.6353387781250001 0.100629128125 0.6697600343750001 0.054197090625 0.64758120625 0.034862671875 0.6446500562499999 0.034862671875 0.6216985703125 0.0389616078125 0.609375 0.0514107984375 0.609375 0.25
1 0.7203125 0.074092128125 0.7203125 0.0746033484375 0.7530862093749999 0.115625 0.7588168515625 0.115625 0.778099559375 0.107699159375 0.778099559375 0.038812528125 0.7617634828125001 0.00865524375 0.7422820437500001 0.004108153125 0.729820975 0.004108153125 0.7203125 0.074092128125
1 0.8049831921875 0.047071690625 0.803125 0.08085896406250001 0.803125 0.08890079375 0.8633087140625 0.159375 0.8643516296874999 0.159375 0.874821921875 0.082282775 0.874821921875 0.0596263015625 0.8700157781250001 0.04557874375 0.850564490625 0.027176203125 0.8283422687499999 0.0267883125 0.8049831921875 0.047071690625
1 0.8956147375000001 0 0.8795594546875 0.002304115625 0.8703125 0.0195761625 0.8703125 0.050707279687499995 0.8789348609375001 0.0984375 0.8842470500000001 0.0984375 0.9223348265624999 0.054325132812499996 0.924195459375 0.0188221765625 0.9134248906250001 0.0077247328125 0.9019495875000001 0 0.8956147375000001 0
1 0.609375 0.25 0.581040778125 0.25 0.5952639640624999 0.36383695 0.578125 0.46713625625000005 0.578125 0.48367092500000003 0.5848904515625 0.5352255890625 0.6015439953125 0.5868692546875 0.6070854609375 0.596875 0.609375 0.596875 0.609375 0.25
1 0.4930737609375 0.25 0.5005214875 0.3643487171875 0.4828125 0.460314475 0.4828125 0.4950531734375 0.48581752343750007 0.5295325468750001 0.5035794421875 0.5828125 0.5356173375 0.5828125 0.5442079718749999 0.533522421875 0.5442079718749999 0.42489910625 0.5264474124999999 0.3625358 0.5340105609375 0.25 0.4930737609375 0.25
1 0.415625 0.25 0.415625 0.3945196921875 0.43762993906250003 0.42089490781250005 0.45233690624999995 0.459375 0.4530895984375 0.459375 0.45585745156249996 0.43052318281249996 0.440540003125 0.337561575 0.4511449984375 0.25 0.415625 0.25
1 0.35465393125 0.25 0.36249781406250003 0.3111202796875 0.35943234375 0.3721667453125 0.3635598765625 0.3734375 0.401776784375 0.3734375 0.401776784375 0.358113434375 0.395831146875 0.3115081484375 0.4010209484375 0.25 0.35465393125 0.25
1 0.2685542109375 0.25 0.27711709687499997 0.36682712500000003 0.259375 0.4444562515625 0.259375 0.5055576359374999 0.261653215625 0.543122065625 0.27354010624999997 0.5867895437499999 0.2758841546875 0.5875 0.2950771390625 0.5875 0.3049731015625 0.58181036875 0.28943099375000003 0.5411796531249999 0.286609415625 0.48575359218749997 0.3157091875 0.410207525 0.3157091875 0.39177681406250003 0.3046039578125 0.3482180453125 0.311244571875 0.25 0.2685542109375 0.25
1 0.1851034359375 0.25 0.1837972625 0.3594343984375 0.1765625 0.381438603125 0.1765625 0.578125 0.19143098281249998 0.578125 0.20012793593749997 0.577017084375 0.22320456093750002 0.48583536875 0.2248490484375 0.4357814828125 0.20972318906249998 0.3601887671875 0.22823100156249998 0.25 0.1851034359375 0.25
1 0.0986778796875 0.25 0.11073387812499999 0.35831535781249996 0.0921875 0.4467085953125 0.0921875 0.45118055312499994 0.1108636703125 0.55484756875 0.127240225 0.5921875 0.1550929 0.5921875 0.1591892296875 0.5909272734375 0.1591892296875 0.382312771875 0.143814190625 0.33217635625 0.1460261484375 0.25 0.0986778796875 0.25
0 0.46872604375 0.57237574375 0.469149771875 0.569890171875 0.469149771875 0.4856395015625 0.4601776390625 0.44456564218750005 0.4350641984375 0.406661590625 0.39642581250000003 0.3754595515625 0.3557182015625 0.372215396875 0.351343203125 0.372215396875 0.330341459375 0.385406990625 0.2989209546875 0.43897565937500005 0.290625 0.47614867656249993 0.290625 0.5092913593749999 0.29261388906249997 0.53044838125 0.307906084375 0.57511909375 0.3368688078125 0.6158655734374999 0.3786574921875 0.6421875 0.3839083734375 0.6421875 0.41196191875 0.6366029859375001 0.445836909375 0.61221714375 0.46872604375 0.57237574375
0 1 0.598251796875 0.9951335406249999 0.5990842015625001 0.98310215 0.6184309515624999 0.9828125 0.61948890625 0.9828125 0.6771919875 0.9833118531249999 0.679705953125 1 0.694326103125 1 0.598251796875
1 0.64305339375 0.47425654218749996 0.6385584421875 0.46934542968750004 0.6252771921875 0.4691908890625 0.62352214375 0.474029275 0.6285713015625001 0.521287859375 0.6234375 0.5537498921875 0.6234375 0.5849690296875 0.6277321171875 0.615677759375 0.6340043703125 0.6296875 0.6460727640624999 0.6296875 0.64922201875 0.6256454296875 0.6503462671875 0.6167344421875001 0.6503462671875 0.5524058593750001 0.6410713015625 0.521433309375 0.64305339375 0.47425654218749996