1 0.13450089375000002 0 0.1312590578125 0.0097545578125 0.1308711890625 0.043087890625 0.134933790625 0.096518578125 0.133374965625 0.14102369374999998 0.11753815781250002 0.20486637343749997 0.1136478734375 0.23230099218750003 0.1136478734375 0.3205788703125 0.116539840625 0.3353915953125 0.1325612828125 0.3796875 0.1673561484375 0.3796875 0.18195645625 0.30474785625 0.1828125 0.2947100046875 0.1828125 0.23461109218749998 0.18234065 0.22700041406250002 0.1641041328125 0.13923392343750002 0.1656737296875 0.0938028828125 0.1708676140625 0.050011348437500006 0.1713955453125 0.0046409781249999995 0.169826403125 0 0.13450089375000002 0
1 0.07206698593750001 0 0.07153134375 0.0020123171875 0.0672191203125 0.100342475 0.062410221875000005 0.1223826875 0.0578884328125 0.1348403890625 0.0578884328125 0.3240817453125 0.059352315625 0.325 0.0811169765625 0.325 0.081630128125 0.324384803125 0.08963418906250001 0.301600675 0.0962780828125 0.2415368296875 0.10381254843750001 0.1973350671875 0.101200228125 0.16277245625 0.094151359375 0.1177213109375 0.0970981828125 0.078832421875 0.10494299375 0.0374387703125 0.1078125 0.0060724734375 0.1078125 0.003500603125 0.10683602968749999 0 0.07206698593750001 0
1 0.0250505203125 0 0.0216158390625 0.08999541562499999 0.0113679359375 0.1242451984375 0.0113679359375 0.29375 0.02482171875 0.29375 0.0318168546875 0.2889063703125 0.035946860937500005 0.278041275 0.04132086875 0.20118942343750001 0.0526297078125 0.150688775 0.052753489062500006 0.13408885937499998 0.04498859375 0.08941939531250001 0.0475165828125 0.060682315625000004 0.055441435937500005 0.014085632812500002 0.05625 0.0025226359375 0.05625 0 0.0250505203125 0
1 0.3267303703125 0 0.3261745828125 0.000846909375 0.322711909375 0.016524012499999997 0.3214941796875 0.0461263671875 0.3239761578125 0.0804219921875 0.32725199374999997 0.0934395015625 0.3278661203125 0.1462172796875 0.3074816234375 0.22917787500000003 0.3041913375 0.2596697921875 0.304676171875 0.301336459375 0.3081674921875 0.3328724875 0.3178083453125 0.3796875 0.36736960625 0.3796875 0.3734375 0.3461412890625 0.3734375 0.21647672343750002 0.35863838124999997 0.15045736406250002 0.35819664218749997 0.1124944 0.3637140046875 0.049640531249999995 0.3628053015625 0.0162981078125 0.3555407109375 0 0.3267303703125 0
1 0.410589003125 0 0.40604443124999995 0.0176717578125 0.4075487296875 0.0463754609375 0.41477251718749997 0.104854296875 0.41494399218750005 0.12796606875 0.40087508749999995 0.196792125 0.3988791296875 0.22814629062499997 0.40038342499999996 0.25684999531249997 0.403971059375 0.28562645 0.42043721874999995 0.351821890625 0.42840176874999997 0.35995598281249996 0.436646428125 0.3609375 0.44647147187499997 0.3609375 0.4515625 0.3578000125 0.4515625 0.16623207812500002 0.4440750828125 0.138225665625 0.44006367031250004 0.11128287343750001 0.4434862296875 0.047630428125 0.4424057140625 0.0170930578125 0.4354023265625 0 0.410589003125 0
1 0.4727091546875 0 0.468199203125 0.0122945765625 0.4668106109375 0.0335605375 0.46807954374999994 0.092106215625 0.46617011875000003 0.11334184218750001 0.451919546875 0.1582513765625 0.451919546875 0.3082693328125 0.4548462640625 0.3140625 0.481726525 0.3140625 0.48201680468749997 0.3138113296875 0.4943199015625 0.2681217359375 0.500403359375 0.23413549374999998 0.5015625 0.213142784375 0.5015625 0.1922319515625 0.4906115578125 0.11569351718750001 0.4936528390625 0.06668011406249999 0.498279615625 0.042818385937499995 0.4996001171875 0.010410978125000001 0.495872096875 0 0.4727091546875 0
1 0.22289644218750002 0 0.2153296765625 0.0200036171875 0.21411387343750002 0.0598578984375 0.21714554531250002 0.09476681718749999 0.217932265625 0.1390928609375 0.21575560624999998 0.174396446875 0.1903755265625 0.2732252109375 0.1903755265625 0.3796875 0.267262525 0.3796875 0.26731130468750003 0.3794722703125 0.2703125 0.35271460781249997 0.2703125 0.2692070296875 0.2674098546875 0.25463013437500004 0.2658921953125 0.2223805921875 0.25864536875 0.19056518281249998 0.25356633125 0.18355243906250002 0.2506514390625 0.1717521984375 0.2534260953125 0.102189353125 0.2621436734375 0.049745509375000004 0.26163535625 0.0192688875 0.2577984125 0 0.22289644218750002 0
1 0.1713639125 0 0.17265945 0.01679776875 0.16971661875 0.0890199890625 0.1675958359375 0.098672975 0.1675958359375 0.1755024421875 0.17366606874999999 0.20871943124999998 0.1779238203125 0.2443964125 0.176819590625 0.296875 0.17684030625 0.296875 0.178422553125 0.2831274359375 0.1811776359375 0.2792264 0.20444033281250001 0.19254149062499998 0.2046875 0.1891003234375 0.2046875 0.1700647875 0.1931467546875 0.1001675 0.19394641875000002 0.0677995578125 0.2004448890625 0.0229999171875 0.2013820640625 0 0.1713639125 0
1 0.2532025234375 0 0.2562263234375 0.0044594296875000005 0.2582611734375 0.012841254687500001 0.2605313546875 0.070309275 0.25404433125 0.11090454375 0.25314641718750003 0.17570723593749998 0.2685020734375 0.2223672078125 0.2708853765625 0.260390784375 0.2769326578125 0.2921875 0.2789014203125 0.2921875 0.28389005 0.263471625 0.284375 0.246355325 0.284375 0.21024834375 0.281228321875 0.1837692578125 0.26801525625 0.12697259375 0.26717828906249996 0.0917631640625 0.273365340625 0.01319280625 0.26997959531250004 0 0.2532025234375 0
0 0.133635559375 0.3796875 0.107084978125 0.3434265203125 0.08840543749999999 0.3291254640625 0.0695935484375 0.320367840625 0.05918259687500001 0.305334821875 0.05097875625 0.3069927140625 0.03645445625 0.322369778125 0.0248213984375 0.35306705 0.0191588125 0.3796875 0.133635559375 0.3796875
1 0.786572278125 0.3796875 0.779089928125 0.3629175265625 0.772962609375 0.335388153125 0.7842709421875 0.20782758124999998 0.7403017921874999 0.173019815625 0.7081614218750001 0.18224503281249999 0.7 0.20275093437499997 0.7 0.2189927859375 0.7337326890625 0.2592984734375 0.7231864765625 0.367376128125 0.724525865625 0.3796875 0.786572278125 0.3796875
1 0.8182939078124999 0.3796875 0.8154426734375001 0.3707131828125 0.7985714421875001 0.303776690625 0.8254555921875 0.1750764265625 0.8012481625 0.1506344671875 0.7755216109375 0.1432106546875 0.7456366875 0.1659725125 0.7438076640625 0.1682732515625 0.7438076640625 0.16895881875000002 0.7797434671875 0.20359894375 0.7602528265624999 0.3539334765625 0.765657465625 0.3796875 0.8182939078124999 0.3796875
1 0.8828125 0.3796875 0.8828125 0.35212308124999997 0.8497135968749999 0.254576615625 0.86958598125 0.1332294953125 0.8591335328125 0.10662510781250001 0.8463132468750001 0.1051742359375 0.8215044421875 0.1051742359375 0.7968906 0.11311753124999999 0.793952846875 0.143399196875 0.82467606875 0.1632639609375 0.8080685328125 0.286314984375 0.8129943687499999 0.32393751875 0.8409556296874999 0.3796875 0.8828125 0.3796875
1 0.3433730203125 0.3796875 0.3491286421875 0.41778566093749997 0.3456036515625 0.452342671875 0.33117752500000003 0.48441171875 0.3042877609375 0.5140838078125001 0.2214656234375 0.5868303328125 0.146346896875 0.6684968343750001 0.1323524109375 0.69664580625 0.1323524109375 0.8048434796875 0.15979013749999998 0.85508678125 0.21452254375000002 0.91513734375 0.285670290625 0.9734511031250002 0.3151759765625 0.9873470031250001 0.3647194046875 0.996875 0.405292925 0.996875 0.48139132343749996 0.994061190625 0.5776577953124999 0.9736206187499998 0.616938471875 0.9525954859375 0.6846532296875 0.9033697593750001 0.7 0.8878034625 0.7 0.53369785625 0.6326491187500001 0.474660203125 0.616188871875 0.4131612609375 0.62777795625 0.3796875 0.3433730203125 0.3796875
1 0.9183744218750001 0.3796875 0.9011546953125 0.446542390625 0.9005548984375 0.49808878125 0.9153391359375 0.5538903 0.9455673906250001 0.6087923078124999 0.9532451328124999 0.61875 0.96236906875 0.61875 0.9647524515624999 0.617977196875 0.9618511218750001 0.535727846875 0.9890625 0.4348255328125 0.9890625 0.426558971875 0.97849243125 0.3796875 0.9183744218750001 0.3796875
1 0.9785133328125 0.3796875 0.9879470734375 0.42914969999999997 0.966158334375 0.5030823 0.966158334375 0.6328125 0.9667689875000001 0.6328125 1 0.5545342984375 1 0.431381840625 0.9914541515625 0.3796875 0.9785133328125 0.3796875