1 0.303187765625 0.5296875 0.288135828125 0.477707571875 0.289992821875 0.4711169078125 0.2885989703125 0.4461442046875 0.29036245156249996 0.42193365156249996 0.288774596875 0.3914053921875 0.28387866875 0.3782114796875 0.27365949375 0.3694708390625 0.2679626640625 0.37069701718750003 0.2609620015625 0.3794124921875 0.2578125 0.3919014875 0.2578125 0.3986324625 0.259144784375 0.42449732031250004 0.2668139953125 0.47975262343749997 0.26524451718750003 0.50951873125 0.26208106249999996 0.5296875 0.303187765625 0.5296875
1 0.5637428734375 0.5296875 0.5637428734375 0.39505786718749997 0.5464404296875001 0.34793455 0.5432326749999999 0.219191653125 0.528958646875 0.194998996875 0.5181480015625001 0.19058901875 0.49783997343749997 0.19910008437499999 0.48971593124999996 0.2215038578125 0.5060758468750001 0.3509931953125 0.4885480453125 0.43075878437500004 0.4875 0.4573159015625 0.4875 0.48307452812499996 0.4910768 0.5159767921875 0.4950397625 0.5296875 0.5637428734375 0.5296875
1 0.7296425109375 0.19547740625 0.7183385484375 0.1826306640625 0.6898783734375 0.1826306640625 0.6764991218749999 0.2012054015625 0.6876193703125 0.344003290625 0.665625 0.4331290375 0.665625 0.44077588125 0.6664369718750001 0.4484375 0.6817413562500001 0.4484375 0.72171885625 0.44124834375 0.754444528125 0.4473240921875 0.754444528125 0.4237207703125 0.730547784375 0.34602946874999996 0.7338714656249999 0.20968397656249999 0.7296425109375 0.19547740625
1 0.36630620937499997 0.5296875 0.3717486734375 0.5130942546874999 0.378563490625 0.4711809359375 0.3770218765625 0.400655184375 0.3606725859375 0.3382310125 0.37542394218749997 0.21984861718749998 0.35830099375 0.1962598125 0.337104090625 0.20315972968749998 0.3260659671875 0.2221544640625 0.3238506796875 0.3464063859375 0.309375 0.3834466203125 0.309375 0.5296875 0.36630620937499997 0.5296875
1 0.47077431562500005 0.5296875 0.47077431562500005 0.3716369671875 0.4518746421875 0.3181023765625 0.45147721093750004 0.2197708015625 0.440317896875 0.199157246875 0.43091772968750003 0.1939883921875 0.425743390625 0.1939883921875 0.41675920624999996 0.195785234375 0.409375 0.21349716875000002 0.409375 0.23404398906249999 0.4212305953125 0.3245826765625 0.409375 0.37879280937500004 0.409375 0.3981726671875 0.41608713125 0.43632381562500006 0.41939028125 0.5020906515625 0.428410921875 0.5296875 0.47077431562500005 0.5296875
1 0.583258975 0.5296875 0.599900990625 0.4985357875 0.605422309375 0.47082887656250005 0.6030505015625 0.3997338078125 0.586052953125 0.3337547171875 0.5980243812499999 0.21766716718749998 0.5818089687500001 0.1941680203125 0.5646800031250001 0.197535746875 0.5511493812499999 0.21739445625 0.550896703125 0.333550184375 0.5484375 0.34220915625 0.5484375 0.5296875 0.583258975 0.5296875
1 0.6684962156250001 0.3837588515625 0.65173703125 0.3301461453125 0.6531930453125 0.22242084687500002 0.6454566359375 0.20633169062499998 0.634797884375 0.1999451984375 0.618052365625 0.20603161406249998 0.6109375 0.22644034999999998 0.6109375 0.23412519375000002 0.6204265109375 0.330050784375 0.6113413125 0.36872494843750003 0.6292055968750001 0.4320308609375 0.6334118171875 0.4859375 0.6410262453125 0.4859375 0.6655117515625 0.46311734375 0.6684962156250001 0.44537104375 0.6684962156250001 0.3837588515625
1 0.8628133265625 0.3883103328125 0.8427523015624999 0.323030346875 0.8462874578124999 0.22104259375000002 0.8319852328125 0.1988217296875 0.8272029578125 0.1979935421875 0.817514025 0.1979935421875 0.815625 0.1999305109375 0.815625 0.340834121875 0.8389145750000001 0.4146194875 0.841628646875 0.46319940312499996 0.8351272765625 0.5079417296875001 0.8445804296875 0.521875 0.8511156609375 0.521875 0.8537094406249999 0.5208162265625 0.8628133265625 0.4870099953125 0.8628133265625 0.3883103328125
1 0.7964911156250001 0.3320601875 0.811036596875 0.21813110937500002 0.800435203125 0.195385115625 0.8000396109375 0.19530181562499999 0.7828743 0.19530181562499999 0.775 0.20206570781250002 0.775 0.4103610390625 0.777415828125 0.42115624687500003 0.7767949765625 0.47695727187500003 0.7922561578125 0.5015625 0.8015135000000001 0.5015625 0.8060355328125001 0.4882428859375 0.813308275 0.431278346875 0.811807046875 0.40147385468749996 0.7964911156250001 0.3320601875
1 0.7663861078124999 0.1947279203125 0.7483385046875 0.1895286140625 0.7329711578125 0.200793778125 0.7328125 0.20316566093750002 0.7328125 0.39295040000000003 0.7464520343750001 0.4486274 0.7851586609375001 0.475 0.7879624062499999 0.475 0.7912986953125001 0.469424625 0.789965475 0.4330294796875 0.7671314359375 0.3411750609375 0.775455740625 0.21465859531249998 0.7663861078124999 0.1947279203125
1 0.1753875640625 0.5296875 0.18152738906250002 0.5726491031250001 0.1830198296875 0.603273009375 0.17210383906249999 0.6702349578125 0.1722923921875 0.711833271875 0.1831544234375 0.77654236875 0.198251378125 0.8222171203125 0.2054442625 0.8297767203124999 0.2163263828125 0.83125 0.2204406625 0.83125 0.23021797500000002 0.8222417156249999 0.2364951375 0.7911057109375 0.2364951375 0.6870414125 0.23535276249999998 0.6743824593750001 0.20916208125 0.5875413703125 0.2070046015625 0.5296875 0.1753875640625 0.5296875
1 0.0654836203125 0.5296875 0.06834628125 0.569466759375 0.067375953125 0.5903000921875 0.0640625 0.604652615625 0.0640625 0.7657598484375 0.075853296875 0.7890625 0.0793724515625 0.7890625 0.09539658749999999 0.78673486875 0.1034976921875 0.7724107140625 0.111817725 0.7281845234375 0.114863075 0.6796006953125 0.113096534375 0.6503249 0.093545334375 0.5828670609375 0.09388505625 0.5296875 0.0654836203125 0.5296875
1 0.2171875 0.5296875 0.2171875 0.74375 0.22455099375 0.74375 0.23846785 0.7378133609375 0.24909684687500003 0.6968978546875 0.255422540625 0.639762090625 0.2539443046875 0.605358734375 0.24171852500000002 0.55802308125 0.24005033281250002 0.537444840625 0.24052699687499998 0.5296875 0.2171875 0.5296875
1 0.9811857296875001 1 0.9811857296875001 0.9970382859375 0.9645645406250001 0.9302910546875001 0.9739732953125 0.7985721640625 0.9657607515625 0.7807011578124999 0.9568062046874999 0.77347441875 0.934998915625 0.77347441875 0.9223380593750001 0.7909360296875001 0.9253929375000001 0.9221860296875001 0.9004306109375001 0.9886121124999999 0.8985564343749999 1 0.9811857296875001 1
1 0.8518976734375 1 0.8704819359375 0.83353886875 0.8635427312499999 0.8145160499999999 0.8449277984375 0.8017717578125 0.8399221875 0.8017717578125 0.8199382796875 0.809863265625 0.8078363875000001 0.83448131875 0.8036839265625 0.9908404484375 0.79957115 1 0.8518976734375 1
1 0.6866153031250001 1 0.7026732609375 0.8949852921874999 0.6920306921874999 0.869443159375 0.6659434390625 0.8537064578125 0.6436313968749999 0.8617420984375 0.62007928125 0.89862021875 0.6171695484375 1 0.6866153031250001 1
1 0.5778557765625 1 0.5698274921875 0.9790847859374999 0.56422235 0.9211630265625 0.5712264671874999 0.86567785 0.5694018875 0.8173496109375 0.5600597390625 0.7949283078125 0.5438615890625 0.78120715625 0.5210833015625 0.78120715625 0.5163807921875 0.781767390625 0.501995865625 0.809526403125 0.5201881281249999 0.9585102062499999 0.5102187921875 1 0.5778557765625 1
1 0.3740950515625 1 0.374564575 0.9919385875 0.40227932343750006 0.9186374421875 0.40391741875000003 0.8905124421874999 0.3921300484375 0.8513681296875 0.3919326296875 0.8279215390625 0.40346093437499997 0.7373329 0.3852492609375 0.7145630203125 0.3677887453125 0.7191505265625 0.35833044531249997 0.7339442796875 0.35830108125 0.841793140625 0.34375 0.8869977078125 0.34375 1 0.3740950515625 1
1 0.6276469718750001 1 0.6276469718750001 0.8992334421875 0.627098878125 0.8926555796875 0.6165234765625 0.858771903125 0.620789334375 0.7567999671875001 0.6122675078125 0.736896903125 0.597178221875 0.7306435812500001 0.5863498484375 0.734341790625 0.5766573906250001 0.7481553078125 0.58387466875 0.8651790328125 0.5640625 0.9343860671875 0.5640625 0.9499215718750001 0.5678727 0.989681065625 0.571740253125 1 0.6276469718750001 1
1 0.490170171875 1 0.490170171875 0.972945021875 0.4633074578125 0.8925133078125 0.46752829375000005 0.7693941437499999 0.457607725 0.7502621421875 0.445059290625 0.7426147734375 0.4315761078125 0.7426147734375 0.4254173484375 0.7434882187499999 0.4127044015625 0.7624782984375 0.42309163437499997 0.9049204671875 0.4 0.9830594421875001 0.4 1 0.490170171875 1
1 0.7188988984375 1 0.703053853125 0.9038335625 0.7225049671875 0.7812162671875 0.710945584375 0.758960559375 0.7042713734375 0.7573293546875 0.6873844375 0.7573293546875 0.674705196875 0.7691660359375 0.671875 0.7816158921875 0.671875 0.8446371921875 0.6874924968749999 0.8631306500000001 0.6963892625 0.8890875546875 0.678113315625 1 0.7188988984375 1
1 0.798919846875 1 0.8018619359375 0.99365234375 0.8039750515625 0.84365234375 0.8111526343750001 0.81708984375 0.8272687078125 0.80302734375 0.830775653125 0.79208984375 0.8304135546874999 0.75771484375 0.8145802234375001 0.74130859375 0.7972290328125 0.74599609375 0.7879532359375 0.76552734375 0.7876952859374999 0.86240234375 0.7640625 0.9340162515625 0.7640625 1 0.798919846875 1