1 0.6240463843749999 0.085917 0.5979149125000001 0.087864884375 0.60142226875 0.1880013921875 0.586589165625 0.25514689375 0.5859375 0.26620750000000004 0.5859375 0.2957799234375 0.58640360625 0.2984375 0.6400660499999999 0.2984375 0.6400660499999999 0.2538626 0.6239330671875 0.1768209671875 0.6236583265625001 0.15320985625 0.6286745640625 0.1146394859375 0.6283836625 0.0896394859375 0.6240463843749999 0.085917
2 1 0.304439075 0.52661104375 0.32188416875 0.5187442546875 0.3296958015625 0.5109375 0.3536287 0.5109375 0.37370557656250003 0.5155085125 0.385251359375 0.5109375 0.38343916093749997 0.5109375 0.432756034375 0.5144631984375 0.4390625 0.5533872453124999 0.4390625 0.554190984375 0.43775074687500004 0.562703840625 0.43893961406250004 0.5805384890624999 0.4274284609375 0.5987499203125 0.42284356718750005 0.9739117078125 0.4113375671875 1 0.40863493125000006 1 0.304439075
1 0.111739865625 1 0.1097312453125 0.98443791875 0.1097312453125 0.949538590625 0.11943325468749999 0.8636325499999999 0.12012625625 0.8314177859375 0.1125032484375 0.7965184562500001 0.10453374062500001 0.7810822140625 0.09275272812499999 0.7730285234375 0.066418703125 0.7757130875 0.051519187499999994 0.8045721468749999 0.0466681828125 0.85020973125 0.058449193749999996 0.9535654359375 0.05707928125 1 0.111739865625 1
1 0 0.9053612781249999 0.005781142187499999 0.9146392625 0.0064741421874999995 0.9213506718750001 0.009246145312499999 0.9132969796874999 0.012018148437499999 0.86229026875 0.01964115625 0.7992030203125 0.02033415625 0.7750419468749999 0.017562153125 0.7522231546875 0.0127111484375 0.736115771875 0.004741640625 0.7260486578124999 0 0.7229872765625001 0 0.9053612781249999
1 0.6064361390624999 0.6890625 0.6085101703125 0.753016528125 0.5875 0.850197134375 0.5875 0.9579189359375 0.5953067937500001 1 0.6577197375 1 0.6611209578125 0.9838942124999999 0.6611209578125 0.837703821875 0.64119338125 0.7438165265625 0.643707434375 0.6890625 0.6064361390624999 0.6890625
1 0.66309216875 0.6890625 0.6621058984375 0.7467349703125 0.6546875 0.778728725 0.6546875 1 0.6862873734375 1 0.7033140234374999 0.9233126171875 0.7040719140625 0.8567186859374999 0.6904991015624999 0.7682662078125 0.6987402890625 0.6890625 0.66309216875 0.6890625
1 0.534029134375 0.6890625 0.5359375 0.7704861109375 0.51875 0.8454861109374999 0.5171875 0.9677083328125 0.524755859375 1 0.5721956078125 1 0.58125 0.959375 0.58125 0.8454861109374999 0.5640625 0.7649305562500001 0.567855903125 0.6890625 0.534029134375 0.6890625
1 0.46398046875 0.6890625 0.465625 0.762152778125 0.4421875 0.8732638890625001 0.4421875 0.9288194437499999 0.45094604531249993 1 0.5061745390625 1 0.5203125 0.9149305562500001 0.5171875 0.8482638890625 0.496875 0.759375 0.5009948734374999 0.6890625 0.46398046875 0.6890625
1 0.7187886078125 0.6890625 0.721875 0.7677083328125 0.7125 0.8260416671874999 0.721875 0.881597221875 0.721875 0.934375 0.7147303421875 1 0.758203125 1 0.76875 0.934375 0.7671875 0.86493055625 0.7484375 0.759375 0.752392578125 0.6890625 0.7187886078125 0.6890625
1 0.76805826875 0.6890625 0.771875 0.7704861109375 0.7625 0.837152778125 0.7703125 0.9204861109374999 0.763922990625 1 0.8029614828125 1 0.8171875 0.909375 0.796875 0.7732638890625 0.8018606078125 0.6890625 0.76805826875 0.6890625
1 0.595226753125 0.6890625 0.6 0.7760416671875 0.6078125 0.7427083328124999 0.6039874015625 0.6890625 0.595226753125 0.6890625
1 0.4165755203125 0.6890625 0.41875 0.7760416671875 0.4015625 0.8510416671875 0.4015625 0.959375 0.4101318359375 1 0.4487548828125 1 0.440625 0.884375 0.4515625 0.8204861109374999 0.4453125 0.7427083328124999 0.449084471875 0.6890625 0.4165755203125 0.6890625
1 0.34666796875 0.6890625 0.3484375 0.7677083328125 0.3234375 0.8899305562500001 0.328125 0.962152778125 0.335576171875 1 0.38553734687499996 1 0.4 0.9121527781250001 0.396875 0.8482638890625 0.378125 0.7677083328125 0.38197180781249995 0.6890625 0.34666796875 0.6890625
1 0.259375 0.6890625 0.259375 1 0.271711359375 1 0.2859375 0.9149305562500001 0.284375 0.859375 0.2692549375 0.785460796875 0.26836702031250004 0.7007468828125 0.26922144062500003 0.6890625 0.259375 0.6890625