1 0.31350904375 0.1758733765625 0.3069645828125 0.1704360046875 0.302163896875 0.173295603125 0.2983446015625 0.1840028453125 0.2989942484375 0.21915166406250003 0.2970470953125 0.24139206875000002 0.2953125 0.24701801093750003 0.2953125 0.3114872453125 0.2959916625 0.3125 0.3140427703125 0.3125 0.31661328437499997 0.31044559375 0.3173227609375 0.305806871875 0.3180092421875 0.276186334375 0.31122278125 0.2383688296875 0.3145658921875 0.181869165625 0.31350904375 0.1758733765625
1 0.2183771234375 0.1791016453125 0.217317078125 0.239335346875 0.2125 0.26042148125 0.2125 0.3125 0.2348574578125 0.3125 0.237970359375 0.30521752343749997 0.23796338437500003 0.2755393765625 0.2308587421875 0.2399660609375 0.2343612875 0.1844832796875 0.23357829218749998 0.17702735625 0.2283197140625 0.1707541265625 0.22200504531249998 0.1723148796875 0.2183771234375 0.1791016453125
0 0.4296875 0.26771930781250003 0.4240872203125 0.2561332078125 0.41449668749999996 0.248234475 0.40640536093749996 0.2465670953125 0.4011412984375 0.2465670953125 0.3927563953125 0.2517176859375 0.3845533 0.26469323437500003 0.38125 0.2803966015625 0.38125 0.3053520140625 0.3842374890625 0.3078125 0.4296875 0.3078125 0.4296875 0.26771930781250003
2 0.4296875 0.33115073906250003 0.078125 0.3648172265625 0.078125 0.3921875 0.4296875 0.3921875 0.4296875 0.33115073906250003
1 0.624376209375 0.29803355 0.6206701 0.3059630125 0.6201575265625 0.35686166406250003 0.6140625 0.3855459578125 0.6140625 0.471875 0.6288142578125 0.471875 0.6306588062499999 0.469560984375 0.639014240625 0.43055390937500004 0.6396252656250001 0.402785221875 0.632174425 0.35572664062500003 0.637185853125 0.309375796875 0.633751209375 0.2978699078125 0.62966 0.2960907859375 0.624376209375 0.29803355
1 0.6020847781249999 0.319969584375 0.6020489546875 0.3060564375 0.5994915453124999 0.2971267203125 0.5912552140624999 0.2939608125 0.5880655453125 0.29566711562500003 0.5838197890625001 0.3052074 0.5839307437500001 0.3617859140625 0.5765625 0.39081480156250004 0.5765625 0.4559387734375 0.5915359421875 0.4796875 0.5942708031249999 0.4796875 0.59655565625 0.47830291718750007 0.6014013359375 0.45905253906250004 0.6052376859375 0.43882771875 0.605949034375 0.4184573484375 0.59721025 0.3549849625 0.6020847781249999 0.319969584375
1 0.5604358171875 0.30675046875 0.556219740625 0.2958976015625 0.55248541875 0.2935297921875 0.5493110515625 0.2935297921875 0.5437197406250001 0.2952425046875 0.539629428125 0.3065845640625 0.5427545453125 0.36037015625 0.5359375 0.39522820468750003 0.5359375 0.4452020484375 0.536000971875 0.4453125 0.54693659375 0.4453125 0.5501406828125 0.44442576093749997 0.5565302859375001 0.4453125 0.568373446875 0.4453125 0.568373446875 0.4039183171875 0.5591428546875 0.36954965624999997 0.5604358171875 0.30675046875
1 0.51998988125 0.3661479359375 0.517963325 0.3048242484375 0.51332036875 0.295420890625 0.508943215625 0.29298323593750003 0.50082036875 0.2964412578125 0.49720015625 0.3074507859375 0.5046158359375 0.37765109531249996 0.496875 0.42712980156249997 0.496875 0.4345617234375 0.499091615625 0.4638141296875 0.5058839890625 0.49120927031250006 0.5106316843750001 0.503125 0.5139760609375 0.503125 0.5247783921875 0.47429465468750004 0.526399903125 0.4715998984375 0.526399903125 0.387236565625 0.51998988125 0.3661479359375
1 0.45 0.4953125 0.45208333281249996 0.4971643515625 0.46692708281249995 0.4957754625 0.4770833328125 0.4536458328125 0.4765625 0.4203125 0.46666666718750005 0.3656828703125 0.46979166718750004 0.3054976859375 0.46692708281249995 0.2967013890625 0.46171875 0.2929976859375 0.4544270828125 0.2948495375 0.45 0.3073495375 0.4526041671875 0.36938657343750003 0.4447916671875 0.399016203125 0.440625 0.43049768593750004 0.4447916671875 0.47123842656250003 0.45 0.4953125
0 0.594369946875 0.6390625 0.6020833328124999 0.6277199078125 0.6114583328125 0.5953125 0.615625 0.548090278125 0.6140625 0.529571759375 0.6067708328125 0.4999421296875 0.5888020828125 0.4661458328125 0.56796875 0.448553240625 0.5455729171875 0.4467013890625 0.52265625 0.45966435156249996 0.5111979171875001 0.47447916718750005 0.5020833328125 0.49253472187499997 0.4916666671875 0.5314236109375 0.49114583281249996 0.5712384265625 0.49322916718750004 0.5906828703125 0.4984375 0.611053240625 0.5116028109374999 0.6390625 0.594369946875 0.6390625
1 0.6986785578125 0.6390625 0.698928034375 0.6654394953125 0.68125 0.717412459375 0.68125 0.9415277249999999 0.6827965140625001 0.9484375 0.6992879203125 0.9484375 0.735314159375 0.9402839765625 0.7612567421875001 0.842603053125 0.7643402874999999 0.7669273765625 0.7392210765625 0.6647361765625 0.7422704875 0.6390625 0.6986785578125 0.6390625
1 0.920866096875 0.6390625 0.9206745671875 0.6677503078125 0.903125 0.7229221125 0.903125 0.8697571156249999 0.9121367296875 0.9046875 0.9160298984375 0.9046875 0.949376646875 0.89648340625 0.97014555625 0.8270661718750001 0.9727882093750001 0.7513904968749999 0.9536416015625001 0.669285775 0.95648578125 0.6390625 0.920866096875 0.6390625
1 0.822137384375 0.6390625 0.8249092000000001 0.6667653765625 0.8078125 0.7471288484375 0.8078125 0.7795686843749999 0.8159193109375 0.8605920921875001 0.8433486515624999 0.9265625 0.8444208234375001 0.9265625 0.8797631859374999 0.9179096343750001 0.891018196875 0.8650051703124999 0.891018196875 0.7458175578125 0.8688652453125 0.6690690171875 0.86962101875 0.6390625 0.822137384375 0.6390625
1 0.6377391671874999 0.6390625 0.63628090625 0.659290540625 0.6619219328125 0.7673986484374999 0.654595925 0.8701013515625 0.6692479390624999 0.8430743249999999 0.676573946875 0.7457770265625 0.658258928125 0.67550675625 0.65928795625 0.6390625 0.6377391671874999 0.6390625
1 0.59826121875 0.6390625 0.5996508703125001 0.6646959453125 0.570346840625 0.76199324375 0.5740098437500001 0.8484797296875 0.595987865625 0.9241554046875 0.6399439109375 0.9133445953124999 0.6619219328125 0.816047296875 0.63628090625 0.6646959453125 0.6377913968750001 0.6390625 0.59826121875 0.6390625
1 0.506829628125 0.6390625 0.508075778125 0.659290540625 0.482434753125 0.76199324375 0.504412775 0.902533784375 0.544705815625 0.8917229734375001 0.5630208328124999 0.8106418921875 0.5630208328124999 0.7457770265625 0.5373798078125 0.659290540625 0.5385717765625 0.6390625 0.506829628125 0.6390625
1 0.4340261296875 0.6390625 0.4348157046875 0.6646959453125 0.4296875 0.6819932421875 0.4296875 0.8722635125 0.43115270156249996 0.8809121624999999 0.464119734375 0.8755067562499999 0.482434753125 0.7728040546875 0.464119734375 0.6646959453125 0.4657740828125 0.6390625 0.4340261296875 0.6390625