1 0.122668459375 0.3007285625 0.11791675937499999 0.3658017515625 0.1209342921875 0.40751388125 0.1349810921875 0.4745215296875 0.1457779109375 0.4890625 0.1651854390625 0.4890625 0.1757030953125 0.47848137343749997 0.1796875 0.46079011249999996 0.1796875 0.26931135624999997 0.1720484109375 0.2397288765625 0.17000613281250002 0.203595034375 0.175980825 0.1288450859375 0.17554954843749998 0.094145596875 0.16576490625 0.0709675125 0.1569771515625 0.0651619015625 0.14232740625 0.0702855484375 0.1355602953125 0.0888195953125 0.1401731296875 0.1985645484375 0.13684889218750002 0.21511755625 0.1387024 0.223496353125 0.122668459375 0.3007285625
1 0.119119571875 0.197699109375 0.1229244171875 0.1877400890625 0.1278689953125 0.09480293125 0.1390625 0.0497560140625 0.1390625 0.041040715625 0.137805290625 0.030499646875 0.1314947125 0.0233549078125 0.1192788421875 0.0233549078125 0.112851709375 0.026173632812499997 0.1068509375 0.039752875 0.098012965625 0.1661417609375 0.0862385046875 0.1988844125 0.0862385046875 0.3421875 0.086761896875 0.3421875 0.0939638984375 0.301838478125 0.1166915578125 0.2324213296875 0.119119571875 0.197699109375
1 0.098060546875 0 0.09649543125 0.0038054421875 0.09866751406249999 0.1107317046875 0.0839050671875 0.1799761515625 0.08569960625 0.231365040625 0.092429384375 0.2675397859375 0.09548305781250001 0.271875 0.09753098593750001 0.271875 0.100397853125 0.2273711 0.11423354687500001 0.1539508921875 0.1097177140625 0.0469973546875 0.1130419515625 0.0303761421875 0.1234375 0.019729778125 0.1234375 0.0072772296875 0.12230779218750001 0 0.098060546875 0
1 0.253527903125 0.212021234375 0.2539757359375 0.1856915453125 0.2481685796875 0.143227984375 0.250955175 0.1001132296875 0.2609375 0.036826259374999996 0.2609375 0.0253326265625 0.2591010171875 0.01714874375 0.2544587734375 0.01361625 0.244859315625 0.01361625 0.23650945625 0.0174766421875 0.2306874140625 0.033833660937499996 0.2251839 0.13528175 0.20983125781249998 0.17942424375 0.20983125781249998 0.334375 0.2261051234375 0.334375 0.22940875468750002 0.3287198015625 0.23505660781249998 0.2743163375 0.253527903125 0.212021234375
1 0.28377506874999997 0.399565709375 0.29526093750000004 0.3599983265625 0.3015692125 0.314460990625 0.300356140625 0.2627761046875 0.291257778125 0.2118881109375 0.2947855703125 0.174506509375 0.3078125 0.11161785625000001 0.3078125 0.068301528125 0.3074943296875 0.0667059734375 0.2990558703125 0.0556085109375 0.28328529062499996 0.057202296875 0.27317269375 0.0780492796875 0.2669323 0.18215674531249998 0.26164306718749997 0.20824963749999997 0.24516781562499998 0.2510104921875 0.24516781562499998 0.42770413749999997 0.246991425 0.4296875 0.26918217968749997 0.4296875 0.274652375 0.42397371406250006 0.28377506874999997 0.399565709375
1 0.3958044140625 0.38125 0.4167372375 0.38125 0.4234375 0.36613488906249997 0.4234375 0.19374606875 0.4189397125 0.172008465625 0.41973081875 0.12310135625 0.4234375 0.086343453125 0.4234375 0.052883128125 0.42099659375 0.04484998125 0.41484178437499997 0.040297753125 0.3971412765625 0.040297753125 0.3967679515625 0.040405568749999995 0.3896773765625 0.058388275 0.3939693546875 0.1376141421875 0.3929804546875 0.1711842734375 0.3764061234375 0.231056796875 0.3720449953125 0.273256259375 0.3783049234375 0.33418977031249997 0.387917290625 0.3739347515625 0.3958044140625 0.38125
0 0.5296875 0.42057456562500006 0.6313756453125 0.4217578140625 0.6336062265625 0.4185443453125 0.63719436875 0.38711740781250004 0.64141128125 0.38115040312500004 0.651242446875 0.3794137015625 0.663849915625 0.33791066718749996 0.6708505734375001 0.329662178125 0.679737075 0.33069113125 0.6861845671875 0.3215106578125 0.6939000656250001 0.3188237859375 0.70047340625 0.3281557734375 0.7136882453125 0.33386283906249997 0.718778175 0.35289583593749996 0.7286849421875 0.3756870765625 0.747337940625 0.37312747343749997 0.7568746109375001 0.377866190625 0.75967278125 0.38345205 0.7624421078125 0.3733032265625 0.76783746875 0.408536896875 0.7703125 0.40621525468749997 0.7703125 0.3164742 0.7680882265625 0.311357096875 0.7015508953125 0.31428506562499997 0.6980020640625 0.31702041875 0.592599728125 0.31024065312500004 0.5296875 0.3101703765625 0.5296875 0.42057456562500006
1 0.027580034375 0.55 0.0377067015625 0.6886635296875 0 0.7906478203124999 0 1 0.1787206453125 1 0.1890625 0.9137311125 0.1890625 0.8828234875 0.126595590625 0.6876292140625 0.1386877515625 0.55 0.027580034375 0.55
1 0.17953170624999998 0.55 0.1856395625 0.674609253125 0.1690331578125 0.7151198578125 0.1690331578125 0.80244909375 0.18542030468749998 0.86949125 0.17052041874999999 1 0.2833331 1 0.3012802390625 0.9492870828125 0.3140625 0.8556744828125 0.3140625 0.84870505625 0.2661390328125 0.6941571953125 0.262230134375 0.6466617734375 0.26909081874999996 0.55 0.17953170624999998 0.55
1 0.3239571140625 0.55 0.3267512546875 0.6743800484375 0.3105683078125 0.7090665406250001 0.3105683078125 0.815658840625 0.31392156718750003 0.83404326875 0.3105683078125 0.8585906187500001 0.3105683078125 1 0.39487240468749996 1 0.42388695781249996 0.9494662109374999 0.4375 0.8357199546875 0.4375 0.809683178125 0.3976294421875 0.6842129703125 0.3907104734375 0.643449640625 0.4029544125 0.55 0.3239571140625 0.55
1 0.45219369218749994 0.55 0.47148957812500003 0.6758344125 0.45535149218750004 0.719008546875 0.45826880625 0.7482926437499999 0.48590247656249996 0.8310531890625 0.4769538984375 0.9701780859374999 0.5029192499999999 0.996875 0.5061760984375 0.996875 0.5296875 0.9941459609375001 0.5296875 0.61711799375 0.527680459375 0.5937641874999999 0.5281521109375 0.55 0.45219369218749994 0.55
1 0.6177384421875 0.55 0.6140158484375 0.5757243578125 0.6057508046875 0.60428573125 0.6057508046875 0.6512738375 0.605953990625 0.6514869828125 0.6604307265625 0.6640625 0.665625 0.6640625 0.665625 0.6297981609375001 0.6513811984375 0.5530748734375 0.65147066875 0.55 0.6177384421875 0.55
1 0.9412703265625 0.55 0.9407292 0.5640439140625 0.9229872578125 0.6370639921875 0.9227775546875 0.6981069062499999 0.9252130734375001 0.723152371875 0.9336292203125 0.7518405484375 0.9564765812499999 0.7609375 0.9774455343749999 0.7609375 0.978125 0.7598968156250001 0.978125 0.6007635671875 0.97065920625 0.5718521734374999 0.9710371656250001 0.55 0.9412703265625 0.55
2 1 1 1 0.7886375125 0.5296875 0.6186011640625 0.5296875 0.9653559828125001 0.6007880453125 1 1 1