1 0.0808553890625 0.20485563906249998 0.060184606249999995 0.20247121406250002 0.0600403421875 0.264499975 0.0484496859375 0.30302870625 0.0484496859375 0.3393858015625 0.0550723125 0.340625 0.08315825 0.340625 0.084375 0.31450090625 0.084375 0.3137516703125 0.07481940468750001 0.26710054843750003 0.0808553890625 0.20485563906249998
2 0 0.41798898125 0.013537564062499998 0.419942503125 0.08318329062499999 0.425 0.3377407921875 0.425 0.345224296875 0.4193190984375 0.3662452578125 0.4211989515625 0.371875 0.395456046875 0.371875 0.3774357421875 0.3688025703125 0.3649398578125 0.3633241078125 0.3724605515625 0.36041747343749997 0.3682211515625 0.330657184375 0.36891905468749997 0.3217189171875 0.360367515625 0.2945935328125 0.355564415625 0.073645359375 0.34764062500000004 0 0.34034326875 0 0.41798898125
1 0.7874466531250001 0 0.7959437390625 0.0895138 0.7947943078125 0.164705115625 0.7903755374999999 0.19222780625 0.7691932218749999 0.24883131718749998 0.7691932218749999 0.5068893390625 0.7708096734375001 0.5112896109375 0.7848473109375 0.538227628125 0.785928365625 0.5390625 0.8244759890625 0.5390625 0.8272935640625001 0.536115809375 0.8549806328124999 0.4888828703125 0.8701378500000001 0.4496892328125 0.8822944578125 0.3907322859375 0.8846232453124999 0.3407322859375 0.882334209375 0.305691196875 0.867858640625 0.229224421875 0.8615389640625001 0.21337268593749997 0.8580108703124999 0.1712596109375 0.8646290515625001 0.0965147015625 0.882377265625 0 0.7874466531250001 0
1 0.6278954390625 0 0.61820430625 0.054752212499999994 0.61820430625 0.14524630624999998 0.6214847859375 0.1696355453125 0.6348533390625 0.21305477343749998 0.6504297796875 0.25165835625 0.6545507671874999 0.253125 0.6787125265625 0.253125 0.6825338171875 0.25101500312499997 0.6917923765625 0.23106704374999998 0.707805653125 0.1493953546875 0.7078125 0.1491547390625 0.7078125 0.0721932015625 0.7020555671875 0.035233709375 0.691600784375 0 0.6278954390625 0
1 0.57509765625 0 0.58046875 0.026909721874999997 0.590625 0.056076389062499996 0.605078125 0.0859375 0.61640625 0.0921875 0.629296875 0.0845486109375 0.63203125 0.07552083281250001 0.6396916625 0 0.57509765625 0
1 0.8896983046875 0 0.8890625 0.008854167187500001 0.875 0.11996527812499999 0.87578125 0.1421875 0.8890625 0.19913194375 0.901953125 0.2123263890625 0.9125 0.2130208328125 0.9265625 0.20190972187499998 0.94921875 0.13524305625 0.95703125 0.10052083281249999 0.9609375 0.061631943749999994 0.9578125 0.0019097218749999998 0.9573828125 0 0.8896983046875 0
1 0.2892113921875 0.609375 0.2892113921875 0.719598609375 0.2901439859375 0.7203125 0.312932059375 0.7203125 0.3228428 0.6829847078125 0.3265625 0.6441859359375 0.3265625 0.6382548078125 0.32221412968749996 0.609375 0.2892113921875 0.609375
1 0.2502828703125 0.609375 0.2502828703125 0.7181026234375001 0.25082570312499997 0.71875 0.2659430625 0.71875 0.2717035484375 0.712448253125 0.2790825890625 0.6811001203125 0.2828125 0.6268375546875 0.2828125 0.6136101234375 0.28204145468749997 0.609375 0.2502828703125 0.609375
1 0.2151870265625 0.609375 0.21458333281250003 0.6123263890625 0.22630208281250003 0.6229745375 0.23567708281250002 0.6368634265625001 0.2479166671875 0.6688078703125 0.25030459375 0.609375 0.2151870265625 0.609375
0 0.1940104171875 0.6174189812499999 0.1815104171875 0.62945601875 0.1703125 0.65491898125 0.1666666671875 0.6771412031249999 0.16875 0.7104745375 0.1729166671875 0.7243634265625 0.1877604171875 0.7489004625 0.19765625 0.75538194375 0.21510416718749997 0.7558449078125 0.22942708281250002 0.7433449078125001 0.24322916718749998 0.71695601875 0.2479166671875 0.6808449078125001 0.23854166718749997 0.644733796875 0.22526041718749998 0.6229745375 0.21588541718749998 0.6155671296875 0.1940104171875 0.6174189812499999
1 0.665226125 1 0.675914225 0.8251888375 0.673046090625 0.7857437015625 0.6649082578125001 0.7584159265625 0.649411690625 0.7375454453125 0.626046965625 0.734069759375 0.6039707578125 0.7534416421875 0.58943306875 0.7961712750000001 0.5875023890625 0.8712988218750001 0.5987373484375 1 0.665226125 1
1 0.93139294375 0.609375 0.9314074828125 0.6744219421875 0.9238350796875 0.708049625 0.9238350796875 0.9869155453125 0.9309535046875 0.9984375 0.95863744375 0.9984375 0.9630581156249999 0.9958618375 0.9700451000000001 0.9819448078124999 0.988031540625 0.8775482484375001 0.990625 0.8280620843750001 0.990625 0.8000702171875 0.9866062375 0.7554914109374999 0.9678363062500001 0.665883396875 0.9707977859374999 0.609375 0.93139294375 0.609375
1 0.7251420453125 0.609375 0.7328125 0.71484375 0.715625 0.83203125 0.715625 0.88984375 0.7364322921875 1 0.7905997984375001 1 0.79375 0.98046875 0.7984375 0.83984375 0.7671875 0.70859375 0.765431415625 0.609375 0.7251420453125 0.609375