1 0.2674809296875 0.3296875 0.2731965625 0.31977766875 0.282631390625 0.27932512656249997 0.2859375 0.2597352609375 0.2859375 0.1947942453125 0.28447183125 0.183198890625 0.27664370312500003 0.14600120156250002 0.2789377796875 0.10244016874999999 0.28311918125 0.0762591515625 0.28373020625 0.0485238890625 0.27824995937499997 0.036512814062499996 0.2776717859375 0.036376884375 0.26701800468750003 0.036376884375 0.2614701078125 0.04065108125 0.25709225 0.05254401875 0.2558472046875 0.08309957343749999 0.2580216234375 0.118913078125 0.2563689328125 0.1467333703125 0.245027453125 0.1862514390625 0.245027453125 0.3278050640625 0.24529056875 0.329438384375 0.2457134703125 0.3296875 0.2674809296875 0.3296875
1 0.359375 0.3296875 0.359375 0.18980819375 0.34992542968749996 0.15336570624999998 0.35199958593749997 0.0634690703125 0.3460862953125 0.04828675 0.3340263046875 0.04571806875 0.3267032265625 0.053720262500000004 0.3239554109375 0.06673777187499999 0.3301337609375 0.153711171875 0.3163946796875 0.218798721875 0.31495794843749997 0.2410573078125 0.316421740625 0.273455625 0.32848970781250003 0.3296875 0.359375 0.3296875
1 0.4265625 0.3296875 0.4265625 0.199888128125 0.41985663593749994 0.17829447812500002 0.41746736875 0.1574589890625 0.417504240625 0.1211223109375 0.4176484875 0.0863013046875 0.4142846265625 0.068548609375 0.40579241875000005 0.0599416 0.39836065781249996 0.061159553125 0.39269561406250003 0.06793410625 0.38994744375 0.08149189999999999 0.3927357796875 0.1121215390625 0.3965420953125 0.15526439375 0.3845693984375 0.23141275781249998 0.384108396875 0.2711305390625 0.3899728484375 0.312991271875 0.3940296578125 0.3296875 0.4265625 0.3296875
1 0.485333675 0.3296875 0.489695978125 0.3096791921875 0.490625 0.3006924890625 0.490625 0.22898231562500002 0.48526523125 0.2082896796875 0.48138088124999995 0.18333494374999998 0.4798633234375 0.16381774843750002 0.4818740078125 0.1352287 0.4862750921875 0.10472218124999999 0.48484966093750004 0.078468803125 0.47896177812499996 0.0684590828125 0.4723480140625 0.068228125 0.462799871875 0.070247684375 0.4584668609375 0.08264562812500001 0.4565067671875 0.10646324843749999 0.4588774 0.1324983 0.4579883234375 0.16305385625 0.4576392328125 0.186932425 0.45132594218750005 0.206712328125 0.445708228125 0.225340034375 0.4435673984375 0.23449022656250001 0.4435673984375 0.3296875 0.485333675 0.3296875
1 0.76231979375 0 0.76175854375 0.010363271875 0.7624060890625 0.025984904687499998 0.764185778125 0.040718278125 0.771016065625 0.0698384359375 0.7737679390625 0.07818586562499999 0.7751695078124999 0.08655686875 0.7774648703125 0.090625 0.804336571875 0.090625 0.8053715484375001 0.0897931734375 0.8078125 0.080411446875 0.8078125 0 0.76231979375 0
1 0.5480152406250001 0 0.5479751921875 0.000335578125 0.5481864296875 0.0196951984375 0.5491660015625001 0.029560115625 0.5533885359374999 0.052861001562499996 0.5613544671875 0.0829787 0.565262928125 0.093846440625 0.5688529640625 0.0984375 0.572541209375 0.0984375 0.57323459375 0.0981165640625 0.57395065625 0.0984375 0.59308801875 0.0984375 0.59384768125 0.0960442046875 0.598060396875 0.0907531640625 0.5984375 0.0894352328125 0.5984375 0 0.5480152406250001 0
1 0.615185284375 0 0.615185284375 0.061551609375 0.6213592296874999 0.0921875 0.651787675 0.0921875 0.660354134375 0.062350632812499994 0.665625 0.0383862359375 0.665625 0 0.615185284375 0
1 0.6959288078125 0 0.6958668953125 0.0006058703125 0.697001578125 0.024341701562500002 0.6989563140625 0.0367568921875 0.70328508125 0.056071628124999995 0.714227821875 0.0911705125 0.7152647062499999 0.0921875 0.7390625 0.0921875 0.7390625 0 0.6959288078125 0
1 0.51875 0.0921875 0.5234375 0.0921875 0.5234375 0.06642956093749999 0.522759528125 0.0684078203125 0.5188605328125 0.076669928125 0.51875 0.076811496875 0.51875 0.0921875
1 0.430364871875 1 0.43575874218750005 0.9871168984375001 0.45191517656249997 0.934580096875 0.460259115625 0.8826810250000001 0.46239859531249994 0.8492839203125001 0.45980503125 0.7982776687500001 0.44189153281250004 0.7028410875000001 0.44506073125 0.6250633078125001 0.46666247812500006 0.5153269703125 0.4671875 0.50244201875 0.4671875 0.467491203125 0.46409082343749997 0.45932461875 0.4415453546875 0.45932461875 0.4284937453125 0.4679168296875 0.3980367125 0.498780534375 0.3946411421875 0.5821138687499999 0.39735893906249997 0.6109616703125 0.3884380234375 0.696130303125 0.3674809015625 0.7518275203125 0.35992612031250004 0.7780664421875 0.35992612031250004 1 0.430364871875 1
1 0.271875 1 0.271875 0.9711190828125 0.25002784375 0.9009072296875 0.2444238078125 0.8590586265625 0.2429523921875 0.822947515625 0.25025689687499997 0.7151599937500001 0.2475404390625 0.6484933265625 0.24373632343749999 0.631681109375 0.2357202234375 0.616752096875 0.2238316953125 0.6120396203125 0.181213553125 0.6377797078125 0.17064943125 0.65600209375 0.1809175265625 0.754904303125 0.19362045625 0.8178773374999999 0.19065284375 0.89814179375 0.17165303125 0.9485482281250001 0.1627276921875 1 0.271875 1
1 0.1372079390625 0.9890625 0.13994633125 0.9851584421874999 0.15057411874999999 0.9424302687499999 0.1681523359375 0.9027254093749999 0.1732709609375 0.861195153125 0.1734375 0.850981559375 0.1734375 0.7831988 0.16836834218750002 0.6802849328125 0.1593503453125 0.654249465625 0.1237495609375 0.6682995593750001 0.104144190625 0.6836033765625 0.0882227125 0.7470011921874999 0.08785586875 0.7505497796875 0.08785586875 0.8879512140625 0.093206159375 0.9251336328124999 0.10355087968750001 0.972765084375 0.1121109234375 0.9876621578125 0.11760540625 0.9890625 0.1372079390625 0.9890625
2 0.51875 1 1 1 1 0.9574181171875 0.51875 0.7713173109375 0.51875 1
1 0.6007514671874999 0.637518965625 0.60945304375 0.66793815625 0.617725946875 0.6734375 0.626931703125 0.6734375 0.6314896921875001 0.67311188125 0.63835929375 0.667433596875 0.64375 0.6470287140625001 0.64375 0.510991153125 0.6332403109375 0.46464218125 0.6356781218750001 0.36038005625 0.632108584375 0.3451568265625 0.6260269390625 0.337620215625 0.612664865625 0.33507426093750003 0.6047244203125001 0.344245225 0.6034852203125001 0.35538361093750004 0.6099374609375 0.4428154234375 0.606879875 0.47205027499999996 0.593652625 0.527864928125 0.593127440625 0.5904058375 0.6007514671874999 0.637518965625