1 0.26571114375 0 0.2629851828125 0.0108610140625 0.2629851828125 0.2453036828125 0.2651992875 0.2551692171875 0.273285390625 0.2671875 0.30447124531249997 0.2671875 0.3087309203125 0.2623951828125 0.31336505625 0.24877944375 0.32932496875 0.15371093593750002 0.33125 0.11697915 0.33125 0.0857875640625 0.3264087296875 0.04477666875 0.31542582656249996 0 0.26571114375 0
1 0.338743209375 0 0.3595278921875 0.069088440625 0.3637094515625 0.14413390312500002 0.3662391046875 0.1484375 0.3889933546875 0.1484375 0.3892213265625 0.14834491875 0.3953125 0.1280208765625 0.3953125 0 0.338743209375 0
1 0.439584590625 0 0.440194946875 0.0080361453125 0.4535706109375 0.0650487640625 0.46387508750000006 0.075 0.47536583125 0.075 0.47729099843749995 0.0749073421875 0.4860935171875 0.0687096109375 0.49301023437499997 0.05139168125 0.4984375 0.0227147390625 0.4984375 0 0.439584590625 0
0 0 0 0 0.1401748234375 0.018578368749999997 0.1660363953125 0.0317522171875 0.171875 0.047694165625 0.171875 0.06695121875 0.16382223906249999 0.08368614375 0.14457778906250002 0.0984375 0.1062903171875 0.0984375 0 0 0
1 0.9608920328125 0.45 0.9486775937499999 0.40237465625 0.9521200171875 0.14336336875 0.94477874375 0.1119315125 0.9331864796874999 0.09286326406249999 0.9163164390624999 0.079104640625 0.9006914390624999 0.07865 0.8848035421875 0.0930163765625 0.8705972 0.1331867359375 0.8924275937499999 0.4007379484375 0.8836307624999999 0.45 0.9608920328125 0.45
1 0.6967594921875 0 0.69315135625 0.014786385937499999 0.6956973453125 0.10228638593749999 0.7118799390625 0.22892160625 0.7118919609375001 0.336715928125 0.694301221875 0.45 0.8133477140625001 0.45 0.78546585625 0.34183067500000003 0.7775671234375 0.17774999375 0.78976559375 0.11376930468749999 0.7901172828125 0.0184749875 0.7843108 0 0.6967594921875 0
1 0.655783990625 0.45 0.646875 0.39921875 0.6453125 0.35390625 0.6578125 0.10078125 0.640625 0.05390625 0.62109375 0.0390625 0.60234375 0.0390625 0.58125 0.06015625 0.5703125 0.09921875 0.5828125 0.30078125 0.5796875 0.39921875 0.5726831890625 0.45 0.655783990625 0.45
1 0.8255859375 0.45 0.825 0.44765625 0.821875 0.41015625 0.8296875 0.18984375 0.815625 0.13984375 0.80390625 0.128125 0.78671875 0.1234375 0.771875 0.19609375 0.7765625 0.34296875 0.799054575 0.45 0.8255859375 0.45
1 0.29847094687500003 0.9921875 0.3167291375 0.9921875 0.32210879062500003 0.9822773671875 0.3408168109375 0.904593428125 0.3421875 0.8938072796875 0.3421875 0.8132883328125 0.329759775 0.73654279375 0.3331792 0.6912452671875 0.340147409375 0.6480545296875 0.3421875 0.6091272906249999 0.3421875 0.6014942328125 0.33700953125 0.583247421875 0.3249462625 0.57404000625 0.3169881859375 0.576271478125 0.3098291453125 0.5832054234374999 0.3022754265625 0.6026575796875 0.3005285015625 0.6359909109374999 0.302401509375 0.6900223953125 0.2990306078125 0.7343940015625 0.28591712343750003 0.7785049140625 0.28591712343750003 0.9649130187499999 0.2917063546875 0.9838686984375 0.29847094687500003 0.9921875
1 0.2502123859375 0.7133384078125 0.243826071875 0.7390521671875 0.2430072546875 0.7603030000000001 0.23710944218750002 0.7851059890625001 0.23989017031249998 0.8647356187499999 0.24593918750000002 0.8889612390625 0.25464261875 0.9072516937499999 0.27374829375 0.9179824453125001 0.27754508125 0.91875 0.288469946875 0.91875 0.2890625 0.9179072140625 0.2890625 0.7370270640625 0.2812360484375 0.707766209375 0.2798780171875 0.6688773203125 0.2831104859375 0.6273470453125001 0.28246729375 0.5940288671875 0.2753263640625 0.5757838765625001 0.26725519062499997 0.5681491484375 0.2615260234375 0.567982446875 0.25387519375 0.57238475625 0.247280453125 0.5846801671875 0.24600896093750002 0.5929680375 0.25256136875 0.6912071140625 0.2502123859375 0.7133384078125
1 0.189816725 0.7989294156250001 0.193256084375 0.827648271875 0.20466065156250002 0.8795576953124999 0.20813409843750003 0.884375 0.2326014296875 0.884375 0.234375 0.883191459375 0.234375 0.7066317875 0.22811568124999998 0.683431084375 0.2278013203125 0.6547304125 0.2311417359375 0.6084613859375001 0.23038736875 0.5825354609375 0.22803461875000003 0.57326408125 0.22072048125000002 0.5635009531249999 0.2117854890625 0.5606716625 0.2016651828125 0.5707962453125 0.19867041875 0.584202475 0.204651240625 0.6823688046875 0.19005908124999998 0.7535681359374999 0.189816725 0.7989294156250001
1 0.5175445453124999 1 0.522971815625 0.9874109343749999 0.5399078296875001 0.909234678125 0.5421875 0.8750286046875001 0.5421875 0.8459866 0.5408488703125001 0.8240131187499999 0.525536321875 0.7428573625 0.5264199203125 0.7048943984375 0.5341353984375 0.6421496921875 0.53439040625 0.6087981703125 0.525760725 0.5876465484375 0.5102865828125001 0.5806194296875 0.50555598125 0.5823075906249999 0.49827689375000006 0.5927102015625 0.494264690625 0.6083236281250001 0.49201255312500003 0.63789869375 0.49329849374999996 0.6722307046875 0.4961217765625 0.68530279375 0.49489336093749997 0.7380805718750001 0.47227113750000005 0.8182872359375001 0.47227113750000005 0.9454960906250001 0.4805903546875 0.9942710453124999 0.485749475 1 0.5175445453124999 1
1 0.44073409375 1 0.4458333328125 0.9760416671875 0.4505208328125 0.9269675921874999 0.44947916718750003 0.87789351875 0.44375 0.8510416671875 0.44166666718750003 0.818634259375 0.43385416718750003 0.7862268515624999 0.42864583281249996 0.77881944375 0.42552083281249997 0.7667824078125001 0.4270833328125 0.6973379625 0.4348958328125 0.6454861109375 0.43385416718750003 0.61493055625 0.428125 0.588078703125 0.41588541718750005 0.5792824078125001 0.40546875 0.581134259375 0.3966145828125 0.587615740625 0.3875 0.612152778125 0.3869791671875 0.6519675921875 0.390625 0.687152778125 0.3921875 0.731597221875 0.390625 0.7667824078125001 0.36666666718749996 0.86493055625 0.3630208328125 0.900115740625 0.3651041671875 0.96493055625 0.3712928921875 1 0.44073409375 1
1 0.3848958328125 0.7862268515624999 0.3854166671875 0.7695601859375 0.3697916671875 0.6927083328125001 0.3692708328125 0.6603009265625 0.3739583328125 0.61585648125 0.3739583328125 0.5890046296875 0.36796875 0.5728009265624999 0.3575520828125 0.56631944375 0.3497395828125 0.5709490734375 0.34322916718749996 0.5853009265625 0.3458333328125 0.6075231484375 0.3458333328125 0.6797453703125 0.3401041671875 0.7112268515625 0.3395833328125 0.731597221875 0.3546875 0.800115740625 0.3604166671875 0.8362268515625001 0.3614583328125 0.8890046296874999 0.3625 0.875115740625 0.3651041671875 0.8714120375000001 0.3848958328125 0.7862268515624999
1 0.440625 0.7177083328125 0.43958333281249995 0.6825231484375001 0.4453125 0.60381944375 0.43932291718750005 0.581134259375 0.43203125 0.5737268515625 0.42421875 0.5728009265624999 0.4171875 0.5797453703125 0.428125 0.5954861109375 0.4302083328125 0.60381944375 0.4328125 0.6612268515624999 0.4265625 0.7019675921874999 0.42604166718750003 0.7667824078125001 0.44166666718750003 0.813078703125 0.44427083281249996 0.8510416671875 0.4515625 0.8880787031249999 0.45729166718750003 0.85381944375 0.4583333328125 0.8075231484375 0.45416666718750004 0.7741898140625001 0.440625 0.7177083328125
0 0.3160970046875 1 0.30520833281250004 0.9741898140625 0.27682291718749996 0.9320601859375 0.2591145828125 0.918171296875 0.24088541718749998 0.9098379624999999 0.23151041718749998 0.8950231484375 0.2231770828125 0.896875 0.2075520828125 0.912615740625 0.19375 0.943634259375 0.1854166671875 0.9732638890625 0.1813151046875 1 0.3160970046875 1
1 0.7282054234374999 0.45 0.72734375 0.4517361109375 0.72890625 0.493402778125 0.721875 0.5253472218749999 0.721875 0.550347221875 0.7265625 0.578125 0.73984375 0.5822916671875 0.74296875 0.5795138890625 0.74609375 0.56006944375 0.746875 0.518402778125 0.73984375 0.4920138890625 0.7420593265625 0.45 0.7282054234374999 0.45
1 0.69052419375 0.45 0.69296875 0.48368055625000006 0.6859375 0.5072916671875001 0.684375 0.530902778125 0.6890625 0.5697916671875001 0.7015625 0.57256944375 0.70703125 0.553125 0.709375 0.518402778125 0.7015625 0.48506944374999994 0.7034118656249999 0.45 0.69052419375 0.45