1 0.409375 0 0.37466355 0 0.37567227812500004 0.022351525 0.3787057015625 0.038347357812499996 0.3761267734375 0.1233624828125 0.36596159687499996 0.1688509875 0.3431024921875 0.24665246093749998 0.335894028125 0.3004611875 0.335894028125 0.3742930921875 0.3365760671875 0.3832218328125 0.351721634375 0.4669046984375 0.3627013828125 0.5053187765625 0.36977898593749997 0.5125 0.40526638750000005 0.5125 0.409375 0.5052534875 0.409375 0
1 0 0 0 0.0709985265625 0.0230735703125 0.21798039375 0.027752248437499998 0.2894892671875 0.0220144953125 0.46730014999999997 0.023469346874999998 0.51730015 0.0253362125 0.55 0.2140625 0.55 0.2140625 0.49843378437499997 0.1991965359375 0.4494329578125 0.16494706718750002 0.36165434375 0.1455055234375 0.31849964218750004 0.1228940390625 0.255687921875 0.1111661703125 0.19191716875 0.106460553125 0.1194823703125 0.104960759375 0.050080440625 0.1068776875 0 0 0
1 0.9036083749999999 0.4271261796875 0.9109375 0.369000396875 0.9109375 0.3588716390625 0.8919174171875 0.2870433140625 0.8955878390625 0.19354840625 0.8855179468750001 0.177875609375 0.8745895375 0.1754202875 0.8596503406250001 0.19061485312499998 0.8638469593749999 0.2753724921875 0.8441207875 0.3421871015625 0.8441207875 0.389928453125 0.8581413390625 0.44998985312500006 0.8706221015625001 0.4546875 0.8945099140625 0.4546875 0.9036083749999999 0.4271261796875
1 0.79198370625 0.48678386875 0.8016986671874999 0.4573691875 0.8125 0.398632778125 0.8125 0.385688715625 0.7949246406249999 0.2942689859375 0.8055197843749999 0.20224517656250002 0.794952525 0.1838672 0.7809901531250001 0.1818136265625 0.76509504375 0.1977015203125 0.7654374015625001 0.2901072765625 0.748958903125 0.33674597031250003 0.748958903125 0.4868559171875 0.7494958171875 0.4899981484375 0.756088178125 0.4953125 0.7837221765625 0.4953125 0.79198370625 0.48678386875
1 0.70625 0.476666009375 0.70625 0.408651515625 0.6820447203125 0.3174048015625 0.687377634375 0.20638548124999997 0.6788702421874999 0.191691734375 0.6628906625 0.1890625 0.6614822531250001 0.1890625 0.6483514953125 0.20081731875000003 0.6435730921875 0.21652413906249998 0.6507674484375 0.322637771875 0.63008224375 0.38705482812500003 0.6281071734375001 0.42326019375 0.6281071734375001 0.45727396249999996 0.6494857078124999 0.542950271875 0.678086534375 0.5453125 0.6811386921875 0.5453125 0.6901197984375 0.5406786593749999 0.6996675140624999 0.51082751875 0.70625 0.476666009375
1 0.7359375 0.446875 0.7359375 0.30609356875 0.726984590625 0.281727246875 0.722967028125 0.194318171875 0.7134166875 0.1823493703125 0.70222409375 0.1789061234375 0.6888471203125001 0.1964429640625 0.7005496359375 0.28251685625 0.6978709171874999 0.326085 0.7254854765625 0.39703399375 0.7325643953125001 0.445562425 0.734753028125 0.446875 0.7359375 0.446875
1 0.63125 0.468825525 0.63125 0.349960575 0.6146444703125 0.2996828421875 0.6150416234375 0.20618793281249997 0.6044080000000001 0.1889526359375 0.5918625359374999 0.18636976875 0.577496159375 0.201564334375 0.5850933625 0.30194697187499997 0.5726221062500001 0.35548656093750003 0.5711338140625 0.41148146875 0.58710580625 0.47825438125 0.5933959921875 0.4859375 0.626359859375 0.4859375 0.63125 0.468825525
1 0.5620018109375 0.55 0.571875 0.46484375 0.5640625 0.42109375 0.5375 0.34296875 0.5453125 0.27265625 0.54375 0.21953125 0.53359375 0.2015625 0.51796875 0.196875 0.50546875 0.2015625 0.49375 0.22109375 0.5015625 0.34453125 0.48125 0.43828125 0.478125 0.51015625 0.482109375 0.55 0.5620018109375 0.55
1 0.409375 0.46853693124999996 0.41640625 0.478125 0.4265625 0.47890625 0.428125 0.39296875 0.4453125 0.31328125 0.440625 0.29453125 0.4421875 0.20078125 0.43203125 0.1875 0.42109375 0.1859375 0.409375 0.19921875 0.4125 0.30078125 0.409375 0.31271306875 0.409375 0.46853693124999996
1 0.4421875 0.20703125 0.446875 0.31640625 0.428125 0.39765625 0.4265625 0.44296875 0.440625 0.52109375 0.45390625 0.534375 0.471875 0.53515625 0.478125 0.53046875 0.48125 0.42421875 0.4953125 0.36484375 0.4796875 0.31953125 0.4828125 0.20859375 0.47109375 0.1921875 0.45859375 0.190625 0.4421875 0.20703125
1 0.559375 0.27109375 0.5640625 0.20078125 0.5609375 0.18984375 0.54453125 0.18125 0.53125 0.19609375 0.5453125 0.23046875 0.5375 0.34140625 0.5484375 0.38203125 0.5625 0.40703125 0.5734375 0.32578125 0.559375 0.27109375
1 0.19557995 0.785551221875 0.1973444578125 0.7509565453125 0.19152144375 0.744228246875 0.1871882078125 0.750127496875 0.1877755296875 0.7835246015624999 0.18218557500000002 0.803911528125 0.18208053125 0.8219670828125001 0.1881868296875 0.8453125 0.19630274375 0.8453125 0.1984375 0.8351545937499999 0.1984375 0.79793693125 0.19557995 0.785551221875
1 0.1703125 0.743252525 0.1629329359375 0.7410853796875 0.16018370312500002 0.7778772953124999 0.1566940609375 0.7878832 0.1566940609375 0.8365193046874999 0.16027182812500002 0.8390625 0.1630515109375 0.8390625 0.16800606093749998 0.8268703515624999 0.1703125 0.8077408531250001 0.1703125 0.7926575640625 0.16799620312500002 0.7781501140625 0.1703125 0.75141878125 0.1703125 0.743252525
1 0.0675576640625 0.77014565 0.0700387796875 0.746493628125 0.0626451859375 0.7417620671874999 0.060623378125 0.753601715625 0.0628701640625 0.7702274703125 0.0560045609375 0.8033013109375 0.0560045609375 0.8070894140625 0.0606933328125 0.8328125 0.0690897734375 0.8328125 0.071875 0.8230625374999999 0.071875 0.7875259 0.0675576640625 0.77014565
1 0.053125 0.7909548296875 0.0493796015625 0.7784625828125 0.0494558703125 0.7507529984375 0.0462113109375 0.7444234359374999 0.0415238109375 0.7442870453125 0.0392996203125 0.7504574843749999 0.043356346875 0.7810585015625 0.04028081875 0.819765534375 0.0458876796875 0.8407125296875 0.051009853125000004 0.84375 0.053125 0.84375 0.053125 0.7909548296875
1 0.0131789125 0.8358241765625 0.015185328125 0.8458785843750001 0.0174715734375 0.85 0.0234375 0.85 0.0234375 0.7828873734374999 0.0233030390625 0.7814282734375 0.023201178125 0.7623165765625 0.0207362796875 0.7556578859374999 0.017054565625 0.7540120359375 0.013259560937500001 0.75823771875 0.0134616234375 0.7651821640625001 0.016128673437499998 0.77648459375 0.0164519734375 0.7875957031249999 0.010888987499999999 0.8106966312499999 0.01141435 0.8287521874999999 0.0131789125 0.8358241765625
1 0.6655235328125 0.55 0.6705708890625 0.609757153125 0.62455843125 0.7263708265625001 0.6200219640625 0.7759170531249999 0.6200219640625 0.8116421656250001 0.629981209375 0.869068509375 0.6561346421875001 0.9415492875 0.6625807171875 0.94375 0.7378382203125 0.94375 0.7389835046875 0.9420592125 0.7675630218749999 0.8662300375 0.7765625 0.7981380203125 0.7765625 0.766381834375 0.7699163828125 0.7304200828124999 0.7314174859375 0.6303564406250001 0.7317265578125 0.577231440625 0.7353256390625 0.55 0.6655235328125 0.55
1 0.8846581406249999 0.55 0.8832944749999999 0.6379052187500001 0.8457606046875 0.718582834375 0.8457606046875 0.9370371531250001 0.8505683062500001 0.9530937078124999 0.8558096203125001 0.9578125 0.9288030765624999 0.9578125 0.9461206359375 0.9282425296875001 0.976127115625 0.85099055 0.984375 0.7873472312500001 0.984375 0.7731769734375 0.9751629968749999 0.7194131671874999 0.9473569749999999 0.6401423296875001 0.9486982328125 0.5947752656249999 0.9571240765625 0.55 0.8846581406249999 0.55
1 0.8589742734375001 0.55 0.861353478125 0.603802865625 0.8217546484374999 0.6966722046875 0.8124215937500001 0.7383909453124999 0.8124215937500001 0.8077286296875 0.8208819734375 0.8466722046875 0.8454638140625 0.9181108281249999 0.8563142234375001 0.921875 0.8628700437500001 0.921875 0.8642592656249999 0.9099710453125001 0.8443285609375 0.8447006015625 0.841667171875 0.7650676484375 0.89242166875 0.6345073953125 0.88888621875 0.55 0.8589742734375001 0.55
0 0.409375 0.8884650734375 0.44453125 0.878125 0.49375 0.83671875 0.515625 0.79453125 0.5203125 0.73046875 0.5078125 0.69140625 0.47578125 0.65 0.43828125 0.6265625 0.409375 0.6177649453125 0.409375 0.8884650734375