2 0.36387273593749997 0 0.0921133875 0.0124951203125 0.0859375 0.030466100000000003 0.0859375 0.059375 0.43821942187499996 0.059375 0.5217111437499999 0.04957554375 0.5261495015625 0.0458781328125 0.5295767953125 0 0.36387273593749997 0
1 1 0.5890625 1 0.554314778125 0.9921875 0.5264460921875 0.9885416671874999 0.4995518171875 0.9895833328125001 0.4421565296875 0.99375 0.3968346453125 0.9932291671875 0.3662730265625 0.9856770828125001 0.3416481125 0.9763020828125001 0.332279765625 0.9658854171875 0.33030670624999997 0.9580729171875 0.334845428125 0.9497395828125 0.3477114234375 0.9462945234374999 0.3711582703125 0.9473958328125001 0.3861100796875 0.9483056218750001 0.40620519687499995 0.9489583328125001 0.44260974218750004 0.9507189546875001 0.444115859375 0.9546875 0.47045418437500003 0.9552083328125001 0.499163946875 0.9541666671875 0.5241518265625 0.9442708328125 0.5740366781249999 0.9380208328125 0.5841491390625 0.9369698984374999 0.5890625 1 0.5890625
1 0.8892995656250001 0.5890625 0.8878578484374999 0.5652762609375 0.8706207484374999 0.48424481718749995 0.8706576625 0.4656595453125 0.8796240140625 0.38351915000000003 0.880164746875 0.347307909375 0.8719939203125 0.33052011718749996 0.8643677796875 0.32850179375 0.8519554109375 0.32850179375 0.8452334406249999 0.3367049734375 0.83941343125 0.355849028125 0.8381730624999999 0.377145325 0.8414030359375 0.4293976953125 0.8407544453125 0.46746078750000003 0.8364784765625 0.495997609375 0.8328125 0.5102749125 0.8328125 0.5890625 0.8892995656250001 0.5890625
1 0.81907234375 0.5890625 0.81907234375 0.4916669296875 0.8095953078125 0.46447901406250003 0.80531183125 0.43128238124999996 0.804422703125 0.37540785625 0.80111355625 0.3477212125 0.794473275 0.33384781406249997 0.78665253125 0.3280042703125 0.7803269484375 0.3276251484375 0.76875 0.342058353125 0.76875 0.3818959359375 0.768787534375 0.38225568593750003 0.7789760796875 0.436384075 0.7816970546875 0.4697174109375 0.7730765078124999 0.5376143843750001 0.775891509375 0.5890625 0.81907234375 0.5890625
1 0.7334905171875 0.5890625 0.7335264171875 0.5889168375 0.73988305625 0.5276234578125 0.7381796328125 0.50016465 0.72689554375 0.4468564625 0.7258481640625 0.432223915625 0.732728490625 0.3782468109375 0.7347327921875 0.342181265625 0.72635994375 0.3249687 0.719197771875 0.32375478593749996 0.70748330625 0.3358228046875 0.703809384375 0.3476474984375 0.70212881875 0.3790834125 0.7038408109375001 0.4286277421875 0.7015718078125001 0.45367330937499994 0.7 0.4596758890625 0.7 0.5890625 0.7334905171875 0.5890625
1 0.9311013875 0.5890625 0.934598315625 0.5701094203125 0.9455956453125001 0.5298032828125 0.948584465625 0.5074718765624999 0.949270946875 0.47786954374999996 0.946613425 0.44105087187500003 0.9491412406249999 0.37901383437499997 0.95462840625 0.34638806093749996 0.9646447921875 0.3301559984375 0.9607270453125001 0.3178880109375 0.9510953125 0.31192514843749997 0.938889775 0.31810850625 0.93239085625 0.33092240781250004 0.9304510703125001 0.3402635546875 0.9295234828125001 0.401292778125 0.9274705109375001 0.41341170156249996 0.9317126359374999 0.411341484375 0.9316528046875 0.4510744125 0.9294866468749999 0.4659711140625 0.92673156875 0.469811296875 0.9234375 0.482975590625 0.9234375 0.5890625 0.9311013875 0.5890625
1 0.425 0.5890625 0.425 0.834375 0.4335741296875 0.834375 0.45898378125 0.829550871875 0.48947421718750006 0.732637203125 0.4960949796875 0.656961525 0.48272840625 0.5890625 0.425 0.5890625
1 0.56548841875 0.5890625 0.553125 0.6489813484375 0.553125 0.6815423609375 0.5612318109375 0.76182768125 0.5861353859375 0.81875 0.6047965937499999 0.81875 0.6250756859375 0.8111631171875 0.636330696875 0.7566161234375001 0.636330696875 0.63698329375 0.6220219078125 0.5890625 0.56548841875 0.5890625
1 0.3859375 0.5890625 0.3859375 0.6106631625000001 0.3941051484375 0.657002546875 0.3859375 0.719748278125 0.3859375 0.750971615625 0.3970235484375 0.7331476968749999 0.41001647812500003 0.6363198703124999 0.40060902499999995 0.5890625 0.3859375 0.5890625
1 0.35207741718749996 0.5890625 0.3390625 0.6499042109375 0.3390625 0.6795336015625 0.34745424062499997 0.7469675406249999 0.371874965625 0.8109375 0.40436032656250004 0.8109375 0.408152746875 0.80964706875 0.408152746875 0.6104379546875001 0.40270585 0.5890625 0.35207741718749996 0.5890625
1 0.2328702625 0.5890625 0.2328125 0.5892471890625 0.2328125 0.7921875 0.24074465156249997 0.7921875 0.263945 0.7840849875 0.2879297578125 0.70140155 0.2924655515625 0.636536684375 0.28142399375 0.5890625 0.2328702625 0.5890625
1 0.1577167125 0.5890625 0.15625 0.5930672 0.15625 0.76875 0.1576220015625 0.76875 0.18664620468749998 0.7655458390625001 0.21154271093750002 0.6638029875 0.2037395015625 0.5890625 0.1577167125 0.5890625
1 0.7673711890625 1 0.768091546875 0.98476301875 0.758244803125 0.890620696875 0.7775024671875 0.7500011718749999 0.7762368390625001 0.732668734375 0.7663308203125 0.7171875 0.7624892375 0.7171875 0.7459589359375001 0.721012153125 0.7360518218750001 0.746804740625 0.7260843375 0.892532240625 0.7171875 0.9222349984375 0.7171875 1 0.7673711890625 1
1 0.727257684375 1 0.7421938234375001 0.9045749937500001 0.7421938234375001 0.8205473062499999 0.738208725 0.75727495 0.741656946875 0.7323165796875 0.7292407125 0.712085459375 0.7141066234375 0.718002775 0.7083954578125 0.7369218125 0.7160106609375 0.8551733171875 0.703125 0.951650859375 0.703125 0.9984582374999998 0.7033288765625 1 0.727257684375 1
1 0.6796875 0.938496965625 0.6905304328125 0.978125 0.6916477296875 0.978125 0.6916477296875 0.72931140625 0.6909000890625 0.7213319484375 0.68215265625 0.7084200171875 0.6796875 0.7091976078125001 0.6796875 0.938496965625
1 0.6813436625 0.9359375 0.7026796734375 0.8488754406249999 0.7103515625 0.7095515359375 0.699240453125 0.71052363125 0.6908245984375 0.72230305625 0.68635070625 0.8257637375 0.68125 0.8467582046875 0.68125 0.9359375 0.6813436625 0.9359375