1 0.5951997 0.3390625 0.5951997 0.2810705375 0.5932787671875001 0.25016786406249997 0.5757564734375 0.1731738546875 0.574735478125 0.14496577187499998 0.578821159375 0.079335109375 0.5776439718749999 0.0377042078125 0.57086523125 0.020734123437499998 0.559873328125 0.0125 0.55946798125 0.0125 0.547996209375 0.020068703125 0.5416079359375 0.036655665625 0.5405030765625 0.060776410937500004 0.5472965890625 0.168320275 0.53125 0.25366464375 0.53125 0.259106821875 0.5364560203125001 0.3390625 0.5951997 0.3390625
1 0.508069103125 0.3390625 0.5098029875 0.31044105625 0.508124040625 0.259369834375 0.5012699671874999 0.22167305 0.499553053125 0.18940990156249998 0.5138632765625 0.0646341328125 0.5114343765625 0.0417669578125 0.49795493906250005 0.025 0.4974505921875 0.025 0.482642975 0.0326994140625 0.47419678125000003 0.048050987499999996 0.4694542828125 0.0923301609375 0.469912684375 0.159508765625 0.4667596109375 0.2011195046875 0.4578125 0.23273813125 0.4578125 0.3390625 0.508069103125 0.3390625
1 0.45791738593750003 0.3390625 0.45791738593750003 0.31681830624999996 0.44575621875 0.2713193109375 0.43834752187500003 0.23065116875 0.436980546875 0.183671303125 0.44033739218749995 0.10885879375 0.4378187546875 0.0698438 0.4277407015625 0.04441205625 0.41535418125 0.0390625 0.40621983281249996 0.0390625 0.40140667656250006 0.0427244953125 0.3928127671875 0.06829946406250001 0.393525796875 0.116577203125 0.3974304359375 0.15568101406249998 0.400436778125 0.1639123453125 0.40327788125 0.2377822578125 0.38694930312500003 0.3184623953125 0.3859375 0.3276274 0.3859375 0.3390625 0.45791738593750003 0.3390625
1 0.3502213375 0.3390625 0.3502213375 0.2653367109375 0.34636674843750004 0.2304422484375 0.3462506875 0.149824696875 0.34167074375 0.09747570312500001 0.3326269171875 0.0733952671875 0.32030004375 0.0553994515625 0.31788034375 0.059458553125 0.293742753125 0.06108306718749999 0.2890625 0.0814127984375 0.2890625 0.1225594578125 0.2910338953125 0.1450926078125 0.307323840625 0.22820925625 0.3122444796875 0.2765233421875 0.3123851265625 0.2939891328125 0.3026741890625 0.3390625 0.3502213375 0.3390625
1 0.21941835625 0.3390625 0.2034482203125 0.233793628125 0.20682482812499997 0.1693640984375 0.215594290625 0.120860471875 0.21645936250000003 0.0779477796875 0.20522163437500002 0.0481194765625 0.19919566718749998 0.044274109374999995 0.182834575 0.052791578125 0.17405608749999998 0.068459709375 0.168772546875 0.090057203125 0.16735516718750001 0.13030549687499998 0.1701243 0.2227011390625 0.1644785703125 0.26441269843750004 0.159375 0.282993728125 0.159375 0.3390625 0.21941835625 0.3390625
1 0.14849879375 0.3390625 0.1475170875 0.310465928125 0.12395506406250001 0.1878751359375 0.1267270671875 0.1786892125 0.13157807187499998 0.0676474046875 0.1263805671875 0.045105909374999996 0.115155790625 0.0328125 0.10331241718749999 0.0328125 0.09658153593749999 0.0388210296875 0.08861202812499999 0.06304935 0.08791902812499999 0.0844733484375 0.0955420359375 0.1857221265625 0.0934630328125 0.21375250937499998 0.07683101718749999 0.2849754296875 0.075 0.318528625 0.075 0.3390625 0.14849879375 0.3390625
1 0.0763348140625 0.3390625 0.0763348140625 0.22035480000000002 0.0642796671875 0.1712870234375 0.061401559375000005 0.0506268546875 0.052142096875 0.028200903125 0.045551309375 0.0230948453125 0.042133075 0.0230948453125 0.03258171875 0.024838735937500002 0.0234375 0.053004392187500006 0.0234375 0.0597998796875 0.0356427109375 0.178324309375 0.0247747203125 0.25295969375 0.0234375 0.2875212421875 0.0234375 0.298950384375 0.027458401562500002 0.3390625 0.0763348140625 0.3390625
1 0.3949769078125 0.3390625 0.3961815359375 0.322788921875 0.404746703125 0.264284934375 0.404746703125 0.17524445 0.3942136515625 0.09849882812500001 0.3951093578125 0.0662518078125 0.404746703125 0.037833981249999996 0.404746703125 0.0356792265625 0.399230225 0.023893321875 0.38775131875 0.0173109328125 0.37705420312500004 0.024151362500000002 0.371875 0.0439409546875 0.371875 0.0630862703125 0.3828871984375 0.177878925 0.371875 0.24725212968750002 0.371875 0.3210457125 0.3732824453125 0.3390625 0.3949769078125 0.3390625
1 0.7346625921875 0.3390625 0.7396112203125 0.2939410203125 0.737754628125 0.281828228125 0.7311392484375 0.27301872656250004 0.7177688109375 0.275550078125 0.7125 0.2898348375 0.7125 0.3390625 0.7346625921875 0.3390625
1 0.7029741640625 0.3390625 0.7035740609375 0.29381250937500003 0.700855634375 0.28358996406250003 0.69157323125 0.2736166671875 0.681256334375 0.2756350890625 0.6757759203125 0.2893515671875 0.6788715609375 0.3390625 0.7029741640625 0.3390625
1 0.6710361328125 0.3390625 0.6692546875 0.298309659375 0.6627066859374999 0.2829338953125 0.655306940625 0.27764540625 0.6445712312499999 0.281801271875 0.64375 0.28490410625 0.64375 0.3143760828125 0.646956053125 0.3390625 0.6710361328125 0.3390625
1 0.629812203125 0.3390625 0.6340557046875 0.29417794218750004 0.631976703125 0.2819398671875 0.62331419375 0.269874065625 0.6108401812500001 0.27429796875 0.602177671875 0.29176236875 0.6043124843750001 0.3390625 0.629812203125 0.3390625
1 0.2434540765625 0.370193859375 0.2334446140625 0.37325718124999996 0.23607027500000002 0.420297540625 0.2296875 0.4540122359375 0.2296875 0.47565972656250005 0.232140784375 0.499351021875 0.23584117500000001 0.509375 0.248374271875 0.509375 0.25397319218750003 0.47046607656250006 0.2530771453125 0.45299624843749997 0.24503242812499998 0.4165328296875 0.24730462812499998 0.3736604671875 0.2434540765625 0.370193859375
1 0.1996426859375 0.40744036718750004 0.1953125 0.421860821875 0.1953125 0.503125 0.1960261578125 0.503125 0.20312127656249998 0.498836490625 0.211513221875 0.4613171078125 0.21224418906250003 0.4425171 0.2077552703125 0.410221696875 0.21327349999999998 0.374012340625 0.211795278125 0.3706364765625 0.20020819687500002 0.37251684687500003 0.1996426859375 0.40744036718750004
1 0.17828803124999998 0.3981531359375 0.17714535781250002 0.37072176562500003 0.1764332703125 0.37072176562500003 0.16784395000000002 0.372028046875 0.17001108125 0.39896250312500003 0.1640625 0.42994158281250006 0.1640625 0.44641193437500004 0.1650338921875 0.46563250156249997 0.1724236125 0.490625 0.177587090625 0.490625 0.1830228703125 0.48956153125 0.18565508749999998 0.47053200625 0.18565508749999998 0.4262255 0.1851889984375 0.42137161250000005 0.17828803124999998 0.3981531359375
1 0.8887361640625 1 0.89897855 0.9477738062500001 0.9038797109375001 0.8739402390625 0.9022645078125 0.8403348078124999 0.8918179421874999 0.7676661203124999 0.865692734375 0.6639152890625001 0.8656479734375001 0.6370454609375 0.8703904734375 0.5927662843749999 0.8854832203124999 0.5217382390624999 0.8864745640624999 0.4720415546875 0.88353710625 0.4558857890625 0.8754529953125001 0.4389984046875 0.86175674375 0.428125 0.8468930718750001 0.428125 0.8280238140625 0.4424769109375 0.819577615625 0.45782848437499996 0.8147903546874999 0.47523782968749995 0.80935485625 0.519508940625 0.81423843125 0.6015171546875 0.809356253125 0.6659466859375 0.7903468953124999 0.7154337109375 0.7860492109375 0.735535684375 0.77592136875 0.75019595625 0.775 0.7529040421875 0.775 1 0.8887361640625 1
1 0.6 1 0.6821986718749999 1 0.6829082125 0.9973217984375001 0.6829082125 0.775859515625 0.675411171875 0.7430019484375 0.6572559531250001 0.689587128125 0.6342497328125 0.6358614421875 0.6294668265625 0.6141184734375 0.626294246875 0.5764013515624999 0.6333794765625 0.4870901984375 0.6317881765625 0.45617330625 0.6260779296875001 0.42633223749999993 0.6175811609374999 0.4077007234375 0.6099412484375 0.39886939374999997 0.6 0.39886939374999997 0.6 1
1 0.8271357531250001 1 0.8271357531250001 0.9521192546874999 0.8241555078125 0.9347293203125 0.820726696875 0.8796796359375 0.82136166875 0.8393627968749999 0.8271357531250001 0.7928915125 0.8271357531250001 0.5888634078124999 0.8195926703125 0.57334100625 0.815634715625 0.5518886890625 0.8119826421875 0.5022161953125 0.8132525843749999 0.4215825171875 0.807662153125 0.38940000625 0.7942783671875 0.35932365312500003 0.77508600625 0.3461104921875 0.7528041546875001 0.3530880078125 0.743413140625 0.3686492390625 0.7390625 0.3901616546875 0.7390625 0.3903244671875 0.7418967249999999 0.43853659843750004 0.7556031109375001 0.49212304375000004 0.765985140625 0.5632156 0.7648572203125 0.5820398015625 0.7407646796874999 0.6951866062500001 0.7390625 0.7260109421875001 0.7390625 0.786545646875 0.7409387703125 0.81611293125 0.7503813234375001 0.876467234375 0.764193540625 0.9233342078125 0.798531290625 1 0.8271357531250001 1
1 0.9013006546875 0.3390625 0.8991634874999999 0.3464410578125 0.8954560671875 0.3907766890625 0.9028157406249999 0.461595 0.900905940625 0.511239265625 0.8979124390625 0.528749421875 0.8875 0.556105240625 0.8875 0.73989154375 0.8928132796874999 0.75807798125 0.908468040625 0.8554596296875001 0.9099738140625 0.879540046875 0.9029705921875 0.973560271875 0.9036486343749999 0.975 0.9182653140625 0.975 0.9204362984374999 0.9703716015625 0.9122039671875001 0.8633923359375 0.9128475406250001 0.8379091437499999 0.9212158468750001 0.7706539 0.9404012375 0.695042503125 0.970674640625 0.619108475 0.9735977968749999 0.6029405984375 0.9686973640625001 0.5776187234375 0.9508618765625 0.5218478109375 0.9511042921874999 0.47761300156250003 0.9656601765625 0.384713253125 0.9659025921875 0.3404784421875 0.9655843656249999 0.3390625 0.9013006546875 0.3390625
1 1 1 1 0.3780631671875 0.9960178140625 0.380760971875 0.9866623046875 0.3968305765625 0.9818113015625001 0.41391265468749994 0.9804252999999999 0.460787496875 0.9922063125000001 0.5583245015625 0.9908203109375 0.6051993437500001 0.9568632734375001 0.710008784375 0.947161265625 0.7737031390625 0.9453125 0.8183242875000001 0.9453125 0.8519429734374999 0.951319271875 0.9256960671875 0.958249278125 0.9624628031250001 0.9711074406249999 1 1 1
0 0.7476883203125 0.3390625 0.7406347453125 0.363947146875 0.7416742468749999 0.37401426249999997 0.7444462484375001 0.3605914421875 0.754841259375 0.34851090625 0.7756312796875 0.3444840609375 0.7908772953125001 0.355222315625 0.8016188062499999 0.3773699671875 0.8064698109374999 0.4042156046875 0.8064698109374999 0.43508808749999994 0.7981538031250001 0.515625 0.7981538031250001 0.5464974828125 0.8002328046875 0.561262584375 0.8030048078125 0.563947146875 0.8182508234375 0.561262584375 0.8154788203125 0.5236786906249999 0.8168648218750001 0.4780411078125 0.823794828125 0.4511954703125 0.835229340625 0.434416946875 0.8470103515625 0.42770553749999995 0.8608703656250001 0.42770553749999995 0.8754233796875 0.437101509375 0.8868578921875001 0.4579068796875 0.8948273999999999 0.5055578859375001 0.9090339140625 0.4659605703125 0.8993319046874999 0.3854236578125 0.8993319046874999 0.3599203015625 0.90194246875 0.3390625 0.7476883203125 0.3390625