1 0 0.4375 0.0085838703125 0.4375 0.010213812499999999 0.43579604375000003 0.022821696875 0.3791534609375 0.0258479890625 0.34689173281249996 0.0248153828125 0.3106349421875 0.011408542187499999 0.251245421875 0.0126748015625 0.20772690468750002 0.0176677203125 0.16168555 0.014452953125000001 0.14661579375 0.0089286859375 0.13904281406250002 0 0.13904281406250002 0 0.4375
1 0.299772596875 0.3874836609375 0.299772596875 0.27684358593749997 0.2860802 0.2276835796875 0.2870318640625 0.1352820578125 0.2849260609375 0.1254643 0.27499168281249997 0.11718879374999999 0.2730031609375 0.11718879374999999 0.265547459375 0.120750653125 0.26049630625 0.13481590000000002 0.2605412484375 0.15423305 0.26681830781250004 0.209108340625 0.266917134375 0.2303773421875 0.25724589375 0.27332265 0.2546875 0.303816875 0.2546875 0.3162943046875 0.2580812046875 0.35564817031249996 0.26710608125 0.3977242734375 0.27192381875 0.41138221093749994 0.2790144359375 0.4140625 0.27908011250000003 0.4140625 0.292263259375 0.41337267187500004 0.2960213296875 0.408484796875 0.299772596875 0.3874836609375
1 0.21744007031249998 0.13454015625 0.20945174375 0.1273267078125 0.199904240625 0.13124861875 0.1939395453125 0.1420240515625 0.1919059875 0.16334459375 0.1945267796875 0.21877892499999999 0.1931865578125 0.23638363906249998 0.186641328125 0.2652085671875 0.1859375 0.267200125 0.1859375 0.425 0.2067196140625 0.425 0.2106893375 0.4191108453125 0.2223068734375 0.3707444921875 0.2256408515625 0.34384415 0.2255844265625 0.300374121875 0.21576154375 0.25435664375 0.21288864843750002 0.226675846875 0.22072099843749998 0.1478751625 0.21744007031249998 0.13454015625
1 0.17080548125 0.353220634375 0.16929865156249999 0.31702165 0.1564024515625 0.2682039265625 0.1537581484375 0.24105373125 0.15356068437499998 0.213043934375 0.1567364078125 0.16804339375 0.15211501875 0.14632609375 0.14346885781250002 0.14047443906249998 0.1419014890625 0.14047443906249998 0.1364260203125 0.1419186984375 0.13055874843749998 0.1505116171875 0.12888792031250002 0.162466171875 0.13115761406249998 0.20443335624999998 0.1313353796875 0.23498891249999998 0.13000029375 0.25999612031249997 0.12083315624999999 0.2993185328125 0.11875 0.3138061203125 0.11875 0.3695235203125 0.123445465625 0.400162253125 0.1314626671875 0.435848084375 0.1347194953125 0.4375 0.157009003125 0.4375 0.15906144687499998 0.43669111562499996 0.1666584703125 0.400154725 0.17080548125 0.36337919531249996 0.17080548125 0.353220634375
1 0.097481403125 0.29748552031250003 0.088774521875 0.265351865625 0.0864892234375 0.232535846875 0.088154603125 0.178880628125 0.0847115234375 0.16034946249999998 0.08067844375 0.1527579375 0.0736240078125 0.14714314687500002 0.06592998125 0.1490655140625 0.0604175359375 0.1552885296875 0.057903140625 0.17760319375 0.0639242125 0.2174664953125 0.06573881718749999 0.24525033125 0.063742303125 0.2748838234375 0.05748113125 0.3060559203125 0.0546875 0.3350365015625 0.0546875 0.3544437484375 0.055328703125 0.3682106046875 0.060440809375 0.3997345078125 0.07197209375 0.44613989531250003 0.076858396875 0.45 0.097350246875 0.45 0.099738809375 0.4468057765625 0.099738809375 0.30571815625 0.097481403125 0.29748552031250003
1 0.6828125 0 0.6828125 0.12457409687500001 0.6927169937500001 0.1299999828125 0.70312819375 0.1328125 0.706485309375 0.1328125 0.7229400109374999 0.126182915625 0.7287896109374999 0.07502860156249999 0.7295173875 0.0280395734375 0.7304744671875 0 0.6828125 0
1 0.7421875 0 0.7421875 0.1078125 0.7597807796875 0.1078125 0.7632856234375 0.10477730156250001 0.7701276453125001 0.08592502656249999 0.7749267812499999 0.053926034375 0.7803052765625 0 0.7421875 0
1 0.7947404265625 0 0.7969554578125 0.051822996875000006 0.8021278234375 0.07957350625000001 0.8118699125 0.0859375 0.8405764078125 0.0859375 0.8441990640625001 0.068467634375 0.8441990640625001 0 0.7947404265625 0
1 0.6328125 0 0.6328125 0.0996218890625 0.6395004078125 0.1 0.66281784375 0.1 0.6630171468749999 0.0999785734375 0.6661073078124999 0.092276040625 0.6648532875 0.035422515625 0.6672883796875 0 0.6328125 0
1 0.5796875 0 0.5796875 0.0518926953125 0.58027280625 0.059169795312499995 0.589117046875 0.102776065625 0.595834434375 0.1163960578125 0.6008088468749999 0.11875 0.62319265 0.11875 0.630563696875 0.11237394062499999 0.63764695625 0.0380025125 0.63764695625 0.0299852703125 0.6360235249999999 0 0.5796875 0
1 0.542807809375 0 0.5463833984375001 0.053647671875000004 0.5563704453125 0.07527999375 0.5603698328125 0.0765625 0.58081706875 0.0765625 0.5841238296875 0.0686962109375 0.5841238296875 0.005368040625 0.5838146421875 0 0.542807809375 0
1 0.4678826171875 0 0.4678826171875 0.010590278125 0.4717888671875 0.0467013890625 0.4842888671875 0.0939236109375 0.4901482421875 0.1015625 0.4991326171875 0.10364583281249999 0.5151482421875 0.10295138906250001 0.5210076171875 0.0939236109375 0.5327263671875 0.0217013890625 0.5317873640624999 0 0.4678826171875 0
0 1 0.242891865625 0.973046875 0.21961805625 0.938671875 0.22378472187499998 0.916015625 0.24461805625 0.90390625 0.2689236109375 0.8953125 0.3036458328125 0.89453125 0.3494791671875 0.90390625 0.3953125 0.918359375 0.4223958328125 0.937890625 0.44600694374999994 0.94921875 0.45086805625000004 0.980859375 0.44739583281249995 1 0.416090278125 1 0.242891865625
1 0.24413605624999998 1 0.24566551250000002 0.99791361875 0.2606036765625 0.9418978906250001 0.26933225312500003 0.8840562312500001 0.2695883171875 0.8214469703124999 0.25812563125 0.7580182546875001 0.24980655000000002 0.7159042078125 0.2519970453125 0.6726950984375 0.252266521875 0.63652935625 0.25913629843749997 0.5618571390625 0.25641542500000003 0.547749728125 0.24799937500000002 0.530063175 0.2348546765625 0.530063175 0.2216228875 0.5327913640624999 0.21172252500000002 0.55019135625 0.2089342359375 0.5653052437499999 0.2137157953125 0.6700182124999999 0.20963430624999999 0.7295765453125 0.19375 0.7775291765625 0.19375 0.958369159375 0.19623128750000002 0.974972834375 0.20377178125 1 0.24413605624999998 1
1 0.0657888859375 0.6629358890624999 0.073683990625 0.5420752828125 0.06519216562499999 0.5179401859375 0.05205649375 0.515394234375 0.03804735625 0.529514946875 0.0329862015625 0.544173284375 0.032073890625000004 0.5913682328125 0.0359946546875 0.6357035812499999 0.033301478125 0.6870924703125001 0.028125 0.7061605515625 0.028125 0.9336676468749999 0.029410681249999997 0.934375 0.051019281250000006 0.934375 0.062750978125 0.9294116421874999 0.081525309375 0.8541525437499999 0.08519867812500001 0.813847490625 0.0813701265625 0.7528591109375 0.0682393640625 0.6906454828124999 0.0657888859375 0.6629358890624999
1 0.1093975125 0.8102443640625001 0.116999925 0.7746339 0.1203125 0.735847009375 0.1203125 0.725055965625 0.11889117656249999 0.6970063171875001 0.1036434109375 0.6266106421875 0.0989074296875 0.6179769203125 0.0981721203125 0.49158803124999995 0.0882893296875 0.4708233328125 0.084734265625 0.47010991874999997 0.07685351562500001 0.47010991874999997 0.069974396875 0.47728570000000003 0.065625 0.49279226249999997 0.065625 0.49824203906250003 0.066262075 0.5103687078125 0.07179546718749999 0.5218302734375 0.075822921875 0.54291393125 0.0757689015625 0.6678638671874999 0.0941659078125 0.7426264671875 0.1043871203125 0.815625 0.10629020156249999 0.815625 0.1093975125 0.8102443640625001
1 0.0890625 0.459375 0.0890625 0.4698135703125 0.10013990312500001 0.4950861234375 0.1054443625 0.6089750109375001 0.12697098281250002 0.685572984375 0.1315131828125 0.7328125 0.1323179859375 0.7328125 0.1323179859375 0.6010812109375 0.119263071875 0.553610359375 0.1172119578125 0.459375 0.0890625 0.459375
1 0.209375 0.459375 0.209375 0.553125 0.2 0.593402778125 0.19609375 0.668402778125 0.19765625 0.703125 0.19375 0.7614583328125001 0.19609375 0.780902778125 0.20078125 0.780902778125 0.2125 0.7447916671874999 0.21640625 0.703125 0.21640625 0.662847221875 0.21015625 0.5864583328124999 0.2109375 0.5614583328125 0.21640625 0.543402778125 0.21484375 0.500347221875 0.223046875 0.48854166718750003 0.240234375 0.48854166718750003 0.2421875 0.48368055625000006 0.23990885468749998 0.459375 0.209375 0.459375
1 0.807696346875 1 0.8258473125 0.9073291375 0.824524778125 0.8402401515625 0.8059896484374999 0.7457315234375 0.8180504640624999 0.6125818921875 0.8137405921875001 0.591890275 0.80328110625 0.5796126484374999 0.7959971937500001 0.5796126484374999 0.7853572828125 0.5826232921875001 0.77582055625 0.600890215625 0.7770008046875001 0.7291399703125 0.7671875 0.770939271875 0.7671875 1 0.807696346875 1
1 0.735150865625 1 0.7520652921875 0.9211482640625 0.7551540984375 0.83106050625 0.739396803125 0.7267801203124999 0.7545747546875 0.5929165843749999 0.7393222453125 0.5568788484375 0.721196040625 0.560099559375 0.7092801640624999 0.5849942515625 0.7043213359375 0.741913953125 0.6890625 0.792265346875 0.6890625 1 0.735150865625 1
1 0.687202009375 1 0.690841415625 0.9826278390625 0.690841415625 0.8108263984375 0.6760051031250001 0.7425063140624999 0.6803591671875 0.617468290625 0.6677237046875 0.5957372609375 0.653017821875 0.5958228171875 0.64114348125 0.617696440625 0.6483288078125 0.7484818734375001 0.6328125 0.8207032203125 0.6328125 0.9578050656249999 0.6401438453124999 1 0.687202009375 1
1 0.62409598125 1 0.6279356984375 0.9718898218749998 0.6279356984375 0.81947073125 0.6076290421875 0.7353143046875 0.6101049375 0.5961219546875001 0.5930154046875 0.56898920625 0.5889948374999999 0.56898920625 0.5744244203125 0.5753854828125 0.5677058625 0.5968024562500001 0.576667875 0.7365942406249999 0.5546875 0.8606383640625002 0.5546875 0.868436484375 0.5617698718749999 0.9535042609375001 0.5744576453125 1 0.62409598125 1