1 0.4796875 0.5296875 0.47008117968749996 0.5296875 0.4699815734375 0.5745243609374999 0.4609375 0.6236875265624999 0.4609375 0.86449648125 0.4662838359375 0.8766852796875 0.4796875 0.8776305390625 0.4796875 0.5296875
1 0.385824275 0.5296875 0.3827083328125 0.6192708328125 0.3835416671875 0.6421875 0.399375 0.7296875 0.41770833281249997 0.6151041671875 0.4185416671875 0.5921875 0.41047715 0.5296875 0.385824275 0.5296875
1 0.41937499999999994 0.5296875 0.42270833281250003 0.5963541671875 0.4077083328125 0.6713541671875001 0.401875 0.7234375 0.40437500000000004 0.8255208328125001 0.43479166718749995 0.8390625 0.45437500000000003 0.8651041671874999 0.4627083328125 0.8130208328125 0.4635416671875 0.7442708328125001 0.4577083328125 0.6692708328125 0.44437499999999996 0.5963541671875 0.44656678124999993 0.5296875 0.41937499999999994 0.5296875
1 0.3528365390625 0.5296875 0.356875 0.6421875 0.3435416671875 0.7171875 0.3377083328125 0.7734375 0.3385416671875 0.8442708328125 0.3485416671875 0.9151041671875 0.3739583328125 0.8557291671874999 0.39979166718750003 0.8307291671874999 0.4027083328125 0.8192708328125 0.3985416671875 0.7255208328125 0.3827083328125 0.6380208328125 0.3849024265625 0.5296875 0.3528365390625 0.5296875
1 0.25648539062500003 0.5296875 0.2585416671875 0.6088541671875001 0.2435416671875 0.7046875 0.24020833281249998 0.7505208328125 0.24104166718750003 0.8088541671874999 0.2527083328125 0.8984375 0.258125 0.9244791671874999 0.2685416671875 0.9296875 0.2814583328125 0.9286458328125 0.289375 0.9171875 0.3002083328125 0.8401041671874999 0.304375 0.7817708328125 0.3027083328125 0.7192708328124999 0.284375 0.6088541671875001 0.286110159375 0.5296875 0.25648539062500003 0.5296875
1 0.3230799546875 0.5296875 0.32437499999999997 0.5776041671875001 0.3110416671875 0.6588541671875 0.306875 0.7088541671875 0.3110416671875 0.8005208328125001 0.321875 0.8713541671874999 0.3285416671875 0.8838541671875 0.3410416671875 0.8796875 0.336875 0.8192708328125 0.3377083328125 0.7630208328125001 0.3560416671875 0.6421875 0.3560416671875 0.6151041671875 0.349375 0.5734375 0.3506809703125 0.5296875 0.3230799546875 0.5296875
1 0.23206279375 0.5296875 0.2327083328125 0.5526041671875 0.2160416671875 0.6838541671875 0.216875 0.7421875 0.2210416671875 0.7796875 0.23104166718750002 0.8421875 0.2352083328125 0.8505208328125 0.244375 0.8484375 0.23937499999999998 0.7921875 0.24020833281249998 0.7317708328125001 0.2585416671875 0.5942708328124999 0.255625 0.5296875 0.23206279375 0.5296875
1 0.1652190171875 0.5296875 0.166875 0.5942708328124999 0.15270833281250001 0.6713541671875001 0.14937499999999998 0.7171875 0.14937499999999998 0.7609375 0.1552083328125 0.8213541671875 0.1660416671875 0.8880208328125001 0.17520833281249998 0.8963541671874999 0.1960416671875 0.8901041671875 0.2102083328125 0.7963541671875 0.21270833281249998 0.7588541671875 0.2110416671875 0.6921875 0.1927083328125 0.5859375 0.19401268124999999 0.5296875 0.1652190171875 0.5296875
1 0.08346590937500001 0.5296875 0.084375 0.5546875 0.0702083328125 0.6442708328125 0.06687499999999999 0.6901041671875 0.06770833281250001 0.7505208328125 0.0727083328125 0.7984375 0.0810416671875 0.8484375 0.0877083328125 0.8609375 0.1110416671875 0.8567708328125001 0.1235416671875 0.7755208328125001 0.12687500000000002 0.7255208328125 0.1252083328125 0.6651041671875 0.1077083328125 0.5588541671875 0.108375 0.5296875 0.08346590937500001 0.5296875
0 0.4796875 1 0.4796875 0.962065975 0.4702083328125 0.9067708328125 0.45395833281250003 0.8640625 0.44312500000000005 0.8473958328125001 0.4222916671875 0.8328125 0.395625 0.8328125 0.3689583328125 0.8640625 0.35270833281249997 0.9046875 0.3392057296875 1 0.4796875 1
1 1 0.9757064390625001 0.9918852859375 0.93433785 0.995398140625 0.8678714421875 0.9892919265625 0.8552010624999999 0.9793787937499999 0.8552010624999999 0.974304390625 0.8665196921874999 0.9762198859375001 0.9402809984375 0.971875 0.95849955 0.971875 0.9786531328125001 0.9800278718750001 0.98125 0.9960877203125001 0.98125 1 0.9808687812500001 1 0.9757064390625001
1 0.8375 0.9044125562499999 0.8375 0.98125 0.8669488093750001 0.98125 0.872050959375 0.9616710109375 0.871980896875 0.9310972718750001 0.861522890625 0.8766578484374999 0.8630735703125 0.8481702671875 0.8645197796874999 0.831339359375 0.8446209234375001 0.8304062875 0.8451489671875001 0.8748870999999999 0.8375 0.9044125562499999