1 0.534375 0.65 0.534375 0.5146095374999999 0.5282202500000001 0.493960375 0.5245840359375 0.443076965625 0.5254333109375 0.4091153125 0.52227533125 0.38310435625 0.5133249671875 0.3653582546875 0.50148871875 0.3597932890625 0.49182787968749997 0.36820224375 0.4882026609375 0.384002053125 0.48949581093749994 0.40618176093749997 0.4960137875 0.44166455156250006 0.5005322546875 0.484342175 0.49974207187499997 0.5063518218749999 0.4910294515625 0.5580667187499999 0.490936003125 0.6012876296874999 0.49910598281249996 0.65 0.534375 0.65
1 0.609375 0 0.609375 0.1848602203125 0.61015625 0.1848958328125 0.615625 0.17795138906250002 0.621875 0.1473958328125 0.625 0.0973958328125 0.6125 0.036284721874999995 0.6139322921875 0 0.609375 0
1 0.6465364578124999 0 0.64765625 0.0223958328125 0.634375 0.086284721875 0.634375 0.1223958328125 0.6453125 0.17795138906250002 0.65859375 0.1807291671875 0.662890625 0.180034721875 0.66796875 0.1654513890625 0.675 0.1279513890625 0.6765625 0.0973958328125 0.675 0.0779513890625 0.6640625 0.036284721874999995 0.6647662984375 0 0.6465364578124999 0
1 0.6971171875 0 0.6984375 0.029340278125 0.6890625 0.0682291671875 0.6859375 0.10711805625 0.6953125 0.16961805624999998 0.698046875 0.1744791671875 0.7140625 0.173784721875 0.72421875 0.13628472187500001 0.7265625 0.0848958328125 0.71484375 0.029340278125 0.7157439625 0 0.6971171875 0
1 0.9423372390625 0 0.94296875 0.016840278125 0.934375 0.06961805625 0.93359375 0.1279513890625 0.93828125 0.16961805624999998 0.943359375 0.17586805625 0.95390625 0.1751736109375 0.959375 0.16961805624999998 0.96328125 0.15017361093749998 0.9671875 0.11822916718750001 0.9671875 0.0848958328125 0.95625 0.029340278125 0.95751953125 0 0.9423372390625 0
0 0.609375 0.415972221875 0.626953125 0.4342013890625 0.64921875 0.436284721875 0.662890625 0.42725694374999995 0.68125 0.39461805625 0.6953125 0.3515625 0.696875 0.311284721875 0.676953125 0.260590278125 0.644140625 0.24253472187499997 0.627734375 0.24392361093749998 0.609375 0.26160300937500003 0.609375 0.415972221875
1 0.733457796875 0.65 0.7322916671875 0.655034721875 0.7307291671875 0.6846643515624999 0.7328125 0.7189236109375 0.7359375 0.7318865734375 0.7359375 0.7846643515625 0.7145833328125 0.8679976859374999 0.7109375 0.898553240625 0.7109375 0.9402199078125001 0.7140625 0.9717013890625001 0.7195807296875 1 0.776088771875 1 0.7848958328125 0.954108796875 0.7869791671875 0.9059606484374999 0.7838541671875 0.8689236109374999 0.7666666671875 0.7883680562500001 0.7666666671875 0.7504050921875 0.7729166671875001 0.6874421296875 0.7723958328125 0.654108796875 0.770598234375 0.65 0.733457796875 0.65
1 0.8158913359375 0.65 0.8140625 0.6559606484375 0.8140625 0.6846643515624999 0.8182291671874999 0.7429976859374999 0.8171875 0.7661458328124999 0.7994791671875 0.835590278125 0.7958333328125 0.867071759375 0.7958333328125 0.8957754625 0.7979166671875 0.9244791671874999 0.8109375 0.9902199078125001 0.8184895828125001 0.9980902781250001 0.8348958328125 0.9994791671875 0.84296875 0.9943865734375 0.8484375 0.9781828703125001 0.859375 0.9217013890625001 0.8619791671874999 0.8828125 0.8598958328125 0.8402199078124999 0.8458333328125001 0.7754050921875 0.8432291671875 0.748553240625 0.85 0.6846643515624999 0.8505208328125 0.654108796875 0.84903139375 0.65 0.8158913359375 0.65
1 0.8777334953124999 0.65 0.8776041671874999 0.6504050921875 0.8770833328125001 0.6717013890625 0.8807291671874999 0.730034721875 0.8796875 0.75133101875 0.8651041671874999 0.805034721875 0.8619791671874999 0.8244791671874999 0.8614583328125001 0.8457754625 0.8635416671874999 0.8967013890625001 0.8713541671874999 0.9429976859375 0.8778645828125 0.954571759375 0.896875 0.9568865734375 0.9036458328125001 0.9504050921874999 0.9140625 0.904108796875 0.91875 0.8698495375 0.9192708328125001 0.8337384265625 0.9041666671874999 0.75225694375 0.9052083328125 0.7031828703125 0.9088541671874999 0.679108796875 0.9088541671874999 0.65 0.8777334953124999 0.65
1 0.6289338890625 0.65 0.625 0.660590278125 0.6244791671875001 0.7004050921875 0.628125 0.735590278125 0.6296875 0.780034721875 0.628125 0.8152199078125 0.609375 0.8920315046875 0.609375 1 0.6856715546875 1 0.6880208328124999 0.9754050921874999 0.6869791671875001 0.92633101875 0.68125 0.8994791671875 0.6791666671875001 0.867071759375 0.6713541671875001 0.8346643515625001 0.6661458328125 0.8272569437499999 0.6630208328125 0.8152199078125 0.6645833328124999 0.7457754624999999 0.6723958328124999 0.6939236109375 0.6713541671875001 0.6633680562500001 0.66850193125 0.65 0.6289338890625 0.65
1 0.667144096875 0.65 0.6677083328125 0.65225694375 0.6703125 0.7096643515625 0.6640625 0.7504050921875 0.6635416671875001 0.8152199078125 0.6791666671875001 0.861516203125 0.6817708328125 0.8994791671875 0.6890625 0.936516203125 0.6947916671875001 0.90225694375 0.6958333328124999 0.8559606484375 0.6916666671875 0.8226273140625 0.678125 0.7661458328124999 0.6770833328125 0.7309606484375 0.6828125 0.65225694375 0.6822165984375 0.65 0.667144096875 0.65