1 0.0765625 0.10791728281249999 0.0765625 0.184375 0.08477654531249999 0.184375 0.092887959375 0.1538556375 0.0943120234375 0.131633415625 0.087943375 0.0973615703125 0.09286824375 0.056960964062499994 0.0867171390625 0.0496700953125 0.07976500156250001 0.05487922656250001 0.0783013625 0.10201956406249998 0.0765625 0.10791728281249999
1 0.06028395156250001 0.19618793125 0.0652663203125 0.180659409375 0.068938771875 0.1624314296875 0.068938771875 0.1536826234375 0.06755958125 0.1279644265625 0.061666534375000005 0.098156821875 0.064789209375 0.068860325 0.062096382812499996 0.052875564062500005 0.0541814515625 0.0515625 0.05328894375 0.0515625 0.0498020984375 0.0548666359375 0.049564765625 0.0736575 0.0480076609375 0.10049095781249999 0.0453125 0.11656045468750001 0.0453125 0.178909465625 0.049176225000000004 0.196875 0.055331128125 0.196875 0.06028395156250001 0.19618793125
1 0.12250221875 0.0667007046875 0.1236150796875 0.062465931249999995 0.123209821875 0.0525984390625 0.12151619843749999 0.0507012078125 0.11057869843749998 0.050446634375 0.10938258125 0.052502690625 0.1112738171875 0.09144613124999999 0.1078125 0.10506621093749999 0.1078125 0.17574809687499998 0.1092315515625 0.1796875 0.118785440625 0.1796875 0.1212254859375 0.1764229265625 0.127017459375 0.1487724359375 0.1273083609375 0.12377243593750001 0.121696915625 0.09322771875 0.122580090625 0.07692086406250001 0.12250221875 0.0667007046875
1 0.0277206421875 0.05666213437499999 0.023734484375 0.0568477921875 0.019402967187500002 0.061969221875 0.017650821875 0.07250514999999999 0.017263643749999998 0.08359245781249999 0.0169649546875 0.1020551703125 0.0125 0.122132078125 0.0125 0.203125 0.025755546875 0.203125 0.026771489062499997 0.2027593453125 0.0313125765625 0.18167983906250001 0.0332630859375 0.1704959515625 0.0334518578125 0.1427545609375 0.02826888125 0.11249010468750001 0.0324694703125 0.0742747890625 0.0307984359375 0.0626683875 0.0277206421875 0.05666213437499999
1 0.9518424671875 0.459375 0.9512657875 0.4561578796875 0.9608188640625 0.34353505 0.956853290625 0.32644007343750003 0.9469739453124999 0.3165761421875 0.9502077359375001 0.3025644234375 0.9499407578125 0.252054225 0.9454114453125 0.3166580296875 0.933415790625 0.32766838125 0.9264438640625 0.34533656874999996 0.9247032875000001 0.4575499625 0.9241407453124999 0.459375 0.9518424671875 0.459375
1 0.8654374406249999 0.459375 0.8647350218750001 0.45645858281249996 0.868768015625 0.3439040375 0.8631699796875001 0.3217454515625 0.850210671875 0.310089890625 0.8370021453125001 0.32274443124999996 0.83201694375 0.3387757421875 0.838172521875 0.456767665625 0.8375334406249999 0.459375 0.8654374406249999 0.459375
1 0.8019700328124999 0.459375 0.8004873703125 0.441716540625 0.8069104406250001 0.347126546875 0.8009245796875 0.3286858390625 0.7937209609375 0.32278151875 0.793597090625 0.31516082343749996 0.7784892015625 0.33458398906250003 0.7740494390625 0.350043703125 0.7758321078125 0.455344546875 0.7748455937500001 0.459375 0.8019700328124999 0.459375
1 0.7363877953125 0.459375 0.7490936328125001 0.3359809046875 0.7435084421875 0.3158420171875 0.7309550781249999 0.3019531265625 0.72028930625 0.31167535 0.7092498828125 0.3359809046875 0.7100941031250001 0.454036459375 0.7087180140625 0.459375 0.7363877953125 0.459375
1 0.657252534375 0.459375 0.6560270796875 0.4532950875 0.6587374031250001 0.3502669859375 0.6526760125 0.3332813609375 0.6439852953125 0.325498740625 0.6331447625 0.3345329796875 0.6267223140625 0.3537085296875 0.6326057406250001 0.45618592031249994 0.63196183125 0.459375 0.657252534375 0.459375
1 0.6906805734375 0.459375 0.6898766140625 0.4559634703125 0.6978779453125 0.341992759375 0.6917424765625 0.3247475609375 0.6818287 0.31659150625 0.6698674765625 0.325129390625 0.6618596171875 0.34539783125 0.6656578640624999 0.4563862109375 0.6650202359375 0.459375 0.6906805734375 0.459375
1 0.22117683906250002 1 0.235393146875 0.924746503125 0.238419284375 0.8775242828125001 0.23477018749999998 0.8251149984375001 0.21379515625 0.751466134375 0.212559028125 0.710004184375 0.2180080609375 0.61282290625 0.20962199843749998 0.5918069218750001 0.19261250624999998 0.5899299046875 0.1803498390625 0.60510691875 0.1796875 0.6070531625 0.1796875 0.6962866953125 0.181309028125 0.7116419281249999 0.18122988281250002 0.7614781546875 0.1796875 0.768655125 0.1796875 1 0.22117683906250002 1
1 0.075537628125 0.96875 0.09929566875 0.96875 0.10523619375 0.9606824390625001 0.11361433437499999 0.9122531640624999 0.11497739062500001 0.862271346875 0.1077790125 0.8093117328125 0.0858984984375 0.7421177375 0.0822346671875 0.72119348125 0.07877541875 0.615528825 0.07077430625 0.597976784375 0.0629412234375 0.5949970437500001 0.0565224453125 0.5949970437500001 0.0496643953125 0.5988747109375 0.0453125 0.609456615625 0.0453125 0.658456378125 0.055785295312500004 0.7108530109375 0.0562918046875 0.73448230625 0.060149571874999995 0.73873989375 0.048468659375 0.802374209375 0.0469601546875 0.8648560249999999 0.05800013750000001 0.923462115625 0.06931485625 0.9584570937500001 0.075537628125 0.96875
1 0.1346639140625 0.7040330609375001 0.1322500296875 0.7173184734375 0.13899027343749998 0.7253243218750001 0.13977675625 0.7474737687499999 0.12525087968749998 0.75023026875 0.12278325937500001 0.7427187328125 0.12566052187500001 0.72733179375 0.11970152812499998 0.7192895609375001 0.132783540625 0.702040696875 0.1276759328125 0.6807858234374999 0.10275129999999999 0.6909598015625 0.096875 0.72330146875 0.096875 0.7785967109375 0.10957144218749999 0.8306917703125001 0.11202266093749999 0.8721764984375 0.1130843171875 0.8734375 0.1338289359375 0.8734375 0.141171415625 0.8638857234374999 0.1489682171875 0.7969643453125 0.14881224843750002 0.75675934375 0.1346639140625 0.7040330609375001
1 0.12057731093749999 0.8762586765624999 0.1310344296875 0.8630642343750001 0.1389052015625 0.8172309 0.141452803125 0.7686197890625 0.1378037671875 0.7338975671875 0.1208929046875 0.6838975671874999 0.11826290937499999 0.6297309 0.12046599218750001 0.5727864546875 0.11388118437500001 0.5568142328125 0.1038705140625 0.5540364546875 0.0949856078125 0.5595920125 0.090625 0.5713665406249999 0.090625 0.60031755 0.0963102140625 0.6908420125 0.090625 0.7118084515625 0.090625 0.7808389968749999 0.0953202046875 0.7991753453125 0.10169144687500001 0.8713975671874999 0.105778678125 0.8765625 0.11423807187499999 0.8765625 0.12057731093749999 0.8762586765624999
1 0.2692181078125 0.8862736359374999 0.2734375 0.851475059375 0.2734375 0.7755553390625 0.26752118281250004 0.740440303125 0.24217114999999997 0.6447700890625 0.242063534375 0.5683311343749999 0.2320474109375 0.547429165625 0.21875 0.546891378125 0.20991915625000002 0.5606615671874999 0.209375 0.567966725 0.209375 0.58119396875 0.22151926562500002 0.61690510625 0.2226020640625 0.7099606625 0.226098771875 0.741704846875 0.231874584375 0.7677432828125 0.253663265625 0.8261137546875 0.263622009375 0.8921875 0.2648501828125 0.8921875 0.2692181078125 0.8862736359374999
1 0.2788971515625 0.7612108078125 0.280352003125 0.7112108078125 0.2772540046875 0.6835012140625001 0.26069969375 0.63520375 0.259945621875 0.5269386 0.254470165625 0.51384643125 0.242832240625 0.5112732078125 0.234375 0.520434890625 0.234375 0.546241134375 0.2410069703125 0.560585578125 0.2414243296875 0.6535865890625 0.24732402968749997 0.692352746875 0.259271665625 0.7379542546875 0.2651847765625 0.8030956640625 0.267185825 0.8078125 0.26858841718750004 0.8078125 0.2788971515625 0.7612108078125
0 0.42313508125 1 0.428125 0.984722221875 0.43125 0.959722221875 0.43125 0.9083333328125001 0.42421875 0.8666666671875 0.402734375 0.828472221875 0.377734375 0.8076388890625001 0.339453125 0.8020833328125001 0.307421875 0.8270833328125 0.29921875 0.8444444437499999 0.28046875 0.9055555562500001 0.27578125 0.95694444375 0.28125 0.9986111109374999 0.281747159375 1 0.42313508125 1
1 1 1 1 0.8999421296874999 0.9971354171875 0.8993055562500001 0.99375 0.9053240734374999 0.9942708328125001 0.9432870375 0.9895833328125001 0.9729166671874999 0.9901041671874999 0.9923611109374999 0.9918229171874999 1 1 1
1 0.7289225265625 1 0.7291666671875 0.9988425921874999 0.7286458328125 0.9756944437499999 0.7229166671875 0.953472221875 0.7234375 0.91273148125 0.7184895828125 0.9067129625 0.7125 0.91273148125 0.7135416671875 0.953472221875 0.7078125 0.9803240734374998 0.70863233125 1 0.7289225265625 1
1 0.780620515625 1 0.780972078125 0.9979166671874999 0.7804512453125 0.984953703125 0.7736804109375 0.9571759265625002 0.7752429109375 0.9182870375000001 0.7713366609375 0.9104166671874999 0.766128328125 0.9104166671874999 0.762222078125 0.9182870375000001 0.7643054109375 0.9581018515625 0.7596179109375 0.97476851875 0.757534578125 0.9932870375 0.75816391875 1 0.780620515625 1
1 0.8358218015624999 1 0.8353384234375 0.9836725218750001 0.8285675890625 0.95496881875 0.82960925625 0.9160799296875 0.82570300625 0.9091354859375 0.8204946734374999 0.9100614109375 0.81710925625 0.9179317812499999 0.8191925890625 0.9558947437499998 0.81242175625 0.990154003125 0.8131140531250001 1 0.8358218015624999 1
1 0.8072247718749999 1 0.805972078125 0.9784722218749999 0.8013279484375 0.9605137124999998 0.8018054109375001 0.9423611109374999 0.8007637453124999 0.9182870375000001 0.7947741609375 0.9104166671874999 0.7893054109375 0.9182870375000001 0.790347078125 0.9571759265625002 0.7835762453124999 0.990509259375 0.7835762453124999 1 0.8072247718749999 1