1 0.249832034375 0.217382653125 0.2370633640625 0.3206895015625 0.2656465078125 0.3464485546875 0.28417040312499997 0.3744531203125 0.294369921875 0.3985555515625 0.30100269687500003 0.43217549375 0.304014996875 0.496105325 0.30621968437499997 0.5046875 0.3078125 0.5046875 0.3078125 0.3062377640625 0.297962828125 0.27813165624999997 0.2875745390625 0.22629238593749998 0.2860225046875 0.18184794375 0.2891094703125 0.13626027031250001 0.2862426734375 0.0764971046875 0.27484702968749997 0.0516388109375 0.2569536484375 0.0416898046875 0.2404936640625 0.061622376562500004 0.2365336796875 0.0822100484375 0.24892108125 0.18236169375 0.249832034375 0.217382653125
1 0.4296875 0.02003980625 0.4239531296875 0.0077948406250000005 0.4122343796875 0.0069753859375 0.4020397015625 0.0223193578125 0.39413026875 0.14742861875 0.3856718796875 0.17065396093750002 0.3856718796875 0.2875 0.385988284375 0.2875 0.41394493906249996 0.18651289843750002 0.418097909375 0.0695184515625 0.42259107812499996 0.051681415625000005 0.4296875 0.03708985625 0.4296875 0.02003980625
1 0.384796715625 0 0.38329929687500003 0.0038766546875000003 0.38317472656249996 0.09700494531250001 0.3703125 0.149863846875 0.3703125 0.2754533328125 0.37293310156250004 0.28125 0.3752749046875 0.28125 0.3791491375 0.2122827234375 0.397980440625 0.1432201375 0.3995652765625 0.030665584375 0.409375 0.0057321953125 0.409375 0 0.384796715625 0
0 0.227021184375 0.609375 0.233913984375 0.6018556703125 0.26611510156249996 0.5154813109374999 0.275 0.457115646875 0.275 0.409141703125 0.2736642609375 0.38507595 0.2540378046875 0.341413971875 0.2224353625 0.31140471875000003 0.185363540625 0.31140471875000003 0.1573894484375 0.3241110234375 0.1269713578125 0.3613049890625 0.1088719765625 0.40781054531249994 0.1088719765625 0.590262971875 0.10969300468750001 0.5954275390625 0.114209371875 0.609375 0.227021184375 0.609375
1 0.5921875 0.24158525156250002 0.5817420796875 0.19939030468750002 0.58210251875 0.120387415625 0.5785410093750001 0.10772364062499999 0.5691928765625 0.096836121875 0.5606476265625 0.09777463125 0.55319626875 0.118872503125 0.5617690875 0.20804799687500003 0.5500831406250001 0.27536656718749997 0.5517322515625 0.3015625 0.5683290125 0.3015625 0.5921875 0.29439391718749996 0.5921875 0.24158525156250002
1 0.20770676875 0.609375 0.20877231406250002 0.6261381359375 0.21921715156250002 0.6779640640625 0.22707253437500002 0.6875 0.2514666046875 0.6875 0.2546875 0.6793645546875 0.2546875 0.609375 0.20770676875 0.609375
1 0.0750933875 0.609375 0.0750933875 0.7203125 0.08774548125000001 0.7203125 0.0931831953125 0.7128920625 0.10753303750000001 0.6789892937500001 0.12367202343749999 0.621475415625 0.1244370140625 0.609375 0.0750933875 0.609375
1 0.7451039296874999 0.6575628203125 0.7326039296875 0.6569077234375 0.7255458125 0.6669354265624999 0.7229058234375 0.680660540625 0.727922365625 0.73499098125 0.7317317359375 0.740625 0.7534439374999999 0.740625 0.7546875 0.7289471578125 0.7546875 0.6736925234375 0.754597565625 0.6726170046875 0.7451039296874999 0.6575628203125
1 0.65559623125 0.6518366984374999 0.6569690875 0.67817095625 0.6668594234375 0.732720034375 0.6698359500000001 0.740625 0.6859375 0.740625 0.6859375 0.6552471265625 0.681812425 0.644693665625 0.659156175 0.6431093875 0.65559623125 0.6518366984374999
1 0.6967302906249999 0.857447453125 0.649960534375 0.8527807453125 0.640625 0.8596244765625001 0.640625 0.9208044203125001 0.6435022390625 0.9535571375 0.64873023125 0.971875 0.676315478125 0.971875 0.6826699828125 0.9548997625 0.6973517124999999 0.895887734375 0.7 0.8698027078124999 0.7 0.8644294718750001 0.6967302906249999 0.857447453125
1 0.7640625 0.9225806046875 0.7640625 0.8597579890624999 0.7610583375 0.8563569421875 0.7118880890625 0.8538224734375 0.7082512109375 0.8572128687499999 0.7061552 0.8724542796874999 0.7060408390624999 0.8757291453124999 0.7060408390624999 0.9221879765625 0.711989621875 0.974061375 0.718535290625 0.9984375 0.7438050484375001 0.9984375 0.745954978125 0.9977872203124999 0.754225621875 0.973654409375 0.7640625 0.9225806046875
2 1 0.7343590296875 0.4296875 0.7343590296875 0.4296875 0.82303928125 0.460307503125 0.8403006984375001 0.47365344218749994 0.838138265625 0.5000293890624999 0.84375 0.5260248187500001 0.84375 0.5342675 0.8415335031250001 0.5465275843749999 0.84375 0.5598929421875 0.84375 0.570399065625 0.8352737171874999 0.577106871875 0.8418086375 0.6218968765625 0.8336594328124999 0.6974193718749999 0.8348012312499999 0.7148009375 0.8296335062499999 0.7560778109375 0.8299996453125 0.76363155625 0.835100175 0.7905175 0.8266086406250001 0.8843023375 0.8287644625 1 0.8213445453125001 1 0.7343590296875