1 0.6375 0.459375 0.6375 0.38615973124999997 0.6248946015625 0.3327955609375 0.6250940484375 0.2828365046875 0.6314788515625 0.2276494421875 0.6317914265625 0.1874126078125 0.622556553125 0.165413978125 0.6099919093749999 0.159203325 0.5975888765625 0.1668815609375 0.5911825875 0.1866724296875 0.594102628125 0.30342098281249996 0.591284690625 0.3296460984375 0.5740916765625 0.3953710625 0.5684396406250001 0.44643240312500004 0.5694269078125 0.459375 0.6375 0.459375
1 0.5940651921875 0.3873645328125 0.5984375 0.363021790625 0.5984375 0.219254484375 0.5959348328125 0.1907697921875 0.5984375 0.1796693734375 0.5984375 0.1296588671875 0.5945063203125 0.12078095312499999 0.5862403234375 0.11495258125 0.5755295734375 0.11734841250000001 0.5687436234375001 0.1344230640625 0.5786071609375 0.255256396875 0.568184996875 0.30890470937500003 0.5661174671875 0.3503804015625 0.5742309234375 0.41160064218750003 0.5851045234375001 0.4493734609375 0.589448571875 0.45625 0.591480815625 0.45625 0.5940651921875 0.3873645328125
1 0.5638697828125 0.13628320625 0.5734375 0.11798536875000001 0.5734375 0.09152378125 0.5658123093749999 0.08280416562500001 0.5537699859374999 0.08829154375 0.5477615828125 0.104234221875 0.5450090390625 0.1917478578125 0.5416136734375 0.209789778125 0.5326496296875 0.23357494843749999 0.5326496296875 0.34375 0.5330444359375 0.34375 0.5358425437500001 0.32229432343750003 0.5570747234375 0.252949871875 0.562330640625 0.2029635078125 0.5638697828125 0.13628320625
1 0.7062358296875 0.290299196875 0.7011690421875001 0.23708477343749998 0.7052381390625 0.19684338125 0.715625 0.140951928125 0.715625 0.1203831921875 0.713382515625 0.11148129531249999 0.7059101375 0.1069507578125 0.693851265625 0.1105716125 0.685680090625 0.1290123203125 0.6790920296875 0.2193264859375 0.6652284500000001 0.258790040625 0.6652284500000001 0.421875 0.6755761734375 0.421875 0.6768286734375 0.4199814578125 0.685836753125 0.35766339375 0.704988715625 0.30557697500000003 0.7062358296875 0.290299196875
1 0.7396896843749999 0.459375 0.7432713796874999 0.44867278906249997 0.7514595046875 0.40930544375 0.7532876546875 0.338745515625 0.7469191078125 0.285467403125 0.7503226125 0.2478990546875 0.765625 0.167266071875 0.765625 0.15870825 0.7642494234375 0.1486727890625 0.756001840625 0.1403572015625 0.73998170625 0.1403572015625 0.7395872015625 0.1404775140625 0.7301700703125 0.15855630468749998 0.72064368125 0.2725818953125 0.7034168984375 0.3221176328125 0.7034168984375 0.459375 0.7396896843749999 0.459375
1 0.8734375 0.459375 0.8734375 0.13862153125 0.8686587203125 0.12993464999999998 0.8651201890625 0.12787325624999998 0.8557128625000001 0.12787325624999998 0.8497953468749999 0.1295284078125 0.8430093968750001 0.14731942656250002 0.8481730671874999 0.25863525625 0.8353947859374999 0.303939515625 0.8303156296875001 0.34744545 0.8369799609375 0.4098635625 0.8455098078125 0.4470769578125 0.85312683125 0.459375 0.8734375 0.459375
1 0 0.975 0.0057638484375 0.975 0.0078125 0.97173165 0.0078125 0.966844375 0.005695596875 0.9213936171875 0.0078125 0.91801638125 0.0078125 0.681914865625 0.0028508546875 0.66929240625 0 0.66907638125 0 0.975
1 0 1 0.03931791875 1 0.0406996078125 0.994836584375 0.047502046874999995 0.911503253125 0.03242241875 0.832727421875 0.0484375 0.7209389125 0.0484375 0.7148006875 0.0386294265625 0.6908112421875 0.0207722828125 0.68997953125 0.0057780546875 0.7199528921875 0.0033974968750000003 0.8369522421875001 0 0.846552359375 0 1
1 0.085425390625 1 0.0919459734375 0.9924390125 0.101419721875 0.958480759375 0.1115953515625 0.8637238546875 0.10080597656250001 0.8149736937500001 0.1077986578125 0.71497369375 0.1125 0.698121940625 0.1125 0.6978747140625 0.1053551328125 0.6737757171875 0.1005766515625 0.6722952203125001 0.0895513546875 0.6722952203125001 0.0736383015625 0.6958760671875 0.0702170484375 0.79556360625 0.0733999953125 0.8008067015625 0.0640777296875 0.8290517625 0.0640777296875 1 0.085425390625 1
1 0.1594996828125 0.6640625 0.1559196828125 0.6640625 0.14150719218750002 0.6648178265625 0.1368302921875 0.673431915625 0.14901814687499998 0.7788003015625 0.1383604 0.8239934265625 0.1523622375 0.9515840343749999 0.1664038265625 0.9703125 0.1667599640625 0.9703125 0.1765625 0.9683903656249999 0.1765625 0.78944305 0.1744716421875 0.7830456625 0.169426646875 0.6773029359375 0.1594996828125 0.6640625
1 0.20798068593750002 0.8651070421875 0.2116086546875 0.8206625984375 0.20140440312500002 0.77033009375 0.2125 0.67585220625 0.2125 0.6682937625 0.20891535781249998 0.6563996421875 0.19865456718750002 0.6505947078125 0.180995903125 0.6696650875 0.1768578984375 0.76419265625 0.1752737546875 0.7680935671875 0.1752737546875 0.9375 0.17723044999999998 0.9375 0.180656665625 0.9368305093749999 0.18624055625 0.9341774203125001 0.19675636406250002 0.9149407890625 0.2039557609375 0.870579471875 0.20798068593750002 0.8651070421875
1 0.069679746875 0.8399999953125 0.075 0.822953778125 0.075 0.7960382796875 0.06568814218749999 0.7679024906249999 0.0686777875 0.6677777734375001 0.0599914546875 0.6546875 0.04572763125 0.6546875 0.0453826984375 0.6546995453125 0.0400740375 0.663219953125 0.036599571875 0.6800113375000001 0.047410821874999995 0.696303853125 0.0474754640625 0.7074149640625 0.05107921562499999 0.7128458015625 0.05130546406249999 0.751734690625 0.04776635625 0.7574149640625001 0.048251175 0.840748296875 0.0590700359375 0.8734375 0.0663043203125 0.8734375 0.069679746875 0.8399999953125
1 0.5535006703125 0.459375 0.53479514375 0.519186021875 0.5261310265625 0.56984715 0.5280694421875001 0.6228265234375 0.5475525015625 0.7066894546875 0.556386390625 0.7274222375 0.5587409890624999 0.728125 0.607030875 0.728125 0.6137311125 0.713682915625 0.6161508703124999 0.6944212078125 0.6053636390625 0.6762299437499999 0.6038151453125 0.6567602671875 0.61723669375 0.560521053125 0.61875 0.5560792734375 0.61875 0.5118407109375 0.6064069390625 0.459375 0.5535006703125 0.459375
1 0.901782315625 0.459375 0.900673284375 0.4783120453125 0.927191134375 0.526516278125 0.93464164375 0.5526940171875 0.9418129437499999 0.6568197765624999 0.94767981875 0.6635971609375 0.9502712234375 0.6953431921875 0.9550786203125 0.696875 0.95625 0.696875 0.95625 0.47539343125 0.9506498156250001 0.459375 0.901782315625 0.459375