0 0.061527051562500004 0.3296875 0.06640258593750001 0.3253807328125 0.0721460765625 0.30212007343749997 0.0723400109375 0.2854534078125 0.06606301249999999 0.2537778578125 0.04301926875 0.234375 0.042018803125 0.234375 0.0318657859375 0.23629722968750003 0.021181540625000002 0.24742691093750002 0.0140625 0.26593828125 0.0140625 0.313679628125 0.0156213359375 0.322126521875 0.024166603124999998 0.32684389999999997 0.058503621875 0.3296875 0.061527051562500004 0.3296875
1 0.7522435187500001 0.5296875 0.7541710859374999 0.5017483890625 0.75159445625 0.4613069203125 0.738881 0.405205728125 0.739647734375 0.36070671875000004 0.7480668765625 0.2747320171875 0.7417004359375 0.2543339515625 0.7361515390625 0.25029997656249997 0.734923384375 0.25029997656249997 0.71640928125 0.2590164875 0.7087860109375 0.2775345921875 0.7079221546875 0.39855889843750003 0.6984375 0.442183159375 0.6984375 0.5296875 0.7522435187500001 0.5296875
1 0.6197172125 0.2306616890625 0.608623425 0.2114475078125 0.5960587796875 0.21802342968750002 0.589997390625 0.23586283749999998 0.5943025359374999 0.33541642656250004 0.5875 0.36942924062500004 0.5875 0.4848837171875 0.5922985484375 0.5076386484375 0.5959748109375 0.5125 0.6173633671875 0.5125 0.6219698875 0.50660416875 0.6328695515625 0.44188623125 0.6312045718749999 0.383744215625 0.6170072687499999 0.3294003453125 0.6197172125 0.2306616890625
1 0 0.5296875 0 1 0.1281179546875 1 0.10105795312500002 0.855753953125 0.101265003125 0.8418468765625 0.10600750781249998 0.8359829546875 0.11026474687500001 0.8393782921875002 0.11104116093750001 0.8245634765625001 0.098415078125 0.736926240625 0.102187134375 0.674907390625 0.1100902828125 0.603756596875 0.12045201875 0.535474521875 0.12096826093749999 0.5296875 0 0.5296875
1 0.258273271875 0.5296875 0.2470399859375 0.5365529453125 0.23982018593749999 0.5533306046875001 0.23788059218750002 0.5858655578125 0.24143313437499997 0.6383032140625 0.238617159375 0.7014362375000001 0.2342242390625 0.7212208046875 0.2185813640625 0.7687500421875 0.2140625 0.7936773265625 0.2140625 0.908879775 0.22004005000000001 0.956415396875 0.2234713671875 0.9640625 0.2506522765625 0.9640625 0.25593445312499996 0.9571855499999999 0.2770765609375 0.8842311593750001 0.2849069359375 0.83733965 0.284436296875 0.7883506046875001 0.271354240625 0.7052392578125 0.27411634687499997 0.6467358640625 0.2826399375 0.584987025 0.2828338734375 0.5683203578125 0.2855565515625 0.557922596875 0.2856427453125 0.5505151890625 0.27486685781250003 0.5375191203125 0.2762462578125 0.5296875 0.258273271875 0.5296875
1 0.428125 0.870561275 0.428125 0.9390625 0.43646104999999996 0.9390625 0.4426719921875 0.910083396875 0.443055359375 0.8878338921875001 0.43726151562500004 0.8639772453125 0.44162392187500005 0.8404752625 0.4403622875 0.8272126140625 0.4288521921875 0.8302892484375001 0.430230265625 0.8637317093749999 0.428125 0.870561275
1 0.405456225 0.8723731546875 0.4 0.8949762437500001 0.4 0.9358452906250001 0.402514803125 0.94375 0.41477517500000005 0.94375 0.4214261203125 0.9085339250000001 0.414049975 0.8716716531250001 0.416830075 0.8339803359375001 0.413387175 0.8280173140624999 0.4035649859375 0.8336755859375 0.405456225 0.8723731546875
1 0.39078966406250004 0.84113216875 0.3887906546875 0.8284954687500001 0.3852419 0.8248072546875 0.38493443437499997 0.8248072546875 0.3755579046875 0.8287223984375001 0.37833293125 0.863581321875 0.3734375 0.8936959390625001 0.3734375 0.9138415453125 0.374459484375 0.9310900734375 0.37957067499999997 0.95 0.39003077343750003 0.95 0.3945242453125 0.9480766124999999 0.39493758906250004 0.9457716296874998 0.39493758906250004 0.8938181859375 0.390488190625 0.8771065796874999 0.39078966406250004 0.84113216875
1 0.344243946875 0.87076866875 0.3421875 0.8781081609375001 0.3421875 0.9546875 0.3466212984375 0.9546875 0.3586716921875 0.92864740625 0.35912271875 0.8967575125 0.3555981625 0.8746625765625 0.36049366250000003 0.8454413609374999 0.3563962125 0.8254388500000001 0.3501462125 0.8255843203125 0.345181021875 0.8333232203125001 0.344243946875 0.87076866875
1 0.5970971875 0.8275042578124999 0.5871900796875 0.83080601875 0.5873377578125 0.8655555140625001 0.58125 0.8875924828125001 0.58125 0.935548015625 0.5822868265625 0.9390625 0.5889806656250001 0.9390625 0.593769928125 0.9379413781250001 0.599645878125 0.9088565328125 0.5996003359375 0.8907873390625 0.5944256 0.8642893562499999 0.5984560875 0.8421216812499999 0.5970971875 0.8275042578124999
1 0.613892725 0.8736329734374999 0.6109375 0.8835483421875001 0.6109375 0.9484375 0.6145917328125 0.9484375 0.619682834375 0.9469258374999999 0.6261185046875 0.9217894453125 0.627085425 0.8968121765625 0.622486475 0.8733829203125 0.6269668765625 0.8427591703124999 0.6235926484375 0.82968975 0.614855359375 0.8375673265625 0.613892725 0.8736329734374999
1 0.6574836125 0.839395628125 0.64604176875 0.8286266140624999 0.64375 0.838318753125 0.64375 0.8592538031250001 0.6456165 0.8780117328125 0.64375 0.8828080703125 0.64375 0.9546875 0.649883996875 0.9546875 0.6540223140625001 0.942264334375 0.6585021609374999 0.9089991984375001 0.6534289984375 0.878239053125 0.6574836125 0.839395628125
1 0.6734375 0.959375 0.6810815625 0.959375 0.6901486765625 0.9306284796875002 0.6851227703125 0.8874911078124998 0.6884965484375 0.8486204 0.6814951484374999 0.8395062624999999 0.6763896671875 0.8568173734375 0.676658396875 0.8846133312500001 0.6734375 0.8990689578125 0.6734375 0.959375
1 0.713197490625 0.841586715625 0.7045494531250001 0.833422146875 0.7011828546875 0.8491190124999999 0.7051444734375 0.877046984375 0.7040950203125 0.8991190124999999 0.7 0.915533003125 0.7 0.9198975921875 0.701429859375 0.9335408453125 0.7105311625 0.95625 0.71069840625 0.95625 0.719830765625 0.9554756046874999 0.7201744531250001 0.9533033218749999 0.7201744531250001 0.9066345124999999 0.7146812609375 0.8804255390625 0.713197490625 0.841586715625
1 0.7314392328125 0.8309422265624999 0.724102209375 0.8361923015624999 0.726319275 0.8736104140625001 0.7203125 0.9021971515625001 0.7203125 0.9152936125 0.7210874859375 0.9322712984375 0.7267301328125 0.946875 0.7365171187499999 0.946875 0.7404145171875001 0.9298956468749999 0.7404145171875001 0.8976834703125001 0.7341560171875 0.87458986875 0.735942175 0.84252259375 0.7314392328125 0.8309422265624999
1 0.759492971875 0.8419535828125 0.7576166078125001 0.8287250453125001 0.747830784375 0.8320268093750001 0.7507699359375 0.8640258 0.7453125 0.8837893593749999 0.7453125 0.93419875 0.74642735 0.9389576156250001 0.7493881234375 0.9421875 0.752263471875 0.9421875 0.7581461 0.9391621671875001 0.7629709640625 0.915632878125 0.76309216875 0.8947995453124999 0.7562386859375 0.8641212578124999 0.759492971875 0.8419535828125
1 0.665625 0.8891433359375001 0.665625 0.94375 0.6680126359375 0.94375 0.668512590625 0.9148941125000001 0.6766756984375 0.8868298328125 0.6765846140624999 0.8507823890624999 0.682336328125 0.8436151109375001 0.678577084375 0.83059575 0.670175884375 0.8357911125000002 0.669372534375 0.8746481687500001 0.665625 0.8891433359375001
1 0.7005015171875 0.842058065625 0.7050225140624999 0.8349718265625 0.7024160671875 0.8296630203124999 0.696666284375 0.8296630203124999 0.69375 0.83539559375 0.69375 0.85396639375 0.6947312953125 0.8647852140625 0.69375 0.867433259375 0.69375 0.90136148125 0.6942756671874999 0.900183 0.6958526703125 0.8886696781250001 0.6983948468750001 0.8788080546874999 0.698614959375 0.8513748218749999 0.7005015171875 0.842058065625
1 0.934995625 0.8374545062500001 0.9340886015625 0.8376591234375 0.9320465890625 0.8451614359375 0.9316102390625 0.8826614359375 0.9296875 0.8927944640625001 0.9296875 0.95238405 0.932022790625 0.95625 0.943391575 0.95625 0.9474831703125 0.9296420062500002 0.9477094265625 0.910197559375 0.9425315781249999 0.8848151484375 0.9438138234375 0.8418142249999999 0.93961679375 0.8374545062500001 0.934995625 0.8374545062500001
1 0.9736159046874999 0.8450910203124999 0.9690578203125 0.8453506203125001 0.964371796875 0.855901515625 0.9645864484375 0.873062828125 0.9633612687500002 0.887934934375 0.9609375 0.8963930578125 0.9609375 0.9609375 0.9719069140624998 0.9609375 0.9742273593749999 0.9547150328124999 0.9770914046874999 0.9336344999999999 0.9770802156249999 0.9068196531249999 0.975768296875 0.8884909078125001 0.9769203140624999 0.878759975 0.9787206109375 0.8597581859375 0.9767589937500001 0.847348421875 0.9736159046874999 0.8450910203124999
1 1 0.8575657984374999 0.9994441500000001 0.8473728953125 0.9960866453125 0.8408821203125001 0.9910896328125001 0.8408672218750001 0.9877386390625 0.8462144 0.9866796624999999 0.8610989531250001 0.98870120625 0.8881015359375001 0.9859375 0.9099898796874999 0.9859375 0.9227583625 0.989855165625 0.9548957515625001 0.9967919421874999 0.9609375 1 0.9609375 1 0.8575657984374999
1 0.9166168296875 0.946875 0.9166168296875 0.8873907593749999 0.913448284375 0.8747560218749999 0.9132905546875 0.8555343578125001 0.91318443125 0.843002896875 0.9081193843750001 0.83240729375 0.9077172593749999 0.83240729375 0.9015625 0.8357120109375 0.9015625 0.8505961624999999 0.9017016453124999 0.852076809375 0.9037331609375 0.8698240828125 0.9019445812499999 0.8839097453125 0.9015625 0.88863598125 0.9015625 0.9139039859375 0.9047143625 0.9388858875 0.90963446875 0.946875 0.9166168296875 0.946875
1 0.963755996875 0.8725719671875 0.9638442578124999 0.8649867328124999 0.9649006734375 0.8557766843750001 0.9642873453125 0.847303059375 0.9629527812500001 0.8396266609375 0.9598378265624999 0.8325271765625001 0.9589297828125 0.8325271765625001 0.9556653296875 0.83367735625 0.95328826875 0.8382465515625 0.9541952484374999 0.8580426640625 0.95361700625 0.8771855046875 0.953125 0.8806841125 0.953125 0.9477471671875 0.953387571875 0.9484375 0.9567306203125 0.9484375 0.959824934375 0.9452768859375 0.9576006859374999 0.9324828843749999 0.9580486609375001 0.9143777953125 0.9613030468750001 0.89982629375 0.9647553468750001 0.8886612203125 0.963755996875 0.8725719671875