1 0 0 0 0.10625 0.0090385421875 0.10625 0.014169834375 0.099903415625 0.025137162499999997 0.0539656453125 0.0296875 0.017451465625000002 0.0296875 0 0 0
1 0.05789246875 0 0.0570324453125 0.00442405625 0.056726531250000004 0.0339720984375 0.05949769218749999 0.0624784703125 0.0697005765625 0.1145063859375 0.0741779609375 0.11875 0.0855898140625 0.11875 0.0890037328125 0.1186016859375 0.0970685671875 0.11660106875000001 0.0993826921875 0.11133087500000001 0.10947614531250001 0.0549859921875 0.1109375 0.0334368390625 0.1109375 0.007925557812500001 0.110300825 0 0.05789246875 0
1 0.12428182968749998 0 0.1234375 0.0175715875 0.12552083281249998 0.0480058015625 0.1354166671875 0.102984990625 0.1386128796875 0.1078125 0.16192452968749999 0.1078125 0.165625 0.09937370625 0.1744791671875 0.0562654140625 0.1776041671875 0.029231553124999997 0.17808731093750002 0 0.12428182968749998 0
1 0.191109621875 0 0.191109621875 0.052837328125000006 0.1911254625 0.0531442984375 0.1982429921875 0.0930045625 0.20158324218749998 0.1 0.219930578125 0.1 0.224440021875 0.0991761046875 0.22796281718750003 0.0913254296875 0.23528316093749999 0.059883340625 0.240625 0.0247592953125 0.240625 0 0.191109621875 0
1 0.2735172265625 0 0.273878390625 0.009593381250000001 0.2809172 0.0451186890625 0.2919041703125 0.0846453078125 0.2928739375 0.0859375 0.30625 0.0859375 0.30625 0 0.2735172265625 0
2 0.46875 0 0.46875 0.0850888515625 0.47870941250000004 0.08552015156250001 0.5470384375 0.0958831734375 0.761788103125 0.1125 1 0.1125 1 0.0269214703125 0.6780439359375 0 0.46875 0
1 0.23610356718749997 0.882492871875 0.23900279218749998 0.8921875 0.2480027015625 0.8921875 0.2554408125 0.888730475 0.265625 0.8386454406249999 0.265625 0.8127749546875 0.2585396484375 0.77759208125 0.2637501953125 0.7179789875 0.2583030796875 0.705968815625 0.2520530796875 0.7057505625 0.24582994375 0.715962615625 0.2434429265625 0.7395191624999999 0.2477424203125 0.7507939640625001 0.2461366515625 0.77437779375 0.24023139218749998 0.7866868203124999 0.23604351562499998 0.804800121875 0.23604351562499998 0.881628528125 0.23610356718749997 0.882492871875
1 0.1453125 0.6829907000000001 0.1453125 0.6638994796875 0.142869334375 0.6586824328125 0.137400584375 0.6583000203125 0.13231438281250002 0.6684162203125 0.1305090828125 0.712969925 0.126059303125 0.726623140625 0.126059303125 0.809375 0.1334955046875 0.809375 0.1378359859375 0.802842159375 0.1453125 0.7670596328125 0.1453125 0.7494520765624999 0.141657071875 0.7109569718750001 0.1453125 0.6829907000000001
1 0.1773740171875 0.7325127078125 0.18125 0.6909119109375 0.18125 0.6802432296875 0.17830434687500002 0.672406125 0.170686565625 0.672406125 0.1657049921875 0.6820249859375 0.166172775 0.7221525703125 0.15914273437499998 0.752546621875 0.15914273437499998 0.8300182734374999 0.1668774890625 0.8328125 0.17076607187499998 0.8328125 0.1792202078125 0.8099400328125 0.18125 0.7957953625 0.18125 0.75968625 0.1773740171875 0.7325127078125
1 0.22046505 0.8538701296875001 0.225 0.8208454296875001 0.225 0.7813842171875001 0.21752335625 0.75126995 0.22035746406249998 0.7010331515624999 0.21452369375 0.6871565328125 0.2140215265625 0.6871565328125 0.20390273125 0.6939430078125 0.20580460625 0.7521579453125 0.19585844531250002 0.7890386484375 0.1960523703125 0.8223719828125 0.20170696875 0.85390203125 0.20761302656249997 0.8578125 0.2145868828125 0.8578125 0.22046505 0.8538701296875001
1 0.1991181796875 0.778125 0.2046875 0.756018390625 0.2046875 0.72716106875 0.20087890625 0.7316916046874999 0.19775390625 0.7485402828125001 0.19619140625 0.770853509375 0.1979693171875 0.778125 0.1991181796875 0.778125
1 0.2044761296875 0.6666475828125 0.20301363125 0.67885549375 0.20301363125 0.68381374375 0.20463181874999997 0.6921875 0.207417959375 0.6921875 0.215625 0.689515115625 0.215625 0.663018928125 0.21510785625 0.6618478328124999 0.20810084843749999 0.6604180359375 0.2044761296875 0.6666475828125
1 0.2546875 0.68328155 0.24782057812499997 0.674374075 0.23968650781249998 0.6840573531249999 0.24466259687499997 0.735510015625 0.23857544375 0.77502251875 0.24297229374999998 0.8098722875 0.24690571249999999 0.81875 0.24933153125000002 0.81875 0.2546875 0.785819109375 0.2546875 0.7609720921875001 0.249552109375 0.7193535328125 0.2546875 0.7091645328125 0.2546875 0.68328155
1 0.27421875 0.7208333328125001 0.26640625 0.7486111109375 0.26484375 0.7736111109375 0.2703125 0.809722221875 0.27578125 0.8111111109374999 0.27890625 0.7736111109375 0.2859375 0.747222221875 0.28359375 0.70555555625 0.28828125 0.6888888890625 0.2875 0.66944444375 0.280859375 0.66180555625 0.276171875 0.6645833328124999 0.27265625 0.675 0.27421875 0.7208333328125001
1 0.28515625 0.7541666671874999 0.2765625 0.7888888890625 0.275 0.8222222218749999 0.28046875 0.859722221875 0.29375 0.8638888890625 0.2984375 0.859722221875 0.30546875 0.8263888890625001 0.30625 0.8 0.29765625 0.75 0.3015625 0.702777778125 0.296484375 0.690972221875 0.289453125 0.6895833328125001 0.284375 0.7 0.28515625 0.7541666671874999
1 0.315625 0.734722221875 0.30625 0.76944444375 0.30546875 0.79444444375 0.3109375 0.834722221875 0.32421875 0.8388888890625001 0.328125 0.834722221875 0.334375 0.8055555562500001 0.33515625 0.7763888890625 0.328125 0.7402777781250001 0.33125 0.6875 0.326953125 0.678472221875 0.319921875 0.6770833328125 0.3140625 0.690277778125 0.315625 0.734722221875
1 0.33671875 0.8041666671875 0.341015625 0.815972221875 0.35078125 0.81805555625 0.3578125 0.8083333328125001 0.3625 0.7638888890625 0.36171875 0.7458333328125001 0.35625 0.725 0.359375 0.6763888890625 0.351171875 0.6645833328124999 0.34375 0.675 0.34453125 0.7180555562500001 0.334375 0.7597222218749999 0.33671875 0.8041666671875
1 0.6051765890625 0.4890625 0.5936923015625 0.53684718125 0.5936923015625 0.7541263218750001 0.5992035296875 0.7546875 0.6388197734375 0.7546875 0.6495181390625 0.7385897375 0.659375 0.6969245453124999 0.659375 0.522358703125 0.6537480453125 0.4890625 0.6051765890625 0.4890625
1 0.7046266140624999 0.4890625 0.7038504875 0.5141777390625 0.6966677171875 0.5391617125 0.6966677171875 0.75625 0.721493521875 0.75625 0.7522376749999999 0.6840639046875 0.75625 0.64361405625 0.75625 0.6034397359375 0.7430546953125 0.5357685140624999 0.7477410296875 0.4890625 0.7046266140624999 0.4890625
1 0.8532857109374999 0.4890625 0.8517063171875 0.53537486875 0.8393240953125 0.575579575 0.8393240953125 0.72677678125 0.84210006875 0.74162486875 0.846803834375 0.7453125 0.8750735578125 0.7453125 0.88443311875 0.735796371875 0.8992619062500001 0.6849953359375001 0.9078125 0.6262858375 0.9078125 0.6188753296875 0.890914365625 0.52974663125 0.8933288671875002 0.4890625 0.8532857109374999 0.4890625
1 0.53985149375 0.4890625 0.54032168125 0.5166098421875 0.5235886984375 0.596037234375 0.5224807171875 0.674280634375 0.5323011421875 0.7501327390625001 0.5423190359375 0.7578125 0.5438167218750001 0.7578125 0.565159096875 0.75545885625 0.5815426203125 0.7503094140625001 0.5875 0.7384751093749999 0.5875 0.6781064703124999 0.5842733390625 0.4890625 0.53985149375 0.4890625