1 0.0921875 0.5 0.0921875 0.45658064375 0.0912700390625 0.4488112109375 0.0838652484375 0.42923948906250003 0.0763958140625 0.3985566578125 0.07570798749999999 0.3698438609375 0.079551440625 0.31436103593750003 0.0788690015625 0.2865741671875 0.0722589265625 0.2693308984375 0.05869032656249999 0.26446489687499997 0.05298809375 0.2689945234375 0.0460618890625 0.28692734999999997 0.0456595671875 0.307288628125 0.0500417078125 0.34439839375000003 0.051873551562499995 0.39072196406250004 0.049393284375 0.4119728046875 0.0386928078125 0.45252263125000003 0.0341669140625 0.48021858906250003 0.0340638015625 0.5 0.0921875 0.5
1 0.1546875 0.5 0.1546875 0.480600303125 0.15420770625 0.47178632968749995 0.1388807046875 0.4009461640625 0.13808684375 0.3796195578125 0.1430723421875 0.309370425 0.1427777671875 0.2899108265625 0.1403136625 0.277798015625 0.12977125625000002 0.2659132703125 0.12300042343749999 0.265716259375 0.1172173859375 0.27017918750000003 0.11216711406249999 0.2788315125 0.109433659375 0.28986685 0.1133706453125 0.39927765625 0.09861860156249999 0.4581277375 0.09643388281250001 0.4803251265625 0.09643388281250001 0.5 0.1546875 0.5
1 0.1078125 0.5 0.1078125 0.394931915625 0.1044724015625 0.3836797109375 0.10259482187499999 0.27619956874999996 0.09585053906249999 0.260135275 0.08596945781250001 0.2546608984375 0.083325203125 0.2546608984375 0.078012828125 0.2577696625 0.0734375 0.265744703125 0.0734375 0.2657802265625 0.0811908796875 0.298017134375 0.08012926249999999 0.364780778125 0.08211636875 0.39625014062499997 0.088532221875 0.42205483906249996 0.0986370328125 0.4487006078125 0.10509268593750001 0.48655446874999997 0.10615189218750001 0.5 0.1078125 0.5
1 0.1890625 0.5 0.1890625 0.44117172499999996 0.17441901875000002 0.3893205890625 0.173193815625 0.339281121875 0.17521945781249998 0.30756284218749996 0.1737286015625 0.27982453125 0.17135426250000002 0.2716490640625 0.1644720046875 0.2614942453125 0.155069353125 0.2598334890625 0.1532157265625 0.2598334890625 0.1431969265625 0.272854321875 0.1459916109375 0.2930668265625 0.14919268125000001 0.38473349375 0.14785303125 0.40618765625000003 0.1639525765625 0.463455396875 0.16918626718750002 0.4936952203125 0.169319796875 0.5 0.1890625 0.5
1 0.3421875 0.5 0.3421875 0.469130959375 0.33887709374999997 0.44862557656249996 0.32392008906249997 0.3912181703125 0.3250765953125 0.33658853906249997 0.3290564265625 0.3078848375 0.3283595328125 0.2782552078125 0.3215168296875 0.26205150312500003 0.311674865625 0.2574218734375 0.3017036140625 0.2639033546875 0.29497232812499996 0.28288483750000004 0.29469219999999996 0.306958909375 0.2993187328125 0.3569589109375 0.298984734375 0.3856626140625 0.28225586406250003 0.45970979375 0.28225586406250003 0.5 0.3421875 0.5
1 0.2546875 0.5 0.2546875 0.42063214374999996 0.2453747984375 0.3912835984375 0.240989140625 0.28367593125 0.233151409375 0.26511165625 0.2254021125 0.2611790375 0.22196336562500002 0.2611790375 0.2134244921875 0.267305890625 0.2081118953125 0.2848527265625 0.2100543046875 0.31263050312499996 0.21921220937500002 0.36877822031249996 0.22069853281250001 0.39751530156250003 0.2097324640625 0.47262404687500004 0.2103059390625 0.5 0.2546875 0.5
1 0.268668634375 0.5 0.2703125 0.48045761875000004 0.2703125 0.4727998203125 0.2672282125 0.4404422875 0.25517042343749996 0.3835259546875 0.25720746875 0.3251926203125 0.260878659375 0.2945461265625 0.26067767656249996 0.270508428125 0.25369143906249997 0.25456844843750004 0.24285094218749997 0.2521726171875 0.23536527031249999 0.257982803125 0.233364515625 0.263139053125 0.23854400468749998 0.2786797265625 0.2397184953125 0.289736275 0.23295914999999998 0.373485115625 0.23295914999999998 0.386507590625 0.2354504015625 0.41195849687499997 0.24542136874999998 0.45415095625 0.24734652031249998 0.4735044609375 0.24800366718750003 0.4993758234375 0.2479662984375 0.5 0.268668634375 0.5
1 0.43125 0.5 0.43125 0.4212285953125 0.4213572859375 0.37757370625000003 0.42242565781249997 0.27097098750000004 0.4184026421875 0.2581141046875 0.40989453124999997 0.2498977359375 0.401599446875 0.2498977359375 0.395104321875 0.254621821875 0.388598434375 0.27288196875000004 0.39542338906249996 0.3820351453125 0.383031271875 0.439851728125 0.38013980625 0.4658837390625 0.38094805625 0.4936615171875 0.38172885 0.5 0.43125 0.5
1 0.6727956484375 0.5 0.6615731984375 0.457551375 0.6597197968749999 0.43253319375 0.6635669140625 0.36036551562499997 0.6626689875 0.327952046875 0.6543644265624999 0.307950703125 0.641278946875 0.3022436375 0.6309484765625 0.30952983437500003 0.6241488703125 0.3293554265625 0.6239081609375 0.3534234390625 0.6321587265625 0.43591569375 0.63084403125 0.457193809375 0.6217488140625 0.5 0.6727956484375 0.5
1 0.7506750828125 0.5 0.74839551875 0.48476957968749995 0.7345360234375 0.4299035796875 0.7328657875 0.4113577890625 0.7376701062500001 0.3420042546875 0.7364883796875 0.3179119984375 0.729883690625 0.3015946546875 0.7173513703125 0.29582091093749996 0.7090557468750001 0.302156934375 0.702655759375 0.32102477500000004 0.70280120625 0.346024775 0.7089397749999999 0.4164951484375 0.7079789125 0.43036585625 0.6927525390625 0.4986116390625 0.692694103125 0.5 0.7506750828125 0.5
1 0.4212972875 1 0.41961844218750005 0.9891860000000001 0.4225320609375 0.9475193328125 0.43188706093749996 0.895400640625 0.4328125 0.8821662453125001 0.4328125 0.86417739375 0.43193752500000004 0.8575589687499999 0.42166427500000003 0.8449580734375001 0.412100371875 0.8449580734375001 0.4072922046875 0.8499391953125001 0.3995192203125 0.868297978125 0.395884815625 0.8980003828124999 0.396940765625 0.9348676109374999 0.39214377031250003 0.9886198328125001 0.388601915625 1 0.4212972875 1
1 0.5041462531249999 1 0.4973204671875 0.97150160625 0.49650873124999995 0.946495546875 0.5010382953125 0.8882228171875 0.500248109375 0.865068609375 0.495930603125 0.8520571640625001 0.49143348906249995 0.8459871296875001 0.4809845015625 0.84308814375 0.474777596875 0.8467191203125001 0.470952153125 0.8536181140625001 0.4674894796875 0.8693164328125 0.472582721875 0.9489945437500001 0.47176731250000004 0.9684268687500002 0.46460105625 1 0.5041462531249999 1
1 0.5587494765625001 1 0.549202 0.943972946875 0.55448405625 0.867221096875 0.5494257078125 0.84815325 0.5426171671875 0.8415535828125 0.5374088328125 0.8414626703125 0.530659546875 0.8450481890624999 0.52527429375 0.859304584375 0.527831671875 0.9408224296875 0.525850690625 0.9583786578125 0.5148441046875 1 0.5587494765625001 1
1 0.15625 1 0.15625 0.982290728125 0.14647055312499999 0.9329209437500001 0.1467614546875 0.9079209437500001 0.1514776015625 0.8608199593750001 0.1506514171875 0.8422711312500001 0.14686907031250002 0.8315093234375001 0.13391288125 0.8255749 0.1275982375 0.8309485984375 0.1224833203125 0.8451564828125001 0.124595553125 0.9322844468749999 0.10922570937500001 0.9994527078125 0.109196215625 1 0.15625 1
1 0.2125 1 0.2125 0.9876125437500001 0.2036423046875 0.9571394812499999 0.20345660156249998 0.8524007484375 0.19671231718749999 0.8363364546875001 0.18958160625 0.83125 0.1873029734375 0.83125 0.1824341890625 0.832034134375 0.1764429421875 0.837735159375 0.1729032609375 0.8456964484375 0.1713805625 0.857781975 0.17903708437500002 0.9438082296874999 0.1786423046875 0.9577213624999998 0.1703189578125 1 0.2125 1
1 0.27059239687500003 1 0.26368384843750003 0.9688958234375 0.2638559828125 0.9289626078125 0.26633430156250004 0.9102072921875 0.265662265625 0.861054284375 0.259530665625 0.8424872000000001 0.2536349703125 0.8387145859375 0.2430800203125 0.8387145859375 0.2371025 0.8432583296875 0.23024559687499999 0.863738 0.23063011718749998 0.889703390625 0.23660749218750002 0.9412395124999999 0.2374481765625 0.9653135859375 0.23382770156250002 0.996224340625 0.232917053125 1 0.27059239687500003 1
1 0.34627371875 1 0.348059459375 0.994169559375 0.343142028125 0.9691695593749999 0.343249771875 0.9599103 0.35127407499999996 0.8969473359375 0.3515326546875 0.8747251140625 0.34559510625 0.8478732640625001 0.33398948281249996 0.8381510406249999 0.3261338859375 0.8418547437499999 0.312886796875 0.8612991890625 0.3071864046875 0.8812065953125 0.30998475625 0.9987991890625001 0.3097006015625 1 0.34627371875 1
1 0.2953125 1 0.2953125 0.9573296453125 0.290661353125 0.9419291015625 0.28903982031250003 0.9262217374999999 0.290298584375 0.8694064906250001 0.28887415 0.8490361203125 0.2800594984375 0.8314645234375 0.2689925046875 0.830313578125 0.2645639921875 0.8343176718749999 0.2613375875 0.8442902171875 0.2686206828125 0.8661452984375 0.2701717546875 0.8958083046875001 0.26884824375 0.9516976249999999 0.2706611609375 0.97762355 0.2774325921875 1 0.2953125 1
1 0.5902209843749999 0.5 0.5901502859375001 0.5142077109375001 0.5717955765625 0.5695745624999999 0.5717955765625 0.8078125 0.607077565625 0.8078125 0.6161447328125 0.801721478125 0.6369103015625 0.736388978125 0.647764725 0.688069178125 0.6484375 0.678448046875 0.6484375 0.6184416890625 0.6290585734375 0.5 0.5902209843749999 0.5
1 0.7213122249999999 0.5 0.7227438562499999 0.5118428421875 0.703204578125 0.60280153125 0.7026341046875 0.6711544968750001 0.731368225 0.77761278125 0.7362572078125 0.78125 0.7700969843750001 0.78125 0.7762822921874999 0.7747203734375001 0.778125 0.7659101640625 0.778125 0.5760615578125 0.7582594546875 0.5220983171875 0.7580621375 0.5 0.7213122249999999 0.5
1 0.8130959921875001 0.5 0.8148278031249999 0.516781015625 0.7962194078125 0.5940370015624999 0.794660009375 0.6570517875 0.8193247749999999 0.7532275375 0.828126115625 0.7578125 0.8392124843750001 0.7578125 0.8520180609375 0.7562998875 0.86176034375 0.748162059375 0.8625 0.7443387140625 0.8625 0.5619607531249999 0.8458200859375001 0.507032959375 0.8459776031249999 0.5 0.8130959921875001 0.5
1 0.882679396875 0.5 0.883558128125 0.5147241140625 0.8656787609375 0.5804056484375 0.8656787609375 0.6737043843749999 0.8797748171875 0.7324362875 0.886087128125 0.7375 0.9088125734375 0.7375 0.9166176140625 0.73520381875 0.9198606921875001 0.725056215625 0.9330476921875 0.666015625 0.9359375 0.6235773625000001 0.9359375 0.6208321953125 0.929142596875 0.5719196859375 0.9122866593750001 0.5165691296875 0.9130407375 0.5 0.882679396875 0.5
1 0.6990501375 0.5 0.70207168125 0.5239980859375 0.6867564296875 0.6102307 0.6967880625 0.6818660015625 0.7109375 0.7244356406250001 0.7109375 0.68864319375 0.7076510140625001 0.6756100140625 0.70390954375 0.6221044796874999 0.7109375 0.58253353125 0.7109375 0.5 0.6990501375 0.5