1 0.5296875 0 0.5181341859375 0 0.5163711953125001 0.003620728125 0.514066946875 0.0882338234375 0.509375 0.10459180625 0.509375 0.1828125 0.5296875 0.1828125 0.5296875 0
1 0.4609375 0.151269071875 0.4609375 0.1828125 0.50005330625 0.1828125 0.50005330625 0.142456434375 0.48905205625 0.1061818671875 0.490412315625 0.0185227 0.48014153437499996 0.0015595078125 0.4685440234375 0.0062036765625 0.463849815625 0.019605040625 0.46890120625 0.1125650953125 0.4609375 0.151269071875
2 0.5296875 0.216209896875 0.28808931875 0.2385293015625 0.263056990625 0.24210540625000002 0.259375 0.2501046046875 0.259375 0.3109375 0.46947340468750004 0.3109375 0.5296875 0.3049120171875 0.5296875 0.216209896875
1 0.5741443687500001 0 0.573153871875 0.07212023437500001 0.5671875 0.091041996875 0.5671875 0.246875 0.581143615625 0.246875 0.589906140625 0.23644314687499998 0.603820346875 0.1652824328125 0.6032072484375 0.1140299515625 0.594247621875 0.07138362499999999 0.6005376515624999 0 0.5741443687500001 0
1 0 1 0.0455523453125 1 0.044035034375 0.9407636468749999 0.025213604687500002 0.8784782625 0.0354991015625 0.7715447578125 0.031175278125 0.756329859375 0.018166784375 0.7457730671875 0.0009065484375000001 0.7504017796875 0 0.751983365625 0 1
1 0.10809151718750001 1 0.115625 0.96484375 0.1125 0.90859375 0.0984375 0.85390625 0.103125 0.75390625 0.08828125 0.7375 0.07578125 0.7390625 0.065625 0.75546875 0.06875 0.84921875 0.0484375 0.91484375 0.05509033125 1 0.10809151718750001 1
1 0.198811140625 1 0.1984375 0.99140625 0.178125 0.89765625 0.1859375 0.77421875 0.17421875 0.7546875 0.16171875 0.75 0.14609375 0.7546875 0.1359375 0.77265625 0.134375 0.82578125 0.1421875 0.89609375 0.115625 0.97421875 0.11102120468750001 1 0.198811140625 1
1 0.284375 0.92109375 0.2828125 0.99140625 0.2953125 0.98515625 0.30625 0.94765625 0.309375 0.88984375 0.29375 0.83359375 0.2984375 0.75390625 0.2953125 0.74453125 0.28203125 0.7359375 0.26875 0.74609375 0.2671875 0.85078125 0.284375 0.92109375
1 0.27598684218749997 1 0.284375 0.96015625 0.284375 0.91953125 0.2671875 0.85390625 0.2703125 0.75234375 0.25859375 0.7390625 0.24765625 0.740625 0.2375 0.75390625 0.2390625 0.84765625 0.234375 0.86640625 0.2515625 0.94609375 0.2525426140625 1 0.27598684218749997 1
1 0.252421875 1 0.253125 0.99609375 0.2515625 0.95078125 0.2328125 0.86953125 0.2375 0.76015625 0.22109375 0.74375 0.20859375 0.7453125 0.196875 0.76171875 0.2 0.87265625 0.184375 0.91796875 0.1984375 0.97734375 0.19910386093750002 1 0.252421875 1
1 0.10625 0.87890625 0.1171875 0.96015625 0.13125 0.93515625 0.1421875 0.89453125 0.134375 0.78359375 0.1484375 0.74921875 0.13515625 0.734375 0.11875 0.74296875 0.115625 0.75390625 0.1203125 0.82421875 0.10625 0.87890625
1 0.6752616296875 0.9587968234375 0.6723047453125 0.9623645312499999 0.669624765625 0.9555292156250002 0.664937265625 0.95569290625 0.6595476265625 0.96073135 0.6578862296875 0.968411159375 0.6515625 0.9719314656249999 0.6515625 0.9734375 0.6762762515625 0.9734375 0.684458621875 0.96124721875 0.6989760703125001 0.8928370015624999 0.7010231640625 0.8608925562499999 0.6990057843749999 0.8193895796875001 0.6816699921875 0.7493201375 0.68048329375 0.731346428125 0.6857741046875 0.6244565484375 0.6794647796875 0.6073546125 0.6665395468749999 0.60226285 0.655414146875 0.6116589328125001 0.6515625 0.62356081875 0.6515625 0.6847575265625 0.6530011078125 0.710133634375 0.6522297171875 0.7586629 0.6515625 0.7612882671875 0.6515625 0.9113290624999999 0.67508365625 0.9068362578125001 0.68453776875 0.9113563453125 0.6815314171875 0.94610585 0.6752616296875 0.9587968234375
1 0.554046609375 0.6 0.546777365625 0.6090289015625 0.5453125 0.6160073625 0.5453125 0.622650859375 0.56008579375 0.7169484015625 0.56061115625 0.73500395625 0.551492221875 0.797949625 0.552462121875 0.831282959375 0.5574595109375 0.8686237921875 0.5653394234375 0.8975039562500001 0.5788866109375 0.934375 0.6003432625 0.934375 0.6075943374999999 0.924983446875 0.6078125 0.9236448484374999 0.6078125 0.7918915578125001 0.6022868828125001 0.769459725 0.58458743125 0.725683784375 0.578269840625 0.616088896875 0.569286265625 0.6 0.554046609375 0.6
1 0.7015625 0.6 0.7015625 0.6451229171875 0.7051059796875 0.6987682796875 0.7015625 0.7231303796875 0.7015625 0.7971587859375 0.70838191875 0.8259992531249999 0.7115614375 0.8890625 0.732583809375 0.8890625 0.73918475 0.875974659375 0.747379765625 0.8253595062500001 0.7490661640624999 0.7864022671875001 0.7445025624999999 0.74799183125 0.7285434796875 0.6967177640625 0.7293639953125 0.6 0.7015625 0.6
1 0.963994565625 0.6 0.965625 0.6333333328124999 0.953125 0.6944444437499999 0.955859375 0.703472221875 0.969140625 0.7104166671875001 0.984375 0.734722221875 0.991796875 0.734027778125 1 0.7224616859374999 1 0.6871031750000001 0.98671875 0.6263888890625 0.9874145515624999 0.6 0.963994565625 0.6
1 0.8580729171874999 0.6 0.859375 0.6555555562500001 0.8484375 0.7 0.846875 0.7263888890625 0.865234375 0.765972221875 0.8859375 0.7805555562500001 0.896875 0.7333333328125 0.896875 0.7208333328125 0.88125 0.6388888890625 0.883168859375 0.6 0.8580729171874999 0.6
0 0.910546875 0.8826388890625001 0.93203125 0.8916666671875 0.954296875 0.8895833328125 0.973046875 0.8701388890625001 0.98671875 0.8444444437499999 0.9953125 0.80694444375 0.9953125 0.775 0.984375 0.7361111109375 0.969140625 0.7118055562500001 0.945703125 0.69930555625 0.908203125 0.715972221875 0.89140625 0.75555555625 0.88828125 0.815277778125 0.89453125 0.8444444437499999 0.910546875 0.8826388890625001