1 0.1892561640625 0.33827068125 0.1814921515625 0.3415947640625 0.1787487875 0.3487395203125 0.181297175 0.40511174062500005 0.1734375 0.4509403640625 0.1734375 0.456888153125 0.1742083203125 0.476990759375 0.17542863749999998 0.478125 0.20269433593750003 0.478125 0.20304511718749998 0.47715627656250004 0.20304511718749998 0.43795141875 0.1943180046875 0.404201234375 0.19494310312500002 0.35038827031249997 0.1892561640625 0.33827068125
2 0 0.5546875 0.41322445312499995 0.5546875 0.41859488437500003 0.553415684375 0.42006424062500003 0.5546875 0.4519861203125 0.5546875 0.48952807500000006 0.55314665 0.49390522968750006 0.5500287484374999 0.49743635625 0.5409986203125 0.5001025296875 0.505813434375 0.5006449046875 0.47816320156250003 0.49459054374999994 0.472676125 0.4552473953125 0.47956847187499996 0.1723647328125 0.50358018125 0.1111465828125 0.5122581687500001 0 0.51928966875 0 0.5546875
1 1 0.609375 1 0.32915880625 0.9985175843749999 0.3404603734375 0.9995721609375 0.4008770421875 0.9955574078125 0.4397464875 0.9653619843750001 0.5023483671875 0.959375 0.5270107875 0.959375 0.5872311203125 0.9631996234375 0.609375 1 0.609375
1 0.8727264140625 0.2749573828125 0.865825678125 0.25843949843749997 0.857547659375 0.2549743328125 0.8471546109375 0.25892837968750004 0.8372625093749999 0.2716409359375 0.8322350453125 0.3072489203125 0.8326763296875 0.3424104953125 0.8276569453124999 0.3676655875 0.8125 0.39975261875 0.8125 0.534375 0.8294010015625 0.534375 0.8339355640624999 0.5307183703125 0.8525600093750001 0.4898595796875 0.86313515625 0.45276351875 0.8652663421875 0.42463851874999997 0.8557030109375001 0.36641143125000003 0.8593177640625 0.33920055 0.8711477562500001 0.29579071562500003 0.8727264140625 0.2749573828125
1 0.73828125 0.40989583281249997 0.7484375 0.4484375 0.7546875 0.44322916718750005 0.75859375 0.41302083281249996 0.750390625 0.33125 0.7421875 0.3505208328125 0.73671875 0.3848958328125 0.73828125 0.40989583281249997
1 0.7546875 0.29635416718749996 0.7578125 0.3015625 0.776171875 0.2916666671875 0.78046875 0.2786458328125 0.78203125 0.2484375 0.77890625 0.23802083281250003 0.769921875 0.22916666718749998 0.759765625 0.2322916671875 0.75234375 0.24635416718749997 0.7546875 0.29635416718749996
1 0.80634765625 0.609375 0.80859375 0.6036458328125 0.81796875 0.5546875 0.81484375 0.5098958328125 0.79453125 0.4390625 0.79453125 0.41197916718750005 0.80390625 0.3526041671875 0.8046875 0.3203125 0.80234375 0.3088541671875 0.795703125 0.2979166671875 0.781640625 0.290625 0.761328125 0.2979166671875 0.75390625 0.3161458328125 0.7515625 0.3390625 0.75859375 0.3932291671875 0.75859375 0.42552083281249997 0.75546875 0.44427083281249996 0.73203125 0.5067708328125 0.7265625 0.5432291671875 0.728125 0.5786458328124999 0.7362116234375 0.609375 0.80634765625 0.609375
1 0.6796875 0.527288509375 0.684765625 0.5270833328125 0.69375 0.5203125 0.70703125 0.4765625 0.7109375 0.4505208328125 0.7109375 0.4296875 0.70625 0.40260416718750003 0.69140625 0.3578125 0.690625 0.3307291671875 0.69609375 0.2744791671875 0.69140625 0.2546875 0.681640625 0.2479166671875 0.6796875 0.24822303906249998 0.6796875 0.527288509375
1 0.696875 0.37552083281250004 0.70703125 0.40052083281249995 0.71328125 0.3984375 0.72109375 0.3723958328125 0.725 0.3505208328125 0.725 0.3265625 0.71328125 0.2859375 0.71640625 0.2244791671875 0.712109375 0.215625 0.700390625 0.2125 0.69375 0.2192708328125 0.69140625 0.2286458328125 0.696875 0.2848958328125 0.690625 0.3390625 0.696875 0.37552083281250004
1 0.367670471875 0.692244915625 0.3639761515625 0.689722078125 0.3577746390625 0.6929368984375001 0.3545427609375 0.7019699265625 0.3571073109375 0.7592680734374999 0.350821340625 0.7875193140625 0.35 0.8000595078125 0.35 0.8233894609375 0.3504848515625 0.8296875 0.37818097812499996 0.8296875 0.378932790625 0.8295887343749999 0.3793336640625 0.8284816781250001 0.3793336640625 0.7901882718750001 0.3700634953125 0.7546538640625 0.371225590625 0.7017304046875 0.367670471875 0.692244915625
2 0.131703865625 0.8806496484374999 0.1296875 0.8968828671875 0.1296875 0.9125 0.5958079796875 0.9125 0.6737112671875 0.904960215625 0.67589306875 0.8265625 0.6757008843750001 0.8265625 0.131703865625 0.8806496484374999
1 0.6796875 0.609375 0.6796875 0.801436390625 0.6895874546874999 0.7649517125 0.689364734375 0.716659465625 0.6814793015625 0.6772745062500001 0.687867046875 0.609375 0.6796875 0.609375
1 0.69160679375 0.609375 0.68984375 0.66788194375 0.70078125 0.7151041671875 0.7046875 0.770659721875 0.70859375 0.7651041671875001 0.71640625 0.7248263890625 0.7171875 0.6873263890625 0.703125 0.6220486109375 0.7035614640625 0.609375 0.69160679375 0.609375
1 0.730884203125 0.609375 0.7328125 0.6498263890625 0.7203125 0.70538194375 0.721875 0.7498263890625 0.73125 0.7942708328125 0.7375 0.801215278125 0.748828125 0.801909721875 0.75546875 0.795659721875 0.76484375 0.7401041671875 0.7640625 0.6970486109375 0.75 0.645659721875 0.75111328125 0.609375 0.730884203125 0.609375
1 0.7847900390625 0.609375 0.78515625 0.620659721875 0.77421875 0.6692708328125 0.77265625 0.7095486109375 0.7796875 0.75538194375 0.78671875 0.770659721875 0.800390625 0.7713541671875 0.80546875 0.7664930562500001 0.815625 0.7123263890625 0.8140625 0.6651041671875 0.80234375 0.6178819437499999 0.8028638750000001 0.609375 0.7847900390625 0.609375
0 0.88115234375 1 0.884375 0.9942708328125001 0.89140625 0.9678819437499999 0.8921875 0.938715278125 0.884375 0.895659721875 0.869140625 0.8685763890625001 0.855859375 0.8574652781250001 0.833984375 0.8546875 0.811328125 0.8713541671874999 0.79765625 0.8984375 0.79140625 0.9248263890625001 0.790625 0.963715278125 0.79609375 0.9901041671874999 0.8011170921874999 1 0.88115234375 1
0 0.88515625 0.8970486109374999 0.89375 0.9401041671874999 0.90234375 0.91788194375 0.90546875 0.88038194375 0.9 0.851215278125 0.887109375 0.82274305625 0.874609375 0.8088541671874999 0.853515625 0.801909721875 0.837109375 0.807465278125 0.81640625 0.8345486109374999 0.80859375 0.8609375 0.808203125 0.87274305625 0.834765625 0.8546875 0.860546875 0.8602430562500001 0.876171875 0.8782986109375 0.88515625 0.8970486109374999