1 0.5203125 0.2451388890625 0.5234375 0.2798611109375 0.515625 0.321527778125 0.515625 0.3423611109375 0.52109375 0.37430555625 0.53359375 0.37847222187499996 0.53984375 0.346527778125 0.540625 0.31875 0.5328125 0.2826388890625 0.534375 0.24097222187499998 0.523046875 0.2375 0.5203125 0.2451388890625
1 0.48515625 0.2479166671875 0.48671875 0.28819444375000003 0.4796875 0.32569444375 0.47890625 0.34930555625 0.48671875 0.38680555625 0.4984375 0.38819444375 0.5046875 0.3645833328125 0.50703125 0.33680555624999997 0.4984375 0.290972221875 0.49921875 0.24375 0.490234375 0.2375 0.48515625 0.2479166671875
1 0.38046875 0.2576388890625 0.38359375 0.30069444375 0.37578125 0.32847222187499997 0.375 0.35902777812500003 0.3796875 0.38819444375 0.383984375 0.39444444375 0.39296875 0.3951388890625 0.40234375 0.36180555625 0.39921875 0.32847222187499997 0.39375 0.30763888906250003 0.3984375 0.2451388890625 0.387890625 0.2416666671875 0.38046875 0.2576388890625
1 0.461328125 0.2388888890625 0.455078125 0.240277778125 0.44921875 0.25347222187499996 0.45078125 0.29930555625 0.44140625 0.3395833328125 0.446875 0.38819444375 0.451171875 0.397222221875 0.45625 0.396527778125 0.4625 0.3923611109375 0.4703125 0.3604166671875 0.46953125 0.3201388890625 0.4640625 0.28680555625 0.46796875 0.2451388890625 0.461328125 0.2388888890625
1 0.43102061249999996 0.334097078125 0.42702835625 0.32404663125 0.425032221875 0.31429178593749996 0.424533196875 0.300102925 0.42569760624999997 0.28443605 0.425032221875 0.270838390625 0.4230360984375 0.2616747453125 0.41754674375 0.256353928125 0.41171875 0.2604166671875 0.410892978125 0.2779328203125 0.41328125 0.3020833328125 0.41122566562499996 0.3225686296875 0.4057363109375 0.3462167359375 0.4046875 0.36875 0.409375 0.39791666718749996 0.412109375 0.40416666718750005 0.42109375 0.4048611109375 0.42885814062499994 0.4014941921875 0.43203125 0.3854166671875 0.4338484578125 0.37282085625 0.43351577187499996 0.3636572125 0.432850396875 0.34769474843750003 0.43102061249999996 0.334097078125
1 0.428515625 0.2388888890625 0.421484375 0.2388888890625 0.41796875 0.2451388890625 0.4171875 0.25347222187499996 0.42421875 0.26875 0.425 0.27430555624999997 0.4234375 0.3048611109375 0.4328125 0.346527778125 0.42890625 0.3673611109375 0.428125 0.384027778125 0.43203125 0.3854166671875 0.43828125 0.35625 0.4390625 0.33125 0.43046875 0.28958333281250004 0.4328125 0.25625 0.43203125 0.2451388890625 0.428515625 0.2388888890625
1 0.40078125 0.24097222187499998 0.398828125 0.2388888890625 0.389453125 0.2388888890625 0.38671875 0.24236111093749999 0.38671875 0.2451388890625 0.394921875 0.2513888890625 0.39609375 0.25486111093749997 0.39609375 0.271527778125 0.39296875 0.28680555625 0.39296875 0.30069444375 0.4 0.32847222187499997 0.4015625 0.35208333281250004 0.4046875 0.3576388890625 0.4078125 0.32430555625 0.40625 0.31180555625 0.3984375 0.28125 0.3984375 0.271527778125 0.40078125 0.2645833328125 0.40078125 0.24097222187499998
1 0.362109375 0.240277778125 0.355078125 0.2388888890625 0.35078125 0.24375 0.35 0.24930555625 0.35234375 0.2923611109375 0.34375 0.32847222187499997 0.34375 0.35208333281250004 0.34921875 0.38125 0.352734375 0.3875 0.36171875 0.38819444375 0.365625 0.37986111093749997 0.3703125 0.35625 0.37109375 0.3326388890625 0.36328125 0.29375 0.365625 0.24930555625 0.362109375 0.240277778125
1 0.33515625 0.24375 0.333203125 0.240277778125 0.324609375 0.240277778125 0.32109375 0.24375 0.3234375 0.284027778125 0.315625 0.3145833328125 0.31484375 0.3395833328125 0.31875 0.36875 0.32109375 0.37569444375 0.325390625 0.38055555625 0.33203125 0.38125 0.3359375 0.3729166671875 0.3390625 0.3576388890625 0.34140625 0.33819444375 0.34140625 0.321527778125 0.33359375 0.2854166671875 0.33515625 0.24375
1 0.12734375 0.2520833328125 0.13046875 0.2798611109375 0.121875 0.31597222187499996 0.121875 0.3423611109375 0.130078125 0.3763888890625 0.1421875 0.37569444375 0.14921875 0.33541666718749996 0.14921875 0.3145833328125 0.1421875 0.28125 0.14296875 0.23819444375 0.130078125 0.23611111093749998 0.12734375 0.2520833328125
1 0.090234375 0.23611111093749998 0.08671875 0.2451388890625 0.08984375 0.29375 0.08359375 0.31597222187499996 0.08203125 0.3479166671875 0.089453125 0.38194444375000003 0.103125 0.3826388890625 0.11015625 0.353472221875 0.1109375 0.3270833328125 0.103125 0.28958333281250004 0.10390625 0.23958333281250002 0.094921875 0.23472222187499997 0.090234375 0.23611111093749998
1 0.060546875 0.2416666671875 0.052734375 0.2416666671875 0.0484375 0.2451388890625 0.04609375 0.259027778125 0.04921875 0.30069444375 0.04375 0.33125 0.04296875 0.365972221875 0.048046875 0.3916666671875 0.05859375 0.3923611109375 0.06484375 0.38819444375 0.06875 0.37152777812500004 0.06953125 0.3395833328125 0.06171875 0.29652777812500003 0.0640625 0.24930555625 0.060546875 0.2416666671875
1 0.0086757484375 0.2567189265625 0.004378871875 0.264357815625 0.0067226234375 0.314357815625 0.004378871875 0.321302259375 0.001156125 0.36263850625 0.0030465937500000003 0.39035409374999996 0.0055672312500000005 0.41219059687500004 0.012656515625 0.4144302515625 0.02210888125 0.4144302515625 0.027035503125 0.41035631875 0.028597621875 0.38102448125 0.029378871875 0.35602448125 0.020785121875 0.308802259375 0.022347621875 0.2657467046875 0.018831996875 0.2567189265625 0.0086757484375 0.2567189265625
1 0.669921875 0.23472222187499997 0.6671875 0.24375 0.66953125 0.284027778125 0.66171875 0.31597222187499996 0.6609375 0.33819444375 0.6671875 0.37569444375 0.67734375 0.37986111093749997 0.68203125 0.37430555625 0.68515625 0.3604166671875 0.68828125 0.3270833328125 0.6796875 0.2826388890625 0.6828125 0.23819444375 0.669921875 0.23472222187499997
1 0.7015625 0.35208333281250004 0.70625 0.3826388890625 0.71328125 0.38819444375 0.71484375 0.24097222187499998 0.712109375 0.2388888890625 0.70859375 0.2451388890625 0.71015625 0.2923611109375 0.70234375 0.32430555625 0.7015625 0.35208333281250004
0 0.466015625 0.47222222187499996 0.452734375 0.4791666671875 0.4421875 0.49652777812500004 0.4375 0.5270833328125 0.44375 0.553472221875 0.453515625 0.5708333328124999 0.460546875 0.5763888890625 0.471875 0.57569444375 0.480078125 0.5708333328124999 0.490625 0.553472221875 0.49609375 0.5201388890625 0.49296875 0.49930555625000006 0.486328125 0.48333333281249996 0.466015625 0.47222222187499996