1 0.40625 0.153271471875 0.40625 0.10702595625 0.3969022953125 0.09894819375 0.383296440625 0.09863779687499999 0.34970204374999997 0.09863779687499999 0.346875 0.10401663593749999 0.346875 0.1139167359375 0.3485861453125 0.13589066875 0.3618723046875 0.19614515625 0.3687871140625 0.21659112343750003 0.38109521874999996 0.2203125 0.38651226250000004 0.2203125 0.394641153125 0.21933115 0.4010075921875 0.199581225 0.40625 0.153271471875
1 0.3387381125 0.10382116875 0.335060765625 0.10016470156249999 0.3262354890625 0.0999509453125 0.28499148281250003 0.0999509453125 0.2828125 0.1022765359375 0.2828125 0.1605338671875 0.2941072609375 0.2164785578125 0.3026611859375 0.24117307812500002 0.3053601015625 0.2421875 0.33054497656250004 0.2421875 0.33635945 0.2200784 0.34090396875 0.176483271875 0.34090396875 0.1184499078125 0.3387381125 0.10382116875
2 0.5 0 0 0 0 0.0779876765625 0.04393495 0.087122775 0.161541371875 0.09123839375000001 0.25537073593750004 0.0863387171875 0.28221620000000003 0.09405605312500001 0.2898023265625 0.0887278171875 0.331095390625 0.0871548359375 0.3484526703125 0.091821609375 0.4240075484375 0.08847106406250001 0.4687651703125 0.09532234687499999 0.47551345625 0.088582490625 0.4881143375 0.0984375 0.4895094234375 0.0984375 0.5 0.0962348140625 0.5 0
1 1 0 0.9799103859375 0 0.9796278031250001 0.048571962499999996 0.9859066140625 0.11562691875 0.9848491875000001 0.1540969015625 0.9626309046875001 0.2476497765625 0.9609375 0.2640294390625 0.9609375 0.33359045468750004 0.9635563359375 0.37515425625 0.97568571875 0.4395860015625 0.985565053125 0.460909178125 1 0.4621220140625 1 0
1 0.8931712609375 0 0.891659140625 0.007552468750000001 0.9040557703125 0.16480787187499998 0.8875 0.2596009515625 0.8875 0.317129590625 0.891203990625 0.3635850234375 0.9067527171875 0.4382705203125 0.9166388718749999 0.46833688125000006 0.92514810625 0.475 0.9525876906249999 0.475 0.957321375 0.474436084375 0.957321375 0.23337935937499998 0.9374460250000001 0.1517836546875 0.9368920640624999 0.014355264062500001 0.9309485546874999 0 0.8931712609375 0
1 0.8091710453125 0 0.8033676796875 0.0059181421875 0.7986383640625 0.029316135937499998 0.8105491140625001 0.1422581125 0.8114408078124999 0.1792514765625 0.7953125 0.2694225484375 0.7953125 0.36290032656250004 0.7980436359375 0.3913619625 0.818017034375 0.4810806421875 0.8240202109375 0.49395710781249996 0.8395771296875001 0.4953125 0.8601680859374999 0.4953125 0.8629329 0.49071927656250003 0.8629329 0.244417125 0.8507401578125 0.20200118125 0.8426297875 0.15280658125 0.8466850515625 0.061391460937499996 0.8450980265625001 0.0273173859375 0.8336708578125 0 0.8091710453125 0
1 0.8515625 0 0.8515625 0.043030665625 0.8611792296875 0.11717910312499999 0.8613721140624999 0.14234003906249998 0.8518786140625 0.19533390781249999 0.8704887703124999 0.2639427578125 0.87604385 0.2981380703125 0.8794846968750001 0.3825825171875 0.8743389609375001 0.440142065625 0.88117379375 0.4421875 0.8923125296875 0.4421875 0.8923125296875 0.3985084390625 0.8841710812500001 0.35460409843749996 0.8819375484374999 0.2997892828125 0.884474340625 0.2599105234375 0.8911292203125001 0.239388009375 0.8923125296875 0.231368734375 0.8923125296875 0.0766575734375 0.8903473249999999 0.01592678125 0.8916941046875 0 0.8515625 0
1 0.764700915625 0 0.7638541671875 0.0017129625 0.7630208328125001 0.04319444375 0.7696875000000001 0.1261574078125 0.7688541671875 0.1557870375 0.7430208328125 0.28023148125 0.7513541671875 0.40023148124999997 0.7596875 0.44467592656250005 0.7688541671875 0.4654166671875 0.7888541671875 0.462453703125 0.7763541671875 0.378009259375 0.7763541671875 0.3068981484375 0.7821875 0.2654166671875 0.8021874999999999 0.1735648140625 0.7955208328125 0.032824073437500004 0.7980208328125 0.018009259375 0.8063541671875001 0.00023148125 0.8062805718749999 0 0.764700915625 0
1 0.673192159375 0 0.6730208328125 0.00023148125 0.6680208328124999 0.022453703125 0.6746875 0.142453703125 0.6730208328125 0.1720833328125 0.6646875 0.218009259375 0.7017708328125 0.2291203703125 0.7255208328125 0.259490740625 0.7263541671875 0.25060185156250003 0.7071875000000001 0.1691203703125 0.7071875000000001 0.1246759265625 0.7138541671875 0.0535648140625 0.7130208328125001 0.016527778125 0.7096875 0.00319444375 0.7075123359375001 0 0.673192159375 0
1 0.63583434375 0 0.6421875 0.1454166671875 0.6255208328124999 0.218009259375 0.6230208328125 0.2417129625 0.6617708328124999 0.22023148125 0.6696875 0.1898611109375 0.6738541671875 0.1320833328125 0.6671875 0.0268981484375 0.6688541671875 0.0106018515625 0.6727129296875 0 0.63583434375 0
1 0.543828125 0 0.5413541671875001 0.0061574078125 0.5463541671875001 0.16023148125 0.5288541671875 0.23430555625 0.5205208328125 0.2935648140625 0.5205208328125 0.335046296875 0.5271874999999999 0.39282407343750003 0.5413541671875001 0.458009259375 0.5505208328125 0.4668981484375 0.5792708328125 0.4661574078125 0.5871875 0.455046296875 0.5938541671875 0.41949074062499997 0.5888541671875 0.375046296875 0.5896874999999999 0.340972221875 0.5946875 0.3068981484375 0.6055208328124999 0.2728240734375 0.5821875000000001 0.1617129625 0.5813541671875 0.10541666718750001 0.5871875 0.0491203703125 0.5871875 0.0061574078125 0.5847135421875 0 0.543828125 0
0 0.6326041671875 0.48986111093750007 0.6646875 0.5039351859375001 0.6759375000000001 0.5046759265625 0.7076041671875 0.4913425921875 0.7234375 0.475046296875 0.7371875 0.4506018515625 0.7488541671875 0.4061574078125 0.7430208328125 0.3039351859375 0.7330208328125 0.2728240734375 0.7201041671875 0.2483796296875 0.7051041671875 0.2320833328125 0.6717708328125 0.22023148125 0.6384375 0.2320833328125 0.6201041671875 0.2468981484375 0.5988541671875 0.298009259375 0.5896874999999999 0.35430555625000004 0.5921875 0.40319444375 0.6071875 0.455046296875 0.6326041671875 0.48986111093750007
1 0.9005354624999999 0.5796875 0.9019664609374999 0.6007617578125 0.8953125 0.6385038828125 0.8953125 0.7130073265625001 0.9003367749999999 0.7465495890625 0.9114251124999999 0.7765625 0.9306435750000001 0.7765625 0.9361449921875 0.77086493125 0.94506195625 0.715809903125 0.9459805687500001 0.6922442953125 0.9415516421875001 0.6475268359374999 0.9246792750000001 0.5923591109374999 0.9245523312499999 0.5796875 0.9005354624999999 0.5796875