1 0.499920946875 0.6250040625 0.5140625 0.573498290625 0.5140625 0.458145825 0.50610668125 0.41861033281250004 0.50782014375 0.364593859375 0.5140625 0.3155350484375 0.5140625 0.2871047 0.511473328125 0.2760053578125 0.50080524375 0.2649128203125 0.488353728125 0.2682784484375 0.4811015453125 0.28238616875 0.47858515625000003 0.40158028593750006 0.4560850078125 0.48063390000000006 0.4525504625 0.51232801875 0.45391351562500004 0.5623780843749999 0.4647808578125 0.6241400374999999 0.47151020624999995 0.63125 0.4944265328125 0.63125 0.499920946875 0.6250040625
1 0.1886022296875 0.5422767000000001 0.1960813140625 0.51639799375 0.2040779046875 0.47940817812500003 0.2046875 0.46631989531249995 0.2046875 0.428033703125 0.203142340625 0.39846998437500003 0.1972738140625 0.3572371984375 0.196103453125 0.313815153125 0.2046875 0.2636115 0.2046875 0.25956949375 0.2044154953125 0.2350617046875 0.2016416671875 0.22606681874999998 0.19455643125 0.22239370625000002 0.1830860484375 0.2193942171875 0.172417228125 0.2365760484375 0.173621325 0.31043258125 0.164892628125 0.3669729671875 0.1566541125 0.3943490515625 0.1566541125 0.5445239515625 0.15979493125 0.5484375 0.18320984375 0.5484375 0.1886022296875 0.5422767000000001
1 0.6095303140625 0.6796875 0.6265625 0.64337601875 0.6265625 0.5255112421875 0.5967283218749999 0.45470011718750003 0.6086666734375 0.330558371875 0.5881877859375 0.295788846875 0.5658144093749999 0.2898941390625 0.5282056359375 0.31648027968750003 0.5385367671875 0.4375881625 0.51875 0.48096138125000004 0.51875 0.66360510625 0.5267228703125 0.6796875 0.6095303140625 0.6796875
1 0.631151984375 0.621875 0.6321373390625 0.621863534375 0.6553946203125001 0.6037466578124999 0.6890625 0.5197398421874999 0.6890625 0.475624840625 0.6866066546875 0.4338440671875 0.658632140625 0.37170769375 0.669413434375 0.2511200328125 0.6550752328125 0.226748275 0.6327538046875001 0.2270080078125 0.601747259375 0.265292090625 0.605294675 0.3678667671875 0.5949423796875 0.40219925312499993 0.5949423796875 0.46448751250000003 0.6196613515625 0.5193927484375 0.609839703125 0.621875 0.631151984375 0.621875
1 0.66603990625 0.2152728484375 0.680319728125 0.2974666390625 0.6767498390625 0.3314161875 0.6709821421875001 0.3810267859375 0.7022321421875001 0.4435267859375 0.7022321421875001 0.5462053578125 0.7200892859375 0.5462053578125 0.755803571875 0.47924107187500004 0.755803571875 0.4033482140625 0.7290178578125 0.3185267859375 0.73386884375 0.1974046421875 0.724943990625 0.174175990625 0.7 0.1734375 0.6731798171875 0.19025740156249998 0.66603990625 0.2152728484375
1 0.7424107140625 0.2069196421875 0.7290178578125 0.3095982140625 0.7588584546874999 0.48865645156250004 0.7892029015625 0.45649362968749996 0.809375 0.3765625 0.7981277546875 0.30461387968750003 0.7767081609375 0.261730228125 0.800446428125 0.1622767859375 0.7927729234375 0.1402264734375 0.771428571875 0.1287946421875 0.742793696875 0.13129237031250002 0.724943990625 0.1491605453125 0.7424107140625 0.2069196421875
1 0.528125 0.2024553578125 0.5325892859375 0.2828125 0.5459821421875 0.291741071875 0.5950892859375 0.2783482140625 0.5883928578125001 0.182366071875 0.5482142859375 0.1779017859375 0.528125 0.2024553578125
1 0.653125 0.2158482140625 0.653125 0.148883928125 0.6241071421875001 0.1287946421875 0.5875013171875001 0.13129237031250002 0.576791384375 0.154520990625 0.5946410890625 0.220633365625 0.6084821421875 0.2470982140625 0.653125 0.2158482140625
1 0.44235208125 0.6796875 0.44247686562500005 0.6843448859375 0.42526159531249996 0.7304599609375 0.42526159531249996 0.8704749828124999 0.432215646875 0.904657384375 0.4323806828125 0.9046875 0.4735545109375 0.9046875 0.48367113906250003 0.87748885 0.4953125 0.8285167375 0.4953125 0.7800199375 0.473945190625 0.6822083015625 0.4741698859375 0.6796875 0.44235208125 0.6796875
1 0.51875 0.6796875 0.48359375 0.6796875 0.4828125 0.68515625 0.5046875 0.75546875 0.5078125 0.80390625 0.515625 0.80859375 0.51875 0.80078125 0.51875 0.6796875
1 0.37310267812500003 0.6796875 0.3640625 0.71484375 0.3609375 0.77109375 0.375 0.83671875 0.38359375 0.846875 0.3984375 0.84921875 0.4140625 0.84140625 0.4203125 0.82109375 0.428125 0.72109375 0.4153087796875 0.6796875 0.37310267812500003 0.6796875
1 0.2969046671875 0.6796875 0.2984375 0.70390625 0.278125 0.79765625 0.275 0.86953125 0.2796875 0.91640625 0.2953125 0.96796875 0.31015625 0.978125 0.33125 0.97734375 0.34375 0.97109375 0.35625 0.93203125 0.36875 0.82421875 0.3609375 0.78046875 0.334375 0.70234375 0.33689236093749997 0.6796875 0.2969046671875 0.6796875
1 0.1717447921875 0.6796875 0.1671875 0.69609375 0.1703125 0.75390625 0.18125 0.79140625 0.19375 0.79765625 0.1921875 0.72734375 0.20383680625 0.6796875 0.1717447921875 0.6796875
1 0.204259671875 0.6796875 0.1921875 0.72578125 0.1921875 0.76640625 0.2046875 0.82578125 0.21328125 0.8375 0.2234375 0.83828125 0.225 0.75234375 0.24067095625 0.6796875 0.204259671875 0.6796875
1 0.2428485578125 0.6796875 0.225 0.75703125 0.2234375 0.80234375 0.2375 0.88046875 0.25078125 0.89375 0.26875 0.89453125 0.275 0.88984375 0.278125 0.78359375 0.2921875 0.72421875 0.276831896875 0.6796875 0.2428485578125 0.6796875
1 0.335860475 0.6796875 0.334375 0.70078125 0.3453125 0.74140625 0.359375 0.76640625 0.3703125 0.68515625 0.36890625 0.6796875 0.335860475 0.6796875
1 0.9093092500000001 1 0.9140625 0.9748906093749999 0.9140625 0.9519783468749999 0.868520646875 0.9508387859375 0.867841753125 0.9595850171875 0.8767624015625 1 0.9093092500000001 1
1 0.8892814015624999 0.6926997703125 0.88335813125 0.6964701390625 0.8785185796875 0.7043920234375001 0.8762999953125 0.71266788125 0.8762999953125 0.83125 0.8987806031249999 0.83125 0.8982551749999999 0.7846687984375 0.903125 0.74795444375 0.903125 0.7051414031250001 0.9009694125 0.6981159359375 0.8892814015624999 0.6926997703125
2 1 0.8727874703125 0.9981180109375 0.8747557015625 0.9867890546875 0.8710425890625 0.9819721765625001 0.8734377296875 0.9717711390625 0.8679577953125 0.950808428125 0.8690349640624999 0.9222488484374999 0.8648447734375001 0.9189944718749998 0.867367459375 0.911745928125 0.8658463203125001 0.904278434375 0.857801184375 0.876153434375 0.8555053593749999 0.8712934328124999 0.858826428125 0.8447309328125 0.85665815 0.8409557234375 0.8591383203125 0.8296698906250001 0.8544992796875001 0.77745718125 0.8530255328124999 0.7682546828125 0.8485565562499999 0.6724213515625 0.8407337500000001 0.66806228125 0.8501371078125001 0.6659059968750001 0.8964334031250001 0.66578326875 0.9215184328125 0.667564721875 0.928169975 0.6623364890625 0.9337845984375001 0.6457089437500001 0.9333521765625001 0.6457089437500001 0.933516771875 0.6470598187500001 0.936255359375 0.6523544046875001 0.9348286609375001 0.6544178359374999 0.9410384984375 0.651836896875 0.9459397734374999 0.6457089437500001 0.9440583109375 0.6457089437500001 0.9502040468749999 0.6588698078124999 0.9520905421875 0.670978353125 0.9502906140625 0.6749725171875001 0.9543344390625 0.6879070984375 0.9572491718749999 0.6902956375 0.9620913796874999 0.6947641828125001 0.95595001875 0.69858584375 0.9636975484375 0.7024904296875001 0.9584396 0.7039235546875 0.9613449234375 0.7138193890625 0.9621527140625 0.7176808484375 0.957820690625 0.7244948078125001 0.9574474625 0.8449798109375 0.96356478125 0.8598218984375 0.959199653125 0.8790064812499999 0.9626245703125 0.8833456515625 0.9592609890624999 0.886298146875 0.9632197828125 0.895673146875 0.96398505625 0.8984498171874999 0.96049393125 0.903485646875 0.9646227859375 0.9068262765625 0.96024825 1 0.9690955562500001 1 0.8727874703125