1 0.34002279999999996 0 0.3403962390625 0.005444521875 0.3437834796875 0.02011078125 0.34571613125 0.1181103734375 0.3445164890625 0.1570204828125 0.33694119843750003 0.23320107812500002 0.33370306250000004 0.23980989218749998 0.3235199578125 0.28648819062499997 0.29905385 0.36875 0.45798346875 0.36875 0.4357863953125 0.235650315625 0.4352134296875 0.20884090937500002 0.43504451718750003 0.158883353125 0.44593510625 0.041855906250000005 0.44697312812499995 0.0122050546875 0.4491781875 0 0.34002279999999996 0
1 0.02351265 0 0.0381361 0.0832741875 0.046685084375000005 0.1445034828125 0.04833746875 0.1834014640625 0.03719373125 0.31924893125 0.0404638171875 0.36875 0.146875 0.36875 0.146875 0.296446253125 0.1387561140625 0.2673452796875 0.1095443859375 0.193724390625 0.0973136859375 0.14908903125 0.0931649 0.1138493 0.090560615625 0.0601274125 0.09185618281249999 0 0.02351265 0
1 0.3167300046875 0 0.3167512984375 0.000350959375 0.322079034375 0.0363135140625 0.3274996703125 0.051863253124999995 0.329918034375 0.092582771875 0.3282626328125 0.11305925312500001 0.311181234375 0.19446370156249998 0.3082585640625 0.24375 0.3114100640625 0.300210259375 0.32137552343750003 0.3573205546875 0.32599215625 0.36875 0.3281047390625 0.36875 0.346875 0.2970654046875 0.346875 0 0.3167300046875 0
1 0.135988559375 0 0.14376059375 0.0417646671875 0.1495545109375 0.092854365625 0.1486002171875 0.12419936718749999 0.14148329843750002 0.18661641874999998 0.141874778125 0.23372945781249999 0.15059958906249998 0.281279228125 0.175884340625 0.357398353125 0.179658003125 0.3609375 0.1984375 0.3609375 0.1984375 0.15051271718749998 0.18228290625000002 0.10288003593749999 0.17893790468749998 0.078696778125 0.176608671875 0.034252334375 0.1776600140625 0.0047591828125 0.177294671875 0 0.135988559375 0
1 0.764551734375 0.36875 0.7611248875000001 0.3006283359375 0.7573869921874999 0.29292808125 0.7463686671875001 0.2899593875 0.7417619921874999 0.2926553453125 0.7371081984375 0.3071500390625 0.7443247515625 0.36875 0.764551734375 0.36875
1 0.878125 0.36875 0.878125 0.35960999843749997 0.875417571875 0.353617621875 0.8753398750000001 0.292670284375 0.871205546875 0.2806804828125 0.8624662187500001 0.277452325 0.8578515078125001 0.2785955515625 0.8535376625 0.292912753125 0.8585212265625 0.35827241718749997 0.855193321875 0.36875 0.878125 0.36875
1 0.8140625 0.36875 0.8140625 0.2345977875 0.8133389687499999 0.214554190625 0.8051739796875002 0.20033781562500003 0.799560934375 0.1744796296875 0.799150725 0.20282449374999997 0.79470234375 0.21506978281250003 0.80034630625 0.2651425578125 0.7972707796874999 0.3037403484375 0.79921050625 0.33703729375 0.8078721124999999 0.36875 0.8140625 0.36875
1 0.8203125 0.2638888890625 0.82734375 0.2958333328125 0.83828125 0.3013888890625 0.8421875 0.2986111109375 0.85 0.2611111109375 0.84921875 0.23333333281250002 0.84140625 0.20555555625 0.8421875 0.17361111093749998 0.839453125 0.17013888906250002 0.828125 0.17361111093749998 0.82890625 0.20277777812500003 0.8203125 0.23611111093749998 0.8203125 0.2638888890625
1 0.89765625 0.19305555624999998 0.89765625 0.16944444375 0.894921875 0.165972221875 0.8921875 0.1916666671875 0.88515625 0.215277778125 0.88515625 0.2666666671875 0.87578125 0.28611111093749997 0.87421875 0.31805555625 0.87890625 0.3625 0.884765625 0.36875 0.89296875 0.36805555624999997 0.90078125 0.35 0.9046875 0.3236111109375 0.9046875 0.29444444375 0.89921875 0.259722221875 0.903125 0.20416666718749998 0.89765625 0.19305555624999998
1 0.953515625 0.36875 0.95546875 0.365277778125 0.95703125 0.34444444375 0.954296875 0.340972221875 0.9444858281249999 0.36875 0.953515625 0.36875
1 0.9793836812500001 0.36875 0.9765625 0.3236111109375 0.98359375 0.2875 0.98359375 0.272222221875 0.974609375 0.25347222187499996 0.966015625 0.2576388890625 0.96015625 0.2708333328125 0.96015625 0.3166666671875 0.96328125 0.3291666671875 0.9618896484375 0.36875 0.9793836812500001 0.36875
1 0.2796875 1 0.2796875 0.9474862203125 0.27211508125 0.912725953125 0.25977305624999997 0.8743676234375 0.2621202078125 0.769716771875 0.2607354890625 0.7595952546875 0.2524084140625 0.7446676453125 0.248886721875 0.7442656421875 0.239166546875 0.7442656421875 0.23255209843750002 0.749177796875 0.22678435156250001 0.766530259375 0.226836484375 0.7933608890625 0.2314629796875 0.826482 0.23317823437500002 0.8773018140625 0.21988360468749998 0.9398281640625001 0.21988360468749998 1 0.2796875 1
1 0.21662241875000002 1 0.221128315625 0.9678300906249999 0.22103843125 0.9289593843749999 0.2143213640625 0.8770166203125 0.2136747640625 0.8547943984374999 0.2234375 0.799883721875 0.2234375 0.761697621875 0.2222772765625 0.75684625625 0.213921471875 0.7469831203125 0.20202313125 0.7495518000000001 0.195409478125 0.763780921875 0.19109033749999998 0.8479219953125 0.1879025140625 0.8635990984374999 0.167096240625 0.9178378078125 0.16165449062499998 0.9455064906249999 0.1617326234375 1 0.21662241875000002 1
0 0.4796875 1 0.4796875 0.9277202171875001 0.47483285625000005 0.913081315625 0.462793990625 0.895482040625 0.444695296875 0.8842720281249999 0.4282998078125 0.8842720281249999 0.4121869046875 0.8956887546875001 0.4004399421875 0.9179679625 0.3926605921875 0.9526092203125 0.3941268671875 0.9840907046874999 0.3982266625 1 0.4796875 1
1 0.98530989375 0.6087784890625001 0.9847171171875001 0.561569903125 0.9755508859375001 0.55516308125 0.9707758546875 0.565491109375 0.9735103203125 0.605796159375 0.967570209375 0.643173428125 0.9674759703125 0.6667709046875 0.9760762625 0.703125 0.988819459375 0.703125 0.990625 0.6954971109375 0.990625 0.6333979484375 0.98530989375 0.6087784890625001
1 0.8828125 0.631536034375 0.8804351968749999 0.6239266531250001 0.8822117125 0.5612356546875 0.8715031171875001 0.5581931843750001 0.864825159375 0.5744678234375 0.8699555046875 0.61739604375 0.8634367749999999 0.6454921578125 0.8640786734375 0.6760795484375001 0.8701246328125001 0.7050552109374999 0.874567128125 0.7109375 0.8828125 0.7109375 0.8828125 0.631536034375
1 0.9546875 0.6199202500000001 0.9515676687500001 0.60538404375 0.953290259375 0.5639220953125 0.9463220859374999 0.557324075 0.940144875 0.5583854140625 0.9349769921875 0.57127278125 0.9389415140625001 0.617188003125 0.9316773843749999 0.6569744562500001 0.939693734375 0.7058721734375 0.943110446875 0.7125 0.9529569015625 0.7125 0.9546875 0.7113984796875 0.9546875 0.6199202500000001
1 0.8970927140625001 0.6634720140624999 0.8978832765625 0.685956428125 0.90495163125 0.71534141875 0.9074807296875 0.7203125 0.915625 0.7203125 0.915625 0.6389432015625001 0.9137826140625 0.6324457859375 0.9121253625 0.61823368125 0.9120108953124999 0.6026210390625 0.91023554375 0.5889923890625 0.9074913984374999 0.5797357734374999 0.901567709375 0.5741592859375 0.8960713546875001 0.5779505796875 0.8966754124999999 0.595428271875 0.9010350734374999 0.6196900203125 0.900651690625 0.640079578125 0.8970927140625001 0.6634720140624999
1 0.912890625 0.5560763890625 0.905859375 0.5560763890625 0.90234375 0.5623263890625 0.9015625 0.570659721875 0.90859375 0.5859375 0.909375 0.59149305625 0.9078125 0.6220486109375 0.9171875 0.663715278125 0.91328125 0.6845486109375 0.9125 0.7012152781250001 0.91640625 0.7026041671875 0.92265625 0.6734375 0.9234375 0.6484375 0.91484375 0.6067708328125001 0.9171875 0.5734375 0.91640625 0.5623263890625 0.912890625 0.5560763890625
1 0.8828125 0.588715278125 0.88515625 0.5817708328125001 0.88515625 0.558159721875 0.883203125 0.5560763890625 0.873828125 0.5560763890625 0.87109375 0.5595486109375 0.87109375 0.5623263890625 0.879296875 0.5685763890625 0.88046875 0.5720486109375 0.88046875 0.588715278125 0.87734375 0.60399305625 0.87734375 0.6178819437499999 0.884375 0.645659721875 0.8859375 0.6692708328125001 0.8890625 0.6748263890625 0.8921875 0.6414930562500001 0.890625 0.62899305625 0.8828125 0.5984375 0.8828125 0.588715278125
1 0.839453125 0.5560763890625 0.83515625 0.5609375 0.834375 0.56649305625 0.83671875 0.6095486109375 0.828125 0.645659721875 0.828125 0.6692708328125001 0.83359375 0.6984375 0.837109375 0.7046875 0.84609375 0.70538194375 0.85 0.6970486109375 0.8546875 0.6734375 0.85546875 0.6498263890625 0.84765625 0.6109375 0.85 0.56649305625 0.846484375 0.557465278125 0.839453125 0.5560763890625
1 0.81953125 0.5609375 0.817578125 0.557465278125 0.808984375 0.557465278125 0.80546875 0.5609375 0.8078125 0.601215278125 0.8 0.6317708328125 0.79921875 0.6567708328125 0.803125 0.6859375 0.80546875 0.69288194375 0.809765625 0.69774305625 0.81640625 0.6984375 0.8203125 0.6901041671874999 0.8234375 0.6748263890625 0.82578125 0.6553819437499999 0.82578125 0.6387152781250001 0.81796875 0.6026041671875 0.81953125 0.5609375
1 0.6265625 0.69288194375 0.63359375 0.6526041671874999 0.63359375 0.6317708328125 0.6265625 0.5984375 0.62734375 0.5553819437499999 0.614453125 0.5532986109375 0.61171875 0.5692708328125 0.61484375 0.5970486109375 0.60625 0.633159721875 0.60625 0.6595486109375 0.614453125 0.6935763890625 0.6265625 0.69288194375
0 0.921875 0.8442708328125 0.928125 0.870659721875 0.937890625 0.8880208328125001 0.944921875 0.8935763890625001 0.95625 0.89288194375 0.964453125 0.8880208328125001 0.975 0.870659721875 0.98046875 0.8373263890625001 0.97734375 0.81649305625 0.970703125 0.8005208328125001 0.950390625 0.789409721875 0.937109375 0.7963541671875001 0.9265625 0.813715278125 0.921875 0.8442708328125