1 0.2377043703125 0.0818120609375 0.2371802046875 0.0250496265625 0.23335306562499997 0.0199837546875 0.21920156093749998 0.0177758171875 0.21875 0.024897975 0.21875 0.044545428124999994 0.2241561078125 0.07687184999999999 0.21875 0.114180325 0.21875 0.15917317656250002 0.2278152 0.19469989375000002 0.2341017859375 0.2015625 0.244168184375 0.2015625 0.244168184375 0.106793978125 0.2377043703125 0.0818120609375
1 0.2771303203125 0.03009475625 0.2708525390625 0.028883253125 0.26525495 0.033598762500000004 0.2616940359375 0.0448269078125 0.2626772125 0.09560175625 0.2546875 0.1262254453125 0.2546875 0.209609975 0.2582548203125 0.215625 0.2716432125 0.215625 0.2745317203125 0.2106963625 0.2827470125 0.1726495578125 0.28398441874999997 0.1490384453125 0.27581288437499996 0.09721757656249999 0.28173159062500003 0.0406088109375 0.2771303203125 0.03009475625
1 0.3186327203125 0.08268397499999999 0.3234117234375 0.032365110937500004 0.32201892499999996 0.022770434375000002 0.3185396640625 0.020974078125 0.3076021640625 0.021866898437499997 0.3031961953125 0.0284676484375 0.3061327203125 0.083704340625 0.2984375 0.1140557796875 0.2984375 0.19487309531250002 0.2987002765625 0.1966507515625 0.3002719109375 0.2 0.316994578125 0.2 0.3181587953125 0.1992230953125 0.326407671875 0.173585365625 0.32916355625 0.1497829359375 0.32803743124999996 0.12491048281249999 0.3186327203125 0.08268397499999999
1 0.3600415875 0.039312718749999996 0.35967831875 0.0219857046875 0.3480242578125 0.020937796875 0.3427844125 0.0245577765625 0.3448097078125 0.048077959375 0.343839378125 0.06891129375 0.3375 0.0909015625 0.3375 0.1890625 0.3501274875 0.1890625 0.353184603125 0.18653493906250002 0.35767305 0.173921278125 0.36280838125 0.14741873125 0.3647540265625 0.122395996875 0.3632512265625 0.1044086375 0.355493440625 0.06995920156249999 0.3562697015625 0.053292535937499996 0.3600415875 0.039312718749999996
1 0.4063138234375 0.094055675 0.397273734375 0.058683743749999996 0.3974780046875 0.025432296875 0.39303964687500004 0.0217348859375 0.382883396875 0.02120261875 0.3818530046875 0.024613425 0.38466054843749997 0.05525086875 0.378125 0.0844962953125 0.378125 0.1346164046875 0.3799717078125 0.15063382187500002 0.3855081 0.17171281875 0.3895841296875 0.1760842015625 0.39380091875 0.1765625 0.40151500625000003 0.1765625 0.4042581 0.1726954640625 0.4063138234375 0.1581567515625 0.4063138234375 0.094055675
1 0.186669021875 0.0686071265625 0.1895920125 0.0338303609375 0.18833529531249998 0.0192674796875 0.17233179062499998 0.0216303671875 0.174950271875 0.06881168125 0.167299378125 0.096725825 0.165625 0.107245675 0.165625 0.1566631765625 0.17172276875 0.18554652968750002 0.1742463625 0.1890625 0.1888966234375 0.1890625 0.189707678125 0.18801066093750002 0.19731663906250002 0.144681821875 0.19731663906250002 0.127174046875 0.1962702703125 0.107332378125 0.186669021875 0.0686071265625
1 0.1390625 0.054844990625 0.140625 0.0257602109375 0.138671875 0.0194078515625 0.13684306562499998 0.0193120078125 0.126740396875 0.0193120078125 0.125 0.0235524515625 0.1265625 0.055578782812500005 0.1171875 0.09995925624999999 0.1171875 0.13425412812499998 0.1234375 0.1526372296875 0.125 0.1721635625 0.1272918984375 0.175 0.1391060734375 0.175 0.1421875 0.17167543125 0.1484375 0.137435078125 0.1484375 0.10020810937499999 0.1390625 0.054844990625
1 0.2662467484375 0.084030059375 0.259196725 0.03837858125 0.2591239953125 0.034211915625 0.26290902968749996 0.027153809374999997 0.256964803125 0.0224631890625 0.2550722859375 0.025992240625000003 0.255169259375 0.031547796875 0.2581918171875 0.070368490625 0.2494713828125 0.10814127656250001 0.2484375 0.11905471406250001 0.2484375 0.1285394125 0.24944167031250003 0.1512195609375 0.2540203296875 0.1734375 0.2566992671875 0.1734375 0.256860809375 0.17323719843750002 0.2564486765625 0.149626084375 0.26201986875 0.11055534062500001 0.2657079296875 0.0979416796875 0.2662467484375 0.084030059375
1 0.290625 0.0711440765625 0.290625 0.11756129374999999 0.3012005828125 0.08528723125 0.3027792359375 0.064453896875 0.3015931671875 0.049340009375 0.3033823140625 0.025728898437499998 0.302473546875 0.0223386234375 0.29723755625 0.024777053125 0.29648469375 0.0552233484375 0.290625 0.0711440765625
1 0.2112046125 0.024319137499999997 0.21372613437500002 0.039624187500000005 0.213855425 0.0507352984375 0.20564954218749998 0.08396863593750001 0.203125 0.1003509421875 0.203125 0.13729691875 0.2031548296875 0.13809893906249998 0.20722469999999998 0.1546875 0.2072884375 0.1546875 0.209501796875 0.1465049984375 0.2107733953125 0.1215231796875 0.2196797203125 0.08135448906250001 0.2154772453125 0.022285803125 0.2112046125 0.024319137499999997
0 0.24583093906250003 0.36875 0.24627446874999998 0.3579788015625 0.2410966203125 0.33326540625 0.2222549765625 0.30857408125 0.2105523875 0.30779934375 0.19247050937500002 0.31846326875000003 0.183332603125 0.3321285640625 0.178125 0.35299615625 0.178125 0.36875 0.24583093906250003 0.36875
1 0.65 0.07795711562499999 0.6458670125 0.0583745703125 0.6460515890625 0.0229669953125 0.631610584375 0.024713928125 0.6325857625 0.058065446875 0.6234375 0.09332616406250001 0.6234375 0.1469132125 0.62699026875 0.170419975 0.630343525 0.1828125 0.6445367671875 0.1828125 0.6473431703125 0.1778371984375 0.65 0.164645325 0.65 0.07795711562499999
2 1 0 0.7647022859375 0 0.65 0.0298284890625 0.65 0.340795296875 0.8070748515625 0.349943865625 1 0.2794169703125 1 0
1 0.20227551250000003 0.36875 0.21180344375 0.43892058125 0.1409878171875 0.5742735046874999 0.1140625 0.6862775578125 0.1140625 0.70646201875 0.1411792640625 0.8253440890625001 0.20661085468749998 0.9367519468750001 0.2608595796875 0.997695096875 0.2679876984375 1 0.399428075 1 0.421427465625 0.9811441515624999 0.4659518078125 0.90402599375 0.4659518078125 0.6001895609375 0.3683019296875 0.4002147359375 0.3701975234375 0.36875 0.20227551250000003 0.36875
1 0.5140625 0.36875 0.5140625 0.4845561734375 0.54196881875 0.5622765624999999 0.5203090078125 0.69375 0.5387427265625 0.69375 0.5675947781249999 0.6794843703125 0.618611584375 0.61529608125 0.6295907734374999 0.5068307187500001 0.596758984375 0.42608827343750005 0.607417796875 0.36875 0.5140625 0.36875
1 0.3828125 0.36875 0.3828125 0.47259720468750005 0.3881696453125 0.446369759375 0.4065422953125 0.45885006562499997 0.3828125 0.5022475 0.3828125 0.5168034515625 0.455963490625 0.67050808125 0.45895006250000003 0.78125 0.46506878125 0.78125 0.5464588453125 0.659126709375 0.5533838578125 0.5666925125 0.49738674843749997 0.42746869375 0.5047464796875001 0.36875 0.3828125 0.36875
1 0.005540290625 0.36875 0.0109940515625 0.41411137968749995 0 0.437593684375 0 0.794626578125 0.0208073828125 0.8046875 0.04592208125 0.8046875 0.0528210578125 0.6565636671874999 0.134182353125 0.5063968671875 0.1369768984375 0.44639686718749993 0.11298939687500001 0.391170725 0.115852271875 0.36875 0.005540290625 0.36875
1 0.65 0.36875 0.6167078734375 0.36875 0.6125 0.3964330265625 0.6125 0.424709175 0.646513465625 0.4995721062499999 0.646513465625 0.6015625 0.6482929703125 0.6015625 0.65 0.599634740625 0.65 0.36875