1 0.35 0.1309832984375 0.3436579390625 0.1276142921875 0.3361506453125 0.13169139375 0.3289717796875 0.14554991718750002 0.326593215625 0.174174684375 0.3278638109375 0.2142262984375 0.3258335796875 0.246594240625 0.3121421328125 0.2946955484375 0.3121421328125 0.44603252187500003 0.3150565828125 0.45 0.34010755000000004 0.45 0.34706844375 0.43032530781249995 0.35 0.41797928124999995 0.35 0.1309832984375
1 0.8799474328125001 0 0.8790460171875001 0.019353770312499997 0.8827034874999999 0.05865705624999999 0.8816037828125001 0.08226816718749999 0.868637209375 0.13401247656249998 0.868637209375 0.2046875 0.9140625 0.2046875 0.9140625 0.154213928125 0.9036778359375 0.0964849546875 0.9104450796875 0 0.8799474328125001 0
2 0.35 0.2934438953125 0.35000229374999997 0.293459353125 0.3577312734375 0.30661061875 0.4623541203125 0.3032237875 0.5312334265625 0.30837936718750003 0.9062980796875 0.3089754578125 0.9243638109375001 0.3130375859375 0.941809925 0.324048703125 0.950371346875 0.3226098171875 0.9560663843749999 0.332300225 0.9724403078125 0.3308158859375 0.9770350656249999 0.3359375 0.9912806437499999 0.3359375 0.9931595953125001 0.33138988281250004 0.9890917124999999 0.324468165625 0.9953125 0.313816665625 0.9953125 0.26705073125 0.9909236406249999 0.268894428125 0.9953125 0.258582515625 0.9953125 0.2326824796875 0.989630571875 0.2133388734375 0.9820309 0.2057431625 0.4094439625 0.2012854890625 0.36866206562500003 0.2012854890625 0.35 0.209919725 0.35 0.2934438953125
1 0 0.7682136765625 0.0092018078125 0.7233827921875 0.009375 0.7146135421875 0.009375 0.6919058078125 0.0029318578125 0.6560057265625 0.008445346874999999 0.5881277703125 0 0.5710606953124999 0 0.7682136765625
1 0.057624804687499996 0.625158596875 0.051332335937499994 0.6203125 0.046176525 0.6203125 0.037913053125 0.6343022765625 0.042034775 0.71067753125 0.031415134375 0.7579679296874999 0.02890434375 0.784375 0.03218556875 0.8246391421875 0.0391144296875 0.8537694468750001 0.0422967125 0.8546875 0.0441163828125 0.8546875 0.05890970156250001 0.83142905 0.059375 0.8071604296875 0.059375 0.630000278125 0.057624804687499996 0.625158596875
1 0.1359290078125 1 0.1453125 0.9704861109374999 0.1515625 0.9454861109374999 0.1546875 0.9135416671875 0.15234375 0.87881944375 0.14140625 0.8329861109374999 0.140625 0.81493055625 0.15 0.7482638890625 0.15 0.7274305562500001 0.146875 0.7135416671874999 0.140234375 0.7045138890625 0.125390625 0.705902778125 0.11796875 0.721875 0.11875 0.8010416671874999 0.11640625 0.8232638890625001 0.1 0.8704861109375 0.0953125 0.899652778125 0.09609375 0.944097221875 0.10625 0.999652778125 0.106549478125 1 0.1359290078125 1
1 0.2865808828125 1 0.2921875 0.97881944375 0.29296875 0.959375 0.30546875 0.919097221875 0.3078125 0.8857638890625001 0.30546875 0.8704861109375 0.290625 0.8482638890625 0.29296875 0.799652778125 0.28984375 0.794097221875 0.2921875 0.7857638890625 0.289453125 0.778125 0.28125 0.8385416671874999 0.262109375 0.8517361109374999 0.25546875 0.8704861109375 0.2515625 0.9829861109374999 0.24294921875000003 1 0.2865808828125 1
1 0.07271395625 1 0.071875 0.996875 0.08125 0.8760416671875 0.075390625 0.84756944375 0.069921875 0.8420138890625001 0.056640625 0.8447916671875 0.049609375 0.840625 0.03984375 0.8524305562500001 0.034375 0.8732638890625001 0.0328125 0.9232638890625001 0.03359375 0.9385416671875 0.0390625 0.9538194437499999 0.03984375 0.984375 0.03828125 0.9982638890625001 0.037548828125 1 0.07271395625 1
1 1 0.509375 0.9639708625000001 0.509375 0.9617180390625 0.5364226171875 0.9657884625000002 0.5939893781250001 0.969656978125 0.62591564375 0.9759527640624999 0.6446315546875 0.98215783125 0.65 1 0.65 1 0.509375
1 0.9048741374999999 0.509375 0.9042032437499999 0.5491149906249999 0.90825504375 0.6001165609375 0.9143327328125 0.6271173796875 0.923786903125 0.62891745 0.93984375 0.62743055625 0.95234375 0.6190972218749999 0.95703125 0.59131944375 0.9591028796875001 0.509375 0.9048741374999999 0.509375
1 0.8543254578125001 0.509375 0.85546875 0.5371527781250001 0.8640625 0.5857638890625 0.873828125 0.600347221875 0.8859375 0.6024305562500001 0.893359375 0.6017361109375 0.9015625 0.58993055625 0.90859375 0.5302083328125 0.908928571875 0.509375 0.8543254578125001 0.509375
0 0.84453125 0.8079861109375 0.832421875 0.78368055625 0.809765625 0.762847221875 0.775390625 0.7586805562500001 0.748046875 0.7822916671875 0.73359375 0.8135416671875 0.7265625 0.8510416671875 0.72734375 0.894097221875 0.73828125 0.9385416671875 0.767578125 0.9864583328125001 0.79921875 0.98993055625 0.810546875 0.9850694437499999 0.830078125 0.9614583328125 0.84453125 0.934375 0.85390625 0.8885416671874999 0.853125 0.8427083328125 0.84453125 0.8079861109375