1 0.53034343125 0.23512190312499998 0.525 0.23958333281250002 0.5265625 0.26597222187499997 0.5211322671875 0.28366348124999996 0.5203125 0.29930555625 0.5255790203124999 0.3293828671875 0.5322491828125 0.32881843125 0.537648821875 0.3090631421875 0.536378321875 0.287614546875 0.53359375 0.2701388890625 0.534790184375 0.25149058125 0.5357430703125 0.23907296875 0.53034343125 0.23512190312499998
1 0.5049333265625 0.23850853125000002 0.5065419984374999 0.2604166671875 0.5027099390624999 0.2797124171875 0.5002919984374999 0.29930555625 0.5020746890625001 0.3101920125 0.5052509625 0.3214807546875 0.5127919984375 0.321527778125 0.5154149921875 0.31075644687500004 0.5190419984375 0.2951388890625 0.515732628125 0.27632580625 0.5120107484374999 0.26319444375 0.5159169984374999 0.23819444375 0.5049333265625 0.23850853125000002
1 0.54921875 0.2645833328125 0.54375 0.2854166671875 0.54375 0.3048611109375 0.549609375 0.3236111109375 0.55546875 0.3229166671875 0.5609375 0.3020833328125 0.5609375 0.2854166671875 0.55625 0.2673611109375 0.5563887656250001 0.23850853125000002 0.5471776015625001 0.237944096875 0.54921875 0.2645833328125
1 0.570681934375 0.2571349515625 0.56687043125 0.2740680453125 0.56640625 0.29652777812500003 0.570703125 0.315277778125 0.578125 0.31597222187499996 0.5828125 0.30069444375 0.58359375 0.2798611109375 0.57734375 0.25486111093749997 0.578125 0.23680555625 0.570681934375 0.23737966250000003 0.570681934375 0.2571349515625
1 0.598583478125 0.23680555625 0.5919629203125 0.23512190312499998 0.5919629203125 0.250361709375 0.5891042609375 0.26334375625 0.5876459781250001 0.2798611109375 0.5884690328125 0.2932589 0.5915522281250001 0.30625 0.597020978125 0.30902777812500004 0.600145978125 0.30625 0.6040327015625 0.28817898125 0.604833478125 0.278472221875 0.6018093140625 0.2605215625 0.5978022281250001 0.2451388890625 0.598583478125 0.23680555625
1 0.4875 0.23541666718749998 0.4890625 0.259027778125 0.4852404984375 0.272939175 0.4828125 0.290972221875 0.4875 0.31597222187499996 0.49609375 0.31736111093749997 0.5 0.303472221875 0.50078125 0.28125 0.49453125 0.2576388890625 0.49609375 0.23680555625 0.490234375 0.23333333281250002 0.4875 0.23541666718749998
1 0.473046875 0.23472222187499997 0.469676828125 0.23737966250000003 0.4693591921875 0.25261944999999997 0.4668181921875 0.2650370625 0.465625 0.28819444375000003 0.46875 0.30763888906250003 0.4765625 0.3104166671875 0.4801584734375 0.2921300296875 0.48203125 0.2770833328125 0.47952322187499996 0.261085996875 0.475 0.2451388890625 0.4765625 0.23680555625 0.473046875 0.23472222187499997
1 0.687472065625 0.2338335625 0.6864748578125 0.2493393625 0.6846050890625001 0.2610794703125 0.6831092765625 0.27281957968750004 0.6826106734375 0.2861102640625 0.68585160625 0.3078183875 0.6902143953125 0.308039896875 0.69569905625 0.3078183875 0.6992854390625001 0.2874700921875 0.6974441796875 0.2655097015625 0.6938292875000001 0.2493393625 0.694826496875 0.23272600625 0.687472065625 0.2338335625
1 0.309375 0.23819444375 0.307421875 0.23472222187499997 0.300390625 0.23472222187499997 0.29921875 0.23680555625 0.29921875 0.25069444375 0.3015625 0.259027778125 0.3015625 0.2645833328125 0.29921875 0.271527778125 0.29765625 0.28125 0.29609375 0.30069444375 0.296875 0.3020833328125 0.296875 0.3104166671875 0.29921875 0.3201388890625 0.301171875 0.3236111109375 0.30625 0.3229166671875 0.309375 0.31875 0.3122738515625 0.30745406875 0.3125 0.28819444375000003 0.3078125 0.2645833328125 0.309375 0.2520833328125 0.309375 0.23819444375
1 0.334375 0.23819444375 0.332421875 0.23472222187499997 0.325390625 0.23472222187499997 0.32421875 0.23958333281250002 0.3265625 0.259027778125 0.325 0.26180555625 0.32265625 0.27291666718749996 0.321875 0.29930555625 0.326953125 0.3166666671875 0.329296875 0.31805555625 0.33359375 0.31736111093749997 0.3359375 0.3145833328125 0.33828125 0.303472221875 0.3390625 0.2798611109375 0.334375 0.2604166671875 0.3328125 0.259027778125 0.334375 0.23819444375
1 0.3625 0.2673611109375 0.3578125 0.2520833328125 0.35703125 0.246527778125 0.3578125 0.23819444375 0.355078125 0.23472222187499997 0.352734375 0.23472222187499997 0.35 0.23819444375 0.35078125 0.2520833328125 0.346875 0.2673611109375 0.3453125 0.278472221875 0.34609375 0.2951388890625 0.35078125 0.3104166671875 0.35390625 0.31319444375 0.357421875 0.3125 0.36015625 0.30902777812500004 0.36171875 0.303472221875 0.36171875 0.2979166671875 0.36328125 0.28958333281250004 0.3625 0.2673611109375
1 0.315625 0.2479166671875 0.315625 0.23958333281250002 0.31640625 0.23819444375 0.315234375 0.23611111093749998 0.310546875 0.23611111093749998 0.31015625 0.2479166671875 0.3078125 0.2604166671875 0.3078125 0.2673611109375 0.31171875 0.28819444375000003 0.31171875 0.30625 0.3109375 0.30763888906250003 0.312109375 0.3111111109375 0.31640625 0.3104166671875 0.31953125 0.30625 0.3203125 0.3020833328125 0.3203125 0.29652777812500003 0.32109375 0.2951388890625 0.32109375 0.26875 0.315625 0.2479166671875
1 0.29140625 0.2451388890625 0.29296875 0.23819444375 0.291015625 0.23472222187499997 0.285546875 0.23472222187499997 0.2828125 0.23680555625 0.28515625 0.246527778125 0.28515625 0.25486111093749997 0.28125 0.27291666718749996 0.284375 0.2798611109375 0.284375 0.28680555625 0.28671875 0.3020833328125 0.2859375 0.3145833328125 0.289453125 0.31805555625 0.29140625 0.31736111093749997 0.29453125 0.31319444375 0.29609375 0.3048611109375 0.296875 0.27569444375 0.29296875 0.2604166671875 0.29140625 0.2576388890625 0.29140625 0.2451388890625
0 0.5078125 0.4923611109375 0.50703125 0.5173611109375 0.519140625 0.54305555625 0.53046875 0.54375 0.5421875 0.52569444375 0.54453125 0.5006944437499999 0.538671875 0.48194444374999995 0.522265625 0.47361111093749997 0.515234375 0.477777778125 0.5078125 0.4923611109375