2 0 0.35 0.5 0.35 0.5 0.051768575 0 0.27617999531250004 0 0.35
1 0.1927438640625 0 0.1890625 0.027553737499999998 0.1890625 0.040355384375 0.192312659375 0.08479630625 0.20389947031250003 0.13548369375 0.20988884687499998 0.1484375 0.2265381578125 0.1484375 0.2372406953125 0.145108321875 0.2372406953125 0 0.1927438640625 0
1 0.86109011875 0 0.8644852015625 0.0457574484375 0.8265625 0.20700087968749997 0.8265625 0.35 0.9845063578125 0.35 1 0.2921003140625 1 0.23403071406249998 0.996028371875 0.189500209375 0.944554053125 0.0337782515625 0.9467942 0 0.86109011875 0
1 0.772387153125 0 0.7479861109374999 0.129946375 0.8057638890625001 0.2837925296875 0.8235416671875001 0.2778753703125 0.8279861109375 0.1832008140625 0.8635416671874999 0.0885262578125 0.8635416671874999 0.0056860203125 0.8620163703125 0 0.772387153125 0
1 0.7175186968749999 0 0.71243055625 0.029354659374999998 0.739097221875 0.11811205625000001 0.76866898125 0 0.7175186968749999 0
1 0.2483624921875 0.35 0.24825415468749998 0.35464287968749997 0.245707534375 0.3946155609375 0.240089784375 0.430195409375 0.2158586734375 0.54489489375 0.2015625 0.6322693703125 0.2015625 0.7937252234375001 0.2083089328125 0.8359513656249999 0.22081260937499997 0.8794091500000001 0.23142688437499997 0.906358134375 0.2673321890625 0.9734831625 0.2739137671875 0.9796875 0.321730321875 0.9796875 0.3303206984375 0.9714855046875 0.3641531921875 0.9037016125000001 0.3899935734375 0.8295850015624999 0.40332318125000005 0.7573415125 0.40622902187500004 0.7312182546875 0.407407078125 0.67469730625 0.404820784375 0.6286378078125 0.39320426249999996 0.5536590765625 0.3649173984375 0.435538290625 0.3590875890625 0.3999007765625 0.359515003125 0.385529190625 0.36339431875 0.3875480078125 0.3656357140625 0.39616670625 0.366964734375 0.393753225 0.3663001609375 0.36142474999999996 0.3634987640625 0.35 0.2483624921875 0.35
1 0.5 0.35 0.459375 0.35 0.459375 0.41489472968749996 0.4681640625 0.4855653609375 0.47154947968750005 0.4954255265625 0.4812393421875 0.5015625 0.49547321093749996 0.5015625 0.5 0.49783810625 0.5 0.35
1 0.914640409375 0.555518940625 0.9109375 0.57015426875 0.9109375 0.607217425 0.9123927703125 0.6125 0.9211724140625 0.6125 0.92593896875 0.590742059375 0.920906571875 0.5536564546875 0.9227922953124998 0.5257602765625 0.9193170734375 0.5225544531249999 0.9134334562500002 0.5250817828125001 0.914640409375 0.555518940625
1 0.9058851000000001 0.5298765718749999 0.9027867031250001 0.523849778125 0.9003620609375 0.5226522078125 0.898099203125 0.524232415625 0.89572885 0.5307056203125 0.8962142109375 0.539038953125 0.899609578125 0.5569031921875001 0.8953125 0.5766144000000001 0.8953125 0.5967228812500001 0.8960290656250001 0.60324670625 0.9007442515624999 0.6168167312499999 0.9024087046875 0.61875 0.908965921875 0.61875 0.908965921875 0.5690451968750001 0.9069644015625 0.5618847890625001 0.9052401140625002 0.5592345578125 0.9058851000000001 0.5298765718749999
1 0.8859375 0.5491958312499999 0.8859375 0.5339180546875 0.882421875 0.5275248046875001 0.877734375 0.527333803125 0.875 0.5362501640625 0.87734375 0.5599567765625 0.87421875 0.582051665625 0.871875 0.5889006078125 0.871875 0.605567275 0.87578125 0.61822644375 0.8765397984375 0.625 0.8854868109374999 0.625 0.890625 0.6063312796875 0.88984375 0.5812994453125 0.88515625 0.56721955625 0.884375 0.5602432765625001 0.8859375 0.5491958312499999
1 0.859765625 0.6217013890625 0.86171875 0.6279513890625 0.866015625 0.6286458328125001 0.86875 0.6223958328125001 0.87109375 0.6085069437499999 0.87109375 0.5918402781250001 0.86484375 0.566840278125 0.86640625 0.5515625 0.86640625 0.5376736109375 0.865234375 0.5342013890625 0.860546875 0.5314236109375 0.85703125 0.5432291671875 0.8578125 0.566840278125 0.856417375 0.5807375671875 0.8554753906249999 0.5904465765625 0.8547217859374999 0.6045078953124999 0.8562289828124999 0.6132125187499999 0.857736165625 0.6192388015625 0.859765625 0.6217013890625
1 0.83515625 0.6251736109375 0.8375 0.6265625 0.841015625 0.6258680562500001 0.84453125 0.616840278125 0.846875 0.604340278125 0.846875 0.5876736109375 0.840625 0.561284721875 0.84296875 0.5390625 0.8421875 0.5321180562500001 0.837109375 0.5244791671875 0.833203125 0.5244791671875 0.83125 0.5404513890625 0.834375 0.5557291671875 0.834375 0.561284721875 0.8328125 0.566840278125 0.83125 0.586284721875 0.8294763749999999 0.5934597187499999 0.8300415749999999 0.5971424437499999 0.8306067765625 0.60249913125 0.8317371515625 0.6095297921875 0.83359375 0.616840278125 0.83515625 0.6251736109375
1 0.8046875 0.6029513890625 0.809375 0.61961805625 0.815234375 0.6203125 0.81796875 0.6154513890625 0.81875 0.60711805625 0.821875 0.5946180562500001 0.8203125 0.573784721875 0.81640625 0.5598958328125001 0.81796875 0.5293402781250001 0.815234375 0.5217013890625 0.810546875 0.5217013890625 0.80859375 0.5251736109375 0.8078125 0.53350694375 0.81015625 0.5598958328125001 0.80625 0.5682291671874999 0.80390625 0.58350694375 0.8046875 0.6029513890625
1 0.784375 0.6112847218749999 0.7859375 0.6126736109375 0.793359375 0.6119791671874999 0.79765625 0.5932291671875 0.79765625 0.5723958328125001 0.7921875 0.5487847218749999 0.7921875 0.541840278125 0.79375 0.5348958328125 0.79375 0.523784721875 0.792578125 0.5217013890625 0.787890625 0.5217013890625 0.78515625 0.523784721875 0.78671875 0.5515625 0.78203125 0.566840278125 0.78046875 0.579340278125 0.7828125 0.604340278125 0.784375 0.6112847218749999
1 0.8507654203125 0.621582346875 0.8547217859374999 0.62225194375 0.8571709796875 0.6202431781250001 0.854344990625 0.6088602062499999 0.8541565984374999 0.5947988875 0.8578125 0.5696180562500001 0.8578125 0.541840278125 0.8609375 0.5307291671875001 0.86015625 0.5251736109375 0.857421875 0.5217013890625 0.851953125 0.5244791671875 0.85078125 0.5279513890625 0.85234375 0.5598958328125001 0.8484375 0.573784721875 0.84793944375 0.5897769921875 0.8507654203125 0.621582346875
1 0.86875 0.58211805625 0.871875 0.5890625 0.8734375 0.5890625 0.875 0.5807291671874999 0.875 0.5723958328125001 0.87734375 0.5654513890625 0.87734375 0.5529513890625 0.87578125 0.54461805625 0.87578125 0.5376736109375 0.87734375 0.5293402781250001 0.8796875 0.5251736109375 0.876953125 0.5217013890625 0.873046875 0.5217013890625 0.8703125 0.5251736109375 0.87109375 0.541840278125 0.871875 0.5432291671875 0.871875 0.5557291671875 0.8686632890624999 0.56567186875 0.86796875 0.5710069437499999 0.8671875 0.573784721875 0.86875 0.58211805625
1 0.8243896218749999 0.5891074062499999 0.82578125 0.6029513890625 0.826953125 0.6036458328125001 0.828125 0.6015625 0.82890625 0.5946180562500001 0.83203125 0.586284721875 0.83359375 0.566840278125 0.83515625 0.561284721875 0.83203125 0.5390625 0.8328125 0.5376736109375 0.8328125 0.5321180562500001 0.8375 0.5251736109375 0.833984375 0.5217013890625 0.829296875 0.5217013890625 0.82734375 0.5251736109375 0.82890625 0.554340278125 0.8253316046875 0.57203294375 0.82421875 0.5807291671874999 0.8234375 0.58211805625 0.8243896218749999 0.5891074062499999
1 0.65703125 0.6085069437499999 0.66015625 0.6126736109375 0.666015625 0.61336805625 0.66796875 0.6112847218749999 0.671875 0.5918402781250001 0.671875 0.5723958328125001 0.66953125 0.55850694375 0.66858319375 0.554310346875 0.6678551640625 0.5504291015625 0.66796875 0.523784721875 0.6658530734375 0.5219666187499999 0.6598468046875 0.5219666187499999 0.65857274375 0.533286925 0.659375 0.5529513890625 0.654750565625 0.5737165765625 0.6563886390625 0.5999149890625001 0.65703125 0.6085069437499999
1 0.637109375 0.617534721875 0.63984375 0.6182291671875 0.645703125 0.617534721875 0.6484375 0.6126736109375 0.6515625 0.59600694375 0.6515625 0.5779513890625 0.64609375 0.554340278125 0.64765625 0.5251736109375 0.645703125 0.5203125 0.643359375 0.5189236109375 0.637890625 0.5203125 0.63515625 0.5265625 0.63671875 0.5557291671875 0.634375 0.5626736109375 0.63125 0.5807291671874999 0.63203125 0.6029513890625 0.63515625 0.6140625 0.637109375 0.617534721875
1 0.6125 0.61961805625 0.615625 0.6223958328125001 0.621484375 0.6230902781250001 0.62578125 0.616840278125 0.63046875 0.5946180562500001 0.62890625 0.5779513890625 0.6265625 0.5654513890625 0.62421875 0.5598958328125001 0.6272673328125 0.5303759890624999 0.6245372125 0.52164318125 0.6198050015625001 0.519702559375 0.61543679375 0.5219666187499999 0.6141627328125 0.536844734375 0.6147087625000001 0.5539869109375 0.61216064375 0.5659540843749999 0.6103405796875 0.5740400125 0.610158553125 0.587947815625 0.6097945499999999 0.6060603 0.6125 0.61961805625
1 0.5914306203125 0.60352138125 0.59296875 0.6182291671875 0.603515625 0.617534721875 0.607958821875 0.604337253125 0.608877053125 0.59019545625 0.6061223484375 0.5741499593749999 0.603979809375 0.5591922921875 0.6041328421875 0.5336282812500001 0.6029085359375 0.5235658453125 0.597858246875 0.5205743125 0.591583653125 0.527101296875 0.5914306203125 0.60352138125
0 0.930078125 0.910590278125 0.93828125 0.9182291671874999 0.954296875 0.9161458328125001 0.96640625 0.886284721875 0.96484375 0.8598958328125 0.950390625 0.8369791671875 0.934765625 0.83836805625 0.92109375 0.8640625 0.9203125 0.8876736109374999 0.930078125 0.910590278125