1 0.1948635484375 0.3919292296875 0.2046875 0.354471975 0.2046875 0.2138789921875 0.1986406125 0.18548531562499998 0.1997236203125 0.13145515624999998 0.2046875 0.0884427546875 0.2046875 0.05240941406250001 0.20234220781249998 0.042839282812500004 0.1915528828125 0.03180833125 0.1791498625 0.0352469578125 0.17206741875 0.0493980140625 0.17094126874999999 0.1686149484375 0.1493787203125 0.24780542187500001 0.14621598593750001 0.279522353125 0.1481609984375 0.32956785625 0.159739625 0.39127049999999997 0.166639065625 0.3984375 0.1892476984375 0.3984375 0.1948635484375 0.3919292296875
1 0.315625 0.3445980078125 0.315625 0.187244321875 0.3124744140625 0.17195362187500002 0.31131421875 0.138656675 0.315625 0.1043457890625 0.315625 0.0479798921875 0.312170953125 0.0396604109375 0.3031727359375 0.0323157078125 0.290915415625 0.035900176562500004 0.2838043546875 0.054268109375 0.2863695890625 0.165197284375 0.2706126515625 0.2157128765625 0.265765528125 0.2528853921875 0.2698634140625 0.309866225 0.2742827109375 0.33223399531250003 0.285096065625 0.3453125 0.315094903125 0.3453125 0.315625 0.3445980078125
2 1 0.1745955375 0.5025910953125 0.14468457968749998 0.5 0.14576341406249999 0.5 0.2496920203125 0.59920221875 0.2516832859375 0.6682757921875 0.26044092343749997 1 0.2783407203125 1 0.1745955375
1 0.54221085 0.9220204640624999 0.5462959203125 0.925 0.573708575 0.925 0.5788090015625 0.918977740625 0.5828125 0.8988170640625001 0.5828125 0.76776795 0.570048715625 0.7102010046875 0.5700460828125 0.67656775 0.57605225625 0.632935825 0.5747886171875 0.6121649312499999 0.5686126765624999 0.598222628125 0.557494278125 0.58981356875 0.5467376765624999 0.5969485531250001 0.5419761171874999 0.6102538234375 0.5474527625000001 0.7114721 0.5275977671875001 0.7969855921875 0.52775114375 0.8370955296875 0.54221085 0.9220204640624999
1 0.61822426875 0.9380224828125 0.6229604859375 0.9421875 0.646875 0.9421875 0.646875 0.7583699828125 0.6416865781250001 0.7388827109375 0.6415992171875 0.6303655171875 0.6339400875 0.612569178125 0.619575809375 0.606732859375 0.61355214375 0.610327771875 0.607148771875 0.6274691375 0.61608301875 0.7273556203125 0.601886509375 0.791285553125 0.5993601046875 0.8415489765625 0.6048993375 0.8831453015624999 0.61822426875 0.9380224828125
1 0.654023703125 0.90625 0.664448621875 0.90625 0.6779884578125 0.8937205078125 0.712393603125 0.8907420125 0.715625 0.8810062703125 0.715625 0.8305238421875 0.7002528140625 0.7610299328125001 0.6996750374999999 0.726005775 0.7063696640625 0.649981421875 0.7041012765625 0.6368778609375 0.69284474375 0.6238462218749999 0.6787520984375 0.628126403125 0.6720022015625 0.646483234375 0.67369785 0.75803239375 0.6546087296875001 0.8151209937499999 0.651828034375 0.8369427046875 0.651828034375 0.8693413781249999 0.654023703125 0.90625
1 0.70234375 0.7466887953125 0.70234375 0.7609375 0.71953125 0.8425437171875 0.73984375 0.7700048578125 0.73828125 0.7505748062500001 0.7328125 0.732440090625 0.73828125 0.6210411265625 0.732421875 0.6061447531249999 0.725390625 0.60096340625 0.712890625 0.6035540796875 0.70546875 0.619745790625 0.7078125 0.7207820593750001 0.70234375 0.7466887953125
1 0.76875 0.7700048578125 0.775 0.65860589375 0.767578125 0.6398235109375 0.754296875 0.6359375 0.74453125 0.6469478625 0.740625 0.6611965671875 0.74375 0.7570514890625 0.73984375 0.7816628890625 0.72265625 0.84124838125 0.71875 0.881403821875 0.721484375 0.8898235109374999 0.74765625 0.9202639250000001 0.76640625 0.97725874375 0.77265625 0.9656007125 0.78203125 0.9228545984375 0.7859375 0.8943571890625 0.7859375 0.8580877593749999 0.76875 0.7700048578125
1 0.80078125 0.7466887953125 0.80703125 0.640471178125 0.798046875 0.619098121875 0.785546875 0.6165074484375 0.77578125 0.6275178109375 0.77265625 0.6391758421875 0.77578125 0.65860589375 0.77578125 0.7298494171875001 0.77109375 0.7713001937499999 0.784375 0.8386577078125 0.78671875 0.8658597796875 0.78515625 0.9099012312500001 0.77734375 0.9526473453125 0.780859375 0.9571810234375 0.79765625 0.9565333546874999 0.80234375 0.9500566703125 0.8140625 0.8969478625 0.81875 0.8334763593750001 0.80078125 0.7466887953125
1 0.8859375 0.8529064125 0.86953125 0.7700048578125 0.87421875 0.6560152203125 0.866796875 0.6359375 0.855859375 0.6320514890625 0.845703125 0.6398235109375 0.840625 0.6560152203125 0.84375 0.7505748062500001 0.84140625 0.7700048578125 0.821875 0.84124838125 0.8203125 0.8917665156249999 0.8328125 0.9681913859375 0.837109375 0.9753157390625 0.848046875 0.9792017484375 0.86484375 0.9785540796875001 0.87265625 0.9604193656250001 0.88046875 0.925445271875 0.88515625 0.8930618515625 0.8859375 0.8529064125
1 0.90234375 0.6326991578125 0.895703125 0.6165074484375 0.880859375 0.6126214375 0.8703125 0.6288131484375 0.875 0.653424546875 0.8703125 0.7648235109375 0.88671875 0.8516110749999999 0.8859375 0.8969478625 0.878125 0.9435799875 0.881640625 0.948113665625 0.89375 0.947465996875 0.89921875 0.9396939765625 0.90859375 0.8995385359375 0.9140625 0.834771696875 0.91171875 0.80497895 0.89609375 0.744098121875 0.90234375 0.6326991578125
1 0.97890625 0.9124919046875 0.98359375 0.8762224734374999 0.98359375 0.8425437171875 0.96640625 0.7635281734375 0.965625 0.7311447531249999 0.971875 0.6508338734375 0.963671875 0.630756153125 0.954296875 0.6268701421875 0.943359375 0.6333468265625 0.93828125 0.6456525265625 0.9375 0.6806266187500001 0.94140625 0.7246680703124999 0.93984375 0.7583468265625 0.92265625 0.8192276546875 0.9171875 0.8671551171875 0.91875 0.8930618515625 0.93203125 0.9617147015625 0.936328125 0.96624838125 0.96328125 0.9668960500000001 0.9703125 0.9526473453125 0.97890625 0.9124919046875
0 0.7634547781250001 1 0.76484375 0.9850307640625001 0.75703125 0.9448753234374999 0.740234375 0.9118442359374999 0.715234375 0.8898235109374999 0.692578125 0.8885281734374999 0.669921875 0.9014815421875 0.64765625 0.9319219562499998 0.6390625 0.9565333546874999 0.63671875 0.99927946875 0.63683825625 1 0.7634547781250001 1