1 0.1203926578125 0 0.12081316093750001 0.027886285937499998 0.1165241359375 0.06121961875 0.110915115625 0.0876085078125 0.0952520796875 0.1334418390625 0.09524563593749999 0.1334743453125 0.09524563593749999 0.29383537656250003 0.0989576875 0.3181640609375 0.10319266875 0.321875 0.12811887187499998 0.321875 0.13748144375 0.31121961875 0.153386984375 0.25844183906249996 0.1609375 0.19887521875 0.1609375 0.13939394375 0.1495843734375 0.076497396875 0.1491373984375 0.04455295 0.1551344171875 0 0.1203926578125 0
1 0.0957964765625 0 0.0733329609375 0.092826225 0.0733329609375 0.13134224375 0.0753706359375 0.17898473125 0.07425809375 0.23596556249999998 0.07539360625 0.24216098125 0.0778546359375 0.2421875 0.0875675359375 0.2421875 0.09222684375 0.235128653125 0.0941852796875 0.1670003234375 0.1165693390625 0.078481478125 0.11830960625 0.0478531484375 0.12312639218749999 0.025412603125 0.12258187499999999 0 0.0957964765625 0
1 0.08306685312499999 0 0.0828934078125 0.0010817218749999999 0.0821492609375 0.030175653125 0.087453103125 0.076045353125 0.09213171406250001 0.090625 0.09743254375 0.090625 0.1078125 0.023349165625 0.1078125 0 0.08306685312499999 0
1 0.217833871875 0 0.21128931718750002 0.0249525609375 0.20746176093750002 0.0653894640625 0.21050672656249997 0.12092228593750001 0.219405540625 0.16655103124999998 0.22632412343750002 0.1765625 0.2420962796875 0.1765625 0.24619441250000001 0.171333696875 0.24699910468750003 0.11429832499999999 0.2484375 0.107762309375 0.2484375 0 0.217833871875 0
1 0.27007784375 0 0.2710146328125 0.01339671875 0.269637803125 0.038251171875000003 0.253104434375 0.11362121562500001 0.25201468125000004 0.1537170578125 0.2547340578125 0.192605946875 0.2684794828125 0.2555425921875 0.277605253125 0.269119103125 0.28273539062499997 0.2703125 0.3 0.2703125 0.3 0.048322509375 0.2999080265625 0.047967221875 0.2973871765625 0.0007813875 0.2974600640625 0 0.27007784375 0
1 0.3683056765625 0 0.366971375 0.0161392046875 0.348697559375 0.060729346875 0.3448892140625 0.07574104375 0.3448892140625 0.21461463281249998 0.34868852031249997 0.2244269890625 0.35509777656249997 0.2265625 0.3679554421875 0.2265625 0.3721826125 0.2248140859375 0.38288202031249996 0.20263741406250002 0.391826378125 0.17545163125000002 0.4025706578125 0.12332505 0.40415525937499996 0.0844361625 0.3959342171875 0.0169407 0.39850522499999996 0 0.3683056765625 0
0 0 0.38551939218750003 0.0067497671875 0.382523090625 0.0387465140625 0.324657746875 0.05514053125 0.2725408171875 0.059375 0.235936834375 0.059375 0.23157553437499998 0.051104571875000004 0.17183446875 0.0381329359375 0.14286065625 0.0206320296875 0.12527934062499999 0 0.12527934062499999 0 0.38551939218750003
1 0.8653647046875002 0 0.8650918859375001 0.0078125 0.865888834375 0.0744791671875 0.8548758390625 0.1200397046875 0.8548758390625 0.2338664015625 0.8589335265625 0.2587384265625 0.863685596875 0.259375 0.8804531171875001 0.259375 0.8854278687499999 0.2457754640625 0.893492065625 0.2087384265625 0.8943292609375 0.1698495390625 0.896875 0.1494707078125 0.896875 0.12684229687499998 0.8867221671875001 0.0744791671875 0.887789190625 0.0439236109375 0.8923572343749999 0 0.8653647046875002 0
1 0.9135967046874999 0 0.9169672500000001 0.06572794843749999 0.9158340062500001 0.0815172046875 0.9040955546875 0.130199034375 0.9015504921874999 0.17680638906249999 0.9015504921874999 0.202794078125 0.903567640625 0.2209397765625 0.9116747249999999 0.2594405328125 0.9138969781250001 0.2640625 0.9341112390624999 0.2640625 0.9403367203125 0.25532855312499997 0.94375 0.2375180453125 0.94375 0.211460628125 0.9418955265625 0.166391146875 0.94375 0.149316771875 0.94375 0.10847302968750001 0.9397223125 0.09243836562499999 0.937258203125 0.06848558125000001 0.9408975390625001 0 0.9135967046874999 0
1 0.9556182718749999 0 0.9554460125 0.004415110937499999 0.9642232203125 0.060993573437500004 0.96596986875 0.0887592265625 0.9598366765625 0.1218864765625 0.9579374921875001 0.149567275 0.9601541250000001 0.19582720468749998 0.96592451875 0.22830734531250002 0.9793170390625001 0.271875 0.9921875 0.271875 0.9921875 0.10385943906249999 0.9878448687500001 0.0892683734375 0.985585634375 0.0679599546875 0.9853685046875 0.014353231250000001 0.9835776109375001 0 0.9556182718749999 0
1 0.16588936406250002 1 0.16190014531250002 0.986335359375 0.15938949062500002 0.9687427640624999 0.1501691859375 0.9344835078125 0.1427053828125 0.8946686937500001 0.140029571875 0.8668909140625001 0.1390814171875 0.8492983234375 0.1416392953125 0.7909649890624999 0.1537557109375 0.6826316546875 0.1552430765625 0.6400390625 0.1529229421875 0.6020761 0.146342621875 0.5817057296875 0.1372730515625 0.565502025 0.1179340609375 0.5525390625 0.1017558953125 0.5534649890625 0.0878585546875 0.5636501734375 0.075509290625 0.5817057296875 0.06493793125 0.6159649890625 0.06078521875 0.6752242484375 0.06500514843750001 0.7631872125 0.0650514375 0.8215205437499999 0.06268407499999999 0.8594835078124999 0.048800690625 0.9289279531249999 0.0261771984375 1 0.16588936406250002 1
1 0.28413392656249997 1 0.28011555 0.9852214921875 0.274396003125 0.934259196875 0.2708023890625 0.8583938828125 0.267954984375 0.8426167750000001 0.2644438265625 0.8314450515625001 0.25452737812500004 0.8150413265625 0.2429852171875 0.8073793453124999 0.2327197171875 0.808988746875 0.2236552921875 0.8189436046874998 0.21824907031250002 0.83868735625 0.21767738906249998 0.8571573859375 0.221658534375 0.8868233828125 0.23347691718750002 0.9360792953124999 0.239398475 0.970411290625 0.24217480781249998 1 0.28413392656249997 1
1 0.303806596875 1 0.2989695796875 0.930827415625 0.29113184687500004 0.9115427078125 0.28455811249999996 0.9066219796875 0.2762895265625 0.9071597734375001 0.2685051140625 0.9183335890625 0.2664160671875 0.9330028531250001 0.2688793109375 0.9608048890625 0.276221440625 0.9989861781249999 0.276480165625 1 0.303806596875 1
1 0.19464013593750001 1 0.1953125 0.988748915625 0.1953125 0.9743504390624999 0.189635596875 0.9621335312500001 0.1886769421875 0.9621335312500001 0.1797145046875 0.9626555359375001 0.175 0.9688845109375 0.175 0.9795958796875001 0.179573421875 1 0.19464013593750001 1
1 0.31481267812499997 1 0.3140625 0.9706597218749999 0.30911458281250004 0.958159721875 0.30078125 0.95538194375 0.2984375 0.9595486109374999 0.296875 0.9743634265625001 0.2971075890625 1 0.31481267812499997 1