1 0.23726761875000002 0 0.23726761875000002 0.0859375 0.2511190640625 0.0859375 0.25877740781249997 0.062424053125000004 0.259375 0.05720801875 0.259375 0.0106924578125 0.2582229796875 0 0.23726761875000002 0
1 0.2020720125 0 0.19749273750000002 0.022435809374999997 0.19835268125 0.0627545296875 0.2070945390625 0.0984375 0.22354382031250003 0.0984375 0.225 0.09463798749999999 0.225 0.0057132203125000005 0.224995215625 0.0056840609375 0.2230274515625 0 0.2020720125 0
1 0.1601686171875 0 0.15712890625 0.012900196875 0.15556640625 0.03365164375 0.16397516406249998 0.084375 0.180551671875 0.084375 0.1875 0.0634028640625 0.1875 0.02100229375 0.18282955625 0 0.1601686171875 0
1 0.1215150125 0 0.1215150125 0.0478843125 0.1263153 0.07263573906250001 0.12808064218749998 0.075 0.141262553125 0.075 0.15 0.041404445312499996 0.15 0.0042045984375 0.149125084375 0 0.1215150125 0
1 0.087812215625 0 0.087812215625 0.0510658421875 0.08937275 0.0627626359375 0.0900443640625 0.0640625 0.10482540781250001 0.0640625 0.111145615625 0.0464641640625 0.115625 0.019046890625 0.115625 0.008986632812500001 0.114456196875 0 0.087812215625 0
1 0.2817334984375 0 0.2817334984375 0.07505890625 0.2854194859375 0.0765625 0.2981904 0.0765625 0.305776815625 0.04756635 0.3078125 0.0279942421875 0.3078125 0.009984426562499999 0.3062399796875 0 0.2817334984375 0
1 0.32911351875 0 0.3305211296875 0.02878019375 0.3390724828125 0.0640625 0.3532169703125 0.0640625 0.3546875 0.0618197703125 0.3546875 0 0.32911351875 0
1 0.2619850328125 0 0.2641837296875 0.012775720312499999 0.265106525 0.0609375 0.2652028984375 0.0609375 0.2734375 0.029763526562499996 0.2734375 0 0.2619850328125 0
1 0.21220609375000002 0 0.2161816703125 0.027561457812500002 0.2112199515625 0.076127103125 0.212530290625 0.0765625 0.216036971875 0.0765625 0.2265625 0.025947353125 0.2265625 0.0045867078125 0.22627008124999998 0 0.21220609375000002 0
1 0.3078125 1 0.3078125 0.9993303874999999 0.2914995078125 0.9701924484374999 0.2862129265625 0.898093059375 0.2790912625 0.8866355218749999 0.2690709703125 0.8808973171875 0.2646443328125 0.849116646875 0.2617684765625 0.8457877281249999 0.26137165625000003 0.8840845312500001 0.25246044843750004 0.9151723531249999 0.2548718421875 0.9359237984375 0.2686845296875 0.9866985343749999 0.2667514921875 1 0.3078125 1
1 0.44253103125 1 0.43984375 0.9826605656249999 0.43046875 0.9627247984375 0.428125 0.9459353 0.43203125 0.9003066859375 0.43125 0.8724879640625 0.41953125 0.8552071421874998 0.417578125 0.8460770078125 0.40234375 0.8765286078125001 0.4078125 0.949037434375 0.39453125 0.9969525046874999 0.3944454125 1 0.44253103125 1
1 0.4542221296875 0.9375 0.46412252187499997 0.9225327015625 0.4734375 0.8818552859375 0.4734375 0.8456900515625 0.4731000296875 0.836517046875 0.4675857375 0.818352396875 0.47337060312499996 0.753129165625 0.46484449687499996 0.7321321921874999 0.46534211093750005 0.6911395140625001 0.46010040312499995 0.733439259375 0.4508275390625 0.7499559234375 0.44889233125 0.8166362249999999 0.4411162875 0.835217590625 0.4411162875 0.9273237906249999 0.44703424218750004 0.9375 0.4542221296875 0.9375
1 0.5 0.787070965625 0.5 0.7512303859375 0.49650259375 0.7317869546875 0.5 0.6970108296874999 0.5 0.6591045640625 0.4972436078125 0.6526930625 0.497641028125 0.6256279234375001 0.4932835328125 0.6279113859375001 0.491815271875 0.651558884375 0.4842990703125 0.6685530375 0.48272298124999996 0.7227197046875 0.473422278125 0.7505941546875 0.473422278125 0.8217029124999999 0.47784081875 0.828125 0.48611669218750003 0.828125 0.48824537812499996 0.8278749984375 0.5 0.787070965625
1 0.4046875 0.695982165625 0.4046875 0.670347015625 0.40084927343750004 0.6624272859375 0.39844625 0.635218925 0.3945992734375 0.6622454296875 0.38903768906249997 0.6746090359375 0.3855920453125 0.7340796890625 0.3855920453125 0.840625 0.39553155625 0.840625 0.39876833125 0.8377228015625 0.4046875 0.7712481625 0.4046875 0.749744203125 0.4006807453125 0.7320081218750001 0.4046875 0.695982165625
1 0.34810992343749997 0.9541333218750001 0.3534396515625 0.9422277546875 0.3628489640625 0.9059711734375 0.3640625 0.8875527906249999 0.3640625 0.8659552328124999 0.35378561406250003 0.8313348484375 0.35944450156249996 0.757741921875 0.3558159421875 0.75020304375 0.3442187046875 0.7490869109375 0.338593775 0.75545510625 0.3342536546875 0.7694167296875001 0.33545232812500003 0.8359197437500001 0.3317490828125 0.8456416765625001 0.3317490828125 0.9562995578125001 0.3378126453125 0.959375 0.341606590625 0.959375 0.34810992343749997 0.9541333218750001
1 0.4453125 0.7078312875 0.4453125 0.6985048609375 0.439654875 0.6620826328125 0.4420374734375 0.6314906890625 0.43081853125 0.6299349718749999 0.42790218593749996 0.63353455 0.4272276640625 0.661275940625 0.4190724859375 0.685175865625 0.4190724859375 0.746862328125 0.420715540625 0.755793159375 0.43035264531250006 0.759375 0.43071498124999996 0.759375 0.43926659843750004 0.743845140625 0.4453125 0.7078312875
1 0.8328125 0.744311871875 0.8241130453124998 0.688422259375 0.8328125 0.6045000968750001 0.8328125 0.601557803125 0.830125775 0.5918990281250001 0.8204548875000001 0.583447515625 0.808034696875 0.6020657 0.8060101953125001 0.6770929718750001 0.7986102203125001 0.71031678125 0.7986102203125001 0.8391388421875 0.8002656 0.840625 0.8110312921875 0.840625 0.817181721875 0.8342737750000001 0.829145315625 0.7899384171875 0.8328125 0.751162440625 0.8328125 0.744311871875
1 0.6578125 1 0.6578125 0.9772629875 0.65563525625 0.9706009609375 0.64222976875 0.949033834375 0.6375767609375 0.9116976093750001 0.6332757015625 0.8061420546875 0.625089825 0.78778101875 0.6133938453125001 0.779346921875 0.6137457937499999 0.7111275921875 0.612342021875 0.695890759375 0.6094014203125 0.6921875 0.6085246765625 0.6921875 0.6015508578125 0.7576979109375 0.601901465625 0.7855166328125 0.5878500171875001 0.805739003125 0.5853475375 0.8211805562500001 0.5876567968749999 0.8586396125 0.604548940625 0.927347071875 0.6069147906250001 0.9661950171874999 0.6007587078125 1 0.6578125 1
1 0.75041641875 0.6715725499999999 0.75041641875 0.7041214625000001 0.75732955625 0.747961525 0.764114153125 0.75 0.774012778125 0.75 0.77686080625 0.7464815375 0.7820089265625001 0.71973745 0.7859375 0.673846990625 0.7859375 0.6583265562499999 0.7767474265625001 0.61888135625 0.7802306031249999 0.5534259796875001 0.771903528125 0.538799396875 0.7704079015625 0.5168734796875001 0.769076465625 0.5168734796875001 0.766798425 0.5183804625 0.765653528125 0.53927299375 0.7605147953125 0.5431300140624999 0.758607421875 0.5183076109375 0.761025453125 0.6256209015625 0.75102013125 0.6624424078125 0.75041641875 0.6715725499999999