1 0.0392787296875 0 0.028440284375000003 0.05002004375 0.025272484374999998 0.0937022546875 0.0259445234375 0.142812703125 0.0322522140625 0.1741123078125 0.0702410265625 0.23125 0.0797642625 0.23125 0.0858229125 0.214886109375 0.0875 0.20557231874999998 0.0875 0.03161766875 0.079636109375 0 0.0392787296875 0
1 0.1113296015625 0 0.11089434218750001 0.00745805625 0.1067129421875 0.03327485625 0.0877800171875 0.0941848265625 0.0877800171875 0.3153795578125 0.088321703125 0.318223596875 0.088557434375 0.31875 0.13199710781250001 0.31875 0.134456865625 0.3124167265625 0.14232919375 0.272820165625 0.154104090625 0.239850590625 0.16022527656250002 0.2048290953125 0.1625 0.1688915828125 0.1625 0.14650180156249998 0.159582103125 0.09261018125 0.1547133265625 0.08409496718750001 0.15062948437499998 0.0691164625 0.14391848125 0.029010640625 0.1447923546875 0 0.1113296015625 0
1 0.23808850937499998 0 0.223472515625 0.06757628125000001 0.22137775468749998 0.0968657890625 0.225262578125 0.1524213453125 0.2370893953125 0.21046648124999998 0.24729753593749998 0.2453634703125 0.2497831484375 0.25 0.275 0.25 0.275 0.018418467187500003 0.27212996875 0.008023948437500001 0.270960728125 0 0.23808850937499998 0
1 0.287676565625 0 0.2875000640625 0.000517603125 0.2875000640625 0.198417509375 0.29089825 0.1984375 0.2965902609375 0.1984375 0.302171434375 0.19602843125 0.3073921359375 0.18620316875 0.32218435156249997 0.1387263734375 0.3315414875 0.0941485796875 0.333733384375 0.06729672812500001 0.33363169375 0.030332426562499997 0.3295247234375 0 0.287676565625 0
1 0.353489621875 0 0.353489621875 0.1327093125 0.355214746875 0.14346919062500002 0.3594019625 0.1484375 0.379473615625 0.1484375 0.38717417187500003 0.1349517390625 0.3977884875 0.0917583703125 0.402269515625 0.06282103125 0.403125 0.0423777984375 0.403125 0.016931678125 0.40030886875 0 0.353489621875 0
1 0.1418013390625 0 0.1418013390625 0.055688584375 0.146518609375 0.0766057 0.1460006328125 0.0840131078125 0.150234903125 0.0906582796875 0.149331303125 0.1110468375 0.1524108265625 0.14375 0.15458728593749999 0.14375 0.1637851421875 0.11340795156250001 0.16988850625000002 0.070924484375 0.1702008140625 0.0365924734375 0.1648608078125 0 0.1418013390625 0
1 0.0699433921875 0 0.0699433921875 0.037310746875 0.071020015625 0.043967009375 0.0699433921875 0.06451019062499999 0.0699433921875 0.070351490625 0.072482190625 0.08540004062499999 0.07252478125 0.121875 0.0732336875 0.121875 0.0987697578125 0.039420275 0.103125 0.0176962796875 0.103125 0 0.0699433921875 0
0 0 0.31875 0.0696150796875 0.31875 0.06164609375 0.2778413609375 0.0474253953125 0.23054400937500003 0.032472878125 0.20690326718750002 0.020684909374999998 0.1950641125 0 0.18225300625000002 0 0.31875
1 0.2816990625 0.817792846875 0.2954154046875 0.7644267 0.293447390625 0.6729419703125 0.3109375 0.6029461671874999 0.3109375 0.5759644203125001 0.3022091859375 0.560493465625 0.29196392968749996 0.5586315421875 0.284428334375 0.5686661421875 0.27293709375 0.6567545109375 0.24645373906249998 0.70537179375 0.238166575 0.7340654234375 0.2346757015625 0.7768298812500001 0.23631734531249998 0.82675710625 0.24701751249999998 0.8417952812500001 0.2599373234375 0.846875 0.2660653796875 0.846875 0.2816990625 0.817792846875
1 0.7373199749999999 0.6111708109375 0.7275890296874999 0.71457334375 0.756880975 0.74017065 0.7761946796875 0.768072696875 0.787082746875 0.7921204546875 0.7875 0.7939633203125 0.7875 0.6725674859375 0.7871518937499999 0.6716509953124999 0.7752649968750001 0.6198618453125 0.7724168671875 0.5754174015625 0.7741672328125 0.5298023921875 0.7695588093750001 0.47004378281250003 0.7574543640625 0.4452469984375 0.740620415625 0.43611781875 0.738730084375 0.43611781875 0.7234452734375 0.45543331875000004 0.720092834375 0.476048328125 0.7353872593749999 0.5761480296875 0.7373199749999999 0.6111708109375
1 0.8913762437500001 0.8448550390625 0.896934878125 0.8515625 0.9226464203125001 0.8515625 0.9267412625 0.8492421078125 0.93294414375 0.837129475 0.9471010578125 0.779529934375 0.9537821843749998 0.7375766593749999 0.9546875 0.7064629890624999 0.9546875 0.6906730203125 0.9366354515624999 0.57622308125 0.9471960046875001 0.48136920156249996 0.9481254921875 0.44942475625 0.9398483375 0.425590053125 0.92685955 0.4213634375 0.9242972250000001 0.4213634375 0.9156295875 0.4268593046875 0.9067596546875001 0.4502058765625 0.9070287765625 0.575001159375 0.8861037375 0.6685567171875 0.8861037375 0.8118967171874999 0.8913762437500001 0.8448550390625
1 0.907972409375 0.459221225 0.9104668968750002 0.4410565421875 0.915625 0.4266155734375 0.915625 0.41155121406250006 0.9076336203125 0.3984375 0.8949290937499998 0.3984375 0.8868406249999999 0.4140699375 0.8927682203125 0.5390153734375 0.8797675109374999 0.5923115078125 0.877418528125 0.61464285625 0.87891683125 0.6799479171874999 0.8937448796874999 0.7461780734375 0.8983592953125001 0.75 0.89858004375 0.75 0.8993748343749999 0.6834052546875 0.915625 0.5826034640625 0.915625 0.5609778140625 0.907972409375 0.459221225
1 0.8821097359374999 0.4251764109375 0.8921875 0.4000438671875 0.8921875 0.39467440625 0.8915068359374999 0.386560340625 0.8828337218750001 0.3786077125 0.8716698515625 0.3837813203125 0.8659975 0.3981873234375 0.8653307765625 0.4913520046875 0.853125 0.5402158796875 0.853125 0.673546940625 0.8551568015625 0.678125 0.8561994890625 0.678125 0.8606335671875 0.606629784375 0.8798694625 0.5377582562500001 0.8821097359374999 0.4251764109375
0 0.7229036015625001 1 0.7508043015625001 0.9262373265625001 0.7609375 0.8575518593750001 0.7609375 0.8508317187500001 0.7575898859375 0.795599925 0.737699428125 0.7496562203125 0.7034086937499999 0.71365175 0.676259184375 0.7099191078125 0.6409129765625 0.7226075953125 0.6107020296875 0.75705575625 0.5923112296874999 0.80352086875 0.5923112296874999 0.97582269375 0.5947931515625 0.991224309375 0.59757681875 1 0.7229036015625001 1