1 0.222654475 0.0511371765625 0.2181262015625 0.062676596875 0.22389844375 0.1364105375 0.2171875 0.17272310468750002 0.2171875 0.17350140625 0.22729698125 0.1765625 0.245254121875 0.1765625 0.245254121875 0.15465176249999998 0.2392000015625 0.130284965625 0.23921995156250003 0.0637820734375 0.2323977859375 0.051047846875000004 0.223581078125 0.051047846875000004 0.222654475 0.0511371765625
1 0.086765171875 0.07293161249999999 0.078125 0.10241845000000001 0.078125 0.18125 0.088231990625 0.18125 0.10432404375 0.1807091296875 0.11065602031249999 0.15921089375 0.11165442968749999 0.12865079375 0.10309052656249999 0.07441595 0.1056380875 0.045912881249999996 0.10767370000000001 0.029063575 0.087791265625 0.0284780765625 0.086765171875 0.07293161249999999
2 0.4 0.17963447187499998 0.01875 0.17963447187499998 0.01875 0.212267484375 0.023605037500000002 0.22938719375 0.047872285937499995 0.2294088859375 0.051142789062500006 0.22542423125000002 0.08219878750000001 0.232799890625 0.20402528437499998 0.2412871890625 0.4 0.252701415625 0.4 0.17963447187499998
1 0.5879615421875 0.5796875 0.587195728125 0.5390075859375 0.6027778796875 0.43850961875000005 0.6020115921875 0.38859150468750003 0.5882016484375 0.3598114078125 0.5736379109375 0.3479853171875 0.5410614796875001 0.3479853171875 0.52032494375 0.374958375 0.527820728125 0.535895875 0.5241852390625 0.5796875 0.5879615421875 0.5796875
1 0.4559612015625 0.20452728125 0.44306764374999996 0.2058761578125 0.43030233281249997 0.2237767296875 0.422551475 0.3300176390625 0.4015625 0.379663475 0.4015625 0.546875 0.42597491875 0.546875 0.4337942703125 0.5395289953125 0.465908090625 0.44437103125000005 0.46671172812500006 0.403736940625 0.454999953125 0.3364585375 0.47377931718750005 0.22871876093750002 0.4699108640625 0.2146289890625 0.4573845953125 0.20452728125 0.4559612015625 0.20452728125
1 0.075 0.5796875 0.075 0.8025838625 0.08435898124999999 0.8449682124999999 0.1036649703125 0.846875 0.134152665625 0.846875 0.1443298234375 0.8329856890624999 0.1517676546875 0.6941400484375 0.1720127765625 0.6334174859375 0.1623489171875 0.5796875 0.075 0.5796875
1 0 0.5796875 0 0.7384578796875 0.0138121765625 0.7843207046874999 0.0564478359375 0.78625120625 0.0654917640625 0.7688766890625 0.0680757421875 0.6530465734375 0.0809956390625 0.5796875 0 0.5796875
0 0.224864940625 0.5796875 0.1869387921875 0.62988055 0.1688509359375 0.6916566125 0.1662669578125 0.7650156859375 0.1791868546875 0.8267917468749999 0.2166545546875 0.8866373062499999 0.2670421515625 0.9194558390625 0.32259770625 0.9175253375000001 0.369109334375 0.8789153000000001 0.39365713750000003 0.8345137546875 0.4 0.807660671875 0.4 0.6660352328125 0.3962411171875 0.64918556875 0.36394137656250003 0.5932010140624999 0.3468584015625 0.5796875 0.224864940625 0.5796875
1 0.7308896218750001 1 0.7308896218750001 0.897387925 0.7220061609374999 0.8640343484375 0.7212465234375001 0.79194860625 0.718167975 0.781626940625 0.712597015625 0.7746720828125 0.7115326296875001 0.7746720828125 0.702652453125 0.7775809765625 0.6992421484375 0.7880244078125 0.7047324109374999 0.8612817390625 0.698037853125 0.8960301906249999 0.696875 0.9099063765625001 0.696875 0.9379944874999999 0.6974572703125 0.9504960468749999 0.7003168640625 0.9672718953124999 0.7082031750000001 1 0.7308896218750001 1
1 0.6560731421874999 0.9953125 0.65630341875 0.9953125 0.6654151359375 0.9617416234375 0.668093128125 0.92470761875 0.6654904046875 0.8978315265625 0.6590445890625001 0.8653756359375 0.665388315625 0.7922396078125 0.6607015374999999 0.778781865625 0.6542847 0.7765625 0.6519494375 0.7765625 0.6450403421875001 0.7837850703125 0.642417721875 0.793032209375 0.6410850671875 0.8606399515625001 0.640625 0.8626180031249999 0.640625 0.91467580625 0.6414951578125001 0.9162167171875 0.6521076421875 0.9486968484375 0.6560731421874999 0.9953125
1 0.61624999375 0.7971340171875 0.6136423390625 0.7821371921875 0.6080182703125001 0.775 0.6070906062500001 0.775 0.5968607578125 0.776984634375 0.59375 0.783401565625 0.59375 0.8839654109375001 0.600782365625 0.884375 0.6125936328125 0.884375 0.6107646093750001 0.8645445984375 0.6115406265625 0.8423223765625 0.61624999375 0.7971340171875
1 0.5401448578125 1 0.5427083328125 0.9635416671874999 0.5494791671875 0.937615740625 0.5606770828125 0.9140046296875 0.5682291671875 0.906134259375 0.5682291671875 0.8978009265625 0.5604166671875 0.8598379625 0.5635416671875 0.79131944375 0.5604166671875 0.7792824078125 0.5533854171875 0.7723379625 0.54453125 0.7760416671875 0.5385416671875001 0.7894675921875 0.540625 0.8644675921874999 0.5286458328125 0.919097221875 0.5286458328125 0.9616898140625001 0.5364820078125 1 0.5401448578125 1
1 0.508701728125 1 0.5140625 0.975578703125 0.5171875 0.9478009265624999 0.515625 0.9098379624999999 0.5052083328125 0.8644675921874999 0.5083333328124999 0.794097221875 0.50625 0.7839120375 0.49817708281249995 0.7741898140625001 0.48932291718750004 0.7769675921875 0.484375 0.7885416671875 0.48333333281249996 0.8015046296874999 0.48645833281249995 0.8635416671874999 0.47552083281249996 0.9116898140625 0.4734375 0.9292824078125002 0.47552083281249996 0.9728009265625 0.48198061406250003 1 0.508701728125 1
1 0.4546563625 1 0.4614583328125 0.969097221875 0.4635416671875 0.9478009265624999 0.46197916718750004 0.9116898140625 0.4515625 0.8644675921874999 0.4546875 0.7922453703125 0.4497395828125 0.77789351875 0.4440104171875 0.7741898140625001 0.43723958281249997 0.7769675921875 0.4322916671875 0.7866898140625 0.43125 0.8015046296874999 0.43385416718750003 0.8292824078125001 0.43385416718750003 0.8644675921874999 0.421875 0.912615740625 0.4203125 0.92743055625 0.4213541671875 0.962615740625 0.4285128546875 1 0.4546563625 1
0 0.6685648609375 1 0.66875 0.9894675921874999 0.6645833328125 0.956134259375 0.6583333328125001 0.9348379625 0.6489583328125 0.912615740625 0.6424479171874999 0.906597221875 0.63671875 0.8945601859375 0.6236979171874999 0.8862268515625 0.5856770828125 0.8834490734375 0.5721354171875 0.8917824078125001 0.56875 0.906134259375 0.5606770828125 0.9149305562500001 0.55 0.9385416671875 0.5421875 0.968171296875 0.5414415140625 1 0.6685648609375 1