1 0.4404493359375 0.2653503140625 0.4404493359375 0.384196984375 0.45058696249999997 0.431186540625 0.4577222734375 0.440625 0.477763759375 0.440625 0.48486498281249996 0.43294947187500005 0.4968692640625 0.3863513125 0.5046875 0.3455139 0.5046875 0.26583045156249996 0.5044338453125 0.2624124203125 0.4887333765625 0.1997254 0.4909046765625 0.1399485453125 0.4962710375 0.11045409843750001 0.49883566718749994 0.06728928125 0.4904944109375 0.0452902578125 0.4691984921875 0.0452902578125 0.46413199218749995 0.050303200000000006 0.45814601250000003 0.07290783437500001 0.4615458515625 0.1614143109375 0.459859453125 0.20035783125 0.4404493359375 0.2653503140625
1 0.395391403125 0.1411081359375 0.38576529375 0.21963813281250003 0.388562328125 0.266828521875 0.3937922046875 0.294733634375 0.4103967078125 0.349409634375 0.41624796406250003 0.3546875 0.428125 0.3546875 0.428125 0.16733681875 0.4202861578125 0.1407379171875 0.41567159218749994 0.1003964734375 0.41798303125 0.05895264375 0.41551788125 0.036698584374999996 0.4093346953125 0.021908334374999998 0.3936489984375 0.0101923875 0.384905459375 0.018143718750000003 0.380466875 0.036654965625 0.387064915625 0.082615634375 0.39354156093750003 0.10641774687500001 0.395391403125 0.1411081359375
1 0.3210292890625 0 0.31965056718749996 0.0062238109375 0.3291244984375 0.0691062234375 0.3317946203125 0.1107728890625 0.32519853125 0.16561825 0.3271961921875 0.22106454531250003 0.346223134375 0.2873802984375 0.349941465625 0.290625 0.3625 0.290625 0.3625 0.13274676875 0.35487610625 0.10685624375 0.35090056718749996 0.0084090234375 0.34697954375 0 0.3210292890625 0
1 0.2744250328125 0 0.28024351406250003 0.0374998 0.2829654203125 0.0792028546875 0.2742273296875 0.1259156546875 0.276426740625 0.1731378765625 0.2835773921875 0.20950370000000001 0.2935296015625 0.2390706265625 0.29900165312500004 0.24375 0.3140625 0.24375 0.3140625 0.1054911046875 0.3040591703125 0.0801853109375 0.3009865921875 0 0.2744250328125 0
1 0.5478394718749999 0.2865921859375 0.5623552578125001 0.334515315625 0.56330245 0.347015315625 0.5701155828125 0.35625 0.5859375 0.35625 0.5859375 0.165617103125 0.5830485750000001 0.1561626109375 0.5802069953125 0.1186626109375 0.581134109375 0.038557637500000005 0.5722914453125 0.019332021875 0.5640579703124999 0.0132758203125 0.5548934578125 0.0154528203125 0.5473298734375 0.033627075 0.5570568375 0.1517326953125 0.5455363421875 0.20489806718749998 0.543164203125 0.23515323281249997 0.5478394718749999 0.2865921859375
1 0.6108346953125 0 0.6066335546875 0.0112291671875 0.6155631140625 0.10856979062500001 0.6043583484374999 0.16571913124999998 0.6030831921875001 0.20014535625000002 0.609470746875 0.24343771093750002 0.6206510453125 0.28847415 0.626259959375 0.29375 0.6375 0.29375 0.6375 0.0905423578125 0.6370009828125001 0.0839568890625 0.6375 0.04911471875 0.6375 0.0132539546875 0.6348030984374999 0.00369733125 0.631446996875 0 0.6108346953125 0
1 0.5273100203125 0 0.52818003125 0.07738059375 0.5139625062500001 0.14326272499999998 0.5139625062500001 0.1920502578125 0.515734053125 0.2033371875 0.5187452968749999 0.2109375 0.5262046218750001 0.2109375 0.54336869375 0.1511051359375 0.54582556875 0.1314693734375 0.5440312796875 0.037216246875 0.5515625 0.0146753171875 0.5515625 0 0.5273100203125 0
1 0.396840465625 0 0.3999940125 0.01018854375 0.414556221875 0.028012346875 0.412085728125 0.140712603125 0.43138826406249997 0.209375 0.432451534375 0.209375 0.434375 0.19866081093750002 0.434375 0.1191300984375 0.4338233625 0.11569968125 0.42026737968749994 0.0693285578125 0.42368771250000004 0 0.396840465625 0
1 0.5030079781250001 0.2122849203125 0.503125 0.20977241562499999 0.503125 0.17718465156250002 0.49735506406249996 0.141280421875 0.494254321875 0.15467183125 0.494254321875 0.2083061125 0.498390153125 0.2277902109375 0.5030079781250001 0.2122849203125
1 0.4618517609375 0.23125 0.4625 0.22806412968749998 0.4625 0.13714535 0.46168143281249996 0.133609009375 0.4539953296875 0.1851647265625 0.45593774218750005 0.21294250468749998 0.4606097828125 0.23125 0.4618517609375 0.23125
1 0.46545152031250003 0 0.46493906718750005 0.0005520671875 0.4636715484375 0.0190682421875 0.4636715484375 0.0419739609375 0.4644677265625 0.046875 0.48647033593750005 0.046875 0.49202961093750003 0.0466346078125 0.4921875 0.04432813125 0.4921875 0.005927034375 0.490029096875 0 0.46545152031250003 0
1 0.769643046875 0.45625 0.784375 0.45625 0.784375 0.094844321875 0.7828106796875 0.09007563125 0.7714744796875 0.079229215625 0.759079721875 0.0801087671875 0.7511558625 0.1040164046875 0.7583124328124999 0.19846085 0.7573975531249999 0.22750018125000002 0.7430677859375 0.2850695125 0.7399751 0.326481509375 0.7449660953125 0.382068896875 0.7590770640625 0.4449509 0.769643046875 0.45625
1 0.896875 0.21745821406250002 0.8934563656249999 0.2045499328125 0.896875 0.1489210296875 0.896875 0.08118197656250001 0.8882050921874999 0.06799021562499999 0.8742315968749999 0.068395759375 0.86627076875 0.08373973125 0.8693958390625 0.1931888015625 0.8518820359374999 0.25971470937499996 0.849063621875 0.2885535921875 0.8546313046874999 0.351162853125 0.8653809359375 0.39754249062499997 0.8704868265625001 0.403125 0.89517181875 0.403125 0.896875 0.39747440625 0.896875 0.21745821406250002
0 0.65 0.4238378703125 0.6583888984375 0.4359375 0.7033366375 0.4359375 0.7117718296875 0.43184491875 0.71875 0.4191712765625 0.71875 0.30053634218749997 0.7167158421875 0.2965091 0.70782225625 0.2723114640625 0.6889260359375 0.24421938437500001 0.6624744953125 0.227186403125 0.65 0.232045759375 0.65 0.4238378703125
1 0.3323470953125 0.7 0.32418343125 0.7449045484375001 0.3225480015625 0.784991325 0.32842549375 0.8419994359375 0.343001978125 0.90074660625 0.35131074687499997 0.9140625 0.3703125 0.9140625 0.3703125 0.7004102296875 0.3701971125 0.7 0.3323470953125 0.7
1 0.7201674234375 0.7 0.7181879484375 0.7130977578125 0.7181236109375 0.7250394859375 0.7194471296875 0.7353361046875 0.7229949343750001 0.749272575 0.7257510109374999 0.76638911875 0.72728615625 0.7722207015625 0.730170396875 0.791337246875 0.7321603234375 0.814622209375 0.734213825 0.864790628125 0.7350438 0.8725639375 0.737703753125 0.8881804828125001 0.7508983359375 0.9361414031249999 0.7555327046875 0.9489094578125 0.7619765046875 0.9549598453125 0.7651130234375 0.95625 0.8046875 0.95625 0.8046875 0.7 0.7201674234375 0.7
1 0.65 0.7 0.65 1 0.7015625 1 0.7015625 0.7036089624999999 0.7003938734374999 0.7 0.65 0.7
1 0.8568637156250001 0.7 0.8566587343750001 0.7006160140625 0.8537764234375 0.7151096828125 0.8504622296875001 0.7260926703124999 0.8473261875 0.7438042968749999 0.844928565625 0.749372728125 0.8445119953125 0.7548193265625 0.8430007078124999 0.758951840625 0.8417546359375001 0.76658435625 0.8389295484374999 0.80372121875 0.8372445296875 0.83620420625 0.8373432734374999 0.8506401234375 0.83805568125 0.8666080828125 0.8405865015625 0.8956294437500001 0.8436020125000001 0.9157255671875 0.8500457718749999 0.9482319 0.8563682109374999 0.9747595921875 0.8637343968750001 1 0.8915698593750001 1 0.891387546875 0.9991456890624999 0.8904782421874999 0.9871456890625 0.8908039203125 0.9826884109374999 0.89165236875 0.9807524937500001 0.889587878125 0.9753956890625 0.8895953390625 0.96892773125 0.8881898640625 0.959135009375 0.88702663125 0.9394063703125 0.8874051140624999 0.922513175 0.888995809375 0.91067338125 0.8901318500000001 0.8928335890625 0.8921467703125 0.8800258375000001 0.9000514578125 0.8464487078125 0.9078275671875 0.8243074968749999 0.9111873046875001 0.818303146875 0.9132137078125 0.8122133546875 0.9248231468749999 0.79031779375 0.9296875 0.7832460296875 0.9296875 0.7 0.8568637156250001 0.7
0 1 1 1 0.7249279046875 0.9876182390625001 0.7256042796875 0.95842621875 0.732165221875 0.9523156609375001 0.7365657609375 0.9487865671875 0.737611909375 0.9350829078124999 0.7455756234375001 0.9282649515625 0.751687334375 0.9248268812500001 0.755993190625 0.9168597140625 0.76128695 0.904045496875 0.7740589078125 0.8947720125 0.78528471875 0.89154611875 0.791230134375 0.8890799921875001 0.7932143796875 0.8870614968750001 0.7974777468750001 0.8831176062499999 0.8020044796875 0.8794430406250001 0.809300628125 0.8749526 0.815798240625 0.8703748765625001 0.826045853125 0.867103471875 0.8303614156249999 0.8660045515625001 0.8345531718749999 0.8607310671875 0.8460119546874999 0.8576649812499999 0.8558469328125 0.8517248296875 0.8672668859374999 0.8492963171875001 0.8783906921875 0.8458794421875 0.8889562546875001 0.8450963984375001 0.8939174265625001 0.845427653125 0.9011965484375001 0.8410203359375 0.918463575 0.8391706078125001 0.93864264375 0.8391706078125001 1 1 1