2 1 0 0.3796875 0 0.3796875 0.0172483984375 0.3853720328125 0.0250056921875 0.3827427046875 0.0338102640625 0.3796875 0.0314081578125 0.3796875 0.0410300484375 0.3859646734375 0.0423986890625 0.9359646734375 0.087294796875 1 0.09139565937500001 1 0
1 0.3094763109375 0.459375 0.30927634375 0.4597436375 0.309308734375 0.5992440453125 0.28136311406250003 0.6585059953125001 0.2734375 0.6947654562500001 0.2734375 0.7585471484375 0.274906609375 0.7872195296875001 0.29473169062500004 0.85038096875 0.30937353125 0.8609375 0.33209020312500004 0.8609375 0.3425740703125 0.860440621875 0.37199258125 0.7910417125 0.3796875 0.752675425 0.3796875 0.6973986078125 0.37868801875 0.682862059375 0.3572466875 0.6175172515625 0.35667324843750003 0.5682359375 0.3703593390625 0.5139643031250001 0.37292282499999996 0.46083618125000003 0.3723259421875 0.459375 0.3094763109375 0.459375
1 0.230944003125 1 0.230944003125 0.8558314140625001 0.2293484046875 0.84555739375 0.20143269687499998 0.77722610625 0.20618254375 0.6390926375 0.1973602890625 0.614915703125 0.175325678125 0.6007673375 0.14528602031249999 0.6086896421875 0.1312700734375 0.6413982296875 0.145428215625 0.72699131875 0.1475076875 0.7865395734374999 0.1125 0.9035155328125001 0.1125 0.9263474078125 0.11300500625000001 0.940808896875 0.1267020125 1 0.230944003125 1
1 0 0.459375 0 0.5724332671875001 0.002637340625 0.5972600109374999 0 0.6049687718750001 0 0.8265977937500001 0.0090067671875 0.8498267453124999 0.023337978125 0.8580402984375001 0.05996218125 0.8498267453124999 0.08066281875 0.7841183265625 0.0870322453125 0.7266234593750001 0.07907046250000001 0.6650218171875 0.048815684375 0.5993133984375 0.045630971874999995 0.560299025 0.051651304687499996 0.459375 0 0.459375
1 0.1348029453125 0.5910998453125 0.141172371875 0.6013667859374999 0.161873009375 0.5869930703125 0.16426154531249998 0.4689232546875 0.13639530312499998 0.5438719203125 0.1348029453125 0.5910998453125
1 0.1767788328125 0.459375 0.1762042203125 0.5890464578125 0.20327428281249998 0.6239540546875 0.204866640625 0.6773421453124999 0.21282842343750003 0.66912859375 0.230344346875 0.6054735625000001 0.231936703125 0.547978696875 0.206458996875 0.463789784375 0.206458996875 0.459375 0.1767788328125 0.459375
1 0.8227131609375 0.5153097046874999 0.8252052750000001 0.5541985921875 0.821875 0.5721985015625 0.821875 0.6234760421875001 0.8275372140624999 0.6421875 0.8370150531250001 0.6421875 0.840662125 0.6356663828125 0.840662125 0.5759316812499999 0.8347582828124999 0.5573037515625 0.8343429078125 0.51433004375 0.8285972515625 0.503736040625 0.8227131609375 0.5153097046874999
1 0.799357253125 0.6375 0.8048041015624999 0.6053253015625 0.8048041015624999 0.585230634375 0.804591796875 0.5811198046875 0.796391428125 0.5471487421875001 0.7982503421875 0.5056733953125 0.7951481671875 0.4984375 0.7911028 0.4984375 0.7878732937499999 0.5003024546875 0.784392334375 0.5037728687499999 0.7854862515625001 0.5490337000000001 0.7828125 0.5673267421875 0.7828125 0.62097415625 0.78728565625 0.6365974734375 0.7975813671875 0.6375 0.799357253125 0.6375
1 0.7632354125 0.5170255234375001 0.762556396875 0.49758107812499996 0.7587740171874999 0.490146953125 0.7525240171875 0.49051097343750005 0.7485424 0.4997890140625 0.75312243125 0.541273671875 0.7484375 0.564665125 0.7484375 0.6066997109375001 0.7502242375 0.6152033 0.753737246875 0.6261324015625 0.7541796406250001 0.6265625 0.7673835125 0.6265625 0.76895451875 0.617335459375 0.76895451875 0.5644186609374999 0.76171618125 0.5407731421874999 0.7632354125 0.5170255234375001
1 0.7140625 0.612847221875 0.71875 0.62118055625 0.724609375 0.621875 0.72890625 0.618402778125 0.73515625 0.5878472218749999 0.73515625 0.5670138890625 0.73359375 0.555902778125 0.7265625 0.5267361109375 0.73046875 0.500347221875 0.7296875 0.4920138890625 0.726953125 0.48854166718750003 0.71640625 0.4920138890625 0.71875 0.5322916671875 0.71328125 0.550347221875 0.71015625 0.575347221875 0.7140625 0.612847221875
1 0.84765625 0.6364583328125 0.85234375 0.637847221875 0.86015625 0.6364583328125 0.86171875 0.625347221875 0.865625 0.615625 0.86796875 0.59756944375 0.8671875 0.5822916671875 0.859375 0.5475694437499999 0.86171875 0.5045138890625 0.855859375 0.4954861109375 0.851953125 0.496875 0.846875 0.5059027781250001 0.85 0.5475694437499999 0.84140625 0.5850694437499999 0.84140625 0.6086805562500001 0.84296875 0.6170138890625 0.84765625 0.6364583328125
1 0.875 0.62118055625 0.87890625 0.6295138890625 0.885546875 0.6302083328125 0.890625 0.6239583328125 0.89453125 0.6114583328125 0.896875 0.590625 0.89609375 0.5697916671875001 0.88828125 0.540625 0.890625 0.49756944374999995 0.887890625 0.49131944375 0.879296875 0.49131944375 0.8765625 0.49756944374999995 0.87890625 0.540625 0.871875 0.5670138890625 0.8703125 0.5795138890625 0.8703125 0.59756944375 0.875 0.62118055625
1 0.903125 0.6142361109375 0.90703125 0.62118055625 0.913671875 0.621875 0.9171875 0.6170138890625 0.9234375 0.5892361109375 0.92265625 0.5614583328125 0.915625 0.53368055625 0.91796875 0.49895833281249996 0.916015625 0.49131944375 0.9046875 0.4920138890625 0.90625 0.5322916671875 0.8984375 0.5670138890625 0.89921875 0.5947916671875 0.903125 0.6142361109375
1 0.81015625 0.612847221875 0.8125 0.6239583328125 0.8140625 0.62118055625 0.81328125 0.593402778125 0.82109375 0.5572916671875 0.821875 0.518402778125 0.8234375 0.51006944375 0.8265625 0.5045138890625 0.8265625 0.49618055625 0.823046875 0.48993055625000004 0.816796875 0.48993055625000004 0.8125 0.49895833281249996 0.815625 0.5364583328125 0.8078125 0.5684027781250001 0.80625 0.5822916671875 0.80859375 0.6114583328125 0.81015625 0.612847221875
1 0.83984375 0.590625 0.83984375 0.59756944375 0.85 0.5447916671875 0.8484375 0.5059027781250001 0.851953125 0.4982638890625 0.85546875 0.49618055625 0.855859375 0.49131944375 0.845703125 0.48993055625000004 0.84296875 0.4920138890625 0.8421875 0.49895833281249996 0.84375 0.51006944375 0.84375 0.53506944375 0.8359375 0.5684027781250001 0.8359375 0.575347221875 0.83984375 0.590625
1 0.53828125 0.6295138890625 0.54140625 0.6322916671875001 0.5546875 0.628125 0.559375 0.600347221875 0.559375 0.575347221875 0.55234375 0.543402778125 0.55390625 0.5017361109375 0.548046875 0.48993055625000004 0.541796875 0.49131944375 0.5390625 0.49756944374999995 0.54140625 0.5420138890625 0.534375 0.5684027781250001 0.53515625 0.6100694437499999 0.53828125 0.6295138890625
1 0.57421875 0.603125 0.5796875 0.62256944375 0.5921875 0.6197916671875 0.596875 0.580902778125 0.5953125 0.5572916671875 0.58828125 0.53368055625 0.59140625 0.490625 0.584765625 0.4857638890625 0.57734375 0.490625 0.5796875 0.53506944375 0.571875 0.5684027781250001 0.57421875 0.603125
0 0.958984375 0.8274305562500001 0.96796875 0.830902778125 0.982421875 0.8274305562500001 0.992060065625 0.8134521984375 0.9984375 0.793402778125 0.99765625 0.7642361109375 0.9909396640625001 0.7457578093749999 0.980078125 0.7357638890625 0.974609375 0.7329861109375 0.9623693515625 0.7331480734375 0.953515625 0.7413194437499999 0.94453125 0.7670138890625 0.94375 0.790625 0.94765625 0.805902778125 0.958984375 0.8274305562500001