1 0.309121078125 0.2484106234375 0.3052772640625 0.256103571875 0.30387366562499996 0.3071113859375 0.3 0.32375621875 0.3 0.4234375 0.310187309375 0.4234375 0.312398490625 0.4208659234375 0.3214343421875 0.38233187968750004 0.32253138125 0.3545268046875 0.3159067625 0.3068132609375 0.3217282140625 0.2606807375 0.318496078125 0.248901946875 0.31443726875 0.2468317296875 0.309121078125 0.2484106234375
1 0.2848681625 0.4294712859375 0.2893742328125 0.41039137812500004 0.2928547984375 0.390294409375 0.2932103640625 0.3699240390625 0.28337188750000003 0.3060041703125 0.28763188125 0.271137953125 0.287353478125 0.257203496875 0.2846424359375 0.24815658125 0.2779233609375 0.2453125 0.2750318765625 0.2453125 0.27320026406250003 0.2462281828125 0.2691243125 0.2556086515625 0.2702217578125 0.31227240156249997 0.2640625 0.338117759375 0.2640625 0.40556244374999995 0.2802530734375 0.43125 0.281761325 0.43125 0.2848681625 0.4294712859375
1 0.22858384062499998 0.248189546875 0.2245609328125 0.259737865625 0.2279988078125 0.313450659375 0.2234375 0.337750965625 0.2234375 0.4 0.227475425 0.4 0.23587295625000002 0.3972757390625 0.253220359375 0.3988761984375 0.253220359375 0.3535429375 0.2444356484375 0.32187792656249997 0.2453619328125 0.2589331453125 0.241083840625 0.2482622703125 0.23629933906249997 0.24545722187500002 0.22858384062499998 0.248189546875
1 0.185522125 0.2480142828125 0.18016345 0.2588686265625 0.1760901734375 0.3291419640625 0.1734375 0.337451859375 0.1734375 0.4389380625 0.18030424375 0.42623282187499995 0.196970675 0.40470813124999994 0.19913454375 0.36218831093750004 0.19312709374999998 0.31820477343750003 0.201077790625 0.256972371875 0.198022125 0.24743208593750002 0.1940984828125 0.2448483734375 0.185522125 0.2480142828125
1 0.13958636875 0.2440540875 0.13428520156249998 0.25619270781250003 0.132551315625 0.3184423203125 0.1296875 0.326842165625 0.1296875 0.44375 0.1387501734375 0.44375 0.1511385015625 0.404699796875 0.1529485609375 0.3713239484375 0.146872803125 0.31588652968750003 0.1542063625 0.2559564359375 0.151956875 0.24692630468750001 0.147766296875 0.2434304296875 0.143269425 0.2434304296875 0.13958636875 0.2440540875
1 0.1072082234375 0.2452070578125 0.105684296875 0.2452070578125 0.0985122453125 0.24810119218749999 0.09713434843749999 0.2549501046875 0.10203285625 0.315189878125 0.096875 0.356571284375 0.096875 0.3732384328125 0.10037811249999999 0.402770703125 0.10963807343750001 0.4328125 0.1214408578125 0.4328125 0.1214408578125 0.3308543046875 0.11492182656250001 0.305714384375 0.11542285156250001 0.25683138125 0.11147374218749999 0.247857659375 0.1072082234375 0.2452070578125
1 0.0806742453125 0.3072366453125 0.0813542546875 0.2598627484375 0.07917291562499999 0.25117262500000004 0.07381366875 0.247772271875 0.067639125 0.2499881453125 0.065095234375 0.25802535781249997 0.06847607343749999 0.3153720953125 0.0640625 0.3403769609375 0.0640625 0.3943983578125 0.0645799796875 0.3991301203125 0.0707692578125 0.4229008421875 0.07259145624999999 0.425 0.08106320624999999 0.425 0.08695281875000001 0.42288638125 0.087634615625 0.4179220234375 0.087634615625 0.3358114375 0.0806742453125 0.3072366453125
0 0.3015448578125 0.55 0.3015448578125 0.47483242187499997 0.294479415625 0.4512504578125 0.2745422546875 0.41630267187500003 0.2540056484375 0.39851924843750003 0.221636909375 0.39851924843750003 0.20801892031250002 0.40558237343750003 0.197423453125 0.41966290624999997 0.189360484375 0.43713437187500004 0.18125 0.475162734375 0.18125 0.4762663734375 0.18300695312499998 0.51513716875 0.186222796875 0.53471511875 0.190943753125 0.55 0.3015448578125 0.55
1 0.8808139734375 0.3581498453125 0.8813043031250001 0.3748848640625 0.89529954375 0.424794634375 0.9087475390625 0.446875 0.929798253125 0.446875 0.939758065625 0.43285728125 0.9432169984375001 0.3691734453125 0.94086778125 0.324455596875 0.9314630671874999 0.2805114859375 0.9201322078124999 0.25726400312500003 0.9023761765625 0.198679146875 0.8987796171875001 0.1357690453125 0.8932084249999999 0.09633335312499999 0.8877573953125001 0.085840109375 0.865045459375 0.085840109375 0.859375 0.0951363515625 0.859375 0.1286419078125 0.8691945609375 0.1721289640625 0.8730038375 0.178026271875 0.87769680625 0.2229491703125 0.8783380671875 0.27586365 0.88817915625 0.2948077609375 0.8918187328125 0.31042729375 0.8907465640625001 0.3270256078125 0.8808139734375 0.3581498453125
1 0.2315262875 0.55 0.233791678125 0.71210596875 0.145850375 0.8479244953125 0.1421875 0.8579804328125 0.1421875 1 0.4944637890625 1 0.49757388281250003 0.9466017359375 0.396161828125 0.6724689125000001 0.418613678125 0.55 0.2315262875 0.55
1 0.6296875 0.55 0.5850575046875 0.55 0.584375 0.5544841234375 0.584375 0.7157557421874999 0.6223168953125 0.81868655 0.604261309375 0.9546875 0.6118540453125 0.9546875 0.6296875 0.948839946875 0.6296875 0.55
1 0.4609375 0.55 0.4609375 0.725013115625 0.466161759375 0.7313154125000001 0.47050312656250004 0.7033463546875 0.4896090390625 0.7174546671875 0.464689490625 0.7652999359375 0.5503434140625 0.9337641265624999 0.5555910546875 1 0.595036784375 1 0.6281341406250001 0.9493949468749999 0.6281341406250001 0.8051511703124999 0.579196471875 0.6939807453125 0.589869071875 0.55 0.4609375 0.55
1 0.055390271874999994 0.55 0.06634958125 0.6881151609375 0.0375 0.7452578265625001 0.0375 1 0.09203793437499999 1 0.098193834375 0.9296377281249999 0.1856102421875 0.7781693234375 0.1908595609375 0.718169321875 0.169163184375 0.6634080375 0.1882459171875 0.55 0.055390271874999994 0.55
1 0 0.55 0 0.5658546875 0.019304996875 0.6739247765625 0 0.75312435 0 0.8769635046875 0.00071935 0.8802521859375 0.057044781249999996 0.953125 0.0584021 0.953125 0.050834859375 0.835039834375 0.0865153921875 0.726078875 0.0865153921875 0.6333425953125 0.0658399265625 0.55 0 0.55
1 0.6296875 1 0.657695396875 1 0.6557256234375 0.9880484453125 0.658071534375 0.9477706687499999 0.6687429984375 0.8856391609375001 0.6710080171875 0.846750271875 0.668691953125 0.8326976078125 0.6598275390625 0.8191935640625001 0.6525419 0.8191935640625001 0.642426421875 0.8194794999999999 0.6296875 0.8431823640625 0.6296875 1
1 0.852520865625 1 0.8497106328124999 0.9744284796875 0.8452130875 0.9600931812500001 0.84696554375 0.9462680640624999 0.8433420843749999 0.919432765625 0.8450816843750001 0.8720829968749999 0.8525813953125001 0.8210129734375 0.8469094015625 0.7763682921875 0.8459397109375001 0.7763682921875 0.84323995625 0.7804411625000001 0.83152120625 0.7794845671875 0.8207822328125 0.786988853125 0.812733359375 0.806585671875 0.8091698968750001 0.93619875 0.8046875 0.9501384999999999 0.8046875 1 0.852520865625 1
1 0.7176928640625 1 0.718578496875 0.9986810078125 0.718578496875 0.9336239078125 0.7137513984374999 0.9181334734375 0.705919040625 0.7959112515625 0.6976516296875 0.78232784375 0.689103503125 0.7794026203125 0.68774914375 0.7794026203125 0.67674578125 0.7902296718749999 0.675 0.8025252375 0.675 0.8084162718750001 0.68839538125 0.9112677250000001 0.6842716203125 0.9927208453125 0.685994059375 1 0.7176928640625 1
1 0.723993259375 0.7747282734375001 0.7167018140625 0.7591428234375 0.7056511296875 0.7570020828125 0.7002955640625 0.760098378125 0.696875 0.7708117812499999 0.696875 0.7792787125 0.7059789640625 0.7938758921875 0.7089452375 0.8090171609375 0.7127480109375 0.9215626640625001 0.7306211515625 0.975 0.7411980046875 0.975 0.7411980046875 0.9149542984375 0.727954759375 0.8719504953125 0.723993259375 0.7747282734375001