1 0.07166154687500001 0.413797175 0.0718188203125 0.4165688046875 0.07907505000000001 0.44491147656249996 0.1064134890625 0.4546875 0.1196221328125 0.4546875 0.12081132187500002 0.454598575 0.12553922343749999 0.4475723109375 0.13036408906250002 0.4238793796875 0.1359375 0.378476371875 0.1359375 0.321883371875 0.13566569374999998 0.318242003125 0.12348890625 0.2629046359375 0.131303946875 0.12805968437499998 0.1239830765625 0.1108281203125 0.1115073171875 0.10687964375 0.102881246875 0.112585203125 0.09534220624999999 0.132853640625 0.0963714046875 0.224493034375 0.0938418078125 0.2564783890625 0.07310105 0.3304440546875 0.07166154687500001 0.3630558765625 0.07166154687500001 0.413797175
1 0.22624135625 0.37202835156249997 0.2298953 0.3471511828125 0.23195280468749999 0.2929435734375 0.2256349265625 0.234118915625 0.2300167578125 0.1953528578125 0.2421875 0.13276738906250002 0.2421875 0.11581203749999999 0.2407796484375 0.1095692953125 0.2338309 0.10015255468749999 0.21962282187499998 0.102193346875 0.21150945625 0.114998828125 0.2027797359375 0.22177949843749997 0.17910700468750002 0.2821447953125 0.17910700468750002 0.43312544218750004 0.18288537968750002 0.4375 0.19964564375 0.4375 0.20685077500000001 0.4281129828125 0.217754334375 0.3994376375 0.22624135625 0.37202835156249997
1 0.8296875 0.40476149218749996 0.8296875 0.3714707296875 0.8255244015625 0.367206040625 0.8184945828125001 0.37126458906250004 0.8156004828124999 0.3792577890625 0.813278159375 0.434731459375 0.8090857781249999 0.4494922453125 0.8090857781249999 0.4796875 0.8150941218749999 0.4796875 0.824784578125 0.474258603125 0.8296875 0.46418120468749996 0.8296875 0.455230234375 0.8269493171875 0.43216991718750003 0.8296875 0.40476149218749996
1 0.9171875 0.5075137187500001 0.9171875 0.47198376093750005 0.9110835984375001 0.43777437656249996 0.9119491921874999 0.3785060265625 0.90808873125 0.370703840625 0.9034066156249999 0.36985973437499997 0.8979136265625 0.3741218609375 0.8952448171875 0.3852784265625 0.8975634812500001 0.43430704374999995 0.8885655625 0.47478276875000003 0.8885655625 0.5071754984375 0.8898021265625001 0.509375 0.9115570999999999 0.509375 0.9171875 0.5075137187500001
1 0.790625 0.40814456093749996 0.790625 0.393301265625 0.7883478 0.38664615 0.782715684375 0.3844940453125 0.7789728 0.386154828125 0.7739391453125 0.3974968890625 0.7736447171874999 0.44297644218750004 0.7670724874999999 0.4623836265625 0.7670724874999999 0.5046875 0.7792483796875 0.5046875 0.790625 0.4873621078125 0.790625 0.46516671093750006 0.787186384375 0.44368612812499997 0.790625 0.40814456093749996
1 0.660400909375 0.44269764218749996 0.6568357671875 0.4602953125 0.6568357671875 0.5046875 0.6842140406249999 0.5046875 0.684375 0.5023856796875 0.684375 0.4789371703125 0.6831347624999999 0.4753959515625 0.6829348078125 0.46334679375 0.6800687953125 0.459606728125 0.675307978125 0.4382377046875 0.676391534375 0.378016159375 0.6726442968749999 0.368242421875 0.665482121875 0.366305725 0.6594292218750001 0.3708686875 0.6568357671875 0.3772091390625 0.6568357671875 0.397405565625 0.65993339375 0.41211178593750003 0.660400909375 0.44269764218749996
1 0.6591145828125 0.3710648140625 0.6567708328125 0.37245370312500004 0.6552083328125 0.37986111093749997 0.6578125 0.4076388890625 0.6567708328125 0.43541666718750005 0.6494791671875 0.465972221875 0.6473958328125 0.4983796296875 0.6486979171875 0.5053240734375 0.6609375 0.5048611109375 0.6614583328125001 0.4696759265625 0.665625 0.4391203703125 0.6640625 0.41134259218749997 0.6598958328125001 0.39375 0.6604166671874999 0.3770833328125 0.6625 0.37245370312500004 0.6591145828125 0.3710648140625
0 0.7682291671874999 0.5057870375 0.7692708328125001 0.49652777812500004 0.7671875 0.48171296249999995 0.7619791671874999 0.465972221875 0.7471354171875 0.4516203703125 0.7356770828125001 0.4516203703125 0.7236979171875 0.459027778125 0.7125 0.478009259375 0.7078125 0.497453703125 0.7078125 0.5048611109375 0.7111979171874999 0.50625 0.7682291671874999 0.5057870375
2 1 0.512618103125 0.9856770828125001 0.5136574078125 0.9783854171874999 0.5108796296875 0.9200520828125001 0.5108796296875 0.9138020828125001 0.5201388890625 0.9044270828125001 0.5201388890625 0.9002604171874999 0.5145833328125 0.89609375 0.5173611109375 0.88828125 0.51180555625 0.8846354171874999 0.5210648140624999 0.8643229171875 0.521990740625 0.85703125 0.5201388890625 0.85390625 0.51273148125 0.8502604171874999 0.5108796296875 0.8330729171875 0.5145833328125 0.8236979171875 0.509953703125 0.7809895828125001 0.5108796296875 0.7122395828125001 0.50625 0.6846354171875 0.509027778125 0.51328125 0.5053240734375 0.5078125 0.51319444375 0.5057291671875 0.571527778125 0.50625 0.578009259375 0.51171875 0.5821759265625001 0.6841145828125 0.57569444375 0.79296875 0.5793981484375 0.82578125 0.57476851875 0.8403645828125 0.5803240734374999 0.86484375 0.577546296875 0.9403645828125 0.58125 0.9575520828125 0.584953703125 0.9872395828125 0.5821759265625001 1 0.5827751578125 1 0.512618103125
1 0.24277260156249997 1 0.2416276375 0.9782712437499999 0.2452168125 0.9158121874999999 0.2520409671875 0.8850109703125 0.2546875 0.856073728125 0.2546875 0.8463631078125001 0.2501149734375 0.829068046875 0.234946359375 0.823722796875 0.22818396875000002 0.823722796875 0.22145366875 0.8326458203125 0.2164790921875 0.8481283171874999 0.2146595140625 0.9409382109375001 0.210863240625 0.9729645421875001 0.202837146875 1 0.24277260156249997 1
1 0.391888275 1 0.3921875 0.9981569078125 0.3921875 0.9670536328124999 0.39213190937500003 0.9642402234375 0.383080121875 0.9088483093749999 0.391506725 0.8031563859374999 0.387681278125 0.7893356812500001 0.3795306765625 0.7804510890625 0.37013951562499997 0.7833925078125 0.3626166359375 0.8008831687500001 0.360480434375 0.899521553125 0.3429778015625 0.9539882296875 0.33929731093750004 0.9871213000000001 0.33929731093750004 1 0.391888275 1
1 0.2286281296875 0.8209275578125 0.24195930156249998 0.828125 0.250371025 0.828125 0.2546875 0.7890385375 0.2546875 0.775793921875 0.24849541249999998 0.7620058921874999 0.23763070156250002 0.76004379375 0.2286281296875 0.7754119171875 0.2286281296875 0.8209275578125
1 0.5626817546874999 0.6296875 0.5634549484375 0.6536352984375 0.5193269859375 0.76265383125 0.5193269859375 1 0.684328928125 1 0.685569534375 0.9970599359375001 0.7078125 0.858105021875 0.7078125 0.8449382484375001 0.6523438374999999 0.648976828125 0.6548197124999999 0.6296875 0.5626817546874999 0.6296875
1 0.45 0.6296875 0.45 1 0.49037706718749996 1 0.485561540625 0.8396867765625 0.521875 0.7499863375 0.521875 0.7413618625 0.49892533125 0.6485756671875 0.49776688281250003 0.6296875 0.45 0.6296875
1 0.73097056875 0.6296875 0.7323263890625 0.6439236109375 0.7056597218749999 0.7150347218750001 0.7412152781250001 0.8394791671874999 0.7302706750000001 1 0.8385946640625 1 0.861215278125 0.9283680562499999 0.8701041671875 0.830590278125 0.81402465625 0.669662278125 0.8089047859375 0.6296875 0.73097056875 0.6296875
1 0.8738142359375001 0.6296875 0.8745486109375001 0.6394791671875 0.84788194375 0.7061458328125 0.8701041671875 0.7994791671875 0.8567708328125001 0.9594791671875 0.885659721875 0.9972569437499998 0.941215278125 0.995034721875 0.9856597218750001 0.9061458328124999 0.9945486109375 0.7728125 0.945659721875 0.6439236109375 0.942456065625 0.6296875 0.8738142359375001 0.6296875