1 0.250334003125 0.509375 0.250334003125 0.5017835859375 0.2320541296875 0.441891571875 0.22473933750000002 0.30166386093750003 0.212995725 0.2766452890625 0.201147596875 0.2746184828125 0.187244325 0.2873502375 0.1859375 0.295408621875 0.1859375 0.3260149765625 0.1974303515625 0.40510540156249997 0.19852506875 0.44543324375 0.1887357890625 0.509375 0.250334003125 0.509375
1 0.4009231265625 0.509375 0.393251884375 0.47651229375000004 0.40687295625 0.320574325 0.40134436874999996 0.2980782515625 0.38316990156249997 0.288409084375 0.3679123796875 0.2990822328125 0.3575086265625 0.3267938140625 0.3589012171875 0.4041891796875 0.3553879421875 0.486078990625 0.348394040625 0.509375 0.4009231265625 0.509375
1 0.09740030937500001 0.509375 0.0939166484375 0.4564245515625 0.0797498953125 0.3917742546875 0.08597869999999999 0.2848298109375 0.0776287125 0.260865278125 0.0652905 0.2585240109375 0.057154424999999995 0.264352384375 0.0515625 0.276837546875 0.0515625 0.37658788906249996 0.052459353125 0.4052018390625 0.0515625 0.40905766562499996 0.0515625 0.509375 0.09740030937500001 0.509375
1 0.14977344374999998 0.509375 0.14977344374999998 0.3787514609375 0.14941994375 0.37752005 0.1364429109375 0.3475885609375 0.12720788593750001 0.23775707812500002 0.121207115625 0.22420753593749998 0.11195141718749999 0.22073279375000002 0.1058753890625 0.22073279375000002 0.0999655421875 0.22617742500000002 0.096875 0.2389437625 0.096875 0.24389490937499997 0.111063 0.318171871875 0.113588134375 0.354282984375 0.1084950109375 0.39262556875 0.109757578125 0.4106811265625 0.12692365156250002 0.4671653953125 0.13337362656250001 0.509375 0.14977344374999998 0.509375
1 0.26737721406250003 0.509375 0.26737721406250003 0.399065459375 0.2557371640625 0.3628670390625 0.24710718125 0.24897815156249997 0.238264515625 0.22983918750000001 0.2298076015625 0.2275551265625 0.2246516546875 0.2275551265625 0.2171875 0.237057759375 0.2171875 0.26777319843749997 0.22452778593749997 0.2796124015625 0.22990744843750002 0.2992615625 0.23980035625 0.42981711875000006 0.263347021875 0.5043699328125 0.2643921515625 0.509375 0.26737721406250003 0.509375
1 0.2638328828125 0.4458131296875 0.2686885328125 0.3944151515625 0.2671656046875 0.3694333296875 0.256218246875 0.3209040328125 0.26280454531249997 0.21812625468750002 0.2564062171875 0.2021972125 0.24642797500000002 0.1994785203125 0.2359375 0.21515425000000002 0.2359375 0.2329173046875 0.24243268750000002 0.2557307953125 0.2359375 0.3570867875 0.2359375 0.362831784375 0.24822766875000002 0.433408578125 0.24987966093749997 0.4890625 0.2530859875 0.4890625 0.25326125781250003 0.48891413593750005 0.2638328828125 0.4458131296875
1 0.6433126859375 0.3765625 0.6449271453125001 0.3747520515625 0.6449271453125001 0.21113510156249998 0.6228318578125001 0.1468927859375 0.61336239375 0.02769866875 0.6052612890625 0.0135909484375 0.5925672234375 0.0102253203125 0.5825055140625001 0.0213178578125 0.5796875 0.037339475 0.5796875 0.0472864859375 0.591333078125 0.109906359375 0.59619968125 0.1639228328125 0.5879144125 0.22156818281250001 0.588944440625 0.2605071359375 0.597130109375 0.31849001875 0.6144320234375 0.3703165625 0.62031080625 0.3765625 0.6433126859375 0.3765625
1 0.8861517687500001 0 0.8854604953124999 0.0059728 0.888745040625 0.05671488125 0.8830504359375 0.09998836093749999 0.88125 0.10725659531250001 0.88125 0.2921875 0.9005542671875 0.2921875 0.90575785 0.28663500000000003 0.923488246875 0.20978231875 0.924098240625 0.16316687968750002 0.914138978125 0.11120977812499999 0.9113887500000001 0.054385770312500005 0.9179661750000001 0 0.8861517687500001 0
1 0.49037208125 0.509375 0.4916434890625 0.5181763328125 0.4936272703125 0.560768925 0.4828125 0.6247495578125 0.4828125 0.6961622734375 0.4888401171875 0.7495996765624999 0.5021926578125 0.8007506203125001 0.5056674515624999 0.80625 0.5371751640625 0.80625 0.5390625 0.8020756890625 0.5390625 0.6079763453125 0.5294287421874999 0.5779771421875 0.5240976828125 0.553244153125 0.522236628125 0.5357183140624999 0.522809359375 0.509375 0.49037208125 0.509375
1 0.40289252343750004 0.509375 0.4043811375 0.5681768546875 0.40183517343749997 0.5969533984375001 0.390625 0.6364491125 0.390625 0.8828125 0.4181998453125 0.8828125 0.4214518796875 0.8811055265625001 0.42624290625 0.8738515124999999 0.43984932031249996 0.8221607593750001 0.4502336859375 0.7725403843749999 0.45413836874999997 0.7178379140625 0.45140484687500004 0.6709798953125 0.43795383125000004 0.600885465625 0.4370351125 0.5788089249999999 0.4420299890625 0.5231076875 0.4442399734375 0.509375 0.40289252343750004 0.509375
1 0.5390625 0.9613836734374999 0.5433575734375 0.975 0.564082590625 0.975 0.5958048796875 0.966193271875 0.5973887265625 0.9572323734375001 0.5973887265625 0.7553187390625 0.5756390734375 0.690987065625 0.580082303125 0.5497423171875 0.55072156875 0.5109623 0.5390625 0.5256375265625 0.5390625 0.9613836734374999
1 0.6707547078125 0.5335483140624999 0.6521564046874999 0.5402344296875 0.629601959375 0.587589159375 0.6270326875000001 0.706251934375 0.6171875 0.738940996875 0.6171875 0.9240067562500001 0.6269139265625 0.9546875 0.649655659375 0.9546875 0.665283615625 0.9513145937499999 0.692360771875 0.85248044375 0.6957601953125 0.787615578125 0.6749350203125 0.69751668125 0.689343159375 0.5618692624999999 0.6707547078125 0.5335483140624999
1 0.7622333906250001 0.5474932046875 0.7409849671875 0.56711565625 0.7370920765625 0.69671746875 0.721875 0.7422744 0.721875 0.9288865578125 0.7220678046875 0.9296875 0.7382415546875001 0.9296875 0.7604992953125 0.9224653484375 0.7832219203124999 0.8461500984375 0.7869998687499999 0.7812852328125001 0.770059109375 0.6955662359375 0.784626184375 0.5709860812499999 0.7622333906250001 0.5474932046875
1 0.8623228781249999 0.6968414625 0.8610473453124999 0.5829440046875 0.84679324375 0.564696984375 0.821875 0.5841794515625 0.821875 0.5928354359375 0.83627225625 0.6927798421875 0.821875 0.7830887171875001 0.821875 0.8149931921875 0.8448195249999999 0.9109375 0.8647664734375 0.9109375 0.8750313593750001 0.9088615624999999 0.8750313593750001 0.7290136546875 0.8623228781249999 0.6968414625