1 0.6795703125 0.45 0.678125 0.4435763890625 0.68515625 0.307465278125 0.676171875 0.28177083281250004 0.664453125 0.2734375 0.651953125 0.28177083281250004 0.64296875 0.3032986109375 0.6421875 0.33246527812500004 0.64765625 0.3796875 0.64921875 0.4421875 0.647227478125 0.45 0.6795703125 0.45
1 0.509375 0.45 0.5408900671875 0.45 0.53671875 0.4296875 0.54375 0.31163194375000003 0.533984375 0.2873263890625 0.523828125 0.2776041671875 0.510546875 0.29149305625 0.509375 0.29504697812499997 0.509375 0.41979166718750005 0.51015625 0.43524305625000004 0.509375 0.438448184375 0.509375 0.45
1 0.62783203125 0.45 0.6234375 0.4296875 0.628125 0.326909721875 0.621484375 0.30815972187499996 0.610546875 0.29982638906250003 0.601953125 0.30815972187499996 0.59609375 0.3255208328125 0.6 0.4282986109375 0.5959309890625 0.45 0.62783203125 0.45
1 0.588655821875 0.45 0.58515625 0.4310763890625 0.5921875 0.31996527812500003 0.584765625 0.29982638906250003 0.573046875 0.29149305625 0.562890625 0.29982638906250003 0.55625 0.3171875 0.5609375 0.4310763890625 0.5559478765625 0.45 0.588655821875 0.45
1 0.7154522234374999 0.45 0.7140625 0.4435763890625 0.7171875 0.31163194375000003 0.712109375 0.2970486109375 0.699609375 0.2859375 0.687890625 0.295659721875 0.68515625 0.3032986109375 0.6828125 0.3685763890625 0.6828125 0.45 0.7154522234374999 0.45
1 0.7728515625 0.45 0.76953125 0.43524305625000004 0.77421875 0.3338541671875 0.771875 0.3213541671875 0.758984375 0.30538194375 0.746875 0.3171875 0.74453125 0.4435763890625 0.7458173328125 0.45 0.7728515625 0.45
1 0.7455775671875 0.45 0.74296875 0.43524305625000004 0.74609375 0.3171875 0.740234375 0.30399305625 0.730859375 0.2970486109375 0.71796875 0.31024305625 0.71648548125 0.45 0.7455775671875 0.45
1 0.47399510781250004 0.6421909218749999 0.46577429062500003 0.6407430921875 0.4619561109375 0.6407430921875 0.4510453984375 0.652645546875 0.446875 0.6660110687499999 0.446875 0.7695687343750001 0.4604155125 0.7703125 0.465486821875 0.7703125 0.47296101874999996 0.7327876578125 0.4796875 0.6540423000000001 0.4796875 0.6519107078124999 0.47399510781250004 0.6421909218749999
2 0 0.88534023125 0.206640625 0.8991319437499999 0.249609375 0.8963541671874999 0.263671875 0.901909721875 0.43046875 0.9095486109375 0.4734375 0.9026041671874999 0.47578125 0.89288194375 0.4734375 0.8817708328125 0.47734375 0.876215278125 0.48046875 0.8526041671875 0.4796875 0.808159721875 0.475390625 0.7977430562500001 0.444921875 0.8005208328125001 0.356640625 0.7921875 0.357421875 0.78663194375 0.3640625 0.7831597218749999 0.36328125 0.7748263890625 0.358203125 0.7671875 0.345703125 0.76163194375 0.173046875 0.7588541671875 0.101953125 0.74774305625 0.083203125 0.7505208328125 0 0.7424526515625001 0 0.88534023125
2 0.509375 0.9626774156250001 0.7669518359375 0.9493154578125 0.76875 0.9255853015625 0.76875 0.8997478078124999 0.509375 0.8997478078124999 0.509375 0.9626774156250001
1 0.6395362375 0.7612284359375 0.63103055 0.7612284359375 0.6278748515625 0.7658630765625001 0.626786734375 0.7761666609375 0.6285084359375 0.8243542749999999 0.6205997109375 0.8565461515624999 0.61838035 0.87622739375 0.6243961546875 0.9015625 0.640625 0.9015625 0.640625 0.7645736796875 0.6395362375 0.7612284359375
1 0.534375 0.76805555625 0.5333333328125 0.7745370375 0.5354166671875 0.8199074078125002 0.5265625 0.8634259265625002 0.5260416671875 0.8986111109374999 0.5341145828125 0.9037037031249999 0.5526041671875 0.903240740625 0.55625 0.8995370375 0.5572916671875 0.8800925921874999 0.5541666671875001 0.8513888890625001 0.5473958328124999 0.8199074078125002 0.55 0.7708333328125001 0.54609375 0.7620370375000001 0.5393229171875 0.7611111109375 0.534375 0.76805555625