1 0 0.4390625 0.065625 0.4390625 0.065625 0.39745630468750004 0.05155394375 0.3529854640625 0.0130697640625 0.29132191875 0.000377884375 0.24852093593750002 0 0.2462330015625 0 0.4390625
1 0.11875 0.4390625 0.11875 0.28511546875 0.1091362265625 0.2545945734375 0.10405801249999999 0.2145215140625 0.10653623593749999 0.11145713125000001 0.097706715625 0.09035926093749999 0.0806268828125 0.0848092921875 0.07480568125 0.0848092921875 0.066369184375 0.1024341421875 0.06639618593749999 0.1302528640625 0.0741280375 0.20774403593750002 0.058449390625 0.3142822375 0.058422567187499996 0.367141903125 0.0736041640625 0.4390625 0.11875 0.4390625
1 0.0196056453125 0.23003217656250002 0.030553120312499998 0.2632200578125 0.040409365625 0.2734375 0.0435096453125 0.2734375 0.0519703140625 0.2560301671875 0.0609375 0.1987061234375 0.0609375 0.1815307390625 0.057732581250000005 0.14907663124999998 0.0493279078125 0.1283523859375 0.0511242265625 0.03949076875 0.045813285937499997 0.0292641171875 0.035279503125 0.0292641171875 0.0301250140625 0.0293240953125 0.0214367265625 0.0398362140625 0.019292028125 0.0523543953125 0.026606971875000003 0.13000490468749998 0.0191956 0.1658253875 0.0191956 0.227339921875 0.0196056453125 0.23003217656250002
1 0.41343493125 0.4390625 0.42811674999999993 0.3750271625 0.4286339078125 0.33058271875 0.4201316125 0.25503668749999997 0.4237414484375 0.21355202968749998 0.4359375 0.1553862921875 0.4359375 0.12858882031250002 0.430772509375 0.11319885625 0.41913456406250005 0.10557187187499999 0.4073511703125 0.1104448875 0.39892986874999997 0.1287171109375 0.3973567203125 0.1967271625 0.39208741874999997 0.24645414687499997 0.3671090921875 0.31032134375 0.3609375 0.348432303125 0.3609375 0.42008009375000005 0.36330201875 0.4390625 0.41343493125 0.4390625
1 0.6674727265625 0 0.6698484390624999 0.03424973125 0.6524372671875 0.115191059375 0.6535372875000001 0.1421875 0.6613754265624999 0.1421875 0.6781822468750001 0.1117155484375 0.7 0.09339381249999999 0.7 0.046148384375000004 0.6976688234375 0.0393547828125 0.6960652390625001 0 0.6674727265625 0
1 0.7446159953125 0 0.7475365249999999 0.051736179687499995 0.7383622671875 0.092508215625 0.7613613453125 0.11144849999999999 0.7817482671875 0.159305134375 0.7873704609375001 0.2338370625 0.7780614390625 0.2625 0.788220171875 0.2625 0.7921875 0.241278340625 0.7921875 0.0908345296875 0.7785710078125 0.05010973125 0.7784203796875 0 0.7446159953125 0
1 0.8325577546874999 0 0.8364949875000001 0.053391226562500005 0.8245756203125 0.092898246875 0.8169075593749999 0.1498273609375 0.8235679578124999 0.2189735953125 0.836321875 0.2712398828125 0.84561175625 0.28605949062499997 0.8553563843750001 0.2890625 0.86874204375 0.2890625 0.875 0.27811536718749996 0.875 0.0887377640625 0.8698351750000001 0.06293726875 0.8669038234374999 0 0.8325577546874999 0
1 0.91239848125 0 0.9156788796875001 0.0519396546875 0.8949892234375 0.132399425 0.8915409484375001 0.1898706890625 0.9087823281249999 0.2875718390625 0.9139547406249999 0.296192528125 0.9432650859375 0.29331896562500004 0.9518633796875001 0.26707884531250004 0.9620032546874999 0.217936 0.9620032546874999 0.1595788453125 0.9463324937500002 0.08586460312500001 0.9435670515624999 0.0014003390625 0.9436230890624999 0 0.91239848125 0
1 0.9490979375 0 0.9490979375 0.0014003390625 0.9472542656249999 0.0720431671875 0.9638468 0.133471740625 0.962925028125 0.1810788796875 0.9573941406250001 0.26400743125 0.963954740625 0.2530890796875 0.9777478453124999 0.16113505781249998 0.9742995687499999 0.1266522984375 0.9536099140625 0.0404454015625 0.9561643609375 0 0.9490979375 0
0 0.7777478453125 0.23010057499999997 0.7777478453125 0.195617815625 0.763954740625 0.132399425 0.7484375 0.10653735625 0.734644396875 0.095043103125 0.7001616374999999 0.0892959765625 0.6656788796875001 0.11803160937499999 0.660506465625 0.132399425 0.6467133625 0.14964080468750002 0.6432650859375 0.16113505781249998 0.6432650859375 0.2358477015625 0.6501616375 0.2645833328125 0.67602370625 0.3019396546875 0.7036099140625 0.319181034375 0.72602370625 0.31630747187499997 0.7449892234375 0.3019396546875 0.7742995687500001 0.25883620625 0.77085129375 0.2530890796875 0.7777478453125 0.23010057499999997
1 0.04965826875 0.4390625 0.0486921515625 0.44237415625 0.0486921515625 0.65593033125 0.0493002234375 0.6596017812499999 0.0530579984375 0.665625 0.091592284375 0.665625 0.0991908890625 0.6613673953125 0.11776787656250001 0.5978053015625 0.1296875 0.5015725546875001 0.1296875 0.493904565625 0.11833678750000001 0.4390625 0.04965826875 0.4390625
1 0.20326605 0.4390625 0.19037675781250002 0.4880514984375 0.19037675781250002 0.6271035046875 0.20666522187499997 0.6981797828125 0.2082199765625 0.6984375 0.2565539640625 0.6984375 0.25828235 0.6964881203125 0.27963281093750003 0.6084693109375 0.28125 0.573887659375 0.28125 0.508743859375 0.26467989531249997 0.4390625 0.20326605 0.4390625
1 0.1731684609375 0.4390625 0.16788739375 0.466863853125 0.1727298765625 0.5373682734375 0.1881818625 0.601403653125 0.198319115625 0.63125 0.2158379859375 0.63125 0.20535555 0.5016111078125001 0.21834180937499997 0.4390625 0.1731684609375 0.4390625
1 0.0334054390625 0.4390625 0.0296875 0.455509096875 0.0359375 0.54236355625 0.05 0.601049003125 0.05625 0.6033964203125001 0.046875 0.5447109734375 0.0484375 0.486025528125 0.059990021875 0.4390625 0.0334054390625 0.4390625
1 0.323612196875 0.4390625 0.3234375 0.4414245890625 0.3328125 0.4578565140625 0.328125 0.4742884390625 0.340625 0.47663585625 0.3390625 0.46255135000000003 0.3515625 0.446119425 0.3519895234375 0.4390625 0.323612196875 0.4390625
1 0.58965948125 1 0.5886270640625 0.9968933249999999 0.5816664953125 0.9133952015624999 0.6046875 0.8457705437499999 0.6046875 0.795360121875 0.5948205953125 0.773181765625 0.5980954703125001 0.6351970953125 0.58719544375 0.612446115625 0.5599180515625 0.6044335937499999 0.5513669015625 0.6044335937499999 0.5181634374999999 0.6211728515624999 0.5184576640625 0.6459480046875 0.54112506875 0.7655342234375 0.5056525 0.8775763453125001 0.5087311531250001 0.9531319 0.52709146875 1 0.58965948125 1
1 0.6757478828125001 1 0.673979315625 0.9877017562500001 0.703125 0.8863214781250001 0.703125 0.8478481109375 0.6774367578125 0.80056924375 0.6868904890625 0.6665371406249999 0.6615111734375001 0.634529065625 0.6235666765625 0.634529065625 0.60844065 0.63873619375 0.5980016 0.671195609375 0.6197883015625 0.8080416906250001 0.5908756328125 0.8852277140624999 0.5738013171875 0.91661085 0.5881065484375 0.9799781812500001 0.589602328125 1 0.6757478828125001 1
1 0.7835548171875001 1 0.80625 0.937549728125 0.80625 0.93076425625 0.77186385 0.8411960421875001 0.7875838484375001 0.69442594375 0.777231040625 0.6831462390625 0.7465001453125 0.6704727984375 0.7226260609375 0.6731175421875 0.6986949593749999 0.695460259375 0.7073162953125001 0.8492535046875 0.66773040625 0.9365497031250001 0.66773040625 1 0.7835548171875001 1
1 0.9426804234375 1 0.9407469625000001 0.9754809515625 0.9068108984375 0.8901018437499999 0.92565840625 0.743334403125 0.8882167781250001 0.712245209375 0.85260950625 0.7146187765625001 0.8302156578125001 0.746838046875 0.8311861031250001 0.8162958515625001 0.8441069296875 0.8720082640625 0.7982661578125001 0.9894196703125001 0.7961345812499999 1 0.9426804234375 1
1 1 1 1 0.89942946875 0.9990915265625 0.89581991875 0.9792437171875001 0.8504437812500001 0.97327599375 0.8228323390625001 0.9853319328125 0.6955869953125 0.9415571843749999 0.6600408890624999 0.909356359375 0.6686945671875 0.89662731875 0.699959075 0.934482640625 0.7461252484375 0.92330280625 0.8539189125 0.9286014281250001 0.905426478125 0.9587557499999999 1 1 1
1 1 0.6318663390625 0.9767013890625 0.6265625 0.9478125000000001 0.65100694375 0.9457892828125001 0.65381365625 0.98336805625 0.6865625 0.9700347218750001 0.8376736109374999 1 0.9557848203125001 1 0.6318663390625
1 0.72336805625 0.5998958328125 0.6967013890625 0.604340278125 0.6767013890625 0.6376736109375 0.6900347218749999 0.68211805625 0.6767013890625 0.81100694375 0.7078125 0.84211805625 0.6989236109375 0.6910069437499999 0.7567013890625001 0.668784721875 0.7567013890625001 0.6243402781249999 0.72336805625 0.5998958328125
1 0.870034721875 0.5954513890625 0.8462502828125 0.6075774328125 0.8367013890624999 0.628784721875 0.8589236109374999 0.6465625 0.86336805625 0.708784721875 0.885590278125 0.708784721875 0.9122569437500001 0.668784721875 0.9122569437500001 0.6243402781249999 0.8960198515624999 0.604020825 0.870034721875 0.5954513890625
1 0.82336805625 0.9265625 0.8411458328125001 0.8776736109375001 0.8278125 0.744340278125 0.8589236109374999 0.704340278125 0.8589236109374999 0.65100694375 0.8426953718749999 0.6289173046875 0.8078125 0.6265625 0.7822609359375 0.6378088515625 0.7751509750000001 0.6715968109375 0.79225694375 0.6998958328125 0.7833680562499999 0.8554513890625 0.82336805625 0.9265625