1 0.0290873828125 0.2907927265625 0.024019107812500003 0.31498802812500004 0.023568303125000002 0.3270371859375 0.026745046875 0.3359375 0.0414378046875 0.3359375 0.0436715625 0.335366765625 0.049561490624999996 0.3180977265625 0.053125 0.2959788359375 0.053125 0.2128349921875 0.0514976828125 0.2032222984375 0.044039024999999996 0.17468831093749998 0.0437966125 0.13302164375 0.04616375625 0.092220290625 0.04113773125 0.07890952968750001 0.03381913125 0.07444961562499999 0.024997284375 0.080211253125 0.0211583703125 0.091876246875 0.02473048125 0.1686553625 0.0171280703125 0.2049483125 0.0297842875 0.23150922343749997 0.0290873828125 0.2907927265625
0 0 0.3375 0.0118515375 0.3375 0.025356964062499997 0.33354181562499996 0.0265625 0.33174258437500004 0.0265625 0.2209573765625 0.0216319421875 0.21012665468749997 0.012586573437500002 0.19954956875000002 0.008002634375000001 0.1967961640625 0 0.1967961640625 0 0.3375
1 0.7777392765625001 0.5796875 0.784375 0.528791553125 0.784375 0.4790960765625 0.7709304546875 0.3898558703125 0.784375 0.263612628125 0.784375 0.25632706562499996 0.7705859375 0.22608537968750003 0.7518359375 0.224664590625 0.74112469375 0.243280240625 0.739421878125 0.3652656640625 0.7305640359375 0.408999715625 0.715326903125 0.44114905625 0.706727640625 0.5071053296875 0.707503378125 0.57377199375 0.708468484375 0.5796875 0.7777392765625001 0.5796875
1 0.8783913609375 0.5796875 0.8859295953124999 0.564866171875 0.901146053125 0.49747146249999996 0.9034097687500001 0.44191590625000005 0.8960721125 0.39246193906250004 0.8976567140625 0.3535730515625 0.915625 0.2828021703125 0.915625 0.2375028703125 0.9122520406250001 0.23125 0.8906210390624999 0.23125 0.880082771875 0.24929156875 0.8688525984375 0.3718778109375 0.8447138828125 0.42870744062500005 0.8433467765625 0.4347624453125 0.8433467765625 0.5796875 0.8783913609375 0.5796875
1 1 0.23512464375 0.9981438703125001 0.23627172968750002 0.9904444953125001 0.2558980125 0.9878366343749999 0.344859634375 0.9817482421874999 0.3727828828125 0.9601641328125 0.4232920296875 0.9541080609375001 0.456770834375 0.9545282374999999 0.52899305625 0.9609721656249999 0.56218091875 0.9713316531250001 0.575 0.9770807578125 0.575 0.9922868078124999 0.572564678125 1 0.5550178703124999 1 0.23512464375
1 0.8625 0.192207134375 0.8608833234375 0.1873235578125 0.84618970625 0.1873235578125 0.8376406156249999 0.20509433281249997 0.8429808578125 0.288427665625 0.8241548125 0.35976655156250004 0.8209081328125001 0.3846744421875 0.8220028109375 0.43744651718750005 0.8281972843750001 0.48070432656250006 0.8305028203125 0.5046875 0.8600039546874999 0.5046875 0.8625 0.46639433906249994 0.8625 0.192207134375
1 0.740625 0.2348958328125 0.753125 0.21267361093749998 0.753125 0.19600694375 0.7421875 0.1765625 0.7265625 0.1765625 0.715625 0.20711805625 0.715625 0.29600694375000003 0.709375 0.329340278125 0.7 0.3515625 0.6875 0.41822916718750003 0.6875 0.479340278125 0.690625 0.5015625 0.7 0.523784721875 0.7125 0.42934027812500003 0.725 0.4126736109375 0.734375 0.37934027812500004 0.7375 0.25711805625 0.740625 0.2348958328125
1 0.6734172 0.367410728125 0.675 0.40711805625 0.68125 0.44045138906250003 0.68449443125 0.4552351328125 0.690459109375 0.3941618390625 0.7 0.34600694375 0.709375 0.32378472187499996 0.71062536875 0.3149179890625 0.7131816375 0.304823221875 0.715625 0.2904513890625 0.715625 0.2015625 0.728125 0.173784721875 0.728125 0.15711805625 0.7171875 0.1432291671875 0.7078125 0.1432291671875 0.7 0.15711805625 0.69784393125 0.1639325828125 0.696875 0.179340278125 0.696875 0.19600694375 0.697559890625 0.2068353109375 0.697559890625 0.22752955625000001 0.697559890625 0.231062728125 0.696875 0.2682291671875 0.6875 0.2848958328125 0.675 0.329340278125 0.6734172 0.367410728125
0 0.68373046875 0.5796875 0.684375 0.5682291671875 0.66875 0.49600694375 0.6515625 0.45989583281249996 0.6265625 0.4376736109375 0.5890625 0.4376736109375 0.5546875 0.4654513890625 0.534375 0.5071180562500001 0.5318237296875 0.5796875 0.68373046875 0.5796875
1 0.232109725 0.5796875 0.2359089625 0.6163173828125 0.22540662500000003 0.67277410625 0.226705446875 0.7256853875 0.23254671093749998 0.7597110125000001 0.24279198750000003 0.797173328125 0.245262765625 0.8 0.259375 0.8 0.259375 0.6311322515625 0.255417140625 0.61878615625 0.253531578125 0.5975232359375 0.253916890625 0.5796875 0.232109725 0.5796875
1 0.2939338234375 0.5796875 0.2958333328125 0.6155671296875 0.2916666671875 0.6433449078125 0.2796875 0.689641203125 0.2776041671875 0.733159721875 0.2796875 0.7600115734375 0.2890625 0.808159721875 0.29348958281250004 0.8151041671874999 0.3083333328125 0.81649305625 0.3166666671875 0.8127893515625001 0.3223958328125 0.789641203125 0.3302083328125 0.7442708328125 0.3307291671875 0.70538194375 0.3260416671875 0.6720486109375 0.3203125 0.6535300921875 0.3151041671875 0.6248263890625 0.3145833328125 0.607233796875 0.3171657984375 0.5796875 0.2939338234375 0.5796875
1 0.3585365078125 0.5796875 0.360284253125 0.6026706296875 0.36024973125000004 0.6306782140625 0.35776245625 0.6576690171874999 0.345145565625 0.7056782140625 0.34358306562499996 0.7491967328125 0.348270565625 0.7890115484375 0.356083065625 0.8260485859375001 0.3651976484375 0.8302152515625 0.37743723125 0.8297522890625 0.38368723125000004 0.8269745109375 0.39149973125000004 0.7917893265625 0.39618723125 0.7603078437499999 0.39774973125 0.7195671031249999 0.3935261046875 0.6910754625 0.384126690625 0.6511507078125 0.38264556562499996 0.6260485859375 0.38264556562499996 0.5954930296875001 0.38341106875 0.5796875 0.3585365078125 0.5796875
1 0.42640086093749996 0.5796875 0.4296875 0.6220486109375 0.4289302234375 0.6548558171875001 0.42171608281250006 0.686905528125 0.41498286718750005 0.7163912421875 0.4125 0.7600115734375 0.42395833281249995 0.833159721875 0.42942708281249997 0.8401041671874999 0.4484375 0.8405671296874999 0.45416666718750004 0.8359375 0.4635416671875 0.789641203125 0.4671875 0.758159721875 0.4671875 0.7313078703125 0.4621374328125 0.6959462765625 0.4544202140625 0.664684378125 0.45104166718750005 0.6350115734374999 0.4515625 0.607233796875 0.45444525156250004 0.5796875 0.42640086093749996 0.5796875
1 0.7623486921875 0.8121636171875 0.76106999375 0.7917143156249999 0.7632431953125 0.7548746078125 0.7576289953125 0.7419602109375 0.74983804375 0.7432200671875 0.7465980765625 0.755463534375 0.7493278578125 0.8111769562500001 0.7448235171875 0.8265625 0.7640625 0.8265625 0.7640625 0.81848978125 0.7623486921875 0.8121636171875
1 0.789320575 0.8258952515625 0.7890261140625 0.8203700296875001 0.7860520281250001 0.8168483406250001 0.79375 0.757515953125 0.79375 0.7487984437499999 0.7927161484375 0.74256191875 0.7882537968750001 0.73712443125 0.7870657875 0.73712443125 0.78064634375 0.7391081265625 0.7769779625 0.7462497499999999 0.774924990625 0.7583777921875 0.774344328125 0.7981319375 0.771544153125 0.81584586875 0.770584415625 0.8176983468750001 0.770584415625 0.8296875 0.7878394796875 0.8296875 0.789320575 0.8258952515625
1 0.8453125 0.81269016875 0.842534334375 0.793781278125 0.8438598125000001 0.7530041703125 0.8398862265625 0.7415210140624999 0.8325837843749999 0.739838878125 0.8281863296875001 0.7450345109375001 0.826156865625 0.7543422609375 0.83006126875 0.7987018484374999 0.8255246015625 0.8247368765624999 0.8263846375 0.8265625 0.8453125 0.8265625 0.8453125 0.81269016875
1 0.8857476671875 0.754637390625 0.8836511421874998 0.7464041874999999 0.8782582046874999 0.73977681875 0.8705643765625 0.74212931875 0.867340490625 0.753027790625 0.8729246515625 0.8075239140624999 0.8687975578125 0.8328910546875001 0.8788761328125 0.834375 0.8834173765625 0.834375 0.8859375 0.8335602109375 0.8859375 0.7705101703125 0.8857476671875 0.754637390625
1 0.921875 0.80601851875 0.9239583328125001 0.758796296875 0.9205729171874999 0.74444444375 0.91328125 0.740740740625 0.9083333328125001 0.7476851859375 0.9067708328125 0.7550925921875 0.9083333328125001 0.815277778125 0.9036458328125001 0.83194444375 0.915625 0.8328703703125001 0.9255208328125001 0.83194444375 0.921875 0.80601851875
1 1 0.744351853125 0.9997395828125001 0.74351851875 0.99453125 0.7416666671875001 0.98984375 0.74444444375 0.9864583328125001 0.7550925921875 0.9885416671874999 0.80694444375 0.9828125 0.83194444375 0.98671875 0.8351851859374999 1 0.8348104062499999 1 0.744351853125
2 1 0.8369994999999999 0.93203125 0.8351851859374999 0.8721354171875 0.8370370375 0.85859375 0.8324074078125001 0.85390625 0.8351851859374999 0.85078125 0.83148148125 0.8466145828125 0.8361111109374999 0.8315104171875 0.8361111109374999 0.81953125 0.83055555625 0.7794270828125001 0.8351851859374999 0.7643229171874999 0.83055555625 0.74453125 0.8333333328125001 0.7096354171874999 0.828703703125 0.6356770828125 0.83148148125 0.61484375 0.828703703125 0.61171875 0.83148148125 0.5919270828125 0.83055555625 0.5859375 0.8800925921874999 0.5869791671875 0.9004629625 0.5940104171875 0.9083333328125001 0.60703125 0.9046296296874999 0.6325520828125 0.9046296296874999 0.6424479171875 0.9074074078125001 0.72578125 0.9083333328125001 0.7747395828125001 0.9138888890625001 0.8200520828125001 0.9148148140625001 0.8294270828125001 0.9120370375 0.85078125 0.9166666671874999 0.8778645828125 0.9138888890625001 0.8809895828125001 0.9166666671874999 0.90703125 0.9148148140625001 0.93203125 0.9175925921874999 0.9669270828125001 0.9129629625 0.9799479171875 0.9166666671874999 1 0.91453841875 1 0.8369994999999999