1 0.609765625 0.36805555624999997 0.6078125 0.38125 0.6109375 0.4048611109375 0.60390625 0.428472221875 0.603125 0.45069444374999995 0.6078125 0.4798611109375 0.61796875 0.48125 0.6234375 0.46875 0.62578125 0.44930555625 0.625 0.43263888906250003 0.61796875 0.4048611109375 0.62109375 0.37152777812500004 0.609765625 0.36805555624999997
1 0.63359375 0.37430555625 0.6359375 0.41180555625000004 0.628125 0.44930555625 0.634375 0.48402777812500003 0.64453125 0.4895833328125 0.65078125 0.4701388890625 0.65234375 0.4451388890625 0.64453125 0.41180555625000004 0.646875 0.3729166671875 0.637109375 0.36805555624999997 0.63359375 0.37430555625
1 0.665234375 0.36666666718749996 0.66171875 0.37013888906250003 0.66015625 0.3826388890625 0.66171875 0.41875 0.65546875 0.4451388890625 0.65546875 0.4673611109375 0.66015625 0.4895833328125 0.67109375 0.49513888906250003 0.675 0.49375 0.6796875 0.47430555625000004 0.68046875 0.44236111093749997 0.6734375 0.40625 0.675 0.37152777812500004 0.665234375 0.36666666718749996
1 0.693359375 0.36666666718749996 0.6875 0.38680555625 0.68984375 0.415972221875 0.684375 0.43819444374999994 0.68203125 0.4701388890625 0.693359375 0.5 0.7 0.49930555625000006 0.7078125 0.47430555625000004 0.709375 0.45208333281249996 0.7015625 0.41180555625000004 0.70390625 0.37430555625 0.699609375 0.36666666718749996 0.693359375 0.36666666718749996
1 0.45078125 0.3826388890625 0.45390625 0.4048611109375 0.44765625 0.43125 0.446875 0.44930555625 0.4515625 0.478472221875 0.4625 0.48125 0.4671875 0.4673611109375 0.46875 0.43958333281249995 0.4609375 0.40625 0.4625 0.37152777812500004 0.452734375 0.36805555624999997 0.45078125 0.3826388890625
1 0.421875 0.3826388890625 0.42421875 0.41319444375 0.41796875 0.43680555625000006 0.4171875 0.46180555625 0.421875 0.48680555625000005 0.43203125 0.4895833328125 0.4390625 0.465972221875 0.43984375 0.44375 0.4328125 0.41319444375 0.434375 0.3770833328125 0.426171875 0.36944444375 0.421875 0.3826388890625
1 0.404296875 0.36944444375 0.3921875 0.37986111093749997 0.39375 0.41875 0.38671875 0.44930555625 0.3890625 0.4826388890625 0.392578125 0.49583333281249997 0.39765625 0.49652777812500004 0.4015625 0.49375 0.41015625 0.4673611109375 0.4078125 0.43819444374999994 0.4015625 0.41875 0.40703125 0.3854166671875 0.404296875 0.36944444375
1 0.36171875 0.3895833328125 0.36328125 0.428472221875 0.35625 0.471527778125 0.3640625 0.5006944437499999 0.3703125 0.503472221875 0.375 0.49930555625000006 0.3796875 0.4701388890625 0.371875 0.42569444375 0.3734375 0.39791666718749996 0.369140625 0.38055555625 0.36171875 0.3895833328125
1 0.345703125 0.375 0.3375 0.3826388890625 0.33828125 0.42152777812500003 0.33125 0.4673611109375 0.3375 0.49652777812500004 0.346875 0.49791666718750005 0.3546875 0.47569444375 0.35546875 0.459027778125 0.35 0.44097222187499996 0.34765625 0.41875 0.35 0.39097222187499997 0.345703125 0.375
1 0.3140625 0.3826388890625 0.31640625 0.4145833328125 0.31015625 0.43958333281249995 0.309375 0.46319444374999996 0.315625 0.48819444375 0.3234375 0.490972221875 0.33046875 0.471527778125 0.33125 0.44375 0.32421875 0.41319444375 0.32578125 0.37569444375 0.318359375 0.3708333328125 0.3140625 0.3826388890625
1 0.292578125 0.36944444375 0.290625 0.3826388890625 0.29375 0.4048611109375 0.28671875 0.43541666718750005 0.28671875 0.45625 0.29140625 0.4798611109375 0.29921875 0.48402777812500003 0.303125 0.4798611109375 0.3078125 0.4604166671875 0.3078125 0.43680555625000006 0.29921875 0.4048611109375 0.30234375 0.3729166671875 0.292578125 0.36944444375
1 0.3734375 0.39097222187499997 0.371875 0.4270833328125 0.37890625 0.4548611109375 0.378125 0.48819444375 0.38125 0.48819444375 0.38671875 0.446527778125 0.3796875 0.4145833328125 0.38046875 0.37569444375 0.372265625 0.3708333328125 0.36796875 0.384027778125 0.3734375 0.39097222187499997
1 0.35625 0.37569444375 0.353515625 0.36944444375 0.348046875 0.36944444375 0.344921875 0.375 0.3489457171875 0.3821096484375 0.35018028125 0.3914335875 0.3484827640625 0.41885694375 0.350334596875 0.428729340625 0.351106196875 0.4402471515625 0.3538839546875 0.4476514625 0.3548098703125 0.45560423906249997 0.35546875 0.465972221875 0.359375 0.45347222187499997 0.3609375 0.44097222187499996 0.359375 0.42569444375 0.353125 0.4048611109375 0.35625 0.3854166671875 0.35625 0.37569444375
0 0.3765625 0.5618055562500001 0.37578125 0.5840277781250001 0.38203125 0.6048611109375 0.389453125 0.6152777781250001 0.40078125 0.615972221875 0.408984375 0.6125 0.4171875 0.5951388890625 0.41875 0.5618055562500001 0.410546875 0.540277778125 0.388671875 0.5375 0.3765625 0.5618055562500001
1 0.111328125 0.377777778125 0.10625 0.3826388890625 0.10703125 0.42569444375 0.1015625 0.45069444374999995 0.1015625 0.4701388890625 0.10546875 0.49791666718750005 0.11484375 0.5006944437499999 0.12109375 0.490972221875 0.121875 0.446527778125 0.11796875 0.42430555625000005 0.11796875 0.38680555625 0.116015625 0.3791666671875 0.111328125 0.377777778125
1 0.083407465625 0.41222643281250004 0.084830275 0.394948978125 0.080859375 0.384722221875 0.07629338125 0.384835340625 0.0729734890625 0.38736374375 0.070127853125 0.4000057953125 0.0706021234375 0.41896886875000006 0.07107639375 0.4286610890625 0.068467915625 0.4472027609375 0.0665708203125 0.47417246874999996 0.06796875 0.49513888906250003 0.069921875 0.5013888890625 0.07890625 0.5048611109375 0.085546875 0.5013888890625 0.0890625 0.48819444375 0.09028440625 0.46911566406249994 0.0881501828125 0.44762417499999996 0.08359375 0.4270833328125 0.083407465625 0.41222643281250004
1 0.058982471875 0.38019992343750003 0.05400262812499999 0.3806213234375 0.05091985624999999 0.38736374375 0.050682721875 0.4046412140625 0.05078125 0.4201388890625 0.049971315625 0.43751053906250004 0.047362821875 0.45605221093750004 0.046875 0.4798611109375 0.0484375 0.49513888906250003 0.052734375 0.5013888890625 0.0578125 0.5006944437499999 0.06484375 0.49375 0.06796875 0.4548611109375 0.06328125 0.4270833328125 0.06419946875 0.4000057953125 0.0625395140625 0.3852567421875 0.058982471875 0.38019992343750003
1 0.15 0.37847222187499996 0.141796875 0.3736111109375 0.1375 0.384027778125 0.1384229609375 0.39663457968750004 0.13984375 0.415972221875 0.1360516109375 0.437931925 0.134375 0.46180555625 0.1375 0.48680555625000005 0.1484375 0.490972221875 0.15390625 0.48125 0.15546875 0.446527778125 0.15217684375 0.4261326875 0.14921875 0.41180555625000004 0.149805478125 0.3941061765625 0.15 0.37847222187499996
1 0.0414344296875 0.4054840140625 0.043568653125 0.3928419609375 0.0433315109375 0.38736374375 0.0416715640625 0.3810427234375 0.039453125 0.3736111109375 0.031711859375 0.3751431046875 0.0293405015625 0.38357112656250003 0.0298147703125 0.40379841250000004 0.031237590625 0.415597665625 0.0298147703125 0.42781828906249997 0.0293405015625 0.44298875625 0.027206278125 0.46363744375 0.027206278125 0.47922929999999997 0.029296875 0.49444444374999996 0.040625 0.49513888906250003 0.0453125 0.48819444375 0.046875 0.4701388890625 0.04641428125 0.4446743578125 0.0452285984375 0.43329650624999994 0.04238296875 0.41896886875000006 0.0414344296875 0.4054840140625
1 0.0945528375 0.3751431046875 0.090521534375 0.3734574890625 0.0872016421875 0.3806213234375 0.085778815625 0.38820654375 0.08506741875 0.39663457968750004 0.0860159578125 0.4059054140625 0.0860159578125 0.41349064843749994 0.084830275 0.42950391874999994 0.0881501828125 0.4408817421875 0.091232946875 0.45563079531249995 0.0914700734375 0.47375108125 0.089098721875 0.48639311875 0.09453125 0.4923611109375 0.0984375 0.4826388890625 0.1 0.44930555625 0.09609375 0.41875 0.09573852031249999 0.3995843953125 0.096875 0.37986111093749997 0.0945528375 0.3751431046875