1 0.3953125 0.55 0.3953125 0.535156765625 0.3904443140625 0.51883551875 0.38622146874999996 0.49573282656249995 0.3759428671875 0.47551700781250006 0.371196334375 0.45983990468749997 0.3647858953125 0.45392593437500006 0.36370756875 0.46460590156250003 0.3708526 0.507125765625 0.3649521890625 0.55 0.3953125 0.55
1 0.61139255 0.1311883421875 0.608493103125 0.16700651718749998 0.6029237078125 0.1992586 0.5962102984375 0.2496529984375 0.6009734921875001 0.3065838078125 0.6149174453125 0.3605731953125 0.6237806796875001 0.36875 0.64051689375 0.36875 0.640625 0.368667115625 0.640625 0.1694411796875 0.6388099515625 0.15995944374999999 0.6390276625 0.1348777203125 0.6386855718750001 0.0917411328125 0.6403245125 0.06393529375 0.636506275 0.0465885390625 0.6304960656249999 0.0375684140625 0.6225306328125 0.032058621875 0.61337155 0.0339565921875 0.6077197609375 0.044049326562500005 0.6063425953125 0.0523293515625 0.6069466765625 0.0679617171875 0.61139255 0.1311883421875
1 0.8696600812499999 0.3953125 0.889113803125 0.3953125 0.8927072500000002 0.3917375640625 0.9052983359375 0.35464310781249997 0.9144138125 0.28993476406249996 0.9128858046874999 0.2524347640625 0.9055494890624999 0.2069838453125 0.906591603125 0.1748755078125 0.9155483515625 0.125499575 0.915625 0.1235536375 0.915625 0.0937028875 0.9110878937500001 0.0833296671875 0.908072959375 0.0809468546875 0.8920798890625001 0.0809468546875 0.8846724015625 0.0984088578125 0.8843770453124999 0.1680718234375 0.879881425 0.211564421875 0.8752049750000002 0.231391278125 0.8581417124999999 0.25486999843749997 0.8551519984375 0.296864446875 0.8561817203125 0.3413635234375 0.8626801937499999 0.3854801859375 0.8696600812499999 0.3953125
1 0.71171875 0.21111111093749999 0.72578125 0.1875 0.728125 0.14444444375 0.74765625 0.084722221875 0.74609375 0.0625 0.736328125 0.05069444375 0.728515625 0.05069444375 0.72109375 0.061111110937500004 0.71484375 0.0861111109375 0.709375 0.13194444375 0.70390625 0.147222221875 0.68203125 0.18055555625 0.67109375 0.21944444375 0.66953125 0.27777777812500004 0.671875 0.29305555625 0.680078125 0.3048611109375 0.6890625 0.30555555624999997 0.7 0.290277778125 0.703125 0.23472222187499997 0.71171875 0.21111111093749999
0 0.775390625 0.1895833328125 0.751171875 0.1826388890625 0.731640625 0.18402777812499999 0.718359375 0.20069444375 0.7046875 0.23055555625 0.70078125 0.2625 0.7015625 0.2916666671875 0.7078125 0.315277778125 0.723828125 0.34375 0.748046875 0.3548611109375 0.7625 0.35555555625 0.780078125 0.3451388890625 0.78984375 0.3263888890625 0.7984375 0.2833333328125 0.79765625 0.2375 0.79140625 0.215277778125 0.775390625 0.1895833328125
1 0.196356978125 0.76150335 0.19510367343749999 0.7820194 0.1832671609375 0.8376323765624999 0.182383775 0.8544083046875001 0.1825116953125 0.8831848484375 0.1861419 0.9210021296875001 0.2018414640625 0.9858323640624999 0.20655151093750002 0.9924672375 0.20983671875 0.99375 0.22263518593749998 0.99375 0.234080221875 0.9886851156249999 0.234375 0.9872032796875001 0.234375 0.807807221875 0.227734896875 0.7880946796874999 0.22347803906250002 0.7605354249999999 0.22357001875 0.6602440640625 0.2204376515625 0.6474632 0.21266141562500002 0.637298521875 0.19812838593749998 0.637298521875 0.19236556093749999 0.6443190890625 0.1883723578125 0.655276809375 0.1901833296875 0.699721253125 0.1916777375 0.7107595234375 0.1962947859375 0.7381774234374999 0.196356978125 0.76150335
1 0.29241783125 1 0.29635416718749996 0.97991898125 0.3 0.89288194375 0.2958333328125 0.8651041671874999 0.284375 0.820659721875 0.2796875 0.789178240625 0.2796875 0.7614004624999999 0.2854166671875 0.7030671296875 0.2859375 0.6771412031249999 0.2828125 0.6623263890625 0.2721354171875 0.6470486109375 0.2653645828125 0.645196759375 0.25442708281250004 0.6498263890625 0.24583333281250003 0.670659721875 0.2453125 0.6965856484375 0.24895833281250002 0.739178240625 0.25 0.789178240625 0.2453125 0.820659721875 0.2359375 0.8567708328125001 0.23072916718749997 0.91788194375 0.23125 0.9706597218749999 0.23709948593750002 1 0.29241783125 1
1 0.3794140625 1 0.3802083328125 0.9752893515625001 0.378125 0.9410300921874999 0.36875 0.8817708328125 0.3541666671875 0.832696759375 0.3552083328125 0.7734375 0.359375 0.7225115734375 0.35885416718749996 0.682696759375 0.35234375 0.664641203125 0.3424479171875 0.6563078703125 0.33515625 0.6553819437499999 0.32473958281250004 0.6618634265625 0.3177083328125 0.6752893515625 0.3145833328125 0.6873263890625 0.3140625 0.7151041671875 0.321875 0.81695601875 0.3161458328125 0.85399305625 0.3020833328125 0.9095486109375 0.2979166671875 0.9651041671874999 0.298280165625 1 0.3794140625 1
1 0.36015625 0.64241898125 0.3541666671875 0.6567708328124999 0.3536458328125 0.6632523140625001 0.359375 0.6817708328125 0.35989583281250004 0.71695601875 0.3552083328125 0.7882523140625001 0.3546875 0.8308449078125001 0.36770833281250004 0.8725115734375001 0.3708333328125 0.889178240625 0.378125 0.9354745375 0.3802083328125 0.9938078703125001 0.38359375 0.9970486109374999 0.39010416718749996 0.9780671296874999 0.3973958328125 0.9438078703125001 0.4015625 0.9086226859375 0.4010416671875 0.8604745375 0.3963541671875 0.8308449078125001 0.3859375 0.7901041671875 0.3828125 0.7604745375 0.3880208328125 0.6984375 0.3885416671875 0.6623263890625 0.3830729171875 0.645196759375 0.3721354171875 0.6368634265625001 0.36015625 0.64241898125
1 0.7275677609375 0.9171875 0.73278158125 0.9138693234374999 0.734375 0.9099123796875 0.734375 0.7572069640625 0.73260091875 0.74908825625 0.734375 0.708874 0.734375 0.6476867375 0.730836328125 0.6399582046875001 0.7218540953125 0.6345526546875 0.7120863281250001 0.6402854875 0.7087120984374999 0.653554934375 0.7127868765625001 0.7230130140625001 0.7094547796875 0.7536640265625 0.6982087765625 0.7941872671875 0.69536228125 0.8317827234375 0.6977902968749999 0.8665049453125 0.7051000515625001 0.903923125 0.714298303125 0.9171875 0.7275677609375 0.9171875
0 0.789453125 0.7671875 0.773046875 0.7671875 0.75 0.8123263890625001 0.75234375 0.870659721875 0.766015625 0.901909721875 0.780859375 0.91024305625 0.796484375 0.9088541671874999 0.809765625 0.9032986109374999 0.82109375 0.8873263890625 0.83125 0.8248263890625 0.8265625 0.7998263890625 0.816796875 0.7810763890625 0.789453125 0.7671875