1 0.313611915625 0 0.305015203125 0.087095734375 0.293815396875 0.1177952484375 0.293815396875 0.25 0.3378824625 0.25 0.3425687984375 0.223870778125 0.3457452671875 0.16959485000000002 0.3375153453125 0.1019448390625 0.3422543140625 0.0477781734375 0.3514628109375 0 0.313611915625 0
1 0.46345216718750004 0 0.4641284265625 0.0471314203125 0.44311074531249994 0.1382343875 0.44075653125 0.1825879140625 0.44372556249999995 0.2229020609375 0.44918218593750003 0.25 0.4984375 0.25 0.4984375 0.09700245156250001 0.49234519375 0.0727678546875 0.4927004015625 0.015877959375 0.4945884953125 0 0.46345216718750004 0
1 0.4187597515625 0 0.402959003125 0.056354059375 0.398659371875 0.0894417296875 0.4009006421875 0.1478569515625 0.40843288749999995 0.1912809984375 0.4129042453125 0.196875 0.43447280624999995 0.196875 0.4389394734375 0.12902985312499998 0.4515625 0.0801828875 0.4515625 0.05469606406250001 0.44389657812500005 0.018246290625 0.44368426406249994 0 0.4187597515625 0
1 0.5890625 0 0.5668123046875 0 0.5655388578125 0.028043315625 0.540625 0.0982317703125 0.540625 0.23478202499999998 0.546304090625 0.240625 0.571138425 0.240625 0.5726774015625 0.23930896562499998 0.5890625 0.1890900828125 0.5890625 0
1 0.3007770296875 0 0.300879028125 0.01753213125 0.2863180890625 0.06579775156249999 0.28104326562500004 0.0990037984375 0.27984438125 0.16146743125000002 0.2903561640625 0.22281493125 0.2908748921875 0.2234375 0.2955203171875 0.2234375 0.30093813125 0.16195839218750002 0.318543265625 0.0998766203125 0.3215470609375 0.079116021875 0.3215503484375 0 0.3007770296875 0
1 0.2765973921875 0 0.269119728125 0.028544896874999996 0.26645534843749996 0.054715264062500005 0.270647046875 0.116044896875 0.27801136406250004 0.15 0.28320064375 0.15 0.285762940625 0.0879708375 0.30313108125 0.010115296875 0.3033615828125 0 0.2765973921875 0
1 0.1425561828125 0 0.1456426109375 0.0273149890625 0.146840671875 0.06417888125 0.147251665625 0.116604903125 0.1379461609375 0.16311730156249998 0.13068203125 0.20361328437499998 0.12859549374999998 0.23842642500000003 0.1294308484375 0.25 0.196875 0.25 0.196875 0.1450383875 0.194837575 0.137201859375 0.1880889625 0.09806697656249999 0.187300246875 0.047163103125 0.18690479843750002 0.0037632453125 0.1870001171875 0 0.1425561828125 0
1 0.641303584375 0 0.634932475 0.1611074296875 0.60273135 0.2497664375 0.60273135 0.25 0.7316682921875 0.25 0.7130544921874999 0.1561979046875 0.7344233156250001 0 0.641303584375 0
1 0.7879828328125 0 0.7977360234375 0.15752680937500002 0.7824713453125 0.25 0.88556726875 0.25 0.8673240609375 0.1746083125 0.871998184375 0 0.7879828328125 0
1 0.8979353234375 0 0.9122603874999999 0.1839920609375 0.9000575218750001 0.25 0.9946303875 0.25 0.9781673765625 0.20404577031249999 0.9818930078125 0 0.8979353234375 0
1 0.7719393125 0 0.7697727515625 0.0029700265625 0.78289420625 0.188671825 0.7728110421875 0.24001603437500002 0.7823313296875 0.2484375 0.7850694296875 0.2484375 0.79375 0.2001102171875 0.79375 0.0876634453125 0.7843517828125 0 0.7719393125 0
1 0.6153611921875 0 0.5991554046875 0.14183311875 0.618460425 0.20368878906250001 0.6166222328125001 0 0.6153611921875 0
1 0.3550224375 0.769288521875 0.3438755171875 0.67208943125 0.359375 0.5626224640624999 0.359375 0.5533332140624999 0.3529885640625 0.5364815578125001 0.34488086406249996 0.5303250671875 0.3323115296875 0.5392278359375 0.324811740625 0.5575681109375 0.3188755171875 0.6703412609375 0.3082228703125 0.7011524046875001 0.3082228703125 0.9 0.325139325 0.9 0.32821833125 0.89597369375 0.3449190734375 0.8398487046875001 0.3518631234375 0.8053996328124999 0.3550224375 0.769288521875
0 0.47116912031249997 0.8556294953125001 0.4828125 0.831421115625 0.4828125 0.740749296875 0.47879214687499994 0.7274391234375 0.46925000937499994 0.7112577890625 0.4442552421875 0.68847186875 0.42941149218749997 0.6881263765625001 0.41261200000000003 0.69883744375 0.396028146875 0.72690053125 0.3901609234375 0.760070209375 0.39230020312499997 0.7989772828125 0.4134051203125 0.8556727859375 0.42886627343750006 0.8671875 0.4572507328125 0.8671875 0.47116912031249997 0.8556294953125001
1 0.8507175625000001 0.25 0.8503826265625 0.2508512234375 0.8503826265625 0.3625 0.857432284375 0.3625 0.87323916875 0.35909365625 0.8842978265625 0.32702838281249996 0.887821675 0.2867506046875 0.8836746953125001 0.25 0.8507175625000001 0.25
2 1 0.376344428125 0.5890625 0.3784925984375 0.5890625 0.5583502234375001 1 0.554217796875 1 0.376344428125