1 0.45308545 0.45 0.450652528125 0.4049461703125 0.452399609375 0.3750616015625 0.450619528125 0.3472838234375 0.4429520578125 0.32968352031250003 0.4337418765625 0.3247471078125 0.4231603921875 0.33106748750000004 0.41728619531250005 0.34961471718750003 0.41842676875 0.3755770640625 0.42414936406250003 0.40772952812499996 0.4273178296875 0.45 0.45308545 0.45
1 0.5156287171875 0.45 0.5150883140625 0.4478507921875 0.5154718984375 0.339833190625 0.5110321359375 0.3242594171875 0.5006168062499999 0.3153858234375 0.499826078125 0.3153858234375 0.48909246875 0.320749975 0.4831478953125 0.33646034999999996 0.48350008437499997 0.3614208828125 0.48954212343750003 0.415440315625 0.49005598125 0.44503048125 0.48896154999999997 0.45 0.5156287171875 0.45
1 0.37326323125 0.45 0.376154328125 0.40781638906250006 0.38161435625 0.370536671875 0.3818048734375 0.3501966359375 0.3754041359375 0.332550603125 0.36983663906249997 0.328254659375 0.35613330312499997 0.3336730015625 0.34902470625 0.3511818203125 0.3475338515625 0.37898993281250004 0.34976047499999996 0.4343028078125 0.34892836875 0.45 0.37326323125 0.45
1 0.319638884375 0.45 0.3191793421875 0.352718771875 0.31599286718749997 0.34177454375 0.31058395625 0.33329532500000003 0.3046121609375 0.3290328375 0.297841325 0.3294667328125 0.2877708171875 0.341725025 0.2857974828125 0.35392894375 0.286295690625 0.3734067640625 0.2941503125 0.44351012343749996 0.294172921875 0.45 0.319638884375 0.45
1 0.352758425 0.45 0.353125 0.42781693125000003 0.3489583328125 0.361441628125 0.3546875 0.3313342125 0.3546875 0.3278051390625 0.3502604171875 0.32107279843750003 0.3434895828125 0.317842559375 0.33255208281250004 0.3250888640625 0.3265625 0.3417114 0.3296875 0.4489002859375 0.3294188390625 0.45 0.352758425 0.45
1 0.2833390015625 0.45 0.283034184375 0.446709734375 0.283567484375 0.3550430671875 0.2857693296875 0.334527015625 0.27516496875 0.3227736296875 0.2642113078125 0.3263162328125 0.2576389421875 0.337419634375 0.2555071265625 0.345898646875 0.25482468593749996 0.3737128453125 0.2577665328125 0.40497580624999996 0.25797374375 0.45 0.2833390015625 0.45
1 0.11776616250000001 0.45 0.1173095578125 0.4466705578125 0.11948459375 0.4179668515625 0.1284817015625 0.3682094359375 0.1303059265625 0.3441353625 0.12523383906250002 0.324850653125 0.11627472812499999 0.31823718749999996 0.11502065624999999 0.31823718749999996 0.10558249687500001 0.32207698906250004 0.097323403125 0.3379532078125 0.09403653906250001 0.3675343203125 0.09550733593750001 0.39640783125 0.09195888125 0.45 0.11776616250000001 0.45
1 0.22076293125 0.45 0.21986174531249997 0.430910040625 0.22342663593749998 0.3746407828125 0.2226183859375 0.34686300625 0.21560954687499997 0.32946809843749997 0.2055007609375 0.3228854625 0.2044285484375 0.3228854625 0.1957909375 0.327735721875 0.1898328265625 0.346451925 0.195851346875 0.45 0.22076293125 0.45
1 0.1955960359375 0.45 0.1955960359375 0.4095002046875 0.1897139875 0.352818196875 0.1906293390625 0.34183463125 0.1954417109375 0.32656155937500003 0.19332218437499998 0.32132016406249997 0.18570694375000002 0.31516939375 0.17493123125 0.3170543515625 0.16832290625 0.3326415828125 0.16868339375000002 0.356630628125 0.1730672203125 0.387398759375 0.17646475 0.44573209374999995 0.175651603125 0.45 0.1955960359375 0.45
1 0.0425957 0.45 0.041569435937499996 0.4465501859375 0.040126439062500005 0.3369933203125 0.0322542375 0.3195117203125 0.025267775 0.3154347890625 0.017455275 0.31607251718749996 0.00927121875 0.325570315625 0.0062291453125 0.338830884375 0.015355268750000001 0.44497224375 0.014614750000000001 0.45 0.0425957 0.45
0 0.629296875 0.2435763890625 0.6359375 0.245659721875 0.649609375 0.2435763890625 0.6625 0.2123263890625 0.66015625 0.18315972187500001 0.646484375 0.164409721875 0.630078125 0.1671875 0.61796875 0.1901041671875 0.61953125 0.2220486109375 0.629296875 0.2435763890625
1 0.4128788640625 0.6292607359375 0.41052181875000004 0.6292607359375 0.4074017234375 0.6316830078125 0.406097896875 0.6389720156250001 0.4091442734375 0.69645835625 0.4046875 0.7187187640625 0.4046875 0.7538378796874999 0.42027973437500005 0.7550193890625 0.4269313765625 0.759375 0.4301829921875 0.759375 0.4301829921875 0.721843275 0.42275060781249996 0.699336334375 0.421722896875 0.6401560078124999 0.41907197343749997 0.6311821140625 0.4128788640625 0.6292607359375
1 0.32414822499999996 0.6431543015625 0.324291515625 0.69858851875 0.3171875 0.7293709296875 0.3171875 0.7734375 0.341253875 0.7734375 0.344488634375 0.7602470703125 0.3443199875 0.7353077406249999 0.336791515625 0.697860475 0.34075022499999996 0.6440354296875 0.3387136484375 0.6353756421875 0.332592984375 0.6320359609375 0.32728764843749997 0.6351170875000001 0.32414822499999996 0.6431543015625
2 0.5390625 0.7857882921874999 0.4516416203125 0.7902930515625 0.4258425828125 0.7965915046875001 0.3809053375 0.7966841078125 0.23261341562500001 0.8089741921875 0.2046339921875 0.813554303125 0.20389642968750002 0.829395171875 0.20038969999999998 0.8272973046875001 0.202181878125 0.8216082421875001 0.200612903125 0.8165990921875 0.18214110781249998 0.813137640625 0.18125 0.8149475671874999 0.18125 0.846875 0.5390625 0.846875 0.5390625 0.7857882921874999
0 0.48932291718750004 0.7241179343749999 0.48229166718750005 0.7426651625 0.4796875 0.766767021875 0.4796875 0.76875 0.536575071875 0.76875 0.5375 0.7673399734374999 0.5375 0.7489898046875 0.5322916671875 0.7289836375000001 0.5231770828125 0.7152691390625 0.5138020828125 0.7103691484375 0.5002604171875 0.7122419984375 0.48932291718750004 0.7241179343749999
1 0.9397153093749999 0.4835244203125 0.92896545625 0.47905351874999996 0.908576371875 0.48744273437499996 0.900199025 0.5097893921875001 0.9150391078125001 0.6393168078125 0.896599409375 0.7189453171875 0.8953125 0.74413485 0.8953125 0.7750312906250001 0.8981352093750001 0.8041404812499999 0.9151542812500001 0.8656216562499999 0.9238843593749999 0.8890625 0.9745569406249999 0.8890625 0.9745569406249999 0.6905043296875 0.9554036921875 0.636494240625 0.9536955015625 0.507789421875 0.9397153093749999 0.4835244203125
1 0.6460140953125 0.5107768578125 0.63812550625 0.49480533125 0.625346759375 0.48863130000000005 0.60954019375 0.494740659375 0.6003806578125 0.5151642796875 0.6030177125 0.625703634375 0.584375 0.6816677421875 0.584375 0.8238476296874999 0.587761096875 0.8393302390624999 0.5934061625 0.8421875 0.6333837843750001 0.8421875 0.6371797421875 0.8381815078124999 0.6581323671874999 0.7591301781249999 0.6587064437500001 0.7054798468750001 0.6360539671875001 0.609942875 0.6460140953125 0.5107768578125
1 0.7890193875 0.625932409375 0.7893534984375 0.50766425 0.7691562828125 0.483744165625 0.7485954343750001 0.49027853437499996 0.7397835031250001 0.5091019171875 0.7528335390625001 0.633468075 0.7363904421875 0.69364516875 0.7328125 0.7230858046875 0.7328125 0.7705712078125 0.7347847390625 0.787649896875 0.7569195125 0.861005115625 0.75996785 0.8640625 0.8000855828125001 0.8640625 0.8091845015625001 0.86113366875 0.8095092296875 0.85958145 0.8095092296875 0.6791089421875001 0.7890193875 0.625932409375
1 0.8796875 0.71988264375 0.87578125 0.68549375 0.8536458343750001 0.610785109375 0.86015625 0.511543028125 0.850390625 0.4922952328125 0.8399739593750001 0.487824328125 0.826953125 0.4922010390625 0.8158854171875 0.51637185 0.8223958343750001 0.621635834375 0.8046875 0.6851667703125 0.8046875 0.6918515859375 0.809375 0.735197984375 0.8080729171875 0.8011469218749999 0.8171875 0.8351716124999999 0.8184734421875 0.8359375 0.8543468890625 0.8359375 0.8627604171875 0.8267855375 0.8744791671875 0.7791723218750001 0.8796875 0.71988264375
1 1 0.495409978125 0.9933296375000001 0.486932365625 0.9763823890625 0.49158222656249995 0.9638966437499998 0.5123778812500001 0.9697315062499999 0.6280404796875001 0.9625 0.6598104328125001 0.9625 0.7017638578125001 0.9729420375 0.7473513828125 0.9726193828125 0.8028106562499999 0.9632123968750002 0.8537079750000001 0.9669927906249999 0.85625 0.995911365625 0.85625 1 0.8474553234375 1 0.495409978125