1 0 0.609375 0.013013806250000001 0.609375 0.0163097765625 0.59561465625 0.0180539609375 0.5567439546874999 0.021485521875 0.53352305625 0.021875 0.519937084375 0.021875 0.5152836734374999 0.012671153125000001 0.46175553281250004 0.0144508109375 0.431199975 0.0211706015625 0.3782948828125 0.0192136875 0.3744903234375 0.0110438625 0.3744903234375 0 0.3748759828125 0 0.609375
1 0.0572770015625 0.609375 0.058536037500000006 0.5548468093750001 0.06639614218749999 0.5093127468749999 0.061111634375 0.48086367343749997 0.06019089062500001 0.45688053906250004 0.06875 0.3838334375 0.06875 0.37819978593750003 0.06735258125 0.37303877343749997 0.053673932812500005 0.37289244843749997 0.047052360937499996 0.37289244843749997 0.0410857296875 0.38088351875000004 0.0401373796875 0.4538861640625 0.037995010937500004 0.46966328125 0.02988495625 0.49622142656249996 0.02988495625 0.609375 0.0572770015625 0.609375
1 0.1203125 0.609375 0.1203125 0.4988466390625 0.11484570937500001 0.47965830781249996 0.1128356921875 0.4583407890625 0.1132470296875 0.4048068640625 0.11052194062500001 0.3806903453125 0.103655415625 0.3753324734375 0.0880951609375 0.3756217296875 0.08408893437500001 0.381459859375 0.08343289375 0.3943591546875 0.091549128125 0.4510104140625 0.092970709375 0.47876697031250004 0.08644743437499999 0.5117395234375001 0.08422317968750001 0.5393475234375 0.08589803124999999 0.585580153125 0.089840940625 0.609375 0.1203125 0.609375
2 0 0.3484222671875 0.0215616421875 0.3510852203125 0.0406438328125 0.34555803749999997 0.0522530796875 0.3487280609375 0.088560496875 0.3433262828125 0.10850307968749999 0.346108175 0.1301139796875 0.33860785 0.1473769375 0.33965918125 0.1607676890625 0.3353247625 0.32375079375000004 0.3268060203125 0.32723053125 0.32896315625 0.33114783281250004 0.3482620515625 0.3397526328125 0.3673426234375 0.3565624 0.38928793437500003 0.36627695625 0.39718461875 0.37717539843750003 0.4 0.392768615625 0.4 0.40020658124999997 0.3974596875 0.41583939531249997 0.3777140734375 0.4171875 0.3730998109375 0.4171875 0.3123798015625 0.40792978281250003 0.30525934062500004 0.3948785890625 0.317927090625 0.38736055 0.31271115 0.3769061546875 0.3122703875 0.3730716796875 0.307810565625 0.3659686546875 0.3127798109375 0.360850959375 0.30884359843750003 0.36014148437500004 0.3042382265625 0.362836290625 0.2999381390625 0.3707619734375 0.30235204375 0.3735322375 0.2999038078125 0.3731172203125 0.2897186234375 0.3754572875 0.28311585156249996 0.3725135640625 0.2749038078125 0.37403096874999997 0.2609178859375 0.3743779234375 0.2605811234375 0.2815230828125 0.2605811234375 0.237663275 0.263094740625 0.23294856406250003 0.2605811234375 0.2327116515625 0.2605811234375 0.2148220625 0.266013953125 0.17055123125 0.26807590000000003 0.1359194984375 0.27618268125 0.10574889375 0.2785155828125 0.023344040625 0.2795706015625 0 0.28231259531249997 0 0.3484222671875
0 0.7107830406250001 0 0.7116923609375 0.0196159859375 0.7034740968750001 0.0377313 0.7034740968750001 0.18211576406250002 0.7122300625 0.2067158515625 0.718184871875 0.2125 0.7210554703125001 0.2125 0.7223231546875001 0.21190764843749998 0.7196934671874999 0.1856642625 0.7234046203125001 0.139794553125 0.7490007234375 0.0751417734375 0.7438022375 0 0.7107830406250001 0
0 0.865620859375 0.2753625046875 0.8402633093749999 0.325425775 0.8402633093749999 0.5423437171875001 0.8406265890625001 0.5436363140625 0.8598869 0.5609375 0.8708679281249999 0.5609375 0.8810306875 0.560236840625 0.903029465625 0.54284265625 0.9279418640625 0.48378180625 0.9442295671875 0.42917862968750004 0.95 0.389258171875 0.95 0.3601777671875 0.9404704203125 0.3046151390625 0.9251901 0.27051130625 0.9426965687500001 0.168758659375 0.9455130640625 0.12848088124999998 0.9375110828125 0.10174311875 0.9288159281249999 0.092348278125 0.9156122 0.0878013328125 0.9071417499999999 0.0878013328125 0.8814553249999999 0.1009296328125 0.8690124562499999 0.1228393578125 0.8638479234374999 0.1521151515625 0.865620859375 0.2753625046875
0 0.7512321203125 0 0.7609375 0.07881944375 0.7390625 0.1385416671875 0.7369791671874999 0.17881944375 0.7421875 0.21493055625 0.7578125 0.27048611093749997 0.7682291671874999 0.2954861109375 0.7807291671875 0.30381944375000003 0.7848958328125001 0.224652778125 0.7953125 0.19131944375 0.8078125 0.169097221875 0.8109375 0.14826388906250001 0.7994791671874999 0.046875 0.8067708328125001 0.00243055625 0.806831596875 0 0.7512321203125 0
0 0.85439453125 0 0.8651041671874999 0.016319443750000003 0.8713541671874999 0.0357638890625 0.8682291671875 0.0982638890625 0.8682291671875 0.11493055625 0.8713541671874999 0.1177083328125 0.8854166671874999 0.09618055625000001 0.9119791671874999 0.084375 0.9098958328125001 0.056597221875000006 0.8953125 0.02881944375 0.8961770828125001 0 0.85439453125 0
0 1 0.025868054687499996 0.9947916671874999 0.0267361109375 0.9786458328125001 0.049652778125000005 0.9755208328125 0.071875 0.9807291671874999 0.1829861109375 0.9567708328125001 0.2260416671875 0.9484375 0.271875 0.9484375 0.2857638890625 0.9630208328125001 0.3204861109375 0.9703125 0.3552083328125 0.9744791671874999 0.41770833281249997 0.9875 0.428125 1 0.42855235 1 0.025868054687499996
0 0.8247395843750001 0 0.8145833328125001 0.0045138890625 0.8036458328125 0.0260416671875 0.8015625 0.049652778125000005 0.8109375 0.16631944375000002 0.7963541671875 0.1927083328125 0.7880208328125 0.221875 0.7838541671874999 0.287152778125 0.7921875 0.34131944375 0.8088541671874999 0.396875 0.821875 0.412847221875 0.8380208328125001 0.41493055625 0.8432291671875 0.35381944375 0.8557291671874999 0.3177083328125 0.8744791671875 0.28159722187499997 0.8765625 0.2635416671875 0.8703125 0.17881944375 0.8651041671874999 0.162152778125 0.8703125 0.0357638890625 0.8552083328125001 0.0045138890625 0.8433593734375 0 0.8247395843750001 0
0 0.9081804796874999 0 0.9088541671874999 0.041319443750000004 0.9130208328125 0.084375 0.934375 0.09756944375 0.9494791671874999 0.13298611093749999 0.9494791671874999 0.169097221875 0.9411458328125001 0.2357638890625 0.9411458328125001 0.26631944375 0.9453125 0.2732638890625 0.9557291671874999 0.2232638890625 0.9776041671875 0.1829861109375 0.9786458328125001 0.159375 0.9723958328125001 0.1232638890625 0.9578125 0.094097221875 0.96445465625 0 0.9081804796874999 0
1 0.40925005 0.609375 0.40925005 0.7046875 0.42984870468749997 0.7046875 0.43996488281249996 0.6912933921875 0.46223207187500004 0.609375 0.40925005 0.609375
1 0.9265625 0.8630637328125002 0.9265625 0.8527338546875001 0.9184668609374999 0.809921346875 0.923932375 0.7587758046874999 0.9182471312499999 0.749653359375 0.9116026125000001 0.749885390625 0.9046843203125 0.7619335546875 0.9051778234375 0.8103854109374999 0.8956450890625 0.840942415625 0.8956450890625 0.91955609375 0.895832325 0.9203125 0.9149083000000001 0.9203125 0.922670884375 0.8942847437499999 0.9265625 0.8630637328125002
1 0.963724853125 0.7741773328125 0.9601995343749999 0.7671875 0.9510095609375 0.7671875 0.9462829921874999 0.7747864171875001 0.9450301624999999 0.8282485953125001 0.9391579359375001 0.84363553125 0.9391579359375001 0.9213385359374999 0.9394858515625 0.921875 0.9439480249999999 0.921875 0.9526186171875001 0.9211552796875001 0.9609176921875001 0.897261978125 0.965625 0.863884653125 0.965625 0.8609623390625 0.9582723718749999 0.8166055671875 0.963724853125 0.7741773328125
1 1 0.8377362093749999 0.9991461937499999 0.8350933937499999 0.9965805640625 0.7865593671875 0.9941122828125 0.780870775 0.9857195515625001 0.779287015625 0.9811481609375001 0.790897671875 0.9866006390625 0.8333404203124999 0.9803849609374999 0.8628899125 0.9821265984374999 0.8877965124999999 0.9907740015625001 0.91670984375 0.992602215625 0.91875 1 0.91875 1 0.8377362093749999
1 0.7992628734375 0.8857370796874999 0.8067379562500001 0.919360990625 0.8167047343749999 0.9206063203125 0.8241798171875001 0.8994357093750001 0.8241798171875001 0.85833981875 0.8183658640625 0.8396598687499999 0.82002699375 0.7973186484375 0.8154588875 0.789224003125 0.8096449328125 0.789224003125 0.8059073921875001 0.7973186484375 0.8067379562500001 0.8409051999999999 0.800924003125 0.85958515 0.7992628734375 0.8857370796874999
1 0.832485465625 0.83343321875 0.8250103828124999 0.85958515 0.8258409468749999 0.9006810406250001 0.8333160296875001 0.924342309375 0.8366382890625002 0.924342309375 0.8457745015625001 0.919360990625 0.8532495843750001 0.8832464203124999 0.8524190203125 0.8620758093750001 0.8449439375000001 0.83343321875 0.8466050671875 0.792337328125 0.8449439375000001 0.78362001875 0.8395452656250001 0.7792613640624999 0.8308243359375 0.786110678125 0.832485465625 0.83343321875
1 0.8657080562499999 0.918115659375 0.8694455984375 0.9224743156249999 0.8814887875 0.92185165 0.890625 0.89694505 0.8922861296875 0.868302459375 0.8831499171875 0.830942559375 0.8831499171875 0.7749027078124999 0.8735984218749999 0.7655627328125 0.8665386218750001 0.773657378125 0.8681997515625 0.8197345890625 0.8582329734374999 0.8620758093750001 0.8582329734374999 0.8832464203124999 0.8657080562499999 0.918115659375
1 0.9479339703124999 0.92185165 0.9404588875 0.8757744390625 0.9421200171875 0.8521131687500001 0.9495951 0.82720656875 0.9495951 0.799809309375 0.9441964281249999 0.789224003125 0.9404588875 0.7973186484375 0.9421200171875 0.83343321875 0.9363060624999999 0.8570944890625001 0.9346449328125 0.8857370796874999 0.9421200171875 0.9206063203125 0.9479339703124999 0.92185165
1 0.5368044015625 0.8633211390625 0.5359738375 0.8832464203124999 0.5500934390625 0.8844917500000001 0.5525851328125 0.84713185 0.550924003125 0.7848653484375 0.5480170265625001 0.7829973531250001 0.5434489203124999 0.7948279890625 0.54511005 0.8359238796875001 0.5368044015625 0.8633211390625