1 0.053058375000000005 0 0.0506682953125 0.048068003124999995 0.0313741484375 0.1053260921875 0.0307490328125 0.11009067187499999 0.0307490328125 0.2158825078125 0.035140396875 0.245481140625 0.0427975 0.2515625 0.062431090625 0.2515625 0.068734146875 0.244894759375 0.07546904843749999 0.22395233124999997 0.0859375 0.169961046875 0.0859375 0.096326059375 0.07719846875 0.0489932421875 0.0780066375 0.014271020312499999 0.0805463890625 0 0.053058375000000005 0
1 0.6396557796875 0.45 0.6442857140625 0.41481250000000003 0.6442857140625 0.3608125 0.6292857140625 0.2688125 0.6292857140625 0.2228125 0.6407142859375 0.1488125 0.6428571421875 0.0968125 0.6371428578125 0.06281250000000001 0.6224999999999999 0.0398125 0.6082142859374999 0.0458125 0.596428571875 0.0788125 0.593571428125 0.12081249999999999 0.5957142859375 0.2388125 0.5700000000000001 0.3348125 0.5650000000000001 0.41281249999999997 0.567734375 0.45 0.6396557796875 0.45
1 0.8330333015625 0.45 0.8421428578124999 0.4028125 0.843571428125 0.3268125 0.8371428578125 0.2568125 0.845 0.1948125 0.8557142859375 0.1628125 0.865 0.1088125 0.8628571421875 0.060812500000000005 0.8496428578125 0.0298125 0.8303571421875 0.0318125 0.8185714281250001 0.0568125 0.8135714281249999 0.09081249999999999 0.8107142859375 0.1668125 0.8057142859375 0.2128125 0.7975 0.2438125 0.7742857140625 0.29281250000000003 0.7657142859375 0.3368125 0.77 0.35481250000000003 0.7692857140625 0.40481249999999996 0.7646428578125001 0.4178125 0.7628571421875 0.41481250000000003 0.765 0.4028125 0.7628571421875 0.3888125 0.7657142859375 0.3828125 0.763928571875 0.3718125 0.76 0.3868125 0.7592857140625 0.43081250000000004 0.7604278265625 0.45 0.8330333015625 0.45
1 0.6513271109375001 0 0.65 0.006812500000000001 0.6492857140625 0.0208125 0.6517857140625 0.0238125 0.6546428578125 0.0158125 0.6557142859375 0.0228125 0.6521428578125 0.0368125 0.6503571421875 0.11181250000000001 0.648571428125 0.0828125 0.645 0.0848125 0.6457142859375 0.14681249999999998 0.6542857140625 0.2228125 0.6617857140625001 0.23781249999999998 0.6671428578125 0.2388125 0.678928571875 0.23581249999999998 0.6871428578125001 0.2188125 0.706428571875 0.1548125 0.7157142859375 0.0968125 0.716428571875 0.0168125 0.7141566125 0 0.6513271109375001 0
0 0.121875 0.5755208328125 0.128125 0.601909721875 0.137890625 0.6192708328125 0.144921875 0.6248263890625 0.15625 0.6241319437499999 0.164453125 0.6192708328125 0.175 0.601909721875 0.18046875 0.5685763890625 0.17734375 0.5477430562500001 0.170703125 0.5317708328124999 0.150390625 0.520659721875 0.137109375 0.5276041671875 0.1265625 0.5449652781250001 0.121875 0.5755208328125
1 0.9046875 0.45 0.8875 0.51015625 0.8859375 0.54765625 0.90625 0.63359375 0.91796875 0.6421875 0.9375 0.64140625 0.9484375 0.62890625 0.95625 0.59921875 0.9640625 0.53359375 0.94248991875 0.45 0.9046875 0.45
1 0.7878561578125 0.45 0.7890625 0.46640625 0.76875 0.53046875 0.765625 0.59453125 0.7890625 0.68671875 0.8203125 0.68984375 0.8296875 0.68515625 0.8390625 0.65546875 0.8484375 0.60546875 0.846875 0.56015625 0.8203125 0.46171875 0.8208076578125001 0.45 0.7878561578125 0.45
1 0.826227678125 0.45 0.8234375 0.46953125 0.8453125 0.53984375 0.8484375 0.58828125 0.85625 0.59296875 0.871875 0.55390625 0.8765625 0.49453125 0.8636979171875 0.45 0.826227678125 0.45
1 0.7173437500000001 0.45 0.7046875 0.49921875 0.7015625 0.55546875 0.715625 0.62109375 0.72421875 0.63125 0.7390625 0.63359375 0.7546875 0.62578125 0.7609375 0.60546875 0.76875 0.50546875 0.7515811015625 0.45 0.7173437500000001 0.45
1 0.6366396359375 0.45 0.6390625 0.48828125 0.61875 0.58203125 0.615625 0.65390625 0.6203125 0.70078125 0.6359375 0.75234375 0.65078125 0.7625 0.671875 0.76171875 0.684375 0.75546875 0.696875 0.71640625 0.709375 0.60859375 0.7015625 0.56484375 0.675 0.48671875 0.6790798609375 0.45 0.6366396359375 0.45
1 0.5485677078125 0.45 0.5390625 0.4862926140625 0.5390625 0.58046875 0.5453125 0.61015625 0.55390625 0.621875 0.5640625 0.62265625 0.565625 0.53671875 0.5828125 0.45703125 0.5810546875 0.45 0.5485677078125 0.45
1 0.5839397328125 0.45 0.584375 0.46015625 0.565625 0.54140625 0.5640625 0.58671875 0.578125 0.66484375 0.59140625 0.678125 0.609375 0.67890625 0.615625 0.67421875 0.61875 0.56796875 0.6328125 0.50859375 0.6171875 0.46328125 0.6175616203125001 0.45 0.5839397328125 0.45
1 0.6774757921875001 0.45 0.675 0.48515625 0.6859375 0.52578125 0.7 0.55078125 0.7109375 0.46953125 0.7059151781249999 0.45 0.6774757921875001 0.45