1 0.062411346874999996 0.6313552453125 0.06925336875 0.6122981671875001 0.0796134671875 0.563277621875 0.084375 0.5198995484375 0.084375 0.46785140781249995 0.0742128078125 0.398736828125 0.07576079375 0.35433332812499996 0.084375 0.274821290625 0.084375 0.26938002499999997 0.0797933015625 0.255089184375 0.0676237921875 0.24870718749999998 0.06408162656250001 0.24870718749999998 0.057209840624999994 0.25488766093750004 0.04795128125 0.2754564578125 0.0480531015625 0.36271079687499996 0.043380115625 0.40727807031249996 0.0302027375 0.4428326765625 0.0302027375 0.633816559375 0.0349191515625 0.6390625 0.053492395312499996 0.6390625 0.062411346874999996 0.6313552453125
1 0.025228650000000002 0.5375 0.041753726562499996 0.5375 0.0433823890625 0.5336456296875001 0.0433492375 0.47547618593749996 0.058431750000000005 0.40589935 0.058466242187499996 0.3685086109375 0.056168034374999995 0.35034379375 0.049432140624999996 0.2806261984375 0.0550030265625 0.264396575 0.0640625 0.251650090625 0.0640625 0.23996023125 0.063019796875 0.2317188046875 0.0535543828125 0.219285 0.044235975 0.220018325 0.036740260937500005 0.23680581875 0.0368865984375 0.2977530390625 0.0316663203125 0.3417058109375 0.0147838859375 0.38622801562500003 0.0078313296875 0.4259048609375 0.0094835734375 0.4855724515625 0.015755675 0.5247891234375001 0.022877339062499998 0.5370590359375 0.025228650000000002 0.5375
1 0.1637475421875 0.450533478125 0.16212676718750002 0.4046910546875 0.15503724531250002 0.3589122640625 0.1591035890625 0.3171728734375 0.165625 0.28250956718750003 0.165625 0.23365703437500002 0.1579811015625 0.225 0.14598928125 0.225 0.139111271875 0.23402135156249998 0.130236184375 0.3480829640625 0.1113260921875 0.38999507968749997 0.10398917187500001 0.42899305625000006 0.10537215468750001 0.4553819453125 0.1142959109375 0.491411240625 0.1166979328125 0.5372445734375 0.12343565625 0.54375 0.13371135625 0.54375 0.14311485468750001 0.5341577125 0.1564834109375 0.49092034375000004 0.1637475421875 0.450533478125
1 0.1791435546875 0.5109375 0.1838946890625 0.5105440734375 0.191435275 0.4977985375 0.2043535265625 0.44880548124999997 0.2078125 0.397062078125 0.2078125 0.3859573265625 0.198226421875 0.3311318734375 0.20003739375000001 0.286687428125 0.207769859375 0.23094089843750001 0.20273108125 0.2110066265625 0.193582453125 0.2057784515625 0.1856001734375 0.2102179375 0.17819554531249998 0.229199834375 0.17585313593750002 0.32497860156249997 0.16273015156249998 0.369328675 0.16273015156249998 0.5030397843750001 0.16879456875 0.5109375 0.1791435546875 0.5109375
0 1 0.6796875 1 0.471360153125 0.994140625 0.465972221875 0.959765625 0.46180555625 0.932421875 0.48541666718750004 0.91796875 0.5166666671875 0.9109375 0.5541666671875001 0.91171875 0.597222221875 0.92265625 0.6416666671875 0.9459026843749999 0.6796875 1 0.6796875
1 0.3791470296875 0.6796875 0.3791470296875 0.8250474921875 0.38096131718750004 0.8265625 0.4025914734375 0.8265625 0.41416944375 0.8130716390625 0.4309979109375 0.7595568765625 0.4408145515625 0.6911737734375001 0.4408628421875 0.6796875 0.3791470296875 0.6796875
1 0.51875 0.6796875 0.51875 0.6961805562500001 0.528125 0.7586805562500001 0.536328125 0.771875 0.5546875 0.7753472218749999 0.562109375 0.7704861109375 0.5703125 0.750347221875 0.5843765015625 0.6796875 0.51875 0.6796875
0 0.215963040625 0.6796875 0.20703125 0.6947916671875001 0.20390625 0.7295138890625 0.209375 0.7892361109375 0.21953125 0.82256944375 0.2375 0.8572916671874999 0.24609375 0.8836805562500001 0.262109375 0.8982638890625001 0.2921875 0.9003472218749999 0.311328125 0.8927083328125001 0.3390625 0.8364583328125 0.3515625 0.78506944375 0.353125 0.74618055625 0.33984375 0.68368055625 0.3378065953125 0.6796875 0.215963040625 0.6796875
1 0.7805760328125 1 0.7814229125 0.9753062031249999 0.772072246875 0.90100224375 0.77988965625 0.8410343609375 0.7941026421874999 0.77796115 0.7953125 0.7548756937500001 0.7953125 0.7542314328125 0.7915260125 0.737929034375 0.7825475546874999 0.728052615625 0.7656589015625 0.728052615625 0.7535164921875 0.7496165484375 0.741695709375 0.885973321875 0.71563680625 0.9557842718749999 0.71563680625 1 0.7805760328125 1
1 0.9296875 1 0.9296875 0.920247903125 0.9239230656250002 0.889197815625 0.923374696875 0.84890185625 0.9296875 0.8134135 0.9296875 0.7533105734375 0.926936321875 0.745325090625 0.9160447421875 0.737467240625 0.9133997328125 0.737467240625 0.9062598796875001 0.738617003125 0.8966956500000001 0.757489728125 0.8957786406249999 0.8742382109375001 0.8735834562499999 0.9578806265625 0.8700335359375 1 0.9296875 1
1 0.8431071375 1 0.8470008328125 0.9702901703125001 0.869588096875 0.8946081234375001 0.8654996781250001 0.8226314390624999 0.88125 0.7232681125 0.88125 0.71166184375 0.8796850718750001 0.7042485 0.8709589796875001 0.69483630625 0.8681688328125 0.69483630625 0.8600744578124999 0.6973052984375 0.8521715453125001 0.7093700328125 0.843522540625 0.8067559453125 0.8379295578124999 0.8291418578125 0.8207628171875001 0.8720975796874999 0.8207628171875001 1 0.8431071375 1
1 1 1 1 0.8519483031250001 0.99921875 0.86336805625 0.97421875 0.9314236109374999 0.96640625 0.973090278125 0.96588429375 1 1 1
1 0.717182221875 1 0.71875 0.9828125 0.72578125 0.9536458328125 0.746875 0.8967013890625001 0.7515625 0.86475694375 0.75234375 0.76336805625 0.765625 0.7244791671875 0.76640625 0.7119791671875 0.757421875 0.6876736109375 0.749609375 0.68350694375 0.741796875 0.686284721875 0.73203125 0.7078125 0.73125 0.7953125 0.7234375 0.835590278125 0.71484375 0.8578125 0.7015625 0.9133680562500001 0.7015625 0.9758680562500001 0.7051346625 1 0.717182221875 1
1 0.7130859375 0.6796875 0.7109375 0.7675347218749999 0.69453125 0.8189236109374999 0.68828125 0.8536458328125001 0.68828125 0.9092013890625001 0.69375 0.9453125 0.69921875 0.9578125 0.703125 0.90086805625 0.7140625 0.8564236109374999 0.72265625 0.8369791671875 0.72890625 0.7967013890625 0.73125 0.710590278125 0.7421875 0.6814236109375 0.7419270828125 0.6796875 0.7130859375 0.6796875