1 0.6163589390624999 0 0.6151573578124999 0.059629696875000006 0.5966544890625001 0.12041571250000001 0.5966544890625001 0.1908598765625 0.6296176078125 0.196875 0.651532521875 0.196875 0.6526365984375 0.1961027609375 0.653125 0.1841165265625 0.653125 0.13925299062500002 0.6434976796875 0.074696425 0.643236815625 0.0426883125 0.6488246765625 0 0.6163589390624999 0
1 0.7401999234375 0 0.7426385156249999 0.030655671875000002 0.7412146843749999 0.05019104375 0.7275681890625 0.109069946875 0.72852241875 0.1647391625 0.7345637078125 0.19798156875 0.7416989609375 0.2123944109375 0.754154934375 0.2140625 0.7640625 0.2140625 0.7640625 0 0.7401999234375 0
2 0.8831731046875 0.65 0.9984375 0.6306257609375 0.9984375 0.3449519046875 0.36875 0.1506582203125 0.36875 0.5139701609375 0.58947046875 0.60779381875 0.589716015625 0.65 0.8831731046875 0.65
1 0.1453125 1 0.1453125 0.9456733937500001 0.1383416375 0.91427963125 0.1339396921875 0.8639651656249999 0.1406913546875 0.7628836156250001 0.136289409375 0.7125691515625 0.12201440156250001 0.6767289296875 0.101924728125 0.662925840625 0.07959402812500001 0.662925840625 0.0684800390625 0.66961680625 0.0582577609375 0.6864657046875 0.0526809546875 0.7118492484375001 0.0545749328125 0.771694665625 0.0679820796875 0.8485447109375001 0.07112472812500001 0.909930125 0.062045153124999995 0.971671171875 0.053871859375 1 0.1453125 1
1 0.26626647187499997 0.65 0.2595792359375 0.6615967281249999 0.25420663125 0.692687253125 0.2559306265625 0.7981043671875 0.24949264843750002 0.836985325 0.2276180328125 0.8953096875 0.24908679843749998 1 0.325 1 0.325 0.9283362828125 0.30960241875 0.8596982234375 0.308180290625 0.8061678999999999 0.325 0.7243011265625 0.325 0.654493853125 0.3239314328125 0.65 0.26626647187499997 0.65
1 0.1834055234375 0.65 0.1675 0.68122051875 0.16194444375 0.7236733484375 0.1663888890625 0.789711084375 0.1641666671875 0.84474253125 0.15194444375 0.9013463046875 0.1263888890625 0.967384040625 0.13326907187499998 1 0.2457891078125 1 0.245277778125 0.9862519656250001 0.22861111093750003 0.92178655625 0.22305555625 0.8777614 0.22305555625 0.832163915625 0.239722221875 0.7441136 0.24305555625 0.6953714625 0.2341666671875 0.6560632859375 0.2271758046875 0.65 0.1834055234375 0.65
1 0.026706018749999998 0.65 0.0208333328125 0.6749312109375001 0.027500000000000004 0.794428065625 0.017499999999999998 0.8573211484375 0 0.9140723265625 0 1 0.023568718750000002 1 0.04194444375 0.9437991359375 0.049722221875 0.9060632859375 0.0508333328125 0.84474253125 0.0441666671875 0.7661261796875001 0.0486111109375 0.707950078125 0.064722221875 0.6725727203125 0.0858333328125 0.6631387578125 0.089722221875 0.6560632859375 0.08699558125 0.65 0.026706018749999998 0.65
1 0.7219389281249999 0.65 0.7128839953125 0.686734515625 0.7128839953125 0.909375 0.7558993453125 0.909375 0.7662929093749999 0.8939315328124999 0.779458753125 0.8396897031249999 0.7793207843750001 0.6894350359375 0.7728921343749999 0.65 0.7219389281249999 0.65
1 0.84189298125 0.65 0.8442290734375 0.66763923125 0.8342867281250002 0.750951834375 0.8428988937499999 0.8493893343749999 0.8621560328125 0.908355159375 0.8810967968749999 0.909375 0.89375 0.909375 0.89375 0.7050900125 0.8864944859375001 0.6852071625 0.8842745453124999 0.65 0.84189298125 0.65
1 1 0.65 0.97612388125 0.65 0.976910371875 0.6929701765625 0.9585694374999999 0.762081121875 0.9588875984375 0.8167686218749999 0.9781102984375 0.8992201765625 0.984336715625 0.9046875 1 0.9046875 1 0.65
1 0.6575579359375 0.65 0.6578125 0.67265625 0.640625 0.75078125 0.6390625 0.82890625 0.6484375 0.90546875 0.65859375 0.9140625 0.68125 0.91328125 0.69765625 0.909375 0.7046875 0.89609375 0.7019224015625 0.65 0.6575579359375 0.65