1 0.22873196562500003 0.4150256375 0.24459392812499997 0.4745706546875 0.2537693609375 0.4828125 0.2712482765625 0.4828125 0.27965320625 0.4718848828125 0.28700065 0.4265217625 0.28700065 0.329896565625 0.2657635109375 0.25716694375000004 0.264570128125 0.2334920625 0.2651480453125 0.19955994375 0.2653138296875 0.14201671093749998 0.26270340625 0.12654761718750002 0.25247465625 0.11064263125 0.2384813890625 0.11064263125 0.2305751828125 0.118377371875 0.228125 0.129456603125 0.228125 0.1451488859375 0.23712940468750002 0.2257044546875 0.23778397031249998 0.2632044546875 0.23240672343750002 0.31269426875 0.2414853359375 0.34117355 0.2416550375 0.350895771875 0.24038345625000002 0.36743489218750003 0.22910108281250002 0.3914783 0.22873196562500003 0.4150256375
1 0.17252087031250002 0.3646620765625 0.175782134375 0.335549971875 0.1741941125 0.3090519546875 0.154262721875 0.2345951078125 0.1575283140625 0.1247637578125 0.15033635781250002 0.1071161890625 0.142642228125 0.1049944171875 0.136803321875 0.1049944171875 0.13150546406250002 0.1078503109375 0.1265625 0.11812701249999999 0.1265625 0.1843385671875 0.12893914687500002 0.23927764218749997 0.1265625 0.24907402343750001 0.1265625 0.42221235 0.127288025 0.425 0.1315382234375 0.425 0.137361375 0.423973828125 0.165381040625 0.37972159687499996 0.17252087031250002 0.3646620765625
1 1 0 0.9913006015625001 0 0.9796875 0.0540389875 0.9796875 0.1221722796875 0.993989859375 0.18369777812500002 0.9990175484375001 0.19349403437499998 1 0.1939570859375 1 0
1 0.9001707203125001 0 0.9001258859375 0.022100843749999998 0.8859792437500001 0.06976529375 0.88125 0.11065517031250001 0.88125 0.1168643734375 0.8831287234375 0.151637675 0.8917422531250001 0.19561238125 0.9001812328125001 0.22958708906249997 0.9093015984375 0.2359375 0.9305367765625 0.2359375 0.933057765625 0.23338030468749998 0.9467770062499999 0.1744137078125 0.9467770062499999 0.0941373609375 0.9462313703125 0.08910749375 0.927094190625 0.0143164953125 0.9264456265625001 0 0.9001707203125001 0
1 0.7830758296875 0 0.783309896875 0.0248911359375 0.7790457296875 0.058191364062499994 0.7716675265624999 0.07511029687500001 0.765625 0.083851146875 0.765625 0.2807169375 0.7674340671875 0.284375 0.7931587265625 0.284375 0.8032906453125002 0.28052554375 0.8099272921875 0.24640413125 0.82410175 0.2026016078125 0.8276788749999999 0.16114111250000002 0.8214468703125 0.10848970468750001 0.814691359375 0.074804659375 0.8040336124999999 0.03827125625 0.8079805312499999 0.00043979375 0.8080884000000002 0 0.7830758296875 0
1 0.7295192359375 0 0.7296675875 0.0212412390625 0.7169727078125 0.065797840625 0.7140625 0.0942124296875 0.7140625 0.1132717328125 0.7173748375000001 0.15893138281250002 0.7339886015625 0.22659700468750002 0.7391050046875 0.23027997031249997 0.748885959375 0.23125 0.7594970562500001 0.23125 0.76676814375 0.2266723765625 0.7715281296875001 0.20213791718750002 0.7715281296875001 0.0675678609375 0.7567328421874999 0.020917029687499998 0.7556084000000001 0 0.7295192359375 0
1 0.9259945999999999 0 0.9253571421875 0.010659721875 0.9267857140625001 0.0273263890625 0.9425000000000001 0.0851041671875 0.9475 0.1173263890625 0.9503571421875 0.1173263890625 0.9532142859375 0.1051041671875 0.9553571421874999 0.0517708328125 0.9517857140625001 0.0273263890625 0.9440733890625002 0 0.9259945999999999 0
1 0.8249782109375001 0 0.8182142859375 0.03399305625 0.8217857140625 0.058437499999999996 0.8396428578125 0.1251041671875 0.8417857140624999 0.170659721875 0.8396428578125 0.19399305625000002 0.8417857140624999 0.196215278125 0.8528571421875 0.19343749999999998 0.8567857140624999 0.18288194375 0.8689285718749999 0.12288194374999999 0.8703571421875 0.0751041671875 0.8667857140624999 0.0517708328125 0.8525 0.00399305625 0.8523229671875001 0 0.8249782109375001 0
1 0.66705705 0 0.6517857140625 0.076215278125 0.6525000000000001 0.11399305625 0.6596428578125 0.156215278125 0.6675 0.186215278125 0.676071428125 0.19177083281250001 0.691428571875 0.191215278125 0.6996428578125 0.18065972187499998 0.7046428578125 0.150659721875 0.7053571421875 0.0951041671875 0.7103571421874999 0.06510416718749999 0.7096428578125 0.05288194375000001 0.6940615703125 0 0.66705705 0
1 0.7626478796875 0 0.7546428578125 0.026215278125 0.7725 0.09399305625 0.7846428578125 0.0595486109375 0.788928571875 0.028437499999999998 0.7867260109374999 0 0.7626478796875 0
1 0.61806175625 0 0.6067857140624999 0.0451041671875 0.6075 0.0795486109375 0.6132142859374999 0.1195486109375 0.621071428125 0.146215278125 0.6282142859375 0.15399305624999998 0.646428571875 0.1534375 0.651071428125 0.14510416718750002 0.6532142859375 0.12177083281250001 0.651071428125 0.07843750000000001 0.658928571875 0.032881943749999996 0.658928571875 0.021770832812499998 0.6521428578125 0 0.61806175625 0
1 0.07355996718749999 1 0.073996775 0.99726701875 0.073996775 0.897569346875 0.0709441359375 0.8738636703125 0.05266569375 0.809960665625 0.05056984531249999 0.7792775640625 0.052143282812500004 0.6906437671875001 0.041220639062499995 0.6682550546874999 0.0377813328125 0.6673656343750001 0.023038796875 0.6673656343750001 0.0167688453125 0.6752739875 0.0140625 0.6852977296875 0.0140625 0.68897910625 0.0238564171875 0.8131566250000001 0.0140625 0.8672399859375 0.0140625 0.9619345562500001 0.02124321875 1 0.07355996718749999 1
1 0.7409097953125 0.51875 0.7431987109375 0.5544240640625 0.7328125 0.659600084375 0.7328125 0.6642801578124999 0.7417032046875001 0.7827698296875 0.7524134390625 0.8417346265625 0.7645894421875 0.8551186734374999 0.772078365625 0.85625 0.7788601421875 0.85625 0.77960198125 0.8547729296875 0.77960198125 0.6130294125 0.7706293828125 0.57519474375 0.76794404375 0.5500684515625001 0.7683373703124999 0.51894474375 0.768585709375 0.51875 0.7409097953125 0.51875
1 0.681567646875 0.51875 0.6845357671875 0.5959610718749999 0.6734375 0.67280221875 0.6734375 0.713386009375 0.6763206921875 0.7450767562499999 0.67868134375 0.8326447781249999 0.6870904609374999 0.8853403343749999 0.6931419828125 0.8983165046874999 0.70622345625 0.9 0.71581349375 0.9 0.719663190625 0.8921599515625 0.7253684328125 0.8458034265624998 0.7253684328125 0.67464940625 0.710260003125 0.591819828125 0.7106318953125 0.51875 0.681567646875 0.51875
1 0.590625 0.51875 0.590625 0.7247789812500001 0.60938499375 0.6393002078125 0.611553071875 0.6164126421875 0.6069812890625 0.551538303125 0.609739625 0.51875 0.590625 0.51875
1 0.627257128125 0.51875 0.6355622265624999 0.616890128125 0.623181284375 0.690841225 0.621875 0.7076557890624999 0.621875 0.7881802046875 0.62523156875 0.8447748031250001 0.6561211218749999 0.8604434109374999 0.6681718796875 0.8765625 0.670491103125 0.8765625 0.670491103125 0.68008175625 0.6572288937499999 0.618405209375 0.6570247234375 0.51875 0.627257128125 0.51875
1 0.5578525640625001 0.51875 0.563125 0.665625 0.5497916671875 0.740625 0.5439583328125 0.796875 0.5447916671875 0.8677083328125 0.5547916671875 0.9385416671875 0.5802083328125001 0.8791666671874999 0.6060416671875 0.8541666671874999 0.6089583328125 0.8427083328125 0.6047916671875 0.7489583328125 0.5889583328125 0.6614583328125 0.5918486296875 0.51875 0.5578525640625001 0.51875
1 0.46184253281250004 0.51875 0.46479166718750003 0.6322916671875001 0.4497916671875 0.728125 0.4464583328125 0.7739583328125 0.44729166718749996 0.8322916671874999 0.45895833281250004 0.921875 0.464375 0.9479166671874999 0.4747916671875 0.953125 0.4877083328125 0.9520833328125 0.495625 0.940625 0.5064583328125 0.8635416671874999 0.510625 0.8052083328125 0.5089583328125 0.7427083328125 0.490625 0.6322916671875001 0.49311358437499997 0.51875 0.46184253281250004 0.51875
1 0.5284009000000001 0.51875 0.530625 0.6010416671875001 0.5172916671875 0.6822916671875 0.5131249999999999 0.7322916671874999 0.5172916671875 0.8239583328125001 0.528125 0.8947916671874999 0.5347916671874999 0.9072916671875 0.5472916671875 0.903125 0.5431250000000001 0.8427083328125 0.5439583328125 0.7864583328125001 0.5622916671875 0.665625 0.5622916671875 0.6385416671875 0.555625 0.596875 0.557957090625 0.51875 0.5284009000000001 0.51875
1 0.4373444828125 0.51875 0.4389583328125 0.5760416671875 0.4222916671875 0.7072916671875 0.42312500000000003 0.765625 0.42729166718750006 0.803125 0.4372916671875 0.865625 0.44145833281249997 0.8739583328125 0.45062499999999994 0.871875 0.445625 0.815625 0.4464583328125 0.7552083328125001 0.46479166718750003 0.6177083328124999 0.4603225796875 0.51875 0.4373444828125 0.51875
1 0.37058760625 0.51875 0.37312500000000004 0.6177083328124999 0.3589583328125 0.6947916671875001 0.35562499999999997 0.740625 0.35562499999999997 0.784375 0.3614583328125 0.8447916671875 0.3722916671875 0.9114583328125001 0.38145833281249997 0.9197916671874999 0.40229166718750003 0.9135416671875 0.41645833281249994 0.8197916671875 0.4189583328125 0.7822916671875 0.4172916671875 0.715625 0.39895833281250004 0.609375 0.40105978281250004 0.51875 0.37058760625 0.51875
0 0.68842261875 1 0.6764583328125 0.9302083328125 0.6602083328124999 0.8875 0.649375 0.8708333328125001 0.6285416671874999 0.85625 0.6018749999999999 0.85625 0.5752083328125 0.8875 0.5589583328125001 0.928125 0.5487760421875001 1 0.68842261875 1