2 0.46875 0.0546875 0 0.0546875 0 0.21359580781249998 0.46875 0.24835081093750003 0.46875 0.0546875
1 0.7114660125000001 0.081618534375 0.71134480625 0.0607852 0.7078009 0.055842262499999996 0.687480321875 0.053980595312500004 0.68400105625 0.060148767187499994 0.6891168140625 0.13386898281249998 0.675 0.20842039375 0.675 0.227072925 0.6769863703125 0.228125 0.71191798125 0.228125 0.72146065625 0.22773005937500002 0.72146065625 0.2106599328125 0.7207385093750001 0.198485221875 0.7078991359375 0.13986094843750002 0.7069966796875 0.11900943281250001 0.7114660125000001 0.081618534375
1 0.5781793671875001 0.21128472187499997 0.5820340843749999 0.1640625 0.572960040625 0.1021323421875 0.5744462703125001 0.0743090609375 0.579045134375 0.05643551718749999 0.5753269390625 0.0515625 0.5734061984375 0.0515625 0.55728350625 0.053772554687499995 0.5549912906250001 0.10108578125 0.546875 0.12806549843749998 0.546875 0.22923349843750002 0.5525641125 0.2296875 0.5696887921875 0.2296875 0.5747018781250001 0.22503710312499997 0.5781793671875001 0.21128472187499997
2 1 0.2338384890625 0.796484375 0.23020833281250003 0.550390625 0.2329861109375 0.505078125 0.22881944375000002 0.487109375 0.22881944375000002 0.48203125 0.24201388906250001 0.48203125 0.29618055625 0.488671875 0.31493055625 0.525390625 0.3135416671875 0.566796875 0.321875 0.6765625 0.32256944375 0.951953125 0.321875 0.986328125 0.319097221875 0.991796875 0.309375 0.998046875 0.31493055625 1 0.3136284734375 1 0.2338384890625
1 0.1933027296875 0.7064194921875 0.1800295625 0.70749925625 0.1750201203125 0.7191866203125 0.17863801875000002 0.8039815749999999 0.1671875 0.855950009375 0.1671875 0.9023205781249999 0.18751075625 0.903125 0.209780228125 0.903125 0.21277315156249998 0.8978190328124999 0.21180605312499998 0.86585640625 0.19738801875 0.8044179859374999 0.20083369062499998 0.7253422390625 0.19920654843750002 0.714194759375 0.1933027296875 0.7064194921875
1 0.143393259375 0.893708696875 0.14220798437499999 0.8601478499999999 0.1351128328125 0.822056315625 0.1461616453125 0.7347838281250001 0.137968509375 0.7171875 0.1366586953125 0.7171875 0.12575432343749998 0.7203380625 0.1195991453125 0.7332367390625001 0.1143468375 0.826428803125 0.1125 0.8321478765625001 0.1125 0.90185799375 0.12867191718749998 0.903125 0.1386258484375 0.903125 0.143393259375 0.893708696875
2 0.46875 1 0.46875 0.90247341875 0 0.9047722703125001 0 0.9951302703125 0.426171875 0.98975694375 0.449609375 0.9980902781250001 0.45020616249999995 1 0.46875 1
1 0.7700213 0.46875 0.774588296875 0.55037756875 0.7484375 0.6382948859375001 0.7484375 0.7465518609374999 0.7723667953125 0.8359375 0.7770726 0.8359375 0.823811175 0.8271615921875 0.8439804953125 0.7359928015625 0.8439804953125 0.6519259453125 0.8148813359375 0.5513154 0.820867753125 0.46875 0.7700213 0.46875
1 1 0.46875 0.9845146078125001 0.46875 0.9799598484375001 0.5541955671875 0.9671875 0.5890334625 0.9671875 0.7890625 0.9733886546875 0.7890625 0.9980578328124998 0.78335605 1 0.777767753125 1 0.46875
1 0.8802806296875 0.46875 0.8866185890625001 0.5576013515625 0.8646405671874999 0.6494932437500001 0.8719665750000001 0.7521959453125 0.8976076 0.8170608109374999 0.9342376375000001 0.80625 0.956215659375 0.7143581078125 0.956215659375 0.6548986484375 0.930574634375 0.5576013515625 0.9353914828125 0.46875 0.8802806296875 0.46875
1 0.7090944296874999 0.46875 0.7034684062500001 0.546790540625 0.7291094328125001 0.6548986484375 0.721783425 0.7576013515625 0.7364354390625 0.730574325 0.743761446875 0.6332770265625001 0.7254464281249999 0.56300675625 0.7281078296875 0.46875 0.7090944296874999 0.46875
1 0.6623145609375001 0.46875 0.6668383703125 0.5521959453124999 0.637534340625 0.6494932437500001 0.64119734375 0.7359797296874999 0.663175365625 0.8116554046875001 0.7071314109375 0.8008445953125 0.7291094328125001 0.703547296875 0.7034684062500001 0.5521959453124999 0.7083855906250001 0.46875 0.6623145609375001 0.46875
1 0.5704555859375 0.46875 0.575263278125 0.546790540625 0.549622253125 0.6494932437500001 0.571600275 0.790033784375 0.6118933156249999 0.7792229734375 0.6302083328125 0.6981418921875 0.6302083328125 0.6332770265625001 0.6045673078125 0.546790540625 0.6091659703125 0.46875 0.5704555859375 0.46875
1 0.499432859375 0.46875 0.5020032046875 0.5521959453124999 0.47636217968750005 0.6386824328125 0.4983402015625 0.7684121625 0.531307234375 0.76300675625 0.549622253125 0.6603040546875001 0.531307234375 0.5521959453124999 0.536692721875 0.46875 0.499432859375 0.46875