1 0.3551141140625 0 0.35415450000000004 0.073796465625 0.333077853125 0.14621596718750002 0.333077853125 0.3022378953125 0.33355481875000004 0.30566818906250004 0.34051593593749996 0.3189058109375 0.3454497015625 0.3203125 0.3623667453125 0.3203125 0.36998256406249996 0.3142151453125 0.378716584375 0.28787170781250004 0.390861378125 0.230986353125 0.39375 0.2035478859375 0.39375 0.164716434375 0.38287197812499996 0.1017469625 0.3814497484375 0.0753444359375 0.389985909375 0 0.3551141140625 0
1 0.6654594421875 0 0.6654594421875 0.0020840546875 0.6679111859375 0.0221744859375 0.676599553125 0.0359375 0.6857140546875 0.0359375 0.6890625 0.022426475 0.6890625 0 0.6654594421875 0
1 0.7010424015625001 0 0.7010424015625001 0.016775578125000003 0.703117890625 0.03125 0.7156441203125 0.03125 0.721875 0.011574923437499999 0.721875 0 0.7010424015625001 0
1 0.639408053125 0 0.640625 0.009375 0.64453125 0.019097221875 0.64609375 0.0302083328125 0.65390625 0.031597221875 0.65859375 0.0302083328125 0.66328125 0.0107638890625 0.66484375 0.00243055625 0.66484375 0 0.639408053125 0
0 0.5296875 0.2225882140625 0.53828125 0.224652778125 0.547265625 0.22118055625 0.55859375 0.19965277812499999 0.5625 0.184375 0.56171875 0.1607638890625 0.552734375 0.13506944375000002 0.5438806484375001 0.12689807343749998 0.531640625 0.12673611093749998 0.5296875 0.127728175 0.5296875 0.2225882140625
1 0.1996127875 1 0.2021796984375 0.9264933031249999 0.1682497625 0.7922480578125001 0.2109375 0.5613648296875 0.2109375 0.560014928125 0.19709499375 0.5191644953125 0.16894748125 0.4958001484375 0.1262964359375 0.5007076984375 0.0961688796875 0.534044384375 0.0846667890625 0.64224688125 0.0917497015625 0.77118025 0.039131703125 0.9030774062500001 0.039131703125 1 0.1996127875 1
1 0.3299882796875 0.4390625 0.32513272187500003 0.529816365625 0.278800675 0.6432184281250001 0.278800675 0.684455540625 0.3019666984375 0.7823936859374999 0.2903836875 0.8751771906249999 0.3135497109375 0.8803318296875 0.3676037640625 0.80816688125 0.3907697875 0.7308472937499999 0.375325771875 0.5710534796875 0.386908784375 0.509197809375 0.4105489859375 0.4390625 0.3299882796875 0.4390625
1 0 0.4390625 0 0.9940721640625 0.008386959375 1 0.022538609374999997 1 0.031696428124999995 0.9988885312499999 0.0394184359375 0.9267235828124999 0.078028475 0.8339400765625001 0.0857504828125 0.7669297687500001 0.04714044375 0.65352770625 0.058348018749999994 0.4390625 0 0.4390625
1 0.216982384375 0.4390625 0.213163609375 0.6225998718750001 0.1861365828125 0.7308472937499999 0.1861365828125 0.8184761593750001 0.213163609375 0.895795746875 0.2208856171875 0.9679606953125 0.23632963281250002 0.973115334375 0.2826616796875 0.895795746875 0.2981056953125 0.8339400765625001 0.2981056953125 0.7720844078125 0.274939671875 0.6793009015625 0.274939671875 0.607135953125 0.30582770312499996 0.5143524484374999 0.3135497109375 0.452496778125 0.3101954640625 0.4390625 0.216982384375 0.4390625
1 0.0615603890625 0.4390625 0.062584459375 0.4421875 0.04714044375 0.6019813140625 0.054862451562500004 0.6741462625000001 0.0896114859375 0.7617751281249999 0.09733349375 0.7102287374999999 0.0857504828125 0.63290915 0.0896114859375 0.5555895625 0.10119449843749999 0.5246617265625 0.0960651546875 0.4390625 0.0615603890625 0.4390625
1 0.11542390625000001 0.4390625 0.1166385140625 0.473115334375 0.1204995171875 0.478269975 0.12436052187499999 0.49888853125 0.1320825296875 0.49888853125 0.178414575 0.49373389218749997 0.178414575 0.4834246140625 0.1822755796875 0.478269975 0.1822755796875 0.4576514171875 0.1861365828125 0.452496778125 0.1861365828125 0.4390625 0.11542390625000001 0.4390625
1 0.18939966875 0.4390625 0.1861365828125 0.478269975 0.178414575 0.488579253125 0.178414575 0.49888853125 0.213163609375 0.5401256437499999 0.213163609375 0.488579253125 0.20930260625 0.4834246140625 0.213163609375 0.478269975 0.213163609375 0.4473421390625 0.216264478125 0.4390625 0.18939966875 0.4390625
1 0.39463079218749997 0.6793009015625 0.40235279999999995 0.6586823453124999 0.40235279999999995 0.6432184281250001 0.406213803125 0.6380637890624999 0.406213803125 0.5813627578125 0.40235279999999995 0.57620811875 0.40235279999999995 0.5607442015624999 0.3984917953125 0.5555895625 0.39463079218749997 0.509197809375 0.3888392859375 0.50146585 0.386908784375 0.5246617265625 0.3830477796875 0.529816365625 0.3830477796875 0.5452802828125 0.3791867765625 0.5504349234375 0.3791867765625 0.565898840625 0.375325771875 0.5710534796875 0.375325771875 0.607135953125 0.3791867765625 0.6122905921874999 0.3791867765625 0.6277545109375 0.386908784375 0.6483730671875 0.386908784375 0.6741462625000001 0.3927002890625 0.681878221875 0.39463079218749997 0.6793009015625
1 0.5910557921875 0.4390625 0.5905019421875 0.46425115625 0.5856256703125 0.49200620468749995 0.5671274296875 0.55410674375 0.5671274296875 0.7116610390625 0.5702522359375 0.7308541890625 0.585822934375 0.7375 0.5993488078125 0.7375 0.6048966078125 0.73452866875 0.616583259375 0.70195114375 0.6294123 0.6478481109375 0.63125 0.6293310468750001 0.63125 0.54385654375 0.6209274234375 0.4880440734375 0.6226378968749999 0.4390625 0.5910557921875 0.4390625
1 0.732065315625 0.4390625 0.73203125 0.4407986109375 0.7125 0.507465278125 0.70625 0.5477430562500001 0.70625 0.5921875 0.71640625 0.6630208328125 0.726171875 0.6748263890625 0.7390625 0.676909721875 0.747265625 0.6734375 0.75625 0.66024305625 0.7671875 0.62274305625 0.77265625 0.57413194375 0.76953125 0.5032986109375 0.7609375 0.45746527812500004 0.7612511843750001 0.4390625 0.732065315625 0.4390625
1 0.8342633921875 0.4390625 0.8203125 0.482465278125 0.815625 0.5185763890625 0.81796875 0.5782986109375 0.825 0.6185763890625 0.833203125 0.6276041671875 0.85 0.6282986109375 0.855859375 0.6248263890625 0.86484375 0.6046875 0.8765625 0.5630208328124999 0.87890625 0.539409721875 0.87890625 0.4907986109375 0.86985243125 0.4390625 0.8342633921875 0.4390625
1 0.67467881875 0.4390625 0.6734375 0.4435763890625 0.66875 0.48802083281249997 0.67109375 0.539409721875 0.678125 0.5755208328125 0.684765625 0.5845486109375 0.70234375 0.5852430562500001 0.70546875 0.5796875 0.709375 0.5157986109375 0.72421875 0.46302083281249995 0.720703125 0.4390625 0.67467881875 0.4390625
1 0.56440234375 0.4390625 0.5515625 0.49913194375 0.55 0.5338541671875 0.55390625 0.576909721875 0.56171875 0.6130208328125 0.56640625 0.6213541671875 0.5765625 0.5463541671875001 0.59453125 0.47274305625 0.594320746875 0.4390625 0.56440234375 0.4390625
1 0.536905925 0.4390625 0.53828125 0.49774305625000004 0.54609375 0.53524305625 0.55 0.53524305625 0.55234375 0.48802083281249997 0.563860084375 0.4390625 0.536905925 0.4390625