1 0.305237190625 0.25780744375000003 0.3048191890625 0.2697399359375 0.3048191890625 0.335756240625 0.317521959375 0.4098482375 0.3247258296875 0.41875 0.345471715625 0.41875 0.355803209375 0.40784200625 0.3639874171875 0.375488121875 0.371648953125 0.320952965625 0.371875 0.30152658906249996 0.371875 0.2731765265625 0.3596052375 0.19558628125 0.359509634375 0.1564121734375 0.3588576734375 0.145342003125 0.36309779375 0.0493448953125 0.35748891875 0.02812419375 0.338455328125 0.023902496875000002 0.3369370265625 0.023902496875000002 0.32974646406249997 0.0302721359375 0.32325404375 0.051433018750000004 0.325554825 0.12210257656250001 0.32486071875 0.194886425 0.305237190625 0.25780744375000003
1 0.41547835937500005 0.2914539171875 0.42979406718749996 0.24770551406250002 0.43430370937499996 0.1547727890625 0.45625 0.0724275515625 0.45625 0.0302612 0.4479701140625 0.021297749999999997 0.43774921093749997 0.023543260937499998 0.43002023281249996 0.0363487421875 0.415612953125 0.11763808906249999 0.40891037812500003 0.1367549859375 0.3804028671875 0.185321959375 0.373344575 0.20898025156250002 0.373344575 0.325363809375 0.3741213046875 0.3265625 0.3932349953125 0.3265625 0.396326978125 0.3245195234375 0.41547835937500005 0.2914539171875
1 0.456383225 0 0.4538153703125 0.0041250125 0.4528363265625 0.019402790625 0.458265503125 0.044320975 0.45623819687499995 0.063774509375 0.448010321875 0.10689370000000001 0.4390235515625 0.1341669453125 0.4390235515625 0.290625 0.45274745000000005 0.290625 0.4584038 0.2858058296875 0.46502960312499997 0.2676866390625 0.47551222343750005 0.22592906406250002 0.4792108203125 0.19257755000000001 0.479606409375 0.1620401765625 0.47178405156250003 0.11355633437499998 0.4796875 0.0342386 0.4796875 0 0.456383225 0
1 0.6 0.56875 0.6620443828125 0.56875 0.674134503125 0.54314471875 0.6905641828125 0.49106493125000006 0.690625 0.4890985453125 0.690625 0.38576077343750004 0.685555653125 0.3489143140625 0.6475962265625 0.2472169546875 0.6462931875 0.2160543015625 0.6543895359375 0.16441124375 0.6525149734375 0.11079226093750001 0.6390486015625 0.087137865625 0.6292636421875 0.081183828125 0.6122826203125 0.081183828125 0.6 0.090954234375 0.6 0.56875
1 0.7959586859375001 0.56875 0.8163541671875001 0.52125 0.8246874999999999 0.48375 0.8263541671875 0.45625 0.8246874999999999 0.41375 0.8088541671874999 0.3375 0.7863541671875 0.2875 0.7771874999999999 0.2575 0.7846875 0.17250000000000001 0.7838541671875 0.13999999999999999 0.7751041671875 0.11687499999999999 0.7651041671875001 0.10687500000000001 0.7517708328125 0.10187500000000001 0.7376041671875 0.10687500000000001 0.7205208328125 0.13374999999999998 0.7180208328125 0.16499999999999998 0.7263541671875 0.22374999999999998 0.7271875 0.26 0.6930208328124999 0.3625 0.7005208328125 0.42874999999999996 0.6980208328125 0.52125 0.7187679593749999 0.56875 0.7959586859375001 0.56875
1 0.8946875000000001 0.56875 0.9105208328125001 0.545 0.9255208328125001 0.50875 0.9296875 0.4525 0.9271874999999999 0.39 0.9196875 0.3375 0.8896875 0.2625 0.8896875 0.21875 0.8946875000000001 0.20375000000000001 0.8980208328125 0.17375000000000002 0.8963541671874999 0.14750000000000002 0.8851041671875001 0.12562500000000001 0.8692708328125001 0.11687499999999999 0.8501041671875 0.12562500000000001 0.8371875 0.1525 0.8371875 0.18875 0.8438541671875001 0.22000000000000003 0.8446875 0.26 0.8146875 0.34625 0.8280208328124999 0.4325 0.8263541671875 0.48624999999999996 0.8196875 0.5225 0.8414763890625 0.56875 0.8946875000000001 0.56875
1 1 0.293694853125 0.9955208328125 0.28500000000000003 0.9905208328124999 0.26375000000000004 0.9955208328125 0.15875 0.9913541671875 0.14250000000000002 0.9734375 0.12437499999999999 0.9534375 0.13187500000000002 0.9413541671875001 0.15125 0.9396875 0.18625 0.9463541671875 0.22000000000000003 0.9471875000000001 0.2625 0.9230208328125 0.3325 0.9338541671874999 0.4375 0.9288541671875 0.5237499999999999 0.9326041671875 0.530625 0.9434374999999999 0.535625 0.9696875 0.53625 0.9909375 0.534375 1 0.5298437500000001 1 0.293694853125
1 0.5181538625 1 0.5250741796875 0.9739697218749999 0.5328125 0.8692478421875001 0.5328125 0.8556954734375001 0.5298799453124999 0.8293615046875 0.5104078265624999 0.7582038171875001 0.509507934375 0.701341259375 0.5136349265625 0.6150663734374999 0.5025896234375 0.5913545 0.4925309984375 0.5910685640625 0.4852719578125 0.5910685640625 0.47549912968749997 0.6045726078125 0.47221251718749996 0.6186252718749999 0.4717600015625 0.6575141609374999 0.478064 0.7196456687499999 0.4775953265625 0.7599234453125 0.45963299375 0.8367255140625 0.45963299375 0.9304963171875 0.4758717359375 1 0.5181538625 1
1 0.6 0.6836766953125 0.5986504187499999 0.7197952625 0.5724597375 0.8032482328124999 0.5713173625 0.8157883484375 0.5713173625 0.9201921828125 0.5775945250000001 0.9523097249999999 0.5842314921875 0.959375 0.6 0.959375 0.6 0.6836766953125
1 0.56141796875 0.56875 0.56015625 0.5717013890625 0.559375 0.6633680562500001 0.55625 0.6842013890625 0.540625 0.7328125 0.53671875 0.7675347218749999 0.5390625 0.8244791671874999 0.546875 0.86475694375 0.56640625 0.8717013890625 0.571875 0.8661458328125 0.57578125 0.8064236109374999 0.590625 0.75225694375 0.590625 0.7314236109375 0.5828125 0.6828125 0.59140625 0.5717013890625 0.5903235390625 0.56875 0.56141796875 0.56875
1 0.2940730171875 0.56875 0.2890625 0.5939236109375 0.29296875 0.6453125 0.29140625 0.692534721875 0.2859375 0.7189236109375 0.28671875 0.7328125 0.28125 0.7467013890625 0.2734375 0.7897569437499999 0.280078125 0.7987847218749999 0.300390625 0.8098958328125001 0.312890625 0.829340278125 0.33359375 0.8911458328125 0.33984375 0.860590278125 0.34140625 0.7994791671874999 0.3375 0.7661458328124999 0.32421875 0.7119791671875 0.3296875 0.5828125 0.3250505125 0.56875 0.2940730171875 0.56875
1 0.44072265625 0.56875 0.440625 0.5689236109375 0.440625 0.6911458328125 0.42734375 0.7439236109375 0.428125 0.7536458328125 0.446875 0.780034721875 0.45390625 0.8217013890625001 0.4503777234375 0.8484811531249999 0.45 0.8578125 0.4515625 0.8814236109374999 0.444691734375 0.9040548328125 0.45720095 0.9075913468750001 0.45703125 0.8939236109375 0.460328253125 0.8515124343749999 0.475 0.7675347218749999 0.465625 0.6855902781250001 0.47265625 0.5800347218749999 0.47034801093749995 0.56875 0.44072265625 0.56875
1 0.42265625 0.56875 0.42265625 0.6425347218749999 0.40625 0.7050347218749999 0.4046875 0.7453125 0.4234375 0.7480902781250001 0.43984375 0.6911458328125 0.4390625 0.5786458328124999 0.4405806109375 0.56875 0.42265625 0.56875
0 0.3151692703125 1 0.32578125 0.9717013890625001 0.33125 0.9244791671874999 0.328125 0.87725694375 0.31328125 0.8342013890625001 0.295703125 0.80850694375 0.263671875 0.7876736109375 0.243359375 0.7890625 0.224609375 0.7987847218749999 0.199609375 0.8265625 0.18671875 0.8578125 0.18125 0.8842013890625001 0.1796875 0.9147569437499999 0.18359375 0.9592013890625001 0.1988932296875 1 0.3151692703125 1
2 1 1 1 0.9474123921875 0.9788374937500001 0.9470845609375 0.881197284375 0.9470845609375 0.8353403937499999 0.9494859640625 0.828131134375 0.9523455593750001 0.81786609375 0.9663435359375001 0.79442859375 0.96661625625 0.794072578125 0.9721718124999998 0.8111710734375001 0.9733607046875001 0.811764421875 0.9823748468750001 0.8038530250000001 0.9901000968750001 0.8003027906250001 0.9845899984375001 0.792490290625 0.984680903125 0.7883071359375 0.9951384765625001 0.7885428250000001 1 1 1