1 0.061686395312499996 0.41875 0.06399739531250001 0.4132932328125 0.0749348953125 0.345156659375 0.0759765625 0.3007485921875 0.06868489531250001 0.2504939609375 0.0541015625 0.1953550703125 0.053580728125 0.15829984531250002 0.0572265625 0.106575309375 0.056705728125 0.076001565625 0.0486328125 0.0567381703125 0.036573774999999996 0.051171871875 0.0350582 0.051171871875 0.0267578125 0.0578261328125 0.0197265625 0.07563615 0.019205728124999998 0.0996920375 0.0244140625 0.13968872968749999 0.027018228124999998 0.1805204109375 0.023893228125 0.206337209375 0.009830728125 0.2688090984375 0.009375 0.277705203125 0.009375 0.32978856093750003 0.0108723953125 0.3484751046875 0.0249348953125 0.417484696875 0.025488209374999998 0.41875 0.061686395312499996 0.41875
1 0 0.3663121203125 0.007452803125 0.341699553125 0.0149489390625 0.3035853046875 0.015088740625 0.262981265625 0.0061873484375 0.1865085359375 0.00915765625 0.1526138125 0.0188096859375 0.1049990140625 0.0188096859375 0.0985875484375 0.01848543125 0.07773592812499999 0.013068671875000002 0.06387711562500001 0.0040301749999999996 0.055761818750000004 0.0035286546874999996 0.055761818750000004 0 0.056313201562500005 0 0.3663121203125
1 0.8581824000000001 0 0.86181640625 0.0365823328125 0.86025390625 0.06847221406250001 0.846875 0.130109565625 0.846875 0.214858309375 0.85009765625 0.25006199375 0.86416015625 0.3033308453125 0.87587890625 0.3176289625 0.8909411796875 0.31875 0.8936866921875 0.31875 0.90244140625 0.3116121 0.91884765625 0.22468501875000002 0.91962890625 0.170545634375 0.91259765625 0.1272445421875 0.89853515625 0.0809201359375 0.89384765625 0.0543675546875 0.89072265625 0.0209250953125 0.891770740625 0 0.8581824000000001 0
1 0.8966619609375 0 0.8967911140625 0.0167265453125 0.9022546312499999 0.0393588703125 0.9048841546874999 0.0700511265625 0.9298147218749999 0.159464940625 0.9337537734375001 0.22765719999999998 0.9372095484375 0.2328125 0.9416431078125 0.2328125 0.9416431078125 0.0606706328125 0.9253720953125001 0 0.8966619609375 0
1 0.9205865203125001 0 0.940625 0.08524305625 0.94453125 0.089409721875 0.94921875 0.069965278125 0.95078125 0.024131943750000003 0.948195684375 0 0.9205865203125001 0
1 0.7683268234375 0 0.76328125 0.026909721874999997 0.76328125 0.0463541671875 0.7796875 0.1088541671875 0.7828125 0.16579861093749998 0.7875 0.17135416718750002 0.802734375 0.170659721875 0.809375 0.16024305625 0.81640625 0.11440972187500001 0.8171875 0.058854167187499994 0.81171875 0.0185763890625 0.8060463171875 0 0.7683268234375 0
1 0.725152228125 0 0.72578125 0.0380208328125 0.7125 0.107465278125 0.71171875 0.14913194375 0.7296875 0.23940972187499998 0.737890625 0.2595486109375 0.7453125 0.264409721875 0.763671875 0.2609375 0.771875 0.24774305624999998 0.78125 0.18524305624999998 0.78125 0.1463541671875 0.77734375 0.10607638906250001 0.75546875 0.0296875 0.75234375 0.0046875 0.75234375 0 0.725152228125 0
1 0.6133955796875 0 0.6140625 0.0060763890625 0.603125 0.07274305625000001 0.603125 0.11163194375 0.61171875 0.164409721875 0.61953125 0.1921875 0.629296875 0.21510416718749997 0.6390625 0.21996527812500002 0.652734375 0.21649305624999998 0.6640625 0.1907986109375 0.66953125 0.1505208328125 0.66953125 0.101909721875 0.659375 0.053298610937500004 0.64296875 0.007465278125 0.642657696875 0 0.6133955796875 0
0 1 0.12164538437500001 0.996484375 0.1220486109375 0.975390625 0.14288194375000002 0.96015625 0.17274305625 0.946875 0.23524305625 0.9484375 0.27413194375 0.9609375 0.3255208328125 0.988671875 0.3817708328125 1 0.3862918078125 1 0.12164538437500001
1 0.3328337515625 1 0.32662760468749996 0.9739124421875001 0.3255859375 0.9294316203124999 0.3302734375 0.8758916109375001 0.3302734375 0.8425582765625 0.323763021875 0.8224235203125 0.3169921875 0.81477966875 0.31062999062499996 0.81229538125 0.30828326875 0.81229538125 0.2966796875 0.819625896875 0.290169271875 0.8383800296875 0.290169271875 0.8837504015625001 0.29485677187500003 0.927432609375 0.2958984375 0.9728393578125001 0.2899651765625 1 0.3328337515625 1
1 0.40447058281250003 1 0.402246196875 0.97932719375 0.3940491765625 0.9527633296874999 0.39014815937499997 0.9302677062499999 0.3898457515625 0.832392959375 0.38799224374999997 0.8239229250000001 0.380524484375 0.8108077703125 0.3752797078125 0.8073132109374999 0.3642150015625 0.8073132109374999 0.35926732031249997 0.8117173000000001 0.35338741875 0.82920326875 0.3550722765625 0.86258216875 0.36121480781250004 0.9046589390625 0.3625728390625 0.9435478281249999 0.35370820625 0.9870809312500001 0.352174909375 1 0.40447058281250003 1
1 0.4496166828125 1 0.44947916718750003 0.99600694375 0.4328125 0.9247106484375 0.4359375 0.8265625 0.43255208281249996 0.8131365734375 0.42213541718750003 0.8029513890625001 0.41328125 0.8057291671875 0.40625 0.8154513890625001 0.40416666718750005 0.8247106484375 0.40416666718750005 0.8506365734374999 0.4088541671875 0.8969328703125001 0.409375 0.9256365734374998 0.3984375 0.97100694375 0.3973958328125 0.9876736109375 0.39932183125 1 0.4496166828125 1
1 0.141468821875 1 0.1359375 0.9784143515625001 0.1359375 0.9256365734374998 0.1390625 0.9126736109374999 0.14114583281249998 0.8784143515625 0.1395833328125 0.848784721875 0.1359375 0.83304398125 0.12890625 0.8223958328125001 0.12421875 0.8205439812499999 0.10859375 0.8270254625 0.0994791671875 0.847858796875 0.09895833281250001 0.8811921296874999 0.1052083328125 0.9441550921874999 0.1052083328125 0.98211805625 0.10139300468750001 1 0.141468821875 1
1 0.06491406250000001 1 0.0546875 0.9598958328125 0.0536458328125 0.9367476859374999 0.0578125 0.8784143515625 0.0578125 0.8497106484374999 0.0515625 0.829340278125 0.0440104171875 0.8223958328125001 0.0361979171875 0.8223958328125001 0.02890625 0.8270254625 0.021354167187500002 0.847858796875 0.021875 0.8784143515625 0.0286458328125 0.942303240625 0.0260416671875 0.9691550921874998 0.0193494234375 1 0.06491406250000001 1
1 0.24335166562500002 1 0.2421875 0.973784721875 0.24375 0.929340278125 0.24739583281250002 0.8941550921874999 0.246875 0.854340278125 0.2377604171875 0.829803240625 0.22890625 0.823321759375 0.21848958281250003 0.8214699078125001 0.20625 0.830266203125 0.20052083281250002 0.85711805625 0.1994791671875 0.8876736109374999 0.20729166718749997 0.9395254625 0.20865234375 1 0.24335166562500002 1
1 0.2890127921875 1 0.2947916671875 0.973784721875 0.2942708328125 0.9534143515625001 0.28854166718749996 0.9219328703125 0.28854166718749996 0.8497106484374999 0.2911458328125 0.8274884265625001 0.28463541718749996 0.8131365734375 0.27682291718749996 0.80850694375 0.26640625 0.8149884265624999 0.2604166671875 0.8311921296874999 0.2604166671875 0.85804398125 0.26510416718749996 0.9024884265625002 0.2645833328125 0.9348958328125001 0.25134679375 1 0.2890127921875 1
1 0.20826125312500002 1 0.2078125 0.9441550921874999 0.2015625 0.9034143515625 0.20416666718749998 0.84600694375 0.20625 0.8376736109374999 0.2171875 0.8219328703125001 0.21015625 0.8149884265624999 0.20234375 0.8159143515625 0.1950520828125 0.823321759375 0.1890625 0.84600694375 0.19479166718750002 0.9247106484375 0.19375 0.9598958328125 0.1841348609375 1 0.20826125312500002 1
1 0.8800202546874999 0.6836140453125 0.859649884375 0.6106804734375 0.8707609937499999 0.4888462609375 0.8534858984374999 0.448692125 0.8497371609375 0.448692125 0.8309461796875001 0.452733675 0.817057290625 0.4814153296875 0.8244647 0.6177851125 0.8 0.7191582828125 0.8 0.749374353125 0.8022424781249999 0.786453540625 0.8152054390625001 0.8396839953124999 0.8235387734374999 0.8580305562500001 0.8344553515625 0.859375 0.8423131093749999 0.859375 0.8633535890624999 0.8552542546874999 0.883723959375 0.7531878265625 0.8800202546874999 0.6836140453125
1 0.7612296109375001 0.4701702109375 0.742288534375 0.4701702109375 0.732608878125 0.48459861093749995 0.7428205375 0.6184179921874999 0.7265625 0.70929545625 0.7265625 0.745306378125 0.7300251453125 0.7806867203125 0.7497581953125 0.840625 0.7806484421875 0.840625 0.7847379562500001 0.816285446875 0.7847379562500001 0.6768087296875 0.7687464640625 0.6206862171875001 0.77558948125 0.499436090625 0.7612296109375001 0.4701702109375
1 0.68570601875 0.6833333328125001 0.7023726859374999 0.722222221875 0.7042245375 0.6916666671874999 0.68570601875 0.6 0.694965278125 0.4916666671875 0.6866319437499999 0.47361111093749997 0.6718171296875 0.46805555625000006 0.6523726859375 0.497222221875 0.6597800921875 0.5833333328125 0.6523726859375 0.647222221875 0.68570601875 0.6833333328125001
1 0.5912615734375 0.6333333328125 0.6005208328125 0.6361111109375 0.63570601875 0.6361111109375 0.6301504625 0.5722222218749999 0.6412615734375 0.48333333281249996 0.6320023140625001 0.44444444375 0.6181134265625 0.43194444374999996 0.59774305625 0.440277778125 0.5875578703125 0.46666666718750005 0.5968171296875 0.5722222218749999 0.5912615734375 0.6333333328125
0 0.5796875 0.88884259375 0.6060763890625 0.9055555562500001 0.638483796875 0.8986111109374999 0.67366898125 0.8736111109374999 0.69866898125 0.8333333328125001 0.7097800921874999 0.7833333328125001 0.6968171296875 0.70555555625 0.67366898125 0.66805555625 0.63663194375 0.6375 0.5921875 0.6347222218749999 0.5796875 0.6425347218749999 0.5796875 0.88884259375