1 0.38619791718749996 0.4388888890625 0.3796875 0.446759259375 0.378125 0.4550925921875 0.3802083328125 0.5226851859375 0.3703125 0.565277778125 0.3692708328125 0.5976851859375001 0.3770833328125 0.6495370375 0.3825520828125 0.6555555562500001 0.3927083328125 0.6550925921874999 0.3984375 0.641203703125 0.40729166718750004 0.565277778125 0.3973958328125 0.5143518515625 0.4 0.45324074062499997 0.39401041718749996 0.440740740625 0.38619791718749996 0.4388888890625
1 0.43359375 0.44351851875000003 0.42682291718750004 0.44166666718750003 0.41979166718750005 0.4495370375 0.41822916718750003 0.458796296875 0.42083333281249996 0.5226851859375 0.40989583281249997 0.56898148125 0.4088541671875 0.6050925921875 0.41875 0.6569444437499999 0.42161458281249997 0.6601851859375001 0.4359375 0.659722221875 0.4401041671875 0.6495370375 0.446875 0.6152777781250001 0.4479166671875 0.5736111109375 0.4375 0.5236111109375 0.43958333281249995 0.45416666718750004 0.43359375 0.44351851875000003
1 0.4770833328125 0.45324074062499997 0.4731770828125 0.4453703703125 0.46588541718750004 0.44444444375 0.46276041718750005 0.44629629687500005 0.4583333328125 0.45694444375 0.4583333328125 0.48101851875 0.46197916718750004 0.51805555625 0.4505208328125 0.5708333328124999 0.44947916718750003 0.6134259265625001 0.4583333328125 0.6615740734375 0.46276041718750005 0.6648148140625 0.47552083281249996 0.6643518515625 0.48072916718750003 0.6541666671875 0.4848958328125 0.6291666671875 0.4875 0.584722221875 0.475 0.5171296296875 0.478125 0.4791666671875 0.4770833328125 0.45324074062499997
1 0.48932291718750004 0.440740740625 0.48255208281249995 0.4379629625 0.47552083281249996 0.4458333328125 0.47864583281249995 0.46342592656250003 0.4765625 0.5226851859375 0.48854166718750003 0.590277778125 0.4859375 0.6254629625 0.4817708328125 0.646759259375 0.4830729171875 0.6555555562500001 0.48802083281249997 0.6550925921874999 0.4947916671875 0.6486111109375 0.490625 0.5875 0.496875 0.5393518515625 0.4921875 0.51898148125 0.49427083281249995 0.45231481406249996 0.48932291718750004 0.440740740625
1 0.5182291671875 0.5310185187500001 0.5192708328125 0.458796296875 0.51640625 0.4481481484375 0.51015625 0.44351851875000003 0.5028645828125 0.447222221875 0.4984375 0.459722221875 0.5005208328124999 0.5300925921874999 0.49375 0.5606481484375 0.49114583281249996 0.5856481484375 0.4916666671875 0.6152777781250001 0.4953125 0.6486111109375 0.4984375 0.6625 0.5026041671875 0.6671296296875 0.5046875 0.6643518515625 0.5052083328125 0.6300925921875 0.5098958328125 0.609722221875 0.5200520828124999 0.5888888890625 0.528125 0.5791666671875 0.5182291671875 0.5310185187500001
1 0.5247395828125 0.440740740625 0.51875 0.446759259375 0.5182291671875 0.45324074062499997 0.5197916671875 0.4671296296875 0.51875 0.5319444437499999 0.5276041671875 0.5736111109375 0.53125 0.578240740625 0.54453125 0.575 0.5463541671875001 0.5699074078125 0.5348958328125 0.5226851859375 0.5369791671875 0.4550925921875 0.53203125 0.44351851875000003 0.5247395828125 0.440740740625
1 0.578125 0.4606481484375 0.57421875 0.447222221875 0.5669270828124999 0.44259259218749997 0.56171875 0.44629629687500005 0.5578125 0.4578703703125 0.5609375 0.51805555625 0.5505208328125 0.5736111109375 0.5716145828125 0.5935185187500001 0.5848958328125 0.6263888890625 0.5875 0.60694444375 0.5869791671875 0.5754629625 0.5854166671875001 0.5578703703125 0.578125 0.5365740734375 0.5755208328125 0.5199074078125 0.578125 0.4606481484375
1 0.5916666671875 0.45324074062499997 0.58671875 0.43981481406249995 0.5783854171875 0.4379629625 0.5739583328125 0.4458333328125 0.578125 0.459722221875 0.5760416671875 0.5208333328125 0.5791666671875 0.540277778125 0.5854166671875001 0.5578703703125 0.5875 0.608796296875 0.584375 0.641203703125 0.5854166671875001 0.6513888890625 0.5901041671875 0.6541666671875 0.5942708328124999 0.64398148125 0.5984375 0.6199074078125 0.6010416671875001 0.5754629625 0.5963541671875 0.54398148125 0.5895833328125 0.516203703125 0.5916666671875 0.45324074062499997
1 0.6278645828125 0.44166666718750003 0.62109375 0.43981481406249995 0.6145833328125 0.446759259375 0.6125 0.45601851875 0.615625 0.5236111109375 0.6046875 0.571759259375 0.6041666671875 0.6004629625 0.6140625 0.6541666671875 0.61640625 0.6583333328125 0.6317708328125 0.6587962968750001 0.6364583328125 0.6486111109375 0.6432291671875 0.6134259265625001 0.64375 0.5754629625 0.63125 0.5208333328125 0.6328125 0.45324074062499997 0.6278645828125 0.44166666718750003
1 0.6864583328125 0.5171296296875 0.6890625 0.459722221875 0.6880208328124999 0.4458333328125 0.6825520828125 0.4370370375 0.6763020828124999 0.4361111109375 0.6716145828125 0.43981481406249995 0.6682291671875 0.45046296249999995 0.671875 0.5023148140625 0.6703125 0.5199074078125 0.6614583328125 0.558796296875 0.6609375 0.5921296296875 0.6708333328125 0.6495370375 0.67421875 0.652777778125 0.6864583328125 0.6523148140624999 0.690625 0.646759259375 0.6947916671875001 0.621759259375 0.6973958328125 0.5976851859375001 0.6973958328125 0.571759259375 0.6947916671875001 0.5495370375 0.6864583328125 0.5171296296875
0 0.5643229171875 0.584259259375 0.54765625 0.5759259265625001 0.5309895828125 0.578703703125 0.52265625 0.5861111109375 0.5098958328125 0.609722221875 0.5046875 0.6375 0.5057291671875 0.666203703125 0.5130208328125 0.691203703125 0.5231770828125 0.7074074078125 0.53671875 0.7166666671875 0.5505208328125 0.7171296296875 0.5684895828125 0.703703703125 0.5791666671875 0.6828703703125 0.5848958328125 0.6504629625 0.5833333328125 0.6254629625 0.5776041671875001 0.60601851875 0.5643229171875 0.584259259375