1 0.1787739828125 0.41875 0.17735384375000002 0.37437916875 0.1718308125 0.3609274859375 0.1663201453125 0.35719348125 0.1603724765625 0.36086082343750003 0.15799918125 0.3668626765625 0.1626185421875 0.41875 0.1787739828125 0.41875
1 0.23263245000000002 0.41875 0.235773315625 0.37928534687500004 0.2339593984375 0.36996546874999997 0.2286927125 0.3628618984375 0.220278553125 0.3653972015625 0.21488610000000002 0.380531009375 0.216574546875 0.41875 0.23263245000000002 0.41875
1 0.26272340625 0.41875 0.2685382984375 0.37417741250000003 0.26550908125 0.36246692812500003 0.259018896875 0.3585267828125 0.25300908125 0.36203041874999997 0.248886959375 0.37163441875 0.2468334875 0.41875 0.26272340625 0.41875
1 0.3287316765625 0.41875 0.3313046375 0.3779120625 0.3271469453125 0.36613179218749997 0.32304493125 0.36315995 0.315167778125 0.3655738546875 0.31049285625 0.3760158078125 0.3108519296875 0.41875 0.3287316765625 0.41875
1 0.3930401078125 0.41875 0.3942757 0.380450384375 0.38910959375 0.367691075 0.3859522703125 0.3656754484375 0.37815593125 0.3661919390625 0.37184754062500003 0.377424815625 0.3745266015625 0.41875 0.3930401078125 0.41875
1 0.3618942953125 0.41875 0.3610109890625 0.385040759375 0.35674854218749996 0.37330900625 0.3499611109375 0.3677682 0.348812290625 0.3677682 0.342024884375 0.370777925 0.340625 0.374991559375 0.340625 0.395968115625 0.3432011296875 0.41875 0.3618942953125 0.41875
1 0.36651384375 0.41875 0.36512694375 0.3740036390625 0.3599581609375 0.36242956406250004 0.350405153125 0.3596517859375 0.3484375 0.36429886875 0.3484375 0.367031709375 0.3547036828125 0.3698369734375 0.35923296250000003 0.37955919374999997 0.3604664625 0.41875 0.36651384375 0.41875
1 0.42387823437499994 0.41875 0.4244475296875 0.3803075671875 0.42136897968750003 0.37006176874999996 0.4145351203125 0.36296579375000004 0.4053326234375 0.36645129062500004 0.4015625 0.37860719062500003 0.4015625 0.379710846875 0.40494614999999995 0.41875 0.42387823437499994 0.41875
1 0.4509113078125 0.41875 0.455711984375 0.3734327609375 0.4525993546875 0.363938053125 0.44501360156249997 0.3616153015625 0.43726844062500003 0.36759554843750003 0.43383698437499996 0.374706834375 0.43183588593750005 0.41875 0.4509113078125 0.41875
1 0.2775164875 0.41875 0.2935366828125 0.5156699921875 0.2988439609375 0.5905426578124999 0.2945875859375 0.632432159375 0.288000875 0.6479964390624999 0.2722144015625 0.7237286093749999 0.2703125 0.746636909375 0.2703125 0.7927727421874999 0.27077331718750003 0.80861 0.28188605624999996 0.8679502187499999 0.29633927031249996 0.907686828125 0.3231645390625 0.9559577953125 0.32907819531250004 0.9625 0.3617631609375 0.9625 0.365513690625 0.959794340625 0.38000043125 0.93347914375 0.3933239859375 0.899388865625 0.3933239859375 0.69189060625 0.3660180484375 0.6142257 0.362084796875 0.58657525625 0.36224626875 0.51147975625 0.3727110890625 0.41875 0.2775164875 0.41875
1 0.2281953765625 0.41875 0.22779628437500002 0.42139641406250006 0.22919676249999998 0.48097308906249997 0.2360498359375 0.5200439125 0.24649342968750002 0.5551300109375 0.2742013765625 0.62285190625 0.2848394953125 0.63125 0.287494634375 0.63125 0.287494634375 0.41875 0.2281953765625 0.41875
1 0.745523290625 1 0.7474512109375 0.989306609375 0.7474512109375 0.895248328125 0.734938065625 0.8608456015625 0.7343182875 0.785781934375 0.7227745999999999 0.7653942671875 0.7199997234375 0.7237912671875 0.7154401671875 0.714938575 0.7165650125 0.7670378250000001 0.7078125 0.78527303125 0.7078125 0.7862174359375 0.716767253125 0.854633325 0.7078125 0.9022706984374999 0.7078125 0.9519934750000001 0.71341354375 0.9813087171875001 0.7195652171875 1 0.745523290625 1
1 0.798828971875 1 0.7962971125 0.9994933203125 0.8018297656250001 0.9620433171875 0.80997001875 0.9565377578125001 0.8066059031249999 0.944024121875 0.8081436671875 0.9245978593749999 0.8055484328125001 0.9023710921875001 0.7995004437500001 0.8856771531250001 0.7913416390625001 0.876606196875 0.7860996359375 0.8793521578124999 0.78216865 0.8598940796874999 0.7824139499999999 0.8772483718749999 0.7734375 0.8894721750000001 0.7734375 0.9248462890625 0.78311686875 0.9910872640624999 0.7830087812500001 1 0.798828971875 1
1 0.798337465625 0.8473021203125001 0.799145715625 0.8195243421875 0.790625 0.7804916578125 0.790625 0.8765625 0.791403446875 0.8765625 0.7920200515625 0.8763096640625001 0.798337465625 0.8473021203125001
1 0.7625 0.8765625 0.7653769109375 0.8765625 0.7664417078125 0.8759417390625 0.768951403125 0.8634963031249999 0.7832160796875 0.73727110625 0.78352569375 0.707341790625 0.767922965625 0.7116709046875 0.7673037375 0.7715295359375001 0.7625 0.7858001031249999 0.7625 0.8765625