1 0.43712573906249996 0.6390625 0.4420928421875 0.6125289359375 0.443598915625 0.5690104171875 0.436118121875 0.5171585656250001 0.4349371046875 0.486603009375 0.4381450296875 0.47364004687500005 0.44134630625 0.4384548625 0.45226718125 0.38289930625 0.453736778125 0.3625289359375 0.446982521875 0.34539930625 0.4435188296875 0.3421875 0.439230103125 0.3421875 0.42883960468750004 0.34354745468750003 0.41844949062500003 0.3597511578125 0.4129459265625 0.3884548625 0.40992380468749995 0.44215856562500006 0.4039889828125 0.48012152812500003 0.3796875 0.5357699484375 0.3796875 0.6390625 0.43712573906249996 0.6390625
1 0.3778255296875 0.515262671875 0.363054890625 0.45932998593749996 0.36322377499999997 0.35485203125 0.356878596875 0.3392254 0.3497194703125 0.3325822015625 0.343421625 0.3325822015625 0.334504315625 0.33884691875 0.327437134375 0.3592403921875 0.33415044374999997 0.44655044374999997 0.33247658125 0.464021696875 0.3206626140625 0.515115171875 0.3203125 0.5299101625 0.3203125 0.5619804937499999 0.3217437171875 0.5671875 0.32389754531250003 0.5671875 0.3351866609375 0.5469375703125 0.349468278125 0.5348239890625 0.3603195734375 0.531757321875 0.3712570734375 0.532394359375 0.3778255296875 0.5366111859375 0.3778255296875 0.515262671875
1 0.303459021875 0.6390625 0.303459021875 0.552134053125 0.2915546484375 0.5097711 0.285117621875 0.47416076250000005 0.2871537296875 0.398617471875 0.28563054062500004 0.3698712546875 0.279042778125 0.35225269843749996 0.269753053125 0.34350828437500003 0.2593693921875 0.34350828437500003 0.25495510781249997 0.34659329375 0.247545040625 0.3649157890625 0.248773734375 0.40010097343749995 0.2580342890625 0.47194996875 0.256335475 0.4976633171875 0.24375 0.5578628109375 0.24375 0.6294782859375 0.243868746875 0.6314455 0.245270940625 0.6390625 0.303459021875 0.6390625
1 0.1972599359375 0.6390625 0.19954232031250002 0.631423815625 0.2074353546875 0.5888554640625 0.2086385671875 0.54532179375 0.197688684375 0.473925503125 0.200408171875 0.43688543593749996 0.210210615625 0.3665362765625 0.2063215203125 0.3484489046875 0.197594584375 0.3409869546875 0.18468954531249998 0.3455438625 0.17599763125 0.3644844375 0.1738451984375 0.39504302343750003 0.1740310359375 0.45248073125 0.171647015625 0.473773996875 0.1703125 0.47803901406250005 0.1703125 0.6390625 0.1972599359375 0.6390625
1 0.6055536703125 0.152517359375 0.615162484375 0.06362847031249999 0.61072875 0.0414062484375 0.6043792265625 0.035156248437499996 0.5847185968749999 0.0379340265625 0.5746668609375 0.0608506921875 0.5742240187500001 0.10390625 0.577553059375 0.133072915625 0.5755526984375 0.1927951375 0.565625 0.224251984375 0.565625 0.4288553390625 0.5706904453125 0.434375 0.587926040625 0.434375 0.59769159375 0.42196180468750005 0.614535696875 0.36223958125 0.62116385625 0.3205729171875 0.6208204640625 0.2608506921875 0.6045236375 0.19140625 0.6055536703125 0.152517359375
1 0.6761452515624999 0 0.6661303484375 0.0070358140625 0.6613916546875 0.021323379687499998 0.66112763125 0.0435001015625 0.6675661843749999 0.085485284375 0.6669411593750001 0.1256720578125 0.65 0.20999477031249997 0.65 0.236843090625 0.65259300625 0.280181053125 0.6647912484375 0.33498475625 0.674360209375 0.343864121875 0.6876592875 0.3453125 0.6880961 0.3453125 0.6976037484375001 0.33689586718750003 0.7057195249999999 0.298308271875 0.7057195249999999 0.19153290625 0.6919734875 0.12851703125 0.69038406875 0.09374930625 0.6945220140625 0.0704112109375 0.69658023125 0.0247598875 0.6902844453125001 0.0056686171875 0.6841755875000001 0 0.6761452515624999 0
1 0.7266078046875 0 0.731892671875 0.0902243671875 0.71875 0.154577315625 0.71875 0.208609453125 0.719215771875 0.217988028125 0.7285803062499999 0.26307020312499996 0.736474965625 0.278125 0.7531328265624999 0.278125 0.7585588125 0.27382690468750004 0.76291420625 0.2516183234375 0.76291420625 0.1321403484375 0.7555241765625 0.0976931078125 0.7540691453124999 0.056026442187500004 0.7570361640625001 0 0.7266078046875 0
1 0.7724364296875 0 0.7670979625000001 0.067394034375 0.7640625 0.0742357640625 0.7640625 0.23125 0.7659199 0.23125 0.771092828125 0.22722079687500002 0.7822383296875 0.1981041265625 0.79086639375 0.1620248296875 0.794997803125 0.1148026078125 0.7881917125 0.06751675625 0.7926183218749999 0.0258546328125 0.7977114015625 0 0.7724364296875 0
1 0.538332328125 0.3453125 0.550377590625 0.3453125 0.550377590625 0.171971696875 0.538629553125 0.13864076875 0.531155553125 0.0206307171875 0.5208600515625 0.0013574375 0.5181442296875 0.000414115625 0.5078259171874999 0.000414115625 0.5038667921875 0.0031341546875 0.5 0.014725346875 0.5 0.0357979390625 0.5104202890625 0.10241695937499999 0.5130425437499999 0.13991695937499998 0.5048201328124999 0.18923441875 0.5038275015625 0.23067357500000002 0.512011340625 0.280946590625 0.52722643125 0.331629128125 0.5330329625 0.3423415609375 0.538332328125 0.3453125
1 0.459375 0 0.459375 0.28390578125 0.469140625 0.284375 0.47734375 0.2767361109375 0.48515625 0.2322916671875 0.48828125 0.18923611093749998 0.484375 0.15451388906250002 0.46875 0.09618055625000001 0.470295759375 0 0.459375 0
1 0.5210787265625 0 0.52109375 0.000347221875 0.53046875 0.028125 0.528125 0.12256944375 0.53046875 0.1420138890625 0.54765625 0.2017361109375 0.554296875 0.2010416671875 0.5578125 0.1920138890625 0.5609375 0.17256944375 0.5609375 0.1364583328125 0.54609375 0.0670138890625 0.5472360328125 0 0.5210787265625 0
1 0.6513639859375 0 0.6546875 0.06006944374999999 0.64140625 0.10729166718750001 0.63671875 0.137847221875 0.63671875 0.165625 0.64375 0.203125 0.66328125 0.130902778125 0.66015625 0.018402778124999998 0.674341725 0 0.6513639859375 0
1 0.56953125 0.2017361109375 0.5734375 0.21701388906250002 0.58125 0.1864583328125 0.58125 0.1447916671875 0.578515625 0.1302083328125 0.56953125 0.1739583328125 0.56953125 0.2017361109375
1 0.6109375 0.18506944375 0.62109375 0.22256944375 0.625 0.2017361109375 0.625 0.1739583328125 0.613671875 0.121875 0.61015625 0.143402778125 0.6109375 0.18506944375
1 0.5797343749999999 0 0.58125 0.03368055625 0.60859375 0.0364583328125 0.6109375 0.0239583328125 0.609859375 0 0.5797343749999999 0
1 0.2265625 0.6390625 0.2265625 0.755023446875 0.22679283749999998 0.75638020625 0.234533990625 0.765625 0.2517284671875 0.765625 0.258630021875 0.760546875 0.27573288281249997 0.6952690953125 0.2765267359375 0.6390625 0.2265625 0.6390625
1 0.862913434375 0.6390625 0.8630109625 0.653537709375 0.85 0.7225301500000001 0.85 0.7452193578124999 0.8502630421875 0.776238765625 0.8594332671875 0.8350271250000001 0.8739106062499999 0.8871895578125001 0.8880952531249999 0.8984375 0.89745616875 0.8984375 0.9034176046875 0.897923684375 0.9129084531250001 0.8866869125000001 0.918671090625 0.8486062515625001 0.918671090625 0.73318986875 0.91684174375 0.720475271875 0.8972889828125 0.65137315625 0.8968087390624999 0.6390625 0.862913434375 0.6390625
1 0.90026363125 0.6390625 0.9004565171875001 0.643821925 0.9181185640624999 0.7034307125 0.9305232609375 0.778125 0.9328646687500001 0.778125 0.9337942328125 0.776904640625 0.9337942328125 0.6390625 0.90026363125 0.6390625
1 0.73775568125 0.6390625 0.7326475218749999 0.68061468125 0.7359453359374999 0.7389025109375 0.7559364765625001 0.8133781718750001 0.76554785 0.8339948390625 0.768656409375 0.8359375 0.7845870921875 0.8359375 0.7845870921875 0.6548933781249999 0.779533309375 0.6390625 0.73775568125 0.6390625
1 0.76885308125 0.6390625 0.77890625 0.676909721875 0.784375 0.7421875 0.7890625 0.7505208328124999 0.805078125 0.7470486109375 0.8125 0.7310763890625 0.81875 0.6421875 0.8182396671875001 0.6390625 0.76885308125 0.6390625
1 0.6144161734375 0.6390625 0.6125 0.6505208328125 0.61171875 0.6963541671875 0.61875 0.74774305625 0.6296875 0.7838541671875 0.63671875 0.7935763890625 0.652734375 0.7942708328125 0.66484375 0.782465278125 0.671875 0.7435763890625 0.67265625 0.6699652781250001 0.6666100546875 0.6390625 0.6144161734375 0.6390625