1 0.0634984890625 0.509375 0.0624820546875 0.49565972187499996 0.0703125 0.44035086874999996 0.0703125 0.395631759375 0.066367109375 0.388715278125 0.05507056406250001 0.3859375 0.045910559375 0.395659721875 0.0415097171875 0.40862268437499993 0.039511459375 0.4965856484375 0.036006071875000004 0.509375 0.0634984890625 0.509375
1 0.3128564859375 0.509375 0.3121463921875 0.5021468265625 0.3122906859375 0.4398975671875 0.3098802859375 0.41677064062499997 0.30525187656249997 0.40488215937499994 0.2991406734375 0.3972346234375 0.2905353171875 0.3953319203125 0.28789491875 0.3953319203125 0.280617421875 0.40077640625 0.276463125 0.4107002390625 0.27528678281249996 0.42189624062500003 0.27642876875 0.4422878328125 0.2857864 0.509375 0.3128564859375 0.509375
1 0.719761259375 0.34322916718749996 0.7203125 0.3377989 0.7203125 0.2830226390625 0.7137327453125 0.23211805624999998 0.7203125 0.1629511359375 0.7203125 0.1440180171875 0.7166204734375 0.135590278125 0.7074072609375 0.1328125 0.6994595765625 0.141840278125 0.6973308218750001 0.1515625 0.6949827453124999 0.23211805624999998 0.684370496875 0.2659230796875 0.684370496875 0.39706085625 0.68768954375 0.4 0.698681296875 0.4 0.7066928421875 0.3932291671875 0.7115698140625 0.3765625 0.719761259375 0.34322916718749996
1 0.6647082656250001 0.3609375 0.6703125 0.3609375 0.6703125 0.20684761406250002 0.66929831875 0.20371171875 0.664726253125 0.11889399687499999 0.657789825 0.10593830312500001 0.6500868234375 0.1035817265625 0.6497022203125 0.1035817265625 0.641402128125 0.12123789062500001 0.6498804421875001 0.2058964453125 0.6422307890625 0.24661989218749997 0.642292628125 0.295390171875 0.659894459375 0.35738083593750003 0.6647082656250001 0.3609375
1 0.7453125 0.12256944375 0.74375 0.1392361109375 0.74609375 0.17118055625 0.74921875 0.1767361109375 0.7484375 0.1920138890625 0.750390625 0.1982638890625 0.7625 0.19756944375000002 0.762109375 0.184375 0.753125 0.1822916671875 0.757421875 0.174652778125 0.76328125 0.17951388906250001 0.7671875 0.1295138890625 0.761328125 0.11493055625 0.751953125 0.11215277812499999 0.7453125 0.12256944375
1 0.77734375 0.32256944375 0.778125 0.27395833281250004 0.76640625 0.2114583328125 0.751171875 0.206597221875 0.74609375 0.21006944375 0.73515625 0.26006944375 0.734375 0.31284722187499997 0.74609375 0.3670138890625 0.7625 0.3697916671875 0.7703125 0.35868055625 0.77734375 0.32256944375
1 0.8359375 0.09201388906249999 0.83671875 0.162847221875 0.82421875 0.212847221875 0.82265625 0.2517361109375 0.83125 0.305902778125 0.835546875 0.31215277812500003 0.84609375 0.31284722187499997 0.853125 0.3072916671875 0.859375 0.28368055625 0.865625 0.24618055625 0.865625 0.22395833281250002 0.85390625 0.162847221875 0.85859375 0.09201388906249999 0.839453125 0.087152778125 0.8359375 0.09201388906249999
1 0.802734375 0.0927083328125 0.793359375 0.09131944374999999 0.78515625 0.10729166718750001 0.7890625 0.18368055625 0.778125 0.215625 0.77421875 0.240625 0.7796875 0.32118055624999997 0.786328125 0.337152778125 0.80078125 0.337847221875 0.80859375 0.32256944375 0.8140625 0.29618055625 0.8171875 0.24340277812500002 0.80625 0.187847221875 0.80234375 0.1822916671875 0.80859375 0.10868055624999999 0.802734375 0.0927083328125
1 0.74296875 0.13506944375000002 0.74453125 0.12256944375 0.7515625 0.11006944375000001 0.751171875 0.084375 0.7296875 0.08645833281250001 0.7328125 0.150347221875 0.72265625 0.193402778125 0.72109375 0.23506944375 0.73203125 0.2822916671875 0.746875 0.20729166718749997 0.74296875 0.13506944375000002
1 0.628125 0.1517361109375 0.6140625 0.21701388906250002 0.61484375 0.2545138890625 0.62265625 0.2947916671875 0.6265625 0.30034722187499996 0.63046875 0.24479166718749998 0.64140625 0.19756944375000002 0.6390625 0.1197916671875 0.6484375 0.100347221875 0.6484375 0.0822916671875 0.644921875 0.07881944375 0.628515625 0.07881944375 0.62578125 0.08368055625000001 0.628125 0.1517361109375
1 0.68125 0.1822916671875 0.66953125 0.237847221875 0.67421875 0.3045138890625 0.6796875 0.328125 0.684375 0.3322916671875 0.68828125 0.2822916671875 0.70078125 0.230902778125 0.69765625 0.16840277812499999 0.70234375 0.105902778125 0.70078125 0.09756944375 0.692578125 0.087152778125 0.683984375 0.08993055625 0.67890625 0.100347221875 0.68125 0.1822916671875
1 0.588671875 0.081597221875 0.583203125 0.0857638890625 0.57890625 0.09895833281250001 0.58125 0.17534722187500001 0.5671875 0.22673611093749999 0.56640625 0.2697916671875 0.57578125 0.325347221875 0.582421875 0.33159722187499996 0.59375 0.330902778125 0.6 0.3239583328125 0.609375 0.2795138890625 0.6109375 0.23506944375 0.5984375 0.17951388906250001 0.60234375 0.09756944375 0.596484375 0.084375 0.588671875 0.081597221875
1 0.525 0.08368055625000001 0.52890625 0.14756944375 0.5171875 0.19479166718750002 0.515625 0.24201388906250001 0.52578125 0.29618055625 0.530859375 0.3010416671875 0.54453125 0.30034722187499996 0.5515625 0.28506944375 0.55859375 0.2392361109375 0.55703125 0.1989583328125 0.54609375 0.150347221875 0.5484375 0.078125 0.546484375 0.0732638890625 0.526953125 0.0732638890625 0.525 0.08368055625000001
0 0.4796875 0.509375 0.5373149671874999 0.509375 0.540625 0.493402778125 0.53984375 0.4545138890625 0.53359375 0.428125 0.519921875 0.4010416671875 0.497265625 0.384375 0.4796875 0.38660714375 0.4796875 0.509375
0 0.4796875 0.3879945296875 0.496484375 0.384375 0.523046875 0.40243055625 0.52265625 0.390625 0.51484375 0.36423611093749997 0.494140625 0.337152778125 0.4796875 0.332258596875 0.4796875 0.3879945296875
1 0.4320036359375 0.509375 0.4308344703125 0.5294487875 0.4340382015625 0.5683376765625 0.43266301093750004 0.5919487875 0.420753815625 0.6380271546875 0.420753815625 0.715625 0.4644654640625 0.715625 0.465625 0.7104412 0.465625 0.6688426062499999 0.45459121874999997 0.6044487875 0.462356928125 0.509375 0.4320036359375 0.509375
2 0.4796875 0.7121129843749999 0 0.7121129843749999 0 0.8114459859375 0.0206511390625 0.8100535437499999 0.08985463593750001 0.8128077499999999 0.4650813828125 0.8003054500000001 0.4796875 0.8030453609375 0.4796875 0.7121129843749999