1 0.021875 0 0.021875 0.0109625375 0.025345340625 0.0384635046875 0.032270175 0.06317689843749999 0.03458050625 0.065625 0.047314621875000004 0.065625 0.0496161078125 0.0627897984375 0.0496161078125 0 0.021875 0
1 0.0610015484375 0 0.06102075781250001 0.0017575234374999998 0.0746848265625 0.0515625 0.0872495265625 0.0515625 0.0872495265625 0 0.0610015484375 0
0 0.0798199671875 0.102396471875 0.07137832499999999 0.0883755359375 0.058785490625000006 0.07676352812500001 0.042869128125 0.0737808546875 0.0323201109375 0.0801652046875 0.021875 0.09841542656249999 0.021875 0.15798137031249998 0.023839901562499998 0.1666770625 0.0315002921875 0.1807571984375 0.0494263578125 0.1953125 0.06940222812499999 0.1953125 0.0734385625 0.1908436640625 0.08151672343750001 0.168300209375 0.08151672343750001 0.10889404375 0.0798199671875 0.102396471875
1 0.359375 0 0.359375 0.0159341671875 0.359893628125 0.02396613125 0.3681374046875 0.0585247 0.374299875 0.0625 0.3886711796875 0.0625 0.3915749046875 0.0579791859375 0.3932425109375 0.043297312500000004 0.3932425109375 0 0.359375 0
1 0.3046875 0 0.3046875 0.0128705984375 0.3099485890625 0.047490860937500004 0.3229035 0.0515625 0.32499599687499997 0.0515625 0.32985834375 0.04992193125 0.33184783125 0.043706023437500005 0.3382640140625 0 0.3046875 0
2 1 0.2716892546875 0.7536687734375 0.2825756578125 0.7096760921875 0.28070183125 0.7015625 0.2912960625 0.7015625 0.321777315625 0.703591125 0.3444080703125 0.7148255953125 0.35566088749999997 0.7468568453125 0.3539822 0.7661730999999999 0.36272177656250004 0.7889911375 0.36431219062500003 1 0.35571936875 1 0.2716892546875
1 0.13166341875 1 0.09603305625 0.90007864375 0.0926358828125 0.8271399562500001 0.0963756578125 0.7066305749999999 0.068778925 0.6810623921875 0.022478584375 0.6810623921875 0.00525776875 0.70956975 0.0234817953125 0.8387953015624999 0.025683684374999998 0.9032127703124999 0.0039263234374999996 1 0.13166341875 1
1 0.29518082031250004 1 0.29518082031250004 0.938328740625 0.2945644375 0.9354881109375001 0.27858161406250004 0.8985737109375 0.27695839218749996 0.8357162031250001 0.29038516406250003 0.7725735625000001 0.2891028953125 0.7375312609375 0.27644459062500004 0.6975528046875 0.2191926828125 0.70055325 0.207198984375 0.724690853125 0.2154524125 0.8093267093750001 0.21980175625 0.8840020687500001 0.1888473328125 1 0.29518082031250004 1
1 0.380811159375 1 0.380811159375 0.9015194765625001 0.3728140890625 0.84352010625 0.380811159375 0.7636553953125 0.380811159375 0.7288159656250001 0.367291359375 0.6955499484375001 0.364579671875 0.6953285953125 0.32782039531249996 0.6953285953125 0.3145131625 0.7248864640624999 0.3205629671875 0.8547832359375 0.3 0.9172023843750001 0.3 0.9290437453125 0.308319646875 1 0.380811159375 1
1 0 0.9790932390624999 0.014328240624999999 0.9378813484374999 0.014328240624999999 0.8745443203125 0.013689871875 0.8483753843749999 0.013498464062500002 0.8483753843749999 0 0.885656459375 0 0.9790932390624999
1 0.5343271296875 1 0.5343271296875 0.89702106875 0.5279993484375 0.8697708171875 0.5269997484375 0.6911544953125001 0.51938466875 0.66804454375 0.5054208796874999 0.657021834375 0.4880436640625 0.6681197859375 0.48159624218749997 0.691966721875 0.49151581406249994 0.862279221875 0.4732656140625 0.9525700296874999 0.46928220937500004 1 0.5343271296875 1
1 0.74239616875 1 0.74239616875 0.91280768125 0.7410149578125 0.9065240375 0.7404910499999999 0.735669403125 0.7306657640625 0.7084691750000001 0.719082153125 0.698161415625 0.7159322640625 0.698161415625 0.702303965625 0.7030483515625 0.6959122546875001 0.721160621875 0.7061663609375 0.8974680312500001 0.6891935203124999 1 0.74239616875 1