1 0.3886637125 0 0.3878489421875 0.0350058375 0.3734375 0.08781853125 0.3734375 0.1953753359375 0.37924990468750003 0.203088665625 0.38010933125 0.203125 0.39408030156249996 0.203125 0.3989427890625 0.196030590625 0.41270353125000003 0.1417912015625 0.41451923749999997 0.09734221093749999 0.4057853640625 0.0362901875 0.410944640625 0 0.3886637125 0
1 0.682758375 0.509375 0.6812315812499999 0.5041482296875001 0.6949840375 0.32715707968749996 0.6782846265625 0.2932337765625 0.6586382609375 0.281434365625 0.6330979859375 0.28438421875 0.6085400296875 0.318307521875 0.6046107562499999 0.3832042765625 0.6144339390625 0.486449115625 0.6054831984375 0.509375 0.682758375 0.509375
1 0.7908486 0.509375 0.7774987718749999 0.46580014687500004 0.7774987718749999 0.41860250781249997 0.791251228125 0.3714048671875 0.7932158640625 0.318307521875 0.766693271875 0.2755346609375 0.7293651765625 0.2784845125 0.70873649375 0.3124078171875 0.70873649375 0.3714048671875 0.7205243125 0.412702803125 0.7205243125 0.451050884375 0.7165950390625 0.480549409375 0.702516371875 0.509375 0.7908486 0.509375
1 0.8919619921875 0.509375 0.867872053125 0.442201328125 0.8796598718749999 0.2829092921875 0.8629604609375001 0.25193584062499996 0.8433140968749999 0.24603613593749998 0.8197384578125 0.25193584062499996 0.805003684375 0.2770095875 0.8030390468749999 0.33010693281250003 0.8128622296875001 0.40680309687499994 0.7932158640625 0.4775995578125 0.8006414140625001 0.509375 0.8919619921875 0.509375
1 0.188155115625 1 0.1917411875 0.9746744156249999 0.1876312734375 0.9166274999999999 0.1798399734375 0.8857871390625001 0.1765842203125 0.8623200843750001 0.17517795 0.8449550640625001 0.1790200359375 0.8121166703125 0.1815245765625 0.766738746875 0.1775472 0.7587187375 0.1741967390625 0.7548775187500001 0.16754958749999999 0.7526641078124999 0.15817273437499998 0.758831453125 0.1529946625 0.7823333234375001 0.156065825 0.8517504953125 0.150662696875 0.883117359375 0.14438165625 0.9040660984375 0.14375 0.9081453343749999 0.14375 1 0.188155115625 1
1 0.1222369796875 1 0.12291666718750001 0.99664351875 0.1265625 0.9540509265625001 0.1265625 0.925347221875 0.1145833328125 0.875347221875 0.11041666718750001 0.8568287031249999 0.1098958328125 0.8160879624999999 0.1135416671875 0.7725694437499999 0.11046148125 0.7594475890625001 0.106059134375 0.7482230125 0.09878567499999999 0.7461821750000001 0.09189502968749999 0.7482230125 0.0838541671875 0.762384259375 0.08730128125 0.8121691140625 0.08854166718749999 0.8457175921874999 0.0840473578125 0.8781560578125 0.0765625 0.903125 0.0723958328125 0.93460648125 0.0723958328125 0.9670138890625001 0.075 0.9920138890625001 0.0766637734375 1 0.1222369796875 1
1 0.0521484375 1 0.05625 0.978125 0.058333332812500006 0.9447916671875 0.0557291671875 0.905902778125 0.0416666671875 0.84756944375 0.0411458328125 0.8179398140625 0.0447916671875 0.78460648125 0.0447916671875 0.7549768515624999 0.0411458328125 0.7429398140625001 0.0346354171875 0.7359953703125 0.0247395828125 0.737847221875 0.01875 0.74756944375 0.0166666671875 0.756828703125 0.0166666671875 0.7799768515625 0.0208333328125 0.8170138890625 0.0208333328125 0.8447916671875 0.0083333328125 0.8984953703125 0.0046875 0.928125 0.00625 0.9697916671875 0.0116875 1 0.0521484375 1
1 0.259067234375 1 0.259375 0.9984953703125001 0.2630208328125 0.9605324078125002 0.2625 0.931828703125 0.259375 0.905902778125 0.2503808953125 0.8705973890625 0.24583333281250003 0.843865740625 0.25 0.7827546296875 0.2494791671875 0.7605324078125 0.245327153125 0.7505421859375 0.2397966390625 0.7452892984374999 0.23226370312500003 0.7446115078125001 0.2253028875 0.7517283234375001 0.2219655171875 0.7622340921874999 0.221202678125 0.7793483359375 0.22395833281250002 0.8077546296874999 0.22553597500000003 0.8361346015625 0.22553597500000003 0.8450311859375 0.22272834375 0.8702584953125001 0.2137650984375 0.902863303125 0.209375 0.9262731484375 0.20989583281250002 0.9642361109375 0.2125 0.9910879625 0.21433168125000002 1 0.259067234375 1
1 0.319205734375 1 0.3221354171875 0.999884259375 0.3270833328125 0.9790509265625001 0.3291666671875 0.9577546296874999 0.3296875 0.9299768515625001 0.32760416718749996 0.905902778125 0.3125 0.8429398140625001 0.3151041671875 0.74756944375 0.30859375 0.7350694437499999 0.3033854171875 0.7322916671874999 0.2971354171875 0.7332175921874999 0.29244791718749996 0.7387731484375 0.2875 0.7540509265625 0.2921875 0.8392361109375 0.2791666671875 0.9003472218749999 0.2770833328125 0.9207175921874999 0.2776041671875 0.9633101859375 0.2833333328125 0.99756944375 0.2842033609375 1 0.319205734375 1
1 0.3853620265625 1 0.3921875 0.9642361109375 0.3942708328125 0.93460648125 0.3921875 0.8901620375 0.3786458328125 0.83460648125 0.3777547015625 0.7981822562499999 0.3795110953125 0.7754421609375 0.3817708328125 0.7392361109375 0.37734375 0.7285879625 0.3700520828125 0.7230324078125 0.3622395828125 0.724884259375 0.3567708328125 0.7327546296875 0.3552083328125 0.7401620375 0.3541666671875 0.7614583328125001 0.35885416718749996 0.8207175921874998 0.3557291671875 0.84756944375 0.3447916671875 0.8957175921874999 0.34322916718749996 0.9179398140625 0.34375 0.9457175921874998 0.3479166671875 0.9771990734374999 0.3528025796875 1 0.3853620265625 1
1 0.76100989375 0.8567171390624999 0.7996199328125 0.9495006437499999 0.8285774609375001 0.9520779640625001 0.845951978125 0.9288820874999999 0.857534990625 0.8051707468749999 0.8189249515625001 0.7226965203125 0.8150639484375001 0.6041398203125 0.7783844109375 0.5860985828125 0.7648708984375 0.6041398203125 0.776453909375 0.7433150765625001 0.76100989375 0.8567171390624999
1 0.56023769375 0.7897068296875001 0.6065697390625 0.8773356953124999 0.64904078125 0.861871778125 0.6567627890625001 0.7587789953125 0.6104307437500001 0.6608408499999999 0.6027087359375 0.5577480671874999 0.5660291984375 0.534552190625 0.5525156859375 0.5577480671874999 0.5718207046875 0.6608408499999999 0.56023769375 0.7897068296875001
1 1 0.509375 0.97336510625 0.509375 0.97336510625 0.6196037375 0.9540600874999999 0.6917686859375001 0.9540600874999999 0.7484697171875 0.977226109375 0.815480025 1 0.79014309375 1 0.77714240625 0.9965311296875001 0.6659954890625001 1 0.657891028125 1 0.509375
1 0.942398965625 0.509375 0.942477075 0.5113563140624999 0.927033059375 0.5680573453125 0.9463380796875001 0.6659954890625001 0.9656430984375 0.64022229375 0.97336510625 0.5783666234375 0.974885021875 0.509375 0.942398965625 0.509375
1 0.6100067234375001 0.509375 0.6104307437500001 0.5113563140624999 0.6065697390625 0.6247583765625 0.6181527515624999 0.671150128125 0.6529017859375 0.7123872421874999 0.6799288125 0.6659954890625001 0.6799288125 0.6144490984375001 0.6413187734375 0.5216655921875 0.6413187734375 0.509375 0.6100067234375001 0.509375
1 0.78137749375 0.509375 0.7803149125 0.5732119843750001 0.8150639484375001 0.6041398203125 0.8305079640624999 0.7330057984374999 0.842090975 0.6350676546875 0.81120294375 0.5835212625 0.81120294375 0.509375 0.78137749375 0.509375
1 0.8109032796874999 0.509375 0.8107298828125 0.57384815 0.8338919984375 0.5996291499999999 0.8351787671875 0.591035484375 0.8390391671874999 0.591035484375 0.827458059375 0.5205674484375 0.8219679718750001 0.509375 0.8109032796874999 0.509375